25.000336	25.000671	25.001005	25.001335	25.001659	25.001976	25.002287	25.002588	25.002880	25.003162	25.003431	25.003687	25.003929	25.004158	25.004366	25.004562	25.004740	25.004898	25.005039	25.005161	25.005264	25.005346	25.005409	25.005451	25.005470	25.005470	25.005451	25.005409	25.005346	25.005264	25.005161	25.005039	25.004898	25.004740	25.004562	25.004368	25.004156	25.003927	25.003685	25.003429	25.003160	25.002880	25.002586	25.002289	25.001976	25.001659	25.001335	25.001007	25.000671	25.000338	
25.000671	25.001343	25.002007	25.002665	25.003311	25.003944	25.004566	25.005167	25.005751	25.006313	25.006847	25.007360	25.007843	25.008295	25.008718	25.009106	25.009460	25.009779	25.010059	25.010303	25.010509	25.010674	25.010796	25.010880	25.010920	25.010921	25.010878	25.010796	25.010672	25.010508	25.010303	25.010059	25.009777	25.009460	25.009106	25.008717	25.008297	25.007843	25.007357	25.006847	25.006310	25.005749	25.005169	25.004564	25.003946	25.003311	25.002666	25.002007	25.001343	25.000671	
25.001007	25.002007	25.003000	25.003983	25.004951	25.005901	25.006826	25.007727	25.008598	25.009438	25.010241	25.011005	25.011726	25.012405	25.013035	25.013618	25.014145	25.014622	25.015045	25.015406	25.015713	25.015957	25.016144	25.016266	25.016327	25.016327	25.016266	25.016144	25.015957	25.015711	25.015408	25.015041	25.014622	25.014145	25.013617	25.013033	25.012405	25.011724	25.011005	25.010239	25.009436	25.008598	25.007725	25.006828	25.005899	25.004955	25.003983	25.003004	25.002007	25.001007	
25.001335	25.002665	25.003983	25.005287	25.006573	25.007832	25.009062	25.010260	25.011414	25.012527	25.013596	25.014606	25.015566	25.016464	25.017303	25.018074	25.018778	25.019409	25.019966	25.020452	25.020855	25.021183	25.021425	25.021591	25.021671	25.021671	25.021591	25.021427	25.021179	25.020855	25.020451	25.019968	25.019409	25.018780	25.018074	25.017303	25.016464	25.015568	25.014606	25.013594	25.012526	25.011414	25.010258	25.009060	25.007835	25.006573	25.005291	25.003984	25.002666	25.001335	
25.001661	25.003311	25.004951	25.006573	25.008171	25.009735	25.011265	25.012749	25.014189	25.015572	25.016895	25.018158	25.019348	25.020464	25.021507	25.022465	25.023338	25.024124	25.024818	25.025417	25.025923	25.026323	25.026630	25.026833	25.026936	25.026936	25.026833	25.026628	25.026325	25.025921	25.025417	25.024815	25.024124	25.023338	25.022465	25.021503	25.020466	25.019344	25.018158	25.016891	25.015570	25.014185	25.012749	25.011265	25.009735	25.008171	25.006573	25.004953	25.003311	25.001659	
25.001976	25.003948	25.005901	25.007832	25.009733	25.011602	25.013422	25.015194	25.016907	25.018555	25.020132	25.021637	25.023052	25.024387	25.025625	25.026772	25.027809	25.028748	25.029572	25.030289	25.030886	25.031370	25.031731	25.031977	25.032095	25.032097	25.031973	25.031734	25.031368	25.030886	25.030289	25.029572	25.028744	25.027813	25.026768	25.025627	25.024384	25.023054	25.021633	25.020134	25.018551	25.016905	25.015190	25.013420	25.011600	25.009735	25.007833	25.005901	25.003944	25.001976	
25.002289	25.004566	25.006828	25.009062	25.011265	25.013424	25.015530	25.017580	25.019560	25.021467	25.023296	25.025032	25.026674	25.028214	25.029652	25.030972	25.032177	25.033258	25.034218	25.035042	25.035736	25.036293	25.036716	25.036995	25.037138	25.037136	25.036995	25.036713	25.036295	25.035736	25.035042	25.034218	25.033260	25.032175	25.030972	25.029648	25.028215	25.026672	25.025032	25.023291	25.021467	25.019558	25.017578	25.015530	25.013422	25.011265	25.009064	25.006824	25.004566	25.002287	
25.002590	25.005171	25.007729	25.010258	25.012751	25.015194	25.017578	25.019897	25.022141	25.024300	25.026363	25.028334	25.030193	25.031937	25.033562	25.035059	25.036421	25.037647	25.038729	25.039665	25.040449	25.041084	25.041557	25.041878	25.042034	25.042036	25.041874	25.041557	25.041080	25.040451	25.039665	25.038731	25.037645	25.036423	25.035057	25.033562	25.031937	25.030193	25.028332	25.026365	25.024296	25.022141	25.019894	25.017578	25.015194	25.012749	25.010258	25.007729	25.005167	25.002590	
25.002880	25.005753	25.008600	25.011415	25.014187	25.016907	25.019560	25.022141	25.024635	25.027039	25.029339	25.031527	25.033596	25.035538	25.037346	25.039009	25.040527	25.041891	25.043098	25.044136	25.045010	25.045712	25.046246	25.046597	25.046778	25.046774	25.046597	25.046242	25.045713	25.045010	25.044136	25.043095	25.041889	25.040527	25.039011	25.037344	25.035538	25.033594	25.031528	25.029335	25.027037	25.024635	25.022141	25.019558	25.016905	25.014189	25.011415	25.008598	25.005749	25.002880	
25.003162	25.006313	25.009439	25.012529	25.015572	25.018555	25.021467	25.024300	25.027039	25.029675	25.032200	25.034603	25.036873	25.039005	25.040985	25.042814	25.044479	25.045979	25.047298	25.048441	25.049398	25.050171	25.050751	25.051144	25.051334	25.051338	25.051142	25.050751	25.050171	25.049398	25.048441	25.047298	25.045975	25.044479	25.042816	25.040985	25.039003	25.036873	25.034599	25.032198	25.029671	25.027039	25.024298	25.021467	25.018555	25.015572	25.012527	25.009439	25.006311	25.003162	
25.003429	25.006849	25.010241	25.013594	25.016895	25.020134	25.023293	25.026363	25.029339	25.032200	25.034939	25.037544	25.040009	25.042320	25.044474	25.046455	25.048264	25.049885	25.051323	25.052561	25.053602	25.054440	25.055073	25.055492	25.055704	25.055702	25.055492	25.055069	25.054438	25.053600	25.052563	25.051321	25.049887	25.048264	25.046455	25.044476	25.042320	25.040009	25.037544	25.034935	25.032200	25.029335	25.026367	25.023293	25.020134	25.016895	25.013596	25.010242	25.006847	25.003431	
25.003685	25.007359	25.011005	25.014606	25.018158	25.021635	25.025032	25.028332	25.031525	25.034599	25.037544	25.040346	25.042992	25.045479	25.047791	25.049925	25.051865	25.053608	25.055149	25.056484	25.057602	25.058502	25.059179	25.059633	25.059860	25.059860	25.059631	25.059177	25.058500	25.057602	25.056480	25.055151	25.053608	25.051865	25.049923	25.047791	25.045479	25.042995	25.040344	25.037544	25.034599	25.031528	25.028330	25.025032	25.021633	25.018158	25.014608	25.011005	25.007359	25.003687	
25.003929	25.007843	25.011726	25.015568	25.019348	25.023056	25.026674	25.030193	25.033596	25.036873	25.040009	25.042992	25.045815	25.048464	25.050930	25.053200	25.055269	25.057125	25.058769	25.060190	25.061384	25.062340	25.063065	25.063547	25.063789	25.063789	25.063545	25.063061	25.062342	25.061380	25.060190	25.058769	25.057129	25.055267	25.053200	25.050926	25.048464	25.045816	25.042995	25.040009	25.036873	25.033592	25.030193	25.026672	25.023056	25.019348	25.015568	25.011726	25.007843	25.003929	
25.004158	25.008295	25.012405	25.016468	25.020466	25.024387	25.028217	25.031939	25.035538	25.039001	25.042320	25.045479	25.048462	25.051266	25.053871	25.056274	25.058460	25.060431	25.062166	25.063671	25.064930	25.065945	25.066708	25.067221	25.067474	25.067474	25.067219	25.066708	25.065941	25.064930	25.063667	25.062168	25.060429	25.058462	25.056274	25.053871	25.051266	25.048466	25.045479	25.042322	25.039001	25.035540	25.031935	25.028217	25.024387	25.020466	25.016466	25.012405	25.008297	25.004156	
25.004368	25.008718	25.013035	25.017303	25.021505	25.025627	25.029650	25.033562	25.037346	25.040985	25.044472	25.047791	25.050926	25.053871	25.056612	25.059135	25.061436	25.063501	25.065329	25.066906	25.068232	25.069298	25.070099	25.070635	25.070908	25.070906	25.070637	25.070099	25.069298	25.068230	25.066906	25.065327	25.063503	25.061436	25.059135	25.056610	25.053871	25.050928	25.047791	25.044472	25.040989	25.037342	25.033562	25.029648	25.025627	25.021503	25.017303	25.013035	25.008717	25.004368	
25.004562	25.009106	25.013618	25.018074	25.022463	25.026772	25.030972	25.035059	25.039009	25.042812	25.046455	25.049923	25.053200	25.056274	25.059135	25.061771	25.064175	25.066334	25.068241	25.069889	25.071274	25.072388	25.073227	25.073788	25.074066	25.074068	25.073786	25.073225	25.072388	25.071274	25.069889	25.068241	25.066332	25.064175	25.061771	25.059135	25.056273	25.053200	25.049919	25.046457	25.042812	25.039013	25.035055	25.030972	25.026768	25.022465	25.018074	25.013617	25.009104	25.004562	
25.004738	25.009460	25.014145	25.018778	25.023338	25.027809	25.032177	25.036423	25.040527	25.044479	25.048264	25.051865	25.055267	25.058464	25.061436	25.064175	25.066671	25.068914	25.070896	25.072609	25.074047	25.075203	25.076075	25.076656	25.076948	25.076946	25.076656	25.076073	25.075199	25.074045	25.072607	25.070896	25.068913	25.066669	25.064175	25.061434	25.058462	25.055267	25.051865	25.048262	25.044483	25.040525	25.036423	25.032177	25.027811	25.023336	25.018778	25.014145	25.009460	25.004738	
25.004898	25.009779	25.014624	25.019409	25.024124	25.028748	25.033260	25.037647	25.041889	25.045979	25.049887	25.053610	25.057129	25.060432	25.063503	25.066334	25.068913	25.071236	25.073280	25.075052	25.076538	25.077732	25.078632	25.079235	25.079536	25.079536	25.079235	25.078632	25.077732	25.076534	25.075048	25.073280	25.071232	25.068914	25.066334	25.063503	25.060429	25.057129	25.053606	25.049889	25.045975	25.041893	25.037647	25.033260	25.028744	25.024124	25.019409	25.014622	25.009777	25.004898	
25.005041	25.010059	25.015041	25.019968	25.024818	25.029572	25.034218	25.038729	25.043095	25.047298	25.051323	25.055149	25.058771	25.062168	25.065331	25.068241	25.070896	25.073280	25.075390	25.077209	25.078737	25.079967	25.080894	25.081512	25.081823	25.081821	25.081512	25.080894	25.079964	25.078737	25.077208	25.075386	25.073280	25.070894	25.068241	25.065327	25.062168	25.058769	25.055153	25.051319	25.047300	25.043095	25.038731	25.034214	25.029573	25.024815	25.019970	25.015041	25.010059	25.005039	
25.005161	25.010303	25.015408	25.020451	25.025415	25.030287	25.035042	25.039665	25.044136	25.048439	25.052561	25.056484	25.060190	25.063671	25.066908	25.069891	25.072609	25.075054	25.077209	25.079075	25.080641	25.081900	25.082850	25.083483	25.083799	25.083799	25.083481	25.082846	25.081898	25.080639	25.079073	25.077209	25.075052	25.072609	25.069889	25.066906	25.063667	25.060192	25.056480	25.052563	25.048439	25.044138	25.039665	25.035046	25.030285	25.025417	25.020449	25.015406	25.010303	25.005161	
25.005264	25.010506	25.015709	25.020855	25.025921	25.030886	25.035736	25.040447	25.045010	25.049398	25.053600	25.057600	25.061382	25.064930	25.068233	25.071274	25.074045	25.076536	25.078739	25.080639	25.082237	25.083521	25.084488	25.085136	25.085461	25.085461	25.085133	25.084488	25.083517	25.082237	25.080641	25.078737	25.076538	25.074047	25.071274	25.068230	25.064932	25.061380	25.057606	25.053600	25.049402	25.045010	25.040451	25.035736	25.030888	25.025919	25.020855	25.015711	25.010509	25.005264	
25.005344	25.010670	25.015957	25.021179	25.026323	25.031368	25.036293	25.041082	25.045712	25.050171	25.054440	25.058502	25.062340	25.065945	25.069298	25.072388	25.075203	25.077732	25.079967	25.081900	25.083523	25.084824	25.085808	25.086464	25.086794	25.086792	25.086464	25.085806	25.084826	25.083519	25.081900	25.079967	25.077732	25.075203	25.072388	25.069298	25.065941	25.062342	25.058500	25.054440	25.050171	25.045713	25.041080	25.036293	25.031368	25.026325	25.021183	25.015957	25.010672	25.005348	
25.005409	25.010796	25.016140	25.021425	25.026628	25.031731	25.036716	25.041557	25.046244	25.050751	25.055069	25.059177	25.063065	25.066708	25.070101	25.073225	25.076073	25.078632	25.080894	25.082848	25.084488	25.085808	25.086803	25.087467	25.087801	25.087799	25.087467	25.086800	25.085808	25.084488	25.082850	25.080894	25.078632	25.076073	25.073227	25.070099	25.066708	25.063065	25.059181	25.055071	25.050751	25.046242	25.041557	25.036715	25.031733	25.026630	25.021427	25.016140	25.010796	25.005407	
25.005447	25.010876	25.016264	25.021589	25.026833	25.031975	25.036995	25.041876	25.046597	25.051142	25.055492	25.059631	25.063545	25.067219	25.070637	25.073784	25.076654	25.079235	25.081512	25.083485	25.085136	25.086464	25.087467	25.088139	25.088470	25.088472	25.088137	25.087467	25.086464	25.085136	25.083485	25.081512	25.079235	25.076656	25.073786	25.070635	25.067219	25.063547	25.059631	25.055492	25.051140	25.046595	25.041874	25.036995	25.031975	25.026834	25.021591	25.016266	25.010876	25.005451	
25.005470	25.010918	25.016325	25.021671	25.026936	25.032097	25.037136	25.042034	25.046776	25.051336	25.055704	25.059858	25.063789	25.067474	25.070904	25.074066	25.076948	25.079536	25.081825	25.083801	25.085461	25.086796	25.087799	25.088470	25.088810	25.088810	25.088474	25.087799	25.086796	25.085461	25.083801	25.081823	25.079536	25.076946	25.074066	25.070906	25.067476	25.063789	25.059860	25.055702	25.051334	25.046772	25.042034	25.037136	25.032097	25.026936	25.021671	25.016327	25.010921	25.005470	
25.005470	25.010918	25.016325	25.021671	25.026936	25.032097	25.037136	25.042034	25.046776	25.051336	25.055704	25.059858	25.063789	25.067474	25.070904	25.074066	25.076948	25.079536	25.081825	25.083801	25.085461	25.086796	25.087799	25.088470	25.088810	25.088810	25.088474	25.087799	25.086796	25.085461	25.083801	25.081823	25.079536	25.076946	25.074066	25.070906	25.067476	25.063789	25.059860	25.055702	25.051334	25.046772	25.042034	25.037136	25.032097	25.026936	25.021671	25.016327	25.010921	25.005470	
25.005447	25.010876	25.016264	25.021589	25.026833	25.031975	25.036995	25.041876	25.046597	25.051142	25.055492	25.059631	25.063545	25.067219	25.070637	25.073784	25.076654	25.079235	25.081512	25.083485	25.085136	25.086464	25.087467	25.088139	25.088470	25.088472	25.088137	25.087467	25.086464	25.085136	25.083485	25.081512	25.079235	25.076656	25.073786	25.070635	25.067219	25.063547	25.059631	25.055492	25.051140	25.046595	25.041874	25.036995	25.031975	25.026834	25.021591	25.016266	25.010876	25.005451	
25.005409	25.010796	25.016140	25.021425	25.026628	25.031731	25.036716	25.041557	25.046244	25.050751	25.055069	25.059177	25.063065	25.066708	25.070101	25.073225	25.076073	25.078632	25.080894	25.082848	25.084488	25.085808	25.086803	25.087467	25.087801	25.087799	25.087467	25.086800	25.085808	25.084488	25.082850	25.080894	25.078632	25.076073	25.073227	25.070099	25.066708	25.063065	25.059181	25.055071	25.050751	25.046242	25.041557	25.036715	25.031733	25.026630	25.021427	25.016140	25.010796	25.005407	
25.005344	25.010670	25.015957	25.021179	25.026323	25.031368	25.036293	25.041082	25.045712	25.050171	25.054440	25.058502	25.062340	25.065945	25.069298	25.072388	25.075203	25.077732	25.079967	25.081900	25.083523	25.084824	25.085808	25.086464	25.086794	25.086792	25.086464	25.085806	25.084826	25.083519	25.081900	25.079967	25.077732	25.075203	25.072388	25.069298	25.065941	25.062342	25.058500	25.054440	25.050171	25.045713	25.041080	25.036293	25.031368	25.026325	25.021183	25.015957	25.010672	25.005348	
25.005264	25.010506	25.015709	25.020855	25.025921	25.030886	25.035736	25.040447	25.045010	25.049398	25.053600	25.057600	25.061382	25.064930	25.068233	25.071274	25.074045	25.076536	25.078739	25.080639	25.082237	25.083521	25.084488	25.085136	25.085461	25.085461	25.085133	25.084488	25.083517	25.082237	25.080641	25.078737	25.076538	25.074047	25.071274	25.068230	25.064932	25.061380	25.057606	25.053600	25.049402	25.045010	25.040451	25.035736	25.030888	25.025919	25.020855	25.015711	25.010509	25.005264	
25.005161	25.010303	25.015408	25.020451	25.025415	25.030287	25.035042	25.039665	25.044136	25.048439	25.052561	25.056484	25.060190	25.063671	25.066908	25.069891	25.072609	25.075054	25.077209	25.079075	25.080641	25.081900	25.082850	25.083483	25.083799	25.083799	25.083481	25.082846	25.081898	25.080639	25.079073	25.077209	25.075052	25.072609	25.069889	25.066906	25.063667	25.060192	25.056480	25.052563	25.048439	25.044138	25.039665	25.035046	25.030285	25.025417	25.020449	25.015406	25.010303	25.005161	
25.005041	25.010059	25.015041	25.019968	25.024818	25.029572	25.034218	25.038729	25.043095	25.047298	25.051323	25.055149	25.058771	25.062168	25.065331	25.068241	25.070896	25.073280	25.075390	25.077209	25.078737	25.079967	25.080894	25.081512	25.081823	25.081821	25.081512	25.080894	25.079964	25.078737	25.077208	25.075386	25.073280	25.070894	25.068241	25.065327	25.062168	25.058769	25.055153	25.051319	25.047300	25.043095	25.038731	25.034214	25.029573	25.024815	25.019970	25.015041	25.010059	25.005039	
25.004898	25.009779	25.014624	25.019409	25.024124	25.028748	25.033260	25.037647	25.041889	25.045979	25.049887	25.053610	25.057129	25.060432	25.063503	25.066334	25.068913	25.071236	25.073280	25.075052	25.076538	25.077732	25.078632	25.079235	25.079536	25.079536	25.079235	25.078632	25.077732	25.076534	25.075048	25.073280	25.071232	25.068914	25.066334	25.063503	25.060429	25.057129	25.053606	25.049889	25.045975	25.041893	25.037647	25.033260	25.028744	25.024124	25.019409	25.014622	25.009777	25.004898	
25.004738	25.009460	25.014145	25.018778	25.023338	25.027809	25.032177	25.036423	25.040527	25.044479	25.048264	25.051865	25.055267	25.058464	25.061436	25.064175	25.066671	25.068914	25.070896	25.072609	25.074047	25.075203	25.076075	25.076656	25.076948	25.076946	25.076656	25.076073	25.075199	25.074045	25.072607	25.070896	25.068913	25.066669	25.064175	25.061434	25.058462	25.055267	25.051865	25.048262	25.044483	25.040525	25.036423	25.032177	25.027811	25.023336	25.018778	25.014145	25.009460	25.004738	
25.004562	25.009106	25.013618	25.018074	25.022463	25.026772	25.030972	25.035059	25.039009	25.042812	25.046455	25.049923	25.053200	25.056274	25.059135	25.061771	25.064175	25.066334	25.068241	25.069889	25.071274	25.072388	25.073227	25.073788	25.074066	25.074068	25.073786	25.073225	25.072388	25.071274	25.069889	25.068241	25.066332	25.064175	25.061771	25.059135	25.056273	25.053200	25.049919	25.046457	25.042812	25.039013	25.035055	25.030972	25.026768	25.022465	25.018074	25.013617	25.009104	25.004562	
25.004368	25.008718	25.013035	25.017303	25.021505	25.025627	25.029650	25.033562	25.037346	25.040985	25.044472	25.047791	25.050926	25.053871	25.056612	25.059135	25.061436	25.063501	25.065329	25.066906	25.068232	25.069298	25.070099	25.070635	25.070908	25.070906	25.070637	25.070099	25.069298	25.068230	25.066906	25.065327	25.063503	25.061436	25.059135	25.056610	25.053871	25.050928	25.047791	25.044472	25.040989	25.037342	25.033562	25.029648	25.025627	25.021503	25.017303	25.013035	25.008717	25.004368	
25.004158	25.008295	25.012405	25.016468	25.020466	25.024387	25.028217	25.031939	25.035538	25.039001	25.042320	25.045479	25.048462	25.051266	25.053871	25.056274	25.058460	25.060431	25.062166	25.063671	25.064930	25.065945	25.066708	25.067221	25.067474	25.067474	25.067219	25.066708	25.065941	25.064930	25.063667	25.062168	25.060429	25.058462	25.056274	25.053871	25.051266	25.048466	25.045479	25.042322	25.039001	25.035540	25.031935	25.028217	25.024387	25.020466	25.016466	25.012405	25.008297	25.004156	
25.003929	25.007843	25.011726	25.015568	25.019348	25.023056	25.026674	25.030193	25.033596	25.036873	25.040009	25.042992	25.045815	25.048464	25.050930	25.053200	25.055269	25.057125	25.058769	25.060190	25.061384	25.062340	25.063065	25.063547	25.063789	25.063789	25.063545	25.063061	25.062342	25.061380	25.060190	25.058769	25.057129	25.055267	25.053200	25.050926	25.048464	25.045816	25.042995	25.040009	25.036873	25.033592	25.030193	25.026672	25.023056	25.019348	25.015568	25.011726	25.007843	25.003929	
25.003685	25.007359	25.011005	25.014606	25.018158	25.021635	25.025032	25.028332	25.031525	25.034599	25.037544	25.040346	25.042992	25.045479	25.047791	25.049925	25.051865	25.053608	25.055149	25.056484	25.057602	25.058502	25.059179	25.059633	25.059860	25.059860	25.059631	25.059177	25.058500	25.057602	25.056480	25.055151	25.053608	25.051865	25.049923	25.047791	25.045479	25.042995	25.040344	25.037544	25.034599	25.031528	25.028330	25.025032	25.021633	25.018158	25.014608	25.011005	25.007359	25.003687	
25.003429	25.006849	25.010241	25.013594	25.016895	25.020134	25.023293	25.026363	25.029339	25.032200	25.034939	25.037544	25.040009	25.042320	25.044474	25.046455	25.048264	25.049885	25.051323	25.052561	25.053602	25.054440	25.055073	25.055492	25.055704	25.055702	25.055492	25.055069	25.054438	25.053600	25.052563	25.051321	25.049887	25.048264	25.046455	25.044476	25.042320	25.040009	25.037544	25.034935	25.032200	25.029335	25.026367	25.023293	25.020134	25.016895	25.013596	25.010242	25.006847	25.003431	
25.003162	25.006313	25.009439	25.012529	25.015572	25.018555	25.021467	25.024300	25.027039	25.029675	25.032200	25.034603	25.036873	25.039005	25.040985	25.042814	25.044479	25.045979	25.047298	25.048441	25.049398	25.050171	25.050751	25.051144	25.051334	25.051338	25.051142	25.050751	25.050171	25.049398	25.048441	25.047298	25.045975	25.044479	25.042816	25.040985	25.039003	25.036873	25.034599	25.032198	25.029671	25.027039	25.024298	25.021467	25.018555	25.015572	25.012527	25.009439	25.006311	25.003162	
25.002880	25.005753	25.008600	25.011415	25.014187	25.016907	25.019560	25.022141	25.024635	25.027039	25.029339	25.031527	25.033596	25.035538	25.037346	25.039009	25.040527	25.041891	25.043098	25.044136	25.045010	25.045712	25.046246	25.046597	25.046778	25.046774	25.046597	25.046242	25.045713	25.045010	25.044136	25.043095	25.041889	25.040527	25.039011	25.037344	25.035538	25.033594	25.031528	25.029335	25.027037	25.024635	25.022141	25.019558	25.016905	25.014189	25.011415	25.008598	25.005749	25.002880	
25.002590	25.005171	25.007729	25.010258	25.012751	25.015194	25.017578	25.019897	25.022141	25.024300	25.026363	25.028334	25.030193	25.031937	25.033562	25.035059	25.036421	25.037647	25.038729	25.039665	25.040449	25.041084	25.041557	25.041878	25.042034	25.042036	25.041874	25.041557	25.041080	25.040451	25.039665	25.038731	25.037645	25.036423	25.035057	25.033562	25.031937	25.030193	25.028332	25.026365	25.024296	25.022141	25.019894	25.017578	25.015194	25.012749	25.010258	25.007729	25.005167	25.002590	
25.002289	25.004566	25.006828	25.009062	25.011265	25.013424	25.015530	25.017580	25.019560	25.021467	25.023296	25.025032	25.026674	25.028214	25.029652	25.030972	25.032177	25.033258	25.034218	25.035042	25.035736	25.036293	25.036716	25.036995	25.037138	25.037136	25.036995	25.036713	25.036295	25.035736	25.035042	25.034218	25.033260	25.032175	25.030972	25.029648	25.028215	25.026672	25.025032	25.023291	25.021467	25.019558	25.017578	25.015530	25.013422	25.011265	25.009064	25.006824	25.004566	25.002287	
25.001976	25.003948	25.005901	25.007832	25.009733	25.011602	25.013422	25.015194	25.016907	25.018555	25.020132	25.021637	25.023052	25.024387	25.025625	25.026772	25.027809	25.028748	25.029572	25.030289	25.030886	25.031370	25.031731	25.031977	25.032095	25.032097	25.031973	25.031734	25.031368	25.030886	25.030289	25.029572	25.028744	25.027813	25.026768	25.025627	25.024384	25.023054	25.021633	25.020134	25.018551	25.016905	25.015190	25.013420	25.011600	25.009735	25.007833	25.005901	25.003944	25.001976	
25.001661	25.003311	25.004951	25.006573	25.008171	25.009735	25.011265	25.012749	25.014189	25.015572	25.016895	25.018158	25.019348	25.020464	25.021507	25.022465	25.023338	25.024124	25.024818	25.025417	25.025923	25.026323	25.026630	25.026833	25.026936	25.026936	25.026833	25.026628	25.026325	25.025921	25.025417	25.024815	25.024124	25.023338	25.022465	25.021503	25.020466	25.019344	25.018158	25.016891	25.015570	25.014185	25.012749	25.011265	25.009735	25.008171	25.006573	25.004953	25.003311	25.001659	
25.001335	25.002665	25.003983	25.005287	25.006573	25.007832	25.009062	25.010260	25.011414	25.012527	25.013596	25.014606	25.015566	25.016464	25.017303	25.018074	25.018778	25.019409	25.019966	25.020452	25.020855	25.021183	25.021425	25.021591	25.021671	25.021671	25.021591	25.021427	25.021179	25.020855	25.020451	25.019968	25.019409	25.018780	25.018074	25.017303	25.016464	25.015568	25.014606	25.013594	25.012526	25.011414	25.010258	25.009060	25.007835	25.006573	25.005291	25.003984	25.002666	25.001335	
25.001007	25.002007	25.003000	25.003983	25.004951	25.005901	25.006826	25.007727	25.008598	25.009438	25.010241	25.011005	25.011726	25.012405	25.013035	25.013618	25.014145	25.014622	25.015045	25.015406	25.015713	25.015957	25.016144	25.016266	25.016327	25.016327	25.016266	25.016144	25.015957	25.015711	25.015408	25.015041	25.014622	25.014145	25.013617	25.013033	25.012405	25.011724	25.011005	25.010239	25.009436	25.008598	25.007725	25.006828	25.005899	25.004955	25.003983	25.003004	25.002007	25.001007	
25.000671	25.001343	25.002007	25.002665	25.003311	25.003944	25.004566	25.005167	25.005751	25.006313	25.006847	25.007360	25.007843	25.008295	25.008718	25.009106	25.009460	25.009779	25.010059	25.010303	25.010509	25.010674	25.010796	25.010880	25.010920	25.010921	25.010878	25.010796	25.010672	25.010508	25.010303	25.010059	25.009777	25.009460	25.009106	25.008717	25.008297	25.007843	25.007357	25.006847	25.006310	25.005749	25.005169	25.004564	25.003946	25.003311	25.002666	25.002007	25.001343	25.000671	
25.000336	25.000671	25.001005	25.001335	25.001659	25.001976	25.002287	25.002588	25.002880	25.003162	25.003431	25.003687	25.003929	25.004158	25.004366	25.004562	25.004740	25.004898	25.005039	25.005161	25.005264	25.005346	25.005409	25.005451	25.005470	25.005470	25.005451	25.005409	25.005346	25.005264	25.005161	25.005039	25.004898	25.004740	25.004562	25.004368	25.004156	25.003927	25.003685	25.003429	25.003160	25.002880	25.002586	25.002289	25.001976	25.001659	25.001335	25.001007	25.000671	25.000338	
