49.995461	69.756287	79.047813	84.133163	87.266403	89.372726	90.881577	92.014572	92.896507	93.602715	94.181305	94.664429	95.074371	95.427116	95.734375	96.004959	96.245628	96.461647	96.657196	96.835625	96.999649	97.151520	97.293083	97.425880	97.551231	97.670235	97.783859	97.892883	97.998032	98.099915	98.199036	98.295860	98.390785	98.484154	98.576248	98.667328	98.757622	98.847298	98.936523	99.025421	99.114113	99.202675	99.291168	99.379639	99.468132	99.556656	99.645248	99.733879	99.822556	99.911270	
30.225605	49.981922	62.301918	70.218567	75.559875	79.343155	82.139244	84.280487	85.969040	87.333366	88.458435	89.402397	90.206375	90.900146	91.505867	92.040298	92.516388	92.944275	93.332031	93.686180	94.012016	94.313904	94.595474	94.859772	95.109360	95.346428	95.572838	95.790207	95.999893	96.203110	96.400894	96.594147	96.783638	96.970055	97.153976	97.335899	97.516266	97.695450	97.873749	98.051422	98.228683	98.405701	98.582603	98.759491	98.936417	99.113449	99.290573	99.467819	99.645157	99.822556	
20.925102	37.644016	49.959583	58.879562	65.411766	70.301132	74.052246	76.999619	79.366379	81.303940	82.917343	84.281128	85.449356	86.462090	87.349548	88.134918	88.836304	89.468018	90.041512	90.566101	91.049393	91.497696	91.916245	92.309479	92.681137	93.034393	93.371994	93.696297	94.009323	94.312836	94.608368	94.897224	95.180573	95.459427	95.734619	96.006927	96.276962	96.545288	96.812347	97.078537	97.344147	97.609436	97.874603	98.139763	98.405037	98.670456	98.936081	99.201874	99.467827	99.733879	
15.830888	29.709671	41.013123	49.928783	56.906956	62.397987	66.769661	70.300163	73.193787	75.599640	77.626915	79.356514	80.849045	82.150589	83.296631	84.314911	85.227348	86.051460	86.801445	87.488907	88.123383	88.712860	89.263992	89.782425	90.272964	90.739693	91.186127	91.615318	92.029900	92.432159	92.824051	93.207352	93.583519	93.953888	94.319565	94.681549	95.040649	95.397591	95.752968	96.107269	96.460915	96.814201	97.167381	97.520645	97.874092	98.227814	98.581802	98.936081	99.290581	99.645248	
12.688915	24.350922	34.454872	42.916000	49.889984	55.614983	60.329193	64.238602	67.510162	70.275162	72.635582	74.670471	76.441315	77.996254	79.373260	80.602623	81.708626	82.711029	83.625961	84.466766	85.244522	85.968521	86.646629	87.285492	87.890823	88.467484	89.019714	89.551163	90.064987	90.563950	91.050476	91.526642	91.994278	92.454964	92.910088	93.360825	93.808189	94.253067	94.696152	95.138077	95.579315	96.020233	96.461151	96.902260	97.343704	97.785538	98.227814	98.670464	99.113449	99.556664	
10.574023	20.550564	29.539940	37.391056	44.122814	49.843781	54.694660	58.816196	62.334545	65.356857	67.971497	70.250320	72.251480	74.021927	75.599762	77.015953	78.295914	79.460526	80.527153	81.510284	82.422058	83.272797	84.071236	84.824860	85.540085	86.222481	86.876831	87.507339	88.117630	88.710876	89.289856	89.857010	90.414444	90.964005	91.507286	92.045670	92.580338	93.112289	93.642395	94.171310	94.699615	95.227753	95.756027	96.284714	96.813904	97.343704	97.874092	98.405037	98.936424	99.468132	
9.056814	17.737776	25.763882	32.986252	39.367447	44.943836	49.790874	53.998505	57.656712	60.848125	63.645260	66.110069	68.294693	70.242729	71.990494	73.568283	75.001366	76.310959	77.514870	78.628227	79.663818	80.632584	81.543915	82.405891	83.225494	84.008804	84.761093	85.486984	86.190514	86.875214	87.544182	88.200134	88.845444	89.482178	90.112122	90.736855	91.357697	91.975769	92.592026	93.207222	93.822006	94.436836	95.052094	95.667999	96.284714	96.902252	97.520645	98.139763	98.759491	99.379639	
7.915690	15.580317	22.792246	29.423565	35.418018	40.774628	45.528065	49.732063	53.447651	56.735870	59.653748	62.252541	64.577232	66.666679	68.554268	70.268478	71.833626	73.270439	74.596680	75.827515	76.976044	78.053520	79.069710	80.033073	80.951004	81.829941	82.675552	83.492767	84.285957	85.058960	85.815125	86.557411	87.288429	88.010422	88.725372	89.434998	90.140717	90.843811	91.545265	92.245956	92.946533	93.647530	94.349289	95.052094	95.756027	96.461151	97.167374	97.874603	98.582596	99.291168	
7.025900	13.876071	20.402027	26.498777	32.107742	37.210136	41.816490	45.956047	49.668243	52.996433	55.984009	58.672039	61.098068	63.295769	65.294830	67.121323	68.797913	70.344376	71.777824	73.113205	74.363464	75.539963	76.652580	77.709991	78.719803	79.688744	80.622681	81.526840	82.405815	83.263672	84.103996	84.929939	85.744278	86.549446	87.347572	88.140457	88.929680	89.716568	90.502205	91.287491	92.073158	92.859703	93.647530	94.436829	95.227745	96.020233	96.814201	97.609444	98.405708	99.202667	
6.312126	12.496637	18.441875	24.062958	29.305479	34.143429	38.573696	42.609688	46.275337	49.600376	52.616829	55.356735	57.850693	60.127098	62.211811	64.128044	65.896523	67.535583	69.061478	70.488495	71.829277	73.094955	74.295395	75.439262	76.534302	77.587311	78.604370	79.590836	80.551483	81.490555	82.411774	83.318497	84.213615	85.099701	85.978989	86.853424	87.724617	88.594002	89.462723	90.331696	91.201660	92.073166	92.946526	93.822006	94.699600	95.579315	96.460907	97.344162	98.228683	99.114120	
5.726293	11.357115	16.806852	22.006966	26.909389	31.486282	35.727379	39.636131	43.225815	46.515923	49.529491	52.290924	54.824638	57.154121	59.301434	61.286911	63.129074	64.844696	66.448830	67.954987	69.375229	70.720345	71.999939	73.222626	74.396065	75.527115	76.621880	77.685837	78.723877	79.740311	80.739059	81.723495	82.696701	83.661316	84.619682	85.573799	86.525391	87.475906	88.426529	89.378220	90.331696	91.287498	92.245956	93.207214	94.171310	95.138077	96.107277	97.078529	98.051422	99.025429	
5.236277	10.399385	15.422493	20.250057	24.840549	29.167000	33.215767	36.984360	40.478836	43.711323	46.697853	49.456673	52.006889	54.367649	56.557457	58.593826	60.493118	62.270386	63.939423	65.512772	67.001808	68.416809	69.767059	71.060913	72.305939	73.508888	74.675888	75.812431	76.923424	78.013306	79.085983	80.145020	81.193489	82.234146	83.269386	84.301270	85.331589	86.361801	87.393127	88.426521	89.462723	90.502197	91.545265	92.592026	93.642380	94.696159	95.752975	96.812355	97.873741	98.936523	
4.819808	9.582402	14.234806	18.731705	23.037611	27.127604	30.986897	34.609596	37.997070	41.156197	44.097778	46.835125	49.383011	51.756779	53.971775	56.042934	57.984470	59.809792	61.531338	63.160656	64.708313	66.184021	67.596603	68.954163	70.263992	71.532761	72.766479	73.970612	75.150108	76.309372	77.452400	78.582748	79.703590	80.817711	81.927559	83.035233	84.142548	85.250999	86.361801	87.475906	88.594009	89.716568	90.843811	91.975761	93.112305	94.253059	95.397591	96.545288	97.695450	98.847298	
4.460950	8.876415	13.203815	17.405933	21.452560	25.321264	28.997339	32.473148	35.747078	38.822395	41.706005	44.407440	46.937920	49.309631	51.535160	53.627087	55.597710	57.458790	59.221512	60.896339	62.493061	64.020706	65.487679	66.901627	68.269653	69.598183	70.893158	72.159927	73.403389	74.627975	75.837654	77.036018	78.226273	79.411224	80.593353	81.774796	82.957359	84.142548	85.331589	86.525391	87.724625	88.929672	90.140724	91.357704	92.580338	93.808189	95.040657	96.276962	97.516266	98.757614	
4.148004	8.259335	12.299376	16.237333	20.047520	23.710041	27.210930	30.541822	33.699345	36.684277	39.500740	42.155357	44.656551	47.013897	49.237637	51.338318	53.326454	55.212341	57.005920	58.716660	60.353493	61.924858	63.438560	64.901924	66.321686	67.704117	69.054916	70.379379	71.682327	72.968124	74.240746	75.503792	76.760452	78.013565	79.265610	80.518753	81.774796	83.035233	84.301277	85.573799	86.853416	88.140457	89.434998	90.736855	92.045670	93.360825	94.681541	96.006927	97.335899	98.667328	
3.872176	7.714437	11.498348	15.198272	18.792339	22.263065	25.597534	28.787308	31.828005	34.718815	37.461853	40.061588	42.524231	44.857262	47.068970	49.168133	51.163723	53.064697	54.879860	56.617710	58.286415	59.893726	61.446976	62.953033	64.418358	65.848900	67.250259	68.627548	69.985497	71.328430	72.660294	73.984642	75.304695	76.623260	77.942856	79.265617	80.593353	81.927551	83.269379	84.619675	85.978989	87.347572	88.725372	90.112137	91.507278	92.910080	94.319572	95.734619	97.153976	98.576248	
3.626730	7.228813	10.782700	14.266907	17.662796	20.955070	24.132008	27.185436	30.110540	32.905487	35.571022	38.110001	40.526962	42.827690	45.018883	47.107834	49.102158	51.009659	52.838078	54.595058	56.288010	57.924076	59.510056	61.052456	62.557343	64.030487	65.477219	66.902550	68.311096	69.707123	71.094505	72.476814	73.857193	75.238525	76.623260	78.013565	79.411224	80.817703	82.234146	83.661316	85.099701	86.549438	88.010429	89.482162	90.964005	92.454948	93.953888	95.459412	96.970047	98.484146	
3.406413	6.792355	10.138170	13.425776	16.639248	19.765253	22.793262	25.715611	28.527359	31.226107	33.811665	36.285732	38.651566	40.913628	43.077320	45.148697	47.134254	49.040726	50.874985	52.643848	54.354065	56.012177	57.624538	59.197201	60.735977	62.246326	63.733429	65.202126	66.656929	68.102020	69.541260	70.978134	72.415848	73.857201	75.304695	76.760460	78.226273	79.703590	81.193481	82.696701	84.213608	85.744286	87.288414	88.845436	90.414436	91.994278	93.583519	95.180573	96.783638	98.390785	
3.207069	6.397016	9.553345	12.660755	15.705627	18.676359	21.563581	24.360220	27.061462	29.664612	32.168884	34.575172	36.885765	39.104107	41.234558	43.282162	45.252453	47.151306	48.984764	50.758972	52.480034	54.153996	55.786736	57.383965	58.951157	60.493565	62.016163	63.523643	65.020432	66.510628	67.998039	69.486168	70.978142	72.476807	73.984650	75.503799	77.036034	78.582748	80.145020	81.723495	83.318497	84.929939	86.557404	88.200127	89.857010	91.526627	93.207352	94.897217	96.594147	98.295868	
3.025361	6.036323	9.018966	11.960311	14.848677	17.673996	20.427967	23.104174	25.698051	28.206818	30.629337	32.965935	35.218208	37.388824	39.481316	41.499908	43.449348	45.334755	47.161507	48.935116	50.661163	52.345203	53.992725	55.609085	57.199501	58.768986	60.322338	61.864143	63.398705	64.930084	66.462044	67.998047	69.541260	71.094513	72.660301	74.240753	75.837662	77.452408	79.085991	80.739052	82.411774	84.103989	85.815109	87.544174	89.289856	91.050476	92.824059	94.608353	96.400902	98.199036	
2.858581	5.704995	8.527461	11.314924	14.057372	16.746059	19.373695	21.934502	24.424250	26.840214	29.181068	31.446785	33.638454	35.758160	37.808800	39.793938	41.717682	43.584530	45.399273	47.166908	48.892536	50.581306	52.238335	53.868698	55.477345	57.069103	58.648621	60.220360	61.788551	63.357220	64.930084	66.510635	68.102020	69.707123	71.328430	72.968124	74.627975	76.309372	78.013306	79.740311	81.490547	83.263672	85.058952	86.875214	88.710869	90.563950	92.432159	94.312836	96.203110	98.099915	
2.704500	5.398689	8.072557	10.716682	13.322461	15.882332	18.389893	20.840010	23.228823	25.553747	27.813410	30.007553	32.136932	34.203194	36.208744	38.156647	40.050468	41.894215	43.692196	45.448952	47.169178	48.857674	50.519253	52.158722	53.780823	55.390198	56.991390	58.588757	60.186485	61.788551	63.398712	65.020432	66.656937	68.311096	69.985504	71.682327	73.403397	75.150108	76.923424	78.723877	80.551476	82.405815	84.285957	86.190514	88.117615	90.064980	92.029900	94.009323	95.999893	97.998032	
2.561275	5.113790	7.649028	10.158938	12.636146	15.074104	17.467239	19.811005	22.101944	24.337662	26.516823	28.639051	30.704884	32.715652	34.673412	36.580811	38.441013	40.257607	42.034504	43.775879	45.486092	47.169624	48.831055	50.474949	52.105885	53.728367	55.346828	56.965576	58.588760	60.220360	61.864143	63.523651	65.202133	66.902550	68.627548	70.379395	72.159935	73.970627	75.812431	77.685837	79.590836	81.526840	83.492767	85.486984	87.507339	89.551155	91.615311	93.696289	95.790192	97.892883	
2.427360	4.847269	7.252468	9.636084	11.991787	14.313940	16.597691	18.839067	21.034990	23.183317	25.282778	27.332985	29.334324	31.287937	33.195591	35.059647	36.882935	38.668716	40.420593	42.142426	43.838303	45.512466	47.169250	48.813080	50.448372	52.079536	53.710930	55.346828	56.991390	58.648624	60.322342	62.016163	63.733429	65.477219	67.250259	69.054924	70.893158	72.766479	74.675888	76.621880	78.604362	80.622673	82.675552	84.761086	86.876839	89.019699	91.186111	93.371994	95.572830	97.783844	
2.301453	4.596563	6.879148	9.143337	11.383717	13.595428	15.774293	17.916842	20.020393	22.083035	24.103649	26.081850	28.017982	29.913025	31.768579	33.586765	35.370182	37.121822	38.845039	40.543449	42.220924	43.881493	45.529350	47.168747	48.804024	50.439507	52.079533	53.728371	55.390205	57.069103	58.768990	60.493565	62.246330	64.030479	65.848907	67.704117	69.598198	71.532761	73.508896	75.527115	77.587311	79.688736	81.829941	84.008804	86.222473	88.467484	90.739677	93.034378	95.346420	97.670235	
2.182445	4.359495	6.525885	8.676614	10.807049	12.913040	14.990984	17.037903	19.051462	21.030025	22.972603	24.878899	26.749218	28.584488	30.386162	32.156216	33.897045	35.611469	37.302628	38.973969	40.629162	42.272114	43.906864	45.537590	47.168533	48.804024	50.448372	52.105881	53.780823	55.477348	57.199501	58.951164	60.735973	62.557350	64.418350	66.321701	68.269653	70.264000	72.305939	74.396065	76.534302	78.719803	80.951004	83.225494	85.540085	87.890808	90.272957	92.681122	95.109352	97.551224	
2.069390	4.134196	6.189947	8.232387	10.257573	12.261963	14.242487	16.196592	18.122305	20.018215	21.883530	23.718010	25.522015	27.296412	29.042601	30.762424	32.458172	34.132492	35.788395	37.429169	39.058380	40.679790	42.297375	43.915230	45.537590	47.168751	48.813080	50.474953	52.158722	53.868694	55.609085	57.383961	59.197208	61.052452	62.953041	64.901924	66.901642	68.954163	71.060928	73.222633	75.439262	77.709991	80.033073	82.405884	84.824852	87.285492	89.782417	92.309464	94.859756	97.425873	
1.961472	3.919061	5.868976	7.807611	9.731623	11.638010	13.524167	15.387948	17.227682	19.042223	20.830925	22.593685	24.330879	26.043404	27.732592	29.400244	31.048529	32.680023	34.297596	35.904461	37.504070	39.100128	40.696533	42.297375	43.906868	45.529350	47.169250	48.831055	50.519257	52.238335	53.992722	55.786739	57.624535	59.510071	61.446976	63.438568	65.487679	67.596619	69.767059	71.999947	74.295387	76.652580	79.069710	81.543915	84.071243	86.646629	89.263992	91.916237	94.595467	97.293076	
1.857988	3.712697	5.560929	7.399638	9.226009	11.037512	12.831966	14.607574	16.362970	18.097227	19.809883	21.500938	23.170847	24.820515	26.451279	28.064877	29.663448	31.249466	32.825764	34.395447	35.961933	37.528866	39.100128	40.679794	42.272118	43.881500	45.512463	47.169632	48.857674	50.581306	52.345203	54.153996	56.012180	57.924072	59.893738	61.924858	64.020721	66.184021	68.416824	70.720352	73.094963	75.539963	78.053528	80.632584	83.272804	85.968536	88.712860	91.497696	94.313904	97.151520	
1.758325	3.513896	5.264025	7.006161	8.737940	10.457258	12.162300	13.851598	15.524046	17.178944	18.815987	20.435295	22.037401	23.623251	25.194181	26.751925	28.298573	29.836571	31.368683	32.897995	34.427868	35.961933	37.504070	39.058380	40.629166	42.220924	43.838306	45.486092	47.169182	48.892544	50.661167	52.480042	54.354065	56.288013	58.286419	60.353508	62.493065	64.708321	67.001816	69.375244	71.829285	74.363480	76.976051	79.663818	82.422066	85.244522	88.123398	91.049400	94.012009	96.999657	
1.661952	3.321604	4.976716	6.625156	8.264973	9.894419	11.512018	13.116583	14.707258	16.283537	17.845280	19.392717	20.926464	22.447514	23.957222	25.457327	26.949894	28.437351	29.922436	31.408199	32.897995	34.395447	35.904457	37.429169	38.973969	40.543449	42.142426	43.775875	45.448952	47.166916	48.935120	50.758972	52.643852	54.595062	56.617714	58.716667	60.896347	63.160660	65.512779	67.955002	70.488510	73.113205	75.827530	78.628235	81.510284	84.466774	87.488907	90.566101	93.686188	96.835625	
1.568404	3.134903	4.697639	6.254862	7.804957	9.346511	10.878331	12.399492	13.909355	15.407598	16.894224	18.369577	19.834354	21.289593	22.736691	24.177376	25.613728	27.048149	28.483372	29.922436	31.368683	32.825764	34.297592	35.788395	37.302631	38.845039	40.420593	42.034504	43.692196	45.399277	47.161514	48.984772	50.874992	52.838081	54.879864	57.005928	59.221519	61.531349	63.939430	66.448837	69.061485	71.777832	74.596680	77.514877	80.527161	83.625969	86.801460	90.041519	93.332031	96.657196	
1.477275	2.952985	4.425611	5.893720	7.356009	8.811340	10.258785	11.697636	13.127459	14.548086	15.959661	17.362629	18.757759	20.146151	21.529215	22.908714	24.286713	25.665619	27.048153	28.437351	29.836573	31.249466	32.680023	34.132492	35.611473	37.121826	38.668720	40.257610	41.894218	43.584530	45.334763	47.151314	49.040733	51.009663	53.064705	55.212349	57.458801	59.809792	62.270393	64.844704	67.535599	70.344391	73.270447	76.310959	79.460526	82.711037	86.051468	89.468018	92.944267	96.461647	
1.388207	2.775146	4.159585	5.540373	6.916468	8.286985	9.651209	11.008642	12.359013	13.702307	15.038780	16.368973	17.693726	19.014175	20.331779	21.648294	22.965805	24.286713	25.613728	26.949896	28.298573	29.663450	31.048527	32.458172	33.897045	35.370182	36.882935	38.441021	40.050472	41.717686	43.449348	45.252460	47.134258	49.102165	51.163731	53.326458	55.597713	57.984478	60.493122	63.129082	65.896530	68.797928	71.833626	75.001373	78.295914	81.708633	85.227356	88.836304	92.516388	96.245628	
1.300891	2.600767	3.898648	5.193623	6.484881	7.771745	9.053699	10.330412	11.601765	12.867869	14.129084	15.386034	16.639610	17.891003	19.141676	20.393415	21.648294	22.908712	24.177378	25.457327	26.751926	28.064877	29.400244	30.762424	32.156212	33.586765	35.059647	36.580814	38.156647	39.793945	41.499908	43.282166	45.148705	47.107834	49.168133	51.338322	53.627098	56.042938	58.593830	61.286911	64.128052	67.121330	70.268478	73.568283	77.015961	80.602623	84.314926	88.134918	92.040306	96.004959	
1.215053	2.429309	3.642001	4.852427	6.059971	7.264137	8.464575	9.661104	10.853731	12.042674	13.228381	14.411539	15.593098	16.774261	17.956532	19.141676	20.331779	21.529217	22.736691	23.957226	25.194181	26.451279	27.732594	29.042599	30.386162	31.768581	33.195595	34.673416	36.208748	37.808804	39.481316	41.234558	43.077324	45.018887	47.068970	49.237640	51.535160	53.971783	56.557457	59.301437	62.211815	65.294838	68.554268	71.990501	75.599762	79.373268	83.296638	87.349548	91.505875	95.734375	
1.130455	2.260298	3.388947	4.515870	5.640623	6.762860	7.882377	8.999109	10.113174	11.224882	12.334746	13.443510	14.552152	15.661905	16.774261	17.891003	19.014175	20.146151	21.289593	22.447514	23.623249	24.820515	26.043400	27.296412	28.584488	29.913029	31.287941	32.715656	34.203194	35.758163	37.388828	39.104111	40.913628	42.827690	44.857262	47.013893	49.309628	51.756783	54.367653	57.154129	60.127106	63.295769	66.666679	70.242737	74.021927	77.996254	82.150589	86.462090	90.900146	95.427116	
1.046890	2.093326	3.138875	4.183159	5.225866	6.266787	7.305825	8.343026	9.378592	10.412897	11.446516	12.480225	13.515024	14.552151	15.593098	16.639610	17.693726	18.757759	19.834354	20.926464	22.037401	23.170845	24.330879	25.522015	26.749222	28.017982	29.334328	30.704887	32.136936	33.638458	35.218212	36.885765	38.651566	40.526962	42.524231	44.656551	46.937920	49.383011	52.006897	54.824642	57.850697	61.098076	64.577232	68.294693	72.251480	76.441315	80.849045	85.449356	90.206375	95.074387	
0.964180	1.928035	2.891263	3.853602	4.814863	5.774936	6.733822	7.691647	8.648679	9.605348	10.562262	11.520218	12.480225	13.443510	14.411539	15.386033	16.368973	17.362629	18.369577	19.392717	20.435295	21.500938	22.593683	23.718012	24.878901	26.081856	27.332985	28.639055	30.007557	31.446787	32.965935	34.575172	36.285732	38.110001	40.061584	42.155361	44.407444	46.835133	49.456673	52.290932	55.356743	58.672043	62.252548	66.110077	70.250328	74.670471	79.356522	84.281113	89.402397	94.664429	
0.882169	1.764120	2.645653	3.526610	4.406889	5.286469	6.165423	7.043938	7.922332	8.801070	9.680778	10.562262	11.446516	12.334747	13.228380	14.129084	15.038779	15.959660	16.894224	17.845278	18.815987	19.809885	20.830929	21.883528	22.972607	24.103651	25.282782	26.516827	27.813414	29.181072	30.629339	32.168884	33.811668	35.571022	37.461853	39.500740	41.706013	44.097778	46.697861	49.529499	52.616837	55.984016	59.653751	63.645267	67.971497	72.635574	77.626915	82.917336	88.458427	94.181305	
0.800726	1.601318	2.401661	3.201674	4.001331	4.800673	5.599828	6.399028	7.198622	7.999092	8.801071	9.605349	10.412899	11.224882	12.042675	12.867870	13.702305	14.548088	15.407597	16.283539	17.178942	18.097229	19.042223	20.018217	21.030024	22.083038	23.183317	24.337666	25.553751	26.840214	28.206818	29.664616	31.226107	32.905487	34.718815	36.684280	38.822403	41.156204	43.711327	46.515930	49.600380	52.996441	56.735874	60.848129	65.356857	70.275162	75.599632	81.303940	87.333374	93.602715	
0.719737	1.439406	2.158956	2.878369	3.597669	4.316947	5.036368	5.756191	6.476781	7.198622	7.922332	8.648680	9.378592	10.113176	10.853731	11.601765	12.359014	13.127457	13.909356	14.707257	15.524048	16.362970	17.227684	18.122305	19.051466	20.020393	21.034994	22.101944	23.228825	24.424250	25.698051	27.061462	28.527363	30.110540	31.828007	33.699348	35.747086	37.997078	40.478840	43.225815	46.275341	49.668247	53.447662	57.656719	62.334549	67.510162	73.193787	79.366379	85.969040	92.896507	
0.639107	1.278196	1.917263	2.556332	3.195469	3.834792	4.474491	5.114836	5.756191	6.399028	7.043939	7.691647	8.343027	8.999109	9.661104	10.330412	11.008642	11.697638	12.399491	13.116583	13.851597	14.607576	15.387947	16.196594	17.037903	17.916845	18.839069	19.811007	20.840012	21.934502	23.104174	24.360218	25.715611	27.185438	28.787310	30.541828	32.473148	34.609604	36.984367	39.636139	42.609688	45.956062	49.732071	53.998512	58.816200	64.238602	70.300156	76.999619	84.280487	92.014580	
0.558758	1.117532	1.676352	2.235270	2.794375	3.353804	3.913754	4.474491	5.036367	5.599828	6.165423	6.733823	7.305826	7.882377	8.464577	9.053699	9.651210	10.258784	10.878332	11.512018	12.162302	12.831966	13.524169	14.242486	14.990986	15.774292	16.597692	17.467241	18.389893	19.373695	20.427969	21.563580	22.793266	24.132010	25.597540	27.210932	28.997341	30.986900	33.215775	35.727379	38.573696	41.816490	45.528069	49.790878	54.694668	60.329197	66.769661	74.052246	82.139252	90.881584	
0.478624	0.957287	1.436036	1.914940	2.394101	2.873658	3.353804	3.834792	4.316947	4.800673	5.286469	5.774936	6.266787	6.762862	7.264137	7.771746	8.286985	8.811342	9.346511	9.894421	10.457258	11.037514	11.638010	12.261965	12.913040	13.595430	14.313940	15.074106	15.882332	16.746061	17.673994	18.676361	19.765253	20.955072	22.263067	23.710043	25.321266	27.127607	29.167002	31.486286	34.143429	37.210140	40.774628	44.943840	49.843781	55.614986	62.397987	70.301132	79.343147	89.372734	
0.398653	0.797355	1.196162	1.595150	1.994418	2.394101	2.794375	3.195468	3.597669	4.001331	4.406889	4.814863	5.225866	5.640623	6.059971	6.484881	6.916469	7.356009	7.804958	8.264973	8.737942	9.226010	9.731624	10.257574	10.807051	11.383717	11.991789	12.636146	13.322462	14.057369	14.848679	15.705626	16.639248	17.662796	18.792341	20.047522	21.452562	23.037613	24.840553	26.909391	29.305481	32.107742	35.418018	39.367447	44.122818	49.889984	56.906952	65.411758	75.559883	87.266403	
0.318801	0.637653	0.956611	1.275746	1.595150	1.914941	2.235270	2.556332	2.878368	3.201675	3.526610	3.853602	4.183158	4.515871	4.852427	5.193623	5.540372	5.893721	6.254862	6.625158	7.006161	7.399639	7.807611	8.232388	8.676615	9.143339	9.636084	10.158939	10.716681	11.314924	11.960309	12.660755	13.425774	14.266907	15.198272	16.237335	17.405935	18.731707	20.250057	22.006969	24.062958	26.498781	29.423565	32.986252	37.391052	42.916000	49.928780	58.879570	70.218567	84.133163	
0.239035	0.478114	0.717287	0.956611	1.196162	1.436036	1.676352	1.917263	2.158957	2.401661	2.645654	2.891263	3.138876	3.388947	3.642002	3.898648	4.159585	4.425611	4.697640	4.976716	5.264026	5.560929	5.868977	6.189948	6.525886	6.879148	7.252469	7.649028	8.072558	8.527461	9.018967	9.553343	10.138170	10.782700	11.498348	12.299377	13.203817	14.234807	15.422496	16.806854	18.441877	20.402027	22.792248	25.763882	29.539942	34.454872	41.013123	49.959583	62.301918	79.047821	
0.159327	0.318687	0.478114	0.637653	0.797355	0.957287	1.117532	1.278196	1.439406	1.601318	1.764120	1.928035	2.093326	2.260298	2.429308	2.600767	2.775146	2.952985	3.134903	3.321605	3.513896	3.712697	3.919061	4.134197	4.359495	4.596563	4.847269	5.113791	5.398689	5.704996	6.036322	6.397016	6.792354	7.228813	7.714437	8.259336	8.876415	9.582404	10.399385	11.357117	12.496638	13.876072	15.580317	17.737778	20.550564	24.350918	29.709671	37.644016	49.981922	69.756287	
0.079655	0.159327	0.239035	0.318801	0.398653	0.478624	0.558758	0.639107	0.719737	0.800726	0.882170	0.964180	1.046890	1.130455	1.215053	1.300891	1.388208	1.477275	1.568405	1.661952	1.758325	1.857988	1.961472	2.069390	2.182445	2.301453	2.427361	2.561275	2.704500	2.858580	3.025362	3.207069	3.406413	3.626730	3.872176	4.148005	4.460951	4.819808	5.236278	5.726293	6.312126	7.025900	7.915690	9.056814	10.574023	12.688915	15.830887	20.925102	30.225603	49.995464	
