25.001099	25.002195	25.003281	25.004356	25.005415	25.006451	25.007465	25.008446	25.009401	25.010317	25.011196	25.012032	25.012821	25.013561	25.014252	25.014887	25.015465	25.015987	25.016445	25.016842	25.017178	25.017445	25.017647	25.017782	25.017849	25.017849	25.017782	25.017647	25.017445	25.017178	25.016844	25.016445	25.015987	25.015465	25.014889	25.014252	25.013561	25.012821	25.012032	25.011196	25.010319	25.009403	25.008448	25.007463	25.006451	25.005413	25.004356	25.003281	25.002193	25.001101	
25.002195	25.004383	25.006550	25.008698	25.010807	25.012880	25.014896	25.016865	25.018764	25.020597	25.022350	25.024017	25.025593	25.027071	25.028450	25.029716	25.030872	25.031910	25.032827	25.033623	25.034286	25.034824	25.035229	25.035496	25.035631	25.035633	25.035496	25.035227	25.034821	25.034286	25.033621	25.032831	25.031910	25.030872	25.029716	25.028448	25.027071	25.025593	25.024015	25.022350	25.020596	25.018764	25.016865	25.014898	25.012877	25.010807	25.008698	25.006550	25.004383	25.002195	
25.003281	25.006550	25.009796	25.013000	25.016161	25.019253	25.022278	25.025217	25.028061	25.030796	25.033419	25.035912	25.038267	25.040480	25.042538	25.044434	25.046162	25.047714	25.049088	25.050276	25.051270	25.052071	25.052673	25.053078	25.053276	25.053278	25.053076	25.052673	25.052071	25.051268	25.050274	25.049088	25.047718	25.046162	25.044434	25.042538	25.040482	25.038269	25.035912	25.033417	25.030798	25.028061	25.025219	25.022280	25.019257	25.016159	25.013000	25.009796	25.006550	25.003283	
25.004356	25.008698	25.013000	25.017260	25.021448	25.025558	25.029572	25.033474	25.037247	25.040882	25.044359	25.047668	25.050797	25.053732	25.056465	25.058983	25.061279	25.063339	25.065163	25.066734	25.068056	25.069118	25.069920	25.070454	25.070724	25.070723	25.070456	25.069920	25.069118	25.068056	25.066734	25.065163	25.063339	25.061279	25.058983	25.056465	25.053734	25.050798	25.047668	25.044359	25.040882	25.037249	25.033474	25.029575	25.025562	25.021450	25.017258	25.013000	25.008698	25.004356	
25.005413	25.010807	25.016161	25.021450	25.026661	25.031765	25.036755	25.041601	25.046295	25.050810	25.055134	25.059246	25.063133	25.066782	25.070179	25.073307	25.076160	25.078722	25.080986	25.082943	25.084583	25.085907	25.086901	25.087566	25.087898	25.087902	25.087566	25.086901	25.085907	25.084583	25.082943	25.080986	25.078722	25.076160	25.073309	25.070179	25.066784	25.063133	25.059246	25.055134	25.050812	25.046295	25.041605	25.036757	25.031767	25.026659	25.021450	25.016163	25.010807	25.005413	
25.006451	25.012878	25.019257	25.025560	25.031767	25.037855	25.043797	25.049576	25.055164	25.060547	25.065697	25.070599	25.075230	25.079578	25.083626	25.087353	25.090752	25.093805	25.096502	25.098835	25.100792	25.102365	25.103552	25.104345	25.104742	25.104742	25.104347	25.103554	25.102367	25.100792	25.098835	25.096506	25.093807	25.090754	25.087357	25.083626	25.079582	25.075232	25.070599	25.065697	25.060547	25.055164	25.049576	25.043798	25.037857	25.031769	25.025562	25.019255	25.012878	25.006451	
25.007462	25.014900	25.022278	25.029572	25.036755	25.043798	25.050674	25.057358	25.063828	25.070051	25.076012	25.081680	25.087042	25.092072	25.096756	25.101070	25.105001	25.108532	25.111656	25.114353	25.116619	25.118439	25.119812	25.120728	25.121189	25.121189	25.120731	25.119812	25.118439	25.116617	25.114355	25.111656	25.108536	25.105000	25.101074	25.096756	25.092077	25.087046	25.081684	25.076012	25.070053	25.063828	25.057362	25.050676	25.043798	25.036757	25.029572	25.022282	25.014900	25.007465	
25.008450	25.016865	25.025219	25.033474	25.041603	25.049576	25.057358	25.064926	25.072243	25.079292	25.086037	25.092457	25.098524	25.104219	25.109520	25.114403	25.118851	25.122852	25.126381	25.129436	25.132000	25.134062	25.135616	25.136654	25.137173	25.137177	25.136656	25.135616	25.134060	25.132002	25.129436	25.126385	25.122849	25.118855	25.114401	25.109520	25.104221	25.098526	25.092459	25.086040	25.079296	25.072247	25.064928	25.057358	25.049576	25.041603	25.033476	25.025215	25.016865	25.008448	
25.009399	25.018766	25.028059	25.037251	25.046295	25.055164	25.063828	25.072245	25.080393	25.088230	25.095737	25.102879	25.109634	25.115971	25.121866	25.127300	25.132252	25.136700	25.140633	25.144028	25.146883	25.149176	25.150906	25.152061	25.152641	25.152641	25.152061	25.150906	25.149178	25.146881	25.144032	25.140633	25.136703	25.132250	25.127304	25.121868	25.115974	25.109636	25.102884	25.095741	25.088234	25.080395	25.072247	25.063828	25.055164	25.046295	25.037249	25.028061	25.018764	25.009401	
25.010319	25.020596	25.030798	25.040878	25.050808	25.060547	25.070049	25.079294	25.088230	25.096840	25.105074	25.112915	25.120323	25.127281	25.133751	25.139717	25.145149	25.150036	25.154348	25.158079	25.161205	25.163727	25.165623	25.166891	25.167526	25.167526	25.166889	25.165623	25.163723	25.161207	25.158075	25.154350	25.150032	25.145153	25.139713	25.133755	25.127281	25.120327	25.112917	25.105078	25.096840	25.088232	25.079292	25.070053	25.060547	25.050808	25.040882	25.030798	25.020597	25.010319	
25.011196	25.022346	25.033415	25.044359	25.055130	25.065693	25.076012	25.086037	25.095739	25.105072	25.114014	25.122520	25.130562	25.138107	25.145130	25.151600	25.157499	25.162796	25.167480	25.171524	25.174923	25.177650	25.179710	25.181087	25.181778	25.181778	25.181089	25.179710	25.177654	25.174919	25.171528	25.167479	25.162800	25.157497	25.151604	25.145130	25.138111	25.130562	25.122522	25.114017	25.105076	25.095741	25.086037	25.076012	25.065697	25.055134	25.044357	25.033419	25.022350	25.011196	
25.012032	25.024017	25.035910	25.047667	25.059244	25.070599	25.081680	25.092457	25.102879	25.112915	25.122520	25.131660	25.140301	25.148411	25.155956	25.162912	25.169247	25.174942	25.179972	25.184324	25.187969	25.190907	25.193119	25.194599	25.195337	25.195341	25.194595	25.193119	25.190907	25.187973	25.184322	25.179977	25.174942	25.169250	25.162912	25.155960	25.148413	25.140305	25.131664	25.122520	25.112917	25.102882	25.092459	25.081682	25.070599	25.059246	25.047668	25.035910	25.024017	25.012032	
25.012821	25.025591	25.038265	25.050797	25.063133	25.075230	25.087044	25.098524	25.109634	25.120323	25.130562	25.140301	25.149509	25.158150	25.166193	25.173603	25.180359	25.186422	25.191788	25.196419	25.200310	25.203436	25.205795	25.207367	25.208160	25.208160	25.207373	25.205795	25.203438	25.200306	25.196423	25.191788	25.186426	25.180357	25.173607	25.166195	25.158154	25.149511	25.140305	25.130566	25.120325	25.109634	25.098526	25.087044	25.075232	25.063135	25.050795	25.038269	25.025593	25.012821	
25.013561	25.027073	25.040478	25.053732	25.066780	25.079582	25.092072	25.104221	25.115967	25.127281	25.138105	25.148413	25.158150	25.167292	25.175797	25.183640	25.190781	25.197199	25.202871	25.207771	25.211884	25.215195	25.217686	25.219357	25.220188	25.220192	25.219355	25.217690	25.215195	25.211885	25.207771	25.202869	25.197201	25.190783	25.183638	25.175800	25.167294	25.158154	25.148411	25.138107	25.127281	25.115971	25.104221	25.092072	25.079578	25.066780	25.053734	25.040478	25.027073	25.013561	
25.014252	25.028446	25.042536	25.056465	25.070179	25.083622	25.096756	25.109516	25.121868	25.133749	25.145130	25.155956	25.166195	25.175798	25.184738	25.192974	25.200480	25.207226	25.213184	25.218334	25.222660	25.226135	25.228758	25.230507	25.231386	25.231384	25.230511	25.228756	25.226135	25.222658	25.218336	25.213184	25.207226	25.200481	25.192976	25.184736	25.175800	25.166191	25.155960	25.145130	25.133751	25.121868	25.109518	25.096756	25.083624	25.070179	25.056463	25.042538	25.028446	25.014252	
25.014885	25.029715	25.044434	25.058983	25.073305	25.087357	25.101067	25.114403	25.127300	25.139717	25.151600	25.162912	25.173603	25.183640	25.192974	25.201580	25.209419	25.216469	25.222691	25.228073	25.232586	25.236221	25.238956	25.240788	25.241703	25.241703	25.240788	25.238956	25.236221	25.232586	25.228073	25.222691	25.216469	25.209421	25.201580	25.192974	25.183638	25.173605	25.162910	25.151604	25.139715	25.127300	25.114403	25.101068	25.087355	25.073307	25.058983	25.044434	25.029716	25.014885	
25.015465	25.030872	25.046162	25.061275	25.076160	25.090748	25.105003	25.118851	25.132252	25.145149	25.157497	25.169247	25.180359	25.190779	25.200481	25.209419	25.217567	25.224884	25.231354	25.236942	25.241634	25.245409	25.248253	25.250153	25.251106	25.251106	25.250153	25.248253	25.245407	25.241634	25.236942	25.231354	25.224886	25.217566	25.209421	25.200481	25.190781	25.180357	25.169249	25.157497	25.145149	25.132252	25.118851	25.105003	25.090750	25.076159	25.061275	25.046162	25.030870	25.015465	
25.015984	25.031910	25.047714	25.063339	25.078720	25.093807	25.108534	25.122852	25.136700	25.150032	25.162796	25.174942	25.186424	25.197199	25.207226	25.216469	25.224886	25.232454	25.239136	25.244919	25.249763	25.253666	25.256603	25.258570	25.259554	25.259556	25.258572	25.256603	25.253666	25.249763	25.244917	25.239138	25.232452	25.224886	25.216467	25.207226	25.197201	25.186424	25.174944	25.162796	25.150034	25.136700	25.122852	25.108532	25.093805	25.078720	25.063339	25.047714	25.031910	25.015985	
25.016445	25.032827	25.049088	25.065155	25.080986	25.096500	25.111656	25.126381	25.140633	25.154346	25.167477	25.179974	25.191786	25.202869	25.213184	25.222691	25.231354	25.239138	25.246017	25.251957	25.256947	25.260960	25.263983	25.266005	25.267017	25.267017	25.266003	25.263985	25.260960	25.256947	25.251957	25.246016	25.239140	25.231354	25.222691	25.213184	25.202868	25.191784	25.179974	25.167479	25.154348	25.140633	25.126381	25.111656	25.096502	25.080986	25.065159	25.049088	25.032825	25.016445	
25.016842	25.033623	25.050272	25.066734	25.082939	25.098835	25.114349	25.129436	25.144030	25.158077	25.171524	25.184320	25.196419	25.207771	25.218336	25.228073	25.236942	25.244915	25.251959	25.258049	25.263157	25.267265	25.270361	25.272430	25.273468	25.273468	25.272430	25.270361	25.267265	25.263153	25.258045	25.251957	25.244915	25.236942	25.228073	25.218336	25.207771	25.196419	25.184322	25.171526	25.158077	25.144032	25.129438	25.114351	25.098835	25.082943	25.066734	25.050272	25.033623	25.016842	
25.017178	25.034286	25.051268	25.068052	25.084583	25.100788	25.116615	25.131996	25.146881	25.161205	25.174919	25.187969	25.200308	25.211884	25.222656	25.232586	25.241634	25.249763	25.256947	25.263155	25.268364	25.272554	25.275713	25.277824	25.278881	25.278881	25.277824	25.275715	25.272556	25.268364	25.263153	25.256945	25.249763	25.241634	25.232586	25.222658	25.211884	25.200306	25.187971	25.174921	25.161205	25.146881	25.131998	25.116617	25.100792	25.084583	25.068056	25.051270	25.034286	25.017178	
25.017441	25.034824	25.052067	25.069118	25.085903	25.102364	25.118437	25.134060	25.149174	25.163727	25.177650	25.190907	25.203434	25.215195	25.226135	25.236219	25.245407	25.253666	25.260960	25.267265	25.272554	25.276814	25.280018	25.282164	25.283237	25.283237	25.282162	25.280022	25.276814	25.272556	25.267262	25.260960	25.253662	25.245409	25.236217	25.226135	25.215195	25.203434	25.190907	25.177650	25.163727	25.149176	25.134064	25.118439	25.102365	25.085905	25.069118	25.052071	25.034822	25.017445	
25.017647	25.035225	25.052673	25.069916	25.086899	25.103550	25.119808	25.135614	25.150904	25.165623	25.179710	25.193117	25.205793	25.217686	25.228756	25.238956	25.248253	25.256603	25.263985	25.270361	25.275715	25.280018	25.283262	25.285433	25.286518	25.286518	25.285431	25.283264	25.280020	25.275711	25.270359	25.263981	25.256603	25.248249	25.238956	25.228756	25.217686	25.205791	25.193117	25.179710	25.165623	25.150906	25.135616	25.119812	25.103550	25.086899	25.069920	25.052673	25.035229	25.017647	
25.017780	25.035496	25.053074	25.070454	25.087563	25.104343	25.120728	25.136650	25.152058	25.166889	25.181087	25.194597	25.207367	25.219353	25.230507	25.240788	25.250153	25.258570	25.266005	25.272434	25.277824	25.282164	25.285431	25.287619	25.288713	25.288712	25.287621	25.285433	25.282164	25.277824	25.272430	25.266006	25.258566	25.250153	25.240784	25.230507	25.219355	25.207367	25.194595	25.181087	25.166891	25.152061	25.136654	25.120728	25.104345	25.087566	25.070454	25.053078	25.035496	25.017782	
25.017849	25.035629	25.053276	25.070721	25.087898	25.104740	25.121185	25.137173	25.152637	25.167524	25.181778	25.195339	25.208160	25.220190	25.231386	25.241703	25.251106	25.259554	25.267017	25.273470	25.278883	25.283237	25.286518	25.288715	25.289814	25.289814	25.288715	25.286520	25.283237	25.278881	25.273468	25.267017	25.259552	25.251102	25.241703	25.231384	25.220188	25.208157	25.195337	25.181778	25.167526	25.152641	25.137173	25.121189	25.104742	25.087898	25.070724	25.053278	25.035631	25.017849	
25.017849	25.035629	25.053276	25.070721	25.087898	25.104740	25.121185	25.137173	25.152637	25.167524	25.181778	25.195339	25.208160	25.220190	25.231386	25.241703	25.251106	25.259554	25.267017	25.273470	25.278883	25.283237	25.286518	25.288715	25.289814	25.289814	25.288715	25.286520	25.283237	25.278881	25.273468	25.267017	25.259552	25.251102	25.241703	25.231384	25.220188	25.208157	25.195337	25.181778	25.167526	25.152641	25.137173	25.121189	25.104742	25.087898	25.070724	25.053278	25.035631	25.017849	
25.017780	25.035496	25.053074	25.070454	25.087563	25.104343	25.120728	25.136650	25.152058	25.166889	25.181087	25.194597	25.207367	25.219353	25.230507	25.240788	25.250153	25.258570	25.266005	25.272434	25.277824	25.282164	25.285431	25.287619	25.288713	25.288712	25.287621	25.285433	25.282164	25.277824	25.272430	25.266006	25.258566	25.250153	25.240784	25.230507	25.219355	25.207367	25.194595	25.181087	25.166891	25.152061	25.136654	25.120728	25.104345	25.087566	25.070454	25.053078	25.035496	25.017782	
25.017647	25.035225	25.052673	25.069916	25.086899	25.103550	25.119808	25.135614	25.150904	25.165623	25.179710	25.193117	25.205793	25.217686	25.228756	25.238956	25.248253	25.256603	25.263985	25.270361	25.275715	25.280018	25.283262	25.285433	25.286518	25.286518	25.285431	25.283264	25.280020	25.275711	25.270359	25.263981	25.256603	25.248249	25.238956	25.228756	25.217686	25.205791	25.193117	25.179710	25.165623	25.150906	25.135616	25.119812	25.103550	25.086899	25.069920	25.052673	25.035229	25.017647	
25.017441	25.034824	25.052067	25.069118	25.085903	25.102364	25.118437	25.134060	25.149174	25.163727	25.177650	25.190907	25.203434	25.215195	25.226135	25.236219	25.245407	25.253666	25.260960	25.267265	25.272554	25.276814	25.280018	25.282164	25.283237	25.283237	25.282162	25.280022	25.276814	25.272556	25.267262	25.260960	25.253662	25.245409	25.236217	25.226135	25.215195	25.203434	25.190907	25.177650	25.163727	25.149176	25.134064	25.118439	25.102365	25.085905	25.069118	25.052071	25.034822	25.017445	
25.017178	25.034286	25.051268	25.068052	25.084583	25.100788	25.116615	25.131996	25.146881	25.161205	25.174919	25.187969	25.200308	25.211884	25.222656	25.232586	25.241634	25.249763	25.256947	25.263155	25.268364	25.272554	25.275713	25.277824	25.278881	25.278881	25.277824	25.275715	25.272556	25.268364	25.263153	25.256945	25.249763	25.241634	25.232586	25.222658	25.211884	25.200306	25.187971	25.174921	25.161205	25.146881	25.131998	25.116617	25.100792	25.084583	25.068056	25.051270	25.034286	25.017178	
25.016842	25.033623	25.050272	25.066734	25.082939	25.098835	25.114349	25.129436	25.144030	25.158077	25.171524	25.184320	25.196419	25.207771	25.218336	25.228073	25.236942	25.244915	25.251959	25.258049	25.263157	25.267265	25.270361	25.272430	25.273468	25.273468	25.272430	25.270361	25.267265	25.263153	25.258045	25.251957	25.244915	25.236942	25.228073	25.218336	25.207771	25.196419	25.184322	25.171526	25.158077	25.144032	25.129438	25.114351	25.098835	25.082943	25.066734	25.050272	25.033623	25.016842	
25.016445	25.032827	25.049088	25.065155	25.080986	25.096500	25.111656	25.126381	25.140633	25.154346	25.167477	25.179974	25.191786	25.202869	25.213184	25.222691	25.231354	25.239138	25.246017	25.251957	25.256947	25.260960	25.263983	25.266005	25.267017	25.267017	25.266003	25.263985	25.260960	25.256947	25.251957	25.246016	25.239140	25.231354	25.222691	25.213184	25.202868	25.191784	25.179974	25.167479	25.154348	25.140633	25.126381	25.111656	25.096502	25.080986	25.065159	25.049088	25.032825	25.016445	
25.015984	25.031910	25.047714	25.063339	25.078720	25.093807	25.108534	25.122852	25.136700	25.150032	25.162796	25.174942	25.186424	25.197199	25.207226	25.216469	25.224886	25.232454	25.239136	25.244919	25.249763	25.253666	25.256603	25.258570	25.259554	25.259556	25.258572	25.256603	25.253666	25.249763	25.244917	25.239138	25.232452	25.224886	25.216467	25.207226	25.197201	25.186424	25.174944	25.162796	25.150034	25.136700	25.122852	25.108532	25.093805	25.078720	25.063339	25.047714	25.031910	25.015985	
25.015465	25.030872	25.046162	25.061275	25.076160	25.090748	25.105003	25.118851	25.132252	25.145149	25.157497	25.169247	25.180359	25.190779	25.200481	25.209419	25.217567	25.224884	25.231354	25.236942	25.241634	25.245409	25.248253	25.250153	25.251106	25.251106	25.250153	25.248253	25.245407	25.241634	25.236942	25.231354	25.224886	25.217566	25.209421	25.200481	25.190781	25.180357	25.169249	25.157497	25.145149	25.132252	25.118851	25.105003	25.090750	25.076159	25.061275	25.046162	25.030870	25.015465	
25.014885	25.029715	25.044434	25.058983	25.073305	25.087357	25.101067	25.114403	25.127300	25.139717	25.151600	25.162912	25.173603	25.183640	25.192974	25.201580	25.209419	25.216469	25.222691	25.228073	25.232586	25.236221	25.238956	25.240788	25.241703	25.241703	25.240788	25.238956	25.236221	25.232586	25.228073	25.222691	25.216469	25.209421	25.201580	25.192974	25.183638	25.173605	25.162910	25.151604	25.139715	25.127300	25.114403	25.101068	25.087355	25.073307	25.058983	25.044434	25.029716	25.014885	
25.014252	25.028446	25.042536	25.056465	25.070179	25.083622	25.096756	25.109516	25.121868	25.133749	25.145130	25.155956	25.166195	25.175798	25.184738	25.192974	25.200480	25.207226	25.213184	25.218334	25.222660	25.226135	25.228758	25.230507	25.231386	25.231384	25.230511	25.228756	25.226135	25.222658	25.218336	25.213184	25.207226	25.200481	25.192976	25.184736	25.175800	25.166191	25.155960	25.145130	25.133751	25.121868	25.109518	25.096756	25.083624	25.070179	25.056463	25.042538	25.028446	25.014252	
25.013561	25.027073	25.040478	25.053732	25.066780	25.079582	25.092072	25.104221	25.115967	25.127281	25.138105	25.148413	25.158150	25.167292	25.175797	25.183640	25.190781	25.197199	25.202871	25.207771	25.211884	25.215195	25.217686	25.219357	25.220188	25.220192	25.219355	25.217690	25.215195	25.211885	25.207771	25.202869	25.197201	25.190783	25.183638	25.175800	25.167294	25.158154	25.148411	25.138107	25.127281	25.115971	25.104221	25.092072	25.079578	25.066780	25.053734	25.040478	25.027073	25.013561	
25.012821	25.025591	25.038265	25.050797	25.063133	25.075230	25.087044	25.098524	25.109634	25.120323	25.130562	25.140301	25.149509	25.158150	25.166193	25.173603	25.180359	25.186422	25.191788	25.196419	25.200310	25.203436	25.205795	25.207367	25.208160	25.208160	25.207373	25.205795	25.203438	25.200306	25.196423	25.191788	25.186426	25.180357	25.173607	25.166195	25.158154	25.149511	25.140305	25.130566	25.120325	25.109634	25.098526	25.087044	25.075232	25.063135	25.050795	25.038269	25.025593	25.012821	
25.012032	25.024017	25.035910	25.047667	25.059244	25.070599	25.081680	25.092457	25.102879	25.112915	25.122520	25.131660	25.140301	25.148411	25.155956	25.162912	25.169247	25.174942	25.179972	25.184324	25.187969	25.190907	25.193119	25.194599	25.195337	25.195341	25.194595	25.193119	25.190907	25.187973	25.184322	25.179977	25.174942	25.169250	25.162912	25.155960	25.148413	25.140305	25.131664	25.122520	25.112917	25.102882	25.092459	25.081682	25.070599	25.059246	25.047668	25.035910	25.024017	25.012032	
25.011196	25.022346	25.033415	25.044359	25.055130	25.065693	25.076012	25.086037	25.095739	25.105072	25.114014	25.122520	25.130562	25.138107	25.145130	25.151600	25.157499	25.162796	25.167480	25.171524	25.174923	25.177650	25.179710	25.181087	25.181778	25.181778	25.181089	25.179710	25.177654	25.174919	25.171528	25.167479	25.162800	25.157497	25.151604	25.145130	25.138111	25.130562	25.122522	25.114017	25.105076	25.095741	25.086037	25.076012	25.065697	25.055134	25.044357	25.033419	25.022350	25.011196	
25.010319	25.020596	25.030798	25.040878	25.050808	25.060547	25.070049	25.079294	25.088230	25.096840	25.105074	25.112915	25.120323	25.127281	25.133751	25.139717	25.145149	25.150036	25.154348	25.158079	25.161205	25.163727	25.165623	25.166891	25.167526	25.167526	25.166889	25.165623	25.163723	25.161207	25.158075	25.154350	25.150032	25.145153	25.139713	25.133755	25.127281	25.120327	25.112917	25.105078	25.096840	25.088232	25.079292	25.070053	25.060547	25.050808	25.040882	25.030798	25.020597	25.010319	
25.009399	25.018766	25.028059	25.037251	25.046295	25.055164	25.063828	25.072245	25.080393	25.088230	25.095737	25.102879	25.109634	25.115971	25.121866	25.127300	25.132252	25.136700	25.140633	25.144028	25.146883	25.149176	25.150906	25.152061	25.152641	25.152641	25.152061	25.150906	25.149178	25.146881	25.144032	25.140633	25.136703	25.132250	25.127304	25.121868	25.115974	25.109636	25.102884	25.095741	25.088234	25.080395	25.072247	25.063828	25.055164	25.046295	25.037249	25.028061	25.018764	25.009401	
25.008450	25.016865	25.025219	25.033474	25.041603	25.049576	25.057358	25.064926	25.072243	25.079292	25.086037	25.092457	25.098524	25.104219	25.109520	25.114403	25.118851	25.122852	25.126381	25.129436	25.132000	25.134062	25.135616	25.136654	25.137173	25.137177	25.136656	25.135616	25.134060	25.132002	25.129436	25.126385	25.122849	25.118855	25.114401	25.109520	25.104221	25.098526	25.092459	25.086040	25.079296	25.072247	25.064928	25.057358	25.049576	25.041603	25.033476	25.025215	25.016865	25.008448	
25.007462	25.014900	25.022278	25.029572	25.036755	25.043798	25.050674	25.057358	25.063828	25.070051	25.076012	25.081680	25.087042	25.092072	25.096756	25.101070	25.105001	25.108532	25.111656	25.114353	25.116619	25.118439	25.119812	25.120728	25.121189	25.121189	25.120731	25.119812	25.118439	25.116617	25.114355	25.111656	25.108536	25.105000	25.101074	25.096756	25.092077	25.087046	25.081684	25.076012	25.070053	25.063828	25.057362	25.050676	25.043798	25.036757	25.029572	25.022282	25.014900	25.007465	
25.006451	25.012878	25.019257	25.025560	25.031767	25.037855	25.043797	25.049576	25.055164	25.060547	25.065697	25.070599	25.075230	25.079578	25.083626	25.087353	25.090752	25.093805	25.096502	25.098835	25.100792	25.102365	25.103552	25.104345	25.104742	25.104742	25.104347	25.103554	25.102367	25.100792	25.098835	25.096506	25.093807	25.090754	25.087357	25.083626	25.079582	25.075232	25.070599	25.065697	25.060547	25.055164	25.049576	25.043798	25.037857	25.031769	25.025562	25.019255	25.012878	25.006451	
25.005413	25.010807	25.016161	25.021450	25.026661	25.031765	25.036755	25.041601	25.046295	25.050810	25.055134	25.059246	25.063133	25.066782	25.070179	25.073307	25.076160	25.078722	25.080986	25.082943	25.084583	25.085907	25.086901	25.087566	25.087898	25.087902	25.087566	25.086901	25.085907	25.084583	25.082943	25.080986	25.078722	25.076160	25.073309	25.070179	25.066784	25.063133	25.059246	25.055134	25.050812	25.046295	25.041605	25.036757	25.031767	25.026659	25.021450	25.016163	25.010807	25.005413	
25.004356	25.008698	25.013000	25.017260	25.021448	25.025558	25.029572	25.033474	25.037247	25.040882	25.044359	25.047668	25.050797	25.053732	25.056465	25.058983	25.061279	25.063339	25.065163	25.066734	25.068056	25.069118	25.069920	25.070454	25.070724	25.070723	25.070456	25.069920	25.069118	25.068056	25.066734	25.065163	25.063339	25.061279	25.058983	25.056465	25.053734	25.050798	25.047668	25.044359	25.040882	25.037249	25.033474	25.029575	25.025562	25.021450	25.017258	25.013000	25.008698	25.004356	
25.003281	25.006550	25.009796	25.013000	25.016161	25.019253	25.022278	25.025217	25.028061	25.030796	25.033419	25.035912	25.038267	25.040480	25.042538	25.044434	25.046162	25.047714	25.049088	25.050276	25.051270	25.052071	25.052673	25.053078	25.053276	25.053278	25.053076	25.052673	25.052071	25.051268	25.050274	25.049088	25.047718	25.046162	25.044434	25.042538	25.040482	25.038269	25.035912	25.033417	25.030798	25.028061	25.025219	25.022280	25.019257	25.016159	25.013000	25.009796	25.006550	25.003283	
25.002195	25.004383	25.006550	25.008698	25.010807	25.012880	25.014896	25.016865	25.018764	25.020597	25.022350	25.024017	25.025593	25.027071	25.028450	25.029716	25.030872	25.031910	25.032827	25.033623	25.034286	25.034824	25.035229	25.035496	25.035631	25.035633	25.035496	25.035227	25.034821	25.034286	25.033621	25.032831	25.031910	25.030872	25.029716	25.028448	25.027071	25.025593	25.024015	25.022350	25.020596	25.018764	25.016865	25.014898	25.012877	25.010807	25.008698	25.006550	25.004383	25.002195	
25.001099	25.002195	25.003281	25.004356	25.005415	25.006451	25.007465	25.008446	25.009401	25.010317	25.011196	25.012032	25.012821	25.013561	25.014252	25.014887	25.015465	25.015987	25.016445	25.016842	25.017178	25.017445	25.017647	25.017782	25.017849	25.017849	25.017782	25.017647	25.017445	25.017178	25.016844	25.016445	25.015987	25.015465	25.014889	25.014252	25.013561	25.012821	25.012032	25.011196	25.010319	25.009403	25.008448	25.007463	25.006451	25.005413	25.004356	25.003281	25.002193	25.001101	
