25.003410	25.006813	25.010185	25.013521	25.016804	25.020023	25.023169	25.026226	25.029182	25.032032	25.034756	25.037352	25.039803	25.042107	25.044247	25.046223	25.048019	25.049639	25.051067	25.052303	25.053339	25.054173	25.054802	25.055220	25.055431	25.055431	25.055222	25.054800	25.054173	25.053337	25.052303	25.051067	25.049641	25.048021	25.046225	25.044247	25.042107	25.039803	25.037354	25.034756	25.032032	25.029182	25.026226	25.023170	25.020023	25.016804	25.013519	25.010185	25.006811	25.003412	
25.006813	25.013597	25.020330	25.026989	25.033545	25.039970	25.046251	25.052353	25.058258	25.063938	25.069386	25.074558	25.079460	25.084049	25.088329	25.092266	25.095863	25.099089	25.101942	25.104408	25.106476	25.108141	25.109394	25.110233	25.110653	25.110653	25.110229	25.109394	25.108139	25.106476	25.104406	25.101944	25.099087	25.095861	25.092268	25.088329	25.084049	25.079460	25.074558	25.069384	25.063938	25.058258	25.052353	25.046249	25.039974	25.033543	25.026989	25.020332	25.013596	25.006811	
25.010185	25.020332	25.030399	25.040356	25.050156	25.059771	25.069155	25.078281	25.087109	25.095612	25.103741	25.111492	25.118807	25.125681	25.132072	25.137970	25.143337	25.148165	25.152430	25.156116	25.159210	25.161697	25.163572	25.164829	25.165455	25.165455	25.164825	25.163570	25.161697	25.159208	25.156116	25.152428	25.148167	25.143337	25.137970	25.132072	25.125683	25.118805	25.111492	25.103743	25.095612	25.087109	25.078281	25.069157	25.059771	25.050159	25.040356	25.030401	25.020332	25.010185	
25.013519	25.026987	25.040356	25.053566	25.066582	25.079338	25.091803	25.103912	25.115635	25.126911	25.137718	25.147991	25.157715	25.166830	25.175323	25.183140	25.190273	25.196678	25.202341	25.207233	25.211340	25.214645	25.217134	25.218798	25.219631	25.219631	25.218796	25.217136	25.214645	25.211342	25.207232	25.202343	25.196678	25.190275	25.183142	25.175323	25.166828	25.157715	25.147991	25.137718	25.126911	25.115635	25.103912	25.091801	25.079342	25.066582	25.053570	25.040356	25.026989	25.013519	
25.016802	25.033543	25.050156	25.066580	25.082752	25.098614	25.114096	25.129154	25.143715	25.157745	25.171162	25.183945	25.196014	25.207355	25.217899	25.227631	25.236485	25.244453	25.251486	25.257568	25.262671	25.266779	25.269871	25.271942	25.272980	25.272976	25.271942	25.269871	25.266781	25.262672	25.257572	25.251488	25.244453	25.236486	25.227631	25.217903	25.207359	25.196016	25.183943	25.171162	25.157745	25.143715	25.129154	25.114098	25.098612	25.082750	25.066578	25.050156	25.033543	25.016804	
25.020025	25.039970	25.059769	25.079338	25.098614	25.117508	25.135965	25.153900	25.171263	25.187965	25.203972	25.219187	25.233589	25.247086	25.259665	25.271246	25.281811	25.291294	25.299683	25.306927	25.313011	25.317900	25.321589	25.324055	25.325291	25.325291	25.324055	25.321590	25.317902	25.313011	25.306927	25.299685	25.291296	25.281811	25.271248	25.259668	25.247089	25.233585	25.219185	25.203970	25.187965	25.171265	25.153900	25.135967	25.117508	25.098612	25.079340	25.059769	25.039970	25.020023	
25.023167	25.046249	25.069153	25.091801	25.114094	25.135965	25.157312	25.178074	25.198151	25.217491	25.235992	25.253616	25.270260	25.285896	25.300434	25.313848	25.326057	25.337044	25.346739	25.355129	25.362162	25.367825	25.372089	25.374941	25.376371	25.376371	25.374943	25.372089	25.367826	25.362164	25.355129	25.346741	25.337044	25.326061	25.313850	25.300438	25.285900	25.270260	25.253616	25.235992	25.217491	25.198151	25.178074	25.157310	25.135963	25.114096	25.091801	25.069153	25.046249	25.023169	
25.026226	25.052349	25.078281	25.103909	25.129152	25.153900	25.178074	25.201561	25.224300	25.246178	25.267136	25.287066	25.305927	25.323608	25.340080	25.355247	25.369083	25.381504	25.392492	25.401978	25.409948	25.416351	25.421181	25.424412	25.426029	25.426029	25.424412	25.421183	25.416355	25.409948	25.401981	25.392494	25.381508	25.369085	25.355251	25.340084	25.323608	25.305927	25.287067	25.267136	25.246178	25.224302	25.201565	25.178074	25.153900	25.129150	25.103912	25.078281	25.052351	25.026226	
25.029182	25.058256	25.087105	25.115631	25.143715	25.171261	25.198151	25.224300	25.249588	25.273949	25.297253	25.319448	25.340416	25.360111	25.378426	25.395321	25.410698	25.424536	25.436747	25.447315	25.456173	25.463308	25.468679	25.472271	25.474073	25.474073	25.472275	25.468679	25.463310	25.456177	25.447315	25.436750	25.424538	25.410704	25.395321	25.378426	25.360113	25.340416	25.319450	25.297253	25.273947	25.249590	25.224300	25.198151	25.171259	25.143715	25.115631	25.087105	25.058258	25.029182	
25.032028	25.063938	25.095606	25.126911	25.157738	25.187963	25.217485	25.246174	25.273945	25.300665	25.326260	25.350605	25.373636	25.395233	25.415352	25.433878	25.450775	25.465946	25.479364	25.490946	25.500683	25.508505	25.514404	25.518345	25.520321	25.520323	25.518347	25.514404	25.508507	25.500683	25.490952	25.479366	25.465950	25.450775	25.433878	25.415352	25.395233	25.373638	25.350605	25.326260	25.300665	25.273947	25.246178	25.217487	25.187963	25.157738	25.126911	25.095608	25.063938	25.032032	
25.034754	25.069382	25.103741	25.137712	25.171158	25.203964	25.235989	25.267132	25.297249	25.326256	25.354015	25.380447	25.405422	25.428879	25.450689	25.470810	25.489128	25.505604	25.520149	25.532732	25.543283	25.551781	25.558176	25.562458	25.564600	25.564602	25.562460	25.558178	25.551781	25.543285	25.532736	25.520153	25.505608	25.489128	25.470810	25.450689	25.428879	25.405422	25.380451	25.354015	25.326260	25.297251	25.267132	25.235989	25.203964	25.171158	25.137714	25.103741	25.069380	25.034756	
25.037350	25.074556	25.111485	25.147987	25.183937	25.219181	25.253607	25.287060	25.319443	25.350601	25.380447	25.408836	25.435692	25.460880	25.484337	25.505939	25.525642	25.543331	25.558979	25.572487	25.583838	25.592958	25.599840	25.604437	25.606741	25.606743	25.604437	25.599840	25.592964	25.583839	25.572491	25.558981	25.543337	25.525644	25.505939	25.484337	25.460878	25.435692	25.408833	25.380447	25.350601	25.319447	25.287062	25.253609	25.219181	25.183937	25.147987	25.111485	25.074558	25.037350	
25.039803	25.079456	25.118803	25.157709	25.196009	25.233578	25.270252	25.305918	25.340412	25.373631	25.405420	25.435688	25.464291	25.491150	25.516130	25.539169	25.560148	25.579018	25.595675	25.610086	25.622168	25.631905	25.639225	25.644129	25.646584	25.646584	25.644131	25.639229	25.631903	25.622173	25.610090	25.595680	25.579021	25.560154	25.539173	25.516130	25.491150	25.464291	25.435690	25.405418	25.373634	25.340412	25.305922	25.270254	25.233582	25.196011	25.157709	25.118805	25.079454	25.039803	
25.042107	25.084045	25.125677	25.166824	25.207352	25.247082	25.285889	25.323605	25.360106	25.395231	25.428871	25.460876	25.491150	25.519545	25.545986	25.570341	25.592548	25.612495	25.630131	25.645361	25.658155	25.668440	25.676195	25.681377	25.683975	25.683975	25.681377	25.676197	25.668442	25.658159	25.645365	25.630131	25.612499	25.592550	25.570343	25.545986	25.519545	25.491150	25.460873	25.428875	25.395229	25.360109	25.323605	25.285892	25.247084	25.207352	25.166824	25.125679	25.084047	25.042105	
25.044247	25.088326	25.132067	25.175316	25.217894	25.259657	25.300430	25.340073	25.378418	25.415344	25.450684	25.484333	25.516129	25.545984	25.573753	25.599365	25.622688	25.643661	25.662186	25.678202	25.691635	25.702454	25.710594	25.716045	25.718773	25.718775	25.716047	25.710598	25.702457	25.691635	25.678204	25.662186	25.643663	25.622688	25.599369	25.573755	25.545986	25.516125	25.484333	25.450684	25.415348	25.378420	25.340076	25.300430	25.259659	25.217896	25.175316	25.132067	25.088326	25.044247	
25.046223	25.092264	25.137962	25.183134	25.227623	25.271238	25.313839	25.355244	25.395313	25.433870	25.470804	25.505936	25.539165	25.570339	25.599365	25.626104	25.650480	25.672380	25.691736	25.708460	25.722502	25.733793	25.742306	25.747995	25.750847	25.750847	25.747995	25.742310	25.733793	25.722504	25.708460	25.691738	25.672379	25.650482	25.626102	25.599365	25.570335	25.539167	25.505934	25.470806	25.433872	25.395313	25.355242	25.313843	25.271240	25.227623	25.183134	25.137962	25.092266	25.046221	
25.048019	25.095856	25.143330	25.190268	25.236477	25.281803	25.326052	25.369076	25.410692	25.450768	25.489120	25.525635	25.560144	25.592545	25.622686	25.650478	25.675793	25.698553	25.718657	25.736038	25.750618	25.762356	25.771196	25.777111	25.780071	25.780073	25.777111	25.771198	25.762360	25.750620	25.736042	25.718655	25.698557	25.675793	25.650480	25.622684	25.592546	25.560143	25.525637	25.489120	25.450768	25.410694	25.369078	25.326050	25.281803	25.236477	25.190268	25.143330	25.095860	25.048019	
25.049637	25.099083	25.148159	25.196671	25.244446	25.291285	25.337036	25.381496	25.424530	25.465939	25.505598	25.543327	25.579014	25.612490	25.643660	25.672377	25.698551	25.722071	25.742859	25.760817	25.775896	25.788025	25.797165	25.803276	25.806339	25.806337	25.803276	25.797165	25.788025	25.775898	25.760818	25.742859	25.722069	25.698555	25.672375	25.643661	25.612492	25.579014	25.543327	25.505600	25.465939	25.424530	25.381498	25.337036	25.291286	25.244446	25.196671	25.148159	25.099083	25.049637	
25.051064	25.101936	25.152420	25.202335	25.251474	25.299675	25.346729	25.392483	25.436737	25.479355	25.520142	25.558973	25.595669	25.630123	25.662178	25.691732	25.718651	25.742855	25.764233	25.782717	25.798225	25.810707	25.820105	25.826397	25.829546	25.829546	25.826397	25.820107	25.810707	25.798225	25.782719	25.764233	25.742857	25.718651	25.691732	25.662178	25.630125	25.595671	25.558971	25.520142	25.479355	25.436743	25.392483	25.346731	25.299675	25.251480	25.202335	25.152424	25.101938	25.051064	
25.052299	25.104401	25.156109	25.207222	25.257561	25.306915	25.355118	25.401968	25.447308	25.490940	25.532726	25.572479	25.610081	25.645355	25.678196	25.708454	25.736034	25.760815	25.782715	25.801640	25.817528	25.830307	25.839939	25.846378	25.849604	25.849606	25.846378	25.839937	25.830307	25.817530	25.801641	25.782719	25.760815	25.736034	25.708456	25.678196	25.645359	25.610081	25.572483	25.532726	25.490940	25.447308	25.401970	25.355122	25.306921	25.257565	25.207226	25.156111	25.104403	25.052299	
25.053333	25.106470	25.159199	25.211332	25.262659	25.313000	25.362150	25.409939	25.456163	25.500675	25.543274	25.583832	25.622162	25.658148	25.691628	25.722496	25.750616	25.775894	25.798220	25.817524	25.833725	25.846764	25.856579	25.863152	25.866438	25.866440	25.863152	25.856579	25.846762	25.833725	25.817528	25.798223	25.775894	25.750614	25.722496	25.691631	25.658150	25.622166	25.583832	25.543278	25.500671	25.456167	25.409941	25.362156	25.313004	25.262665	25.211336	25.159203	25.106472	25.053337	
25.054169	25.108131	25.161694	25.214634	25.266769	25.317890	25.367817	25.416344	25.463301	25.508497	25.551775	25.592953	25.631895	25.668432	25.702446	25.733788	25.762352	25.788017	25.810701	25.830303	25.846760	25.859997	25.869972	25.876640	25.879986	25.879986	25.876644	25.869972	25.860001	25.846762	25.830309	25.810703	25.788023	25.762352	25.733788	25.702446	25.668436	25.631895	25.592955	25.551775	25.508499	25.463301	25.416344	25.367817	25.317894	25.266773	25.214638	25.161694	25.108135	25.054169	
25.054796	25.109390	25.163563	25.217127	25.269859	25.321581	25.372080	25.421175	25.468670	25.514399	25.558167	25.599834	25.639217	25.676189	25.710587	25.742298	25.771187	25.797159	25.820101	25.839935	25.856579	25.869972	25.880060	25.886808	25.890188	25.890190	25.886810	25.880062	25.869972	25.856579	25.839935	25.820105	25.797161	25.771193	25.742300	25.710592	25.676189	25.639223	25.599834	25.558172	25.514397	25.468672	25.421173	25.372082	25.321583	25.269867	25.217129	25.163568	25.109390	25.054798	
25.055218	25.110226	25.164822	25.218788	25.271935	25.324045	25.374933	25.424402	25.472265	25.518337	25.562452	25.604427	25.644123	25.681366	25.716038	25.747986	25.777103	25.803268	25.826391	25.846375	25.863148	25.876642	25.886806	25.893608	25.897015	25.897015	25.893608	25.886810	25.876644	25.863148	25.846376	25.826393	25.803272	25.777105	25.747992	25.716040	25.681374	25.644125	25.604433	25.562452	25.518341	25.472265	25.424406	25.374935	25.324049	25.271935	25.218794	25.164822	25.110229	25.055218	
25.055428	25.110649	25.165447	25.219624	25.272968	25.325279	25.376362	25.426018	25.474064	25.520315	25.564592	25.606735	25.646574	25.683966	25.718763	25.750837	25.780064	25.806332	25.829540	25.849602	25.866436	25.879982	25.890186	25.897015	25.900433	25.900434	25.897017	25.890190	25.879986	25.866438	25.849602	25.829540	25.806334	25.780066	25.750839	25.718769	25.683971	25.646580	25.606739	25.564598	25.520319	25.474068	25.426023	25.376368	25.325285	25.272972	25.219625	25.165453	25.110649	25.055429	
25.055428	25.110649	25.165447	25.219624	25.272968	25.325279	25.376362	25.426018	25.474064	25.520315	25.564592	25.606735	25.646574	25.683966	25.718763	25.750837	25.780064	25.806332	25.829540	25.849602	25.866436	25.879982	25.890186	25.897015	25.900433	25.900434	25.897017	25.890190	25.879986	25.866438	25.849602	25.829540	25.806334	25.780066	25.750839	25.718769	25.683971	25.646580	25.606739	25.564598	25.520319	25.474068	25.426023	25.376368	25.325285	25.272972	25.219625	25.165453	25.110649	25.055429	
25.055218	25.110226	25.164822	25.218788	25.271935	25.324045	25.374933	25.424402	25.472265	25.518337	25.562452	25.604427	25.644123	25.681366	25.716038	25.747986	25.777103	25.803268	25.826391	25.846375	25.863148	25.876642	25.886806	25.893608	25.897015	25.897015	25.893608	25.886810	25.876644	25.863148	25.846376	25.826393	25.803272	25.777105	25.747992	25.716040	25.681374	25.644125	25.604433	25.562452	25.518341	25.472265	25.424406	25.374935	25.324049	25.271935	25.218794	25.164822	25.110229	25.055218	
25.054796	25.109390	25.163563	25.217127	25.269859	25.321581	25.372080	25.421175	25.468670	25.514399	25.558167	25.599834	25.639217	25.676189	25.710587	25.742298	25.771187	25.797159	25.820101	25.839935	25.856579	25.869972	25.880060	25.886808	25.890188	25.890190	25.886810	25.880062	25.869972	25.856579	25.839935	25.820105	25.797161	25.771193	25.742300	25.710592	25.676189	25.639223	25.599834	25.558172	25.514397	25.468672	25.421173	25.372082	25.321583	25.269867	25.217129	25.163568	25.109390	25.054798	
25.054169	25.108131	25.161694	25.214634	25.266769	25.317890	25.367817	25.416344	25.463301	25.508497	25.551775	25.592953	25.631895	25.668432	25.702446	25.733788	25.762352	25.788017	25.810701	25.830303	25.846760	25.859997	25.869972	25.876640	25.879986	25.879986	25.876644	25.869972	25.860001	25.846762	25.830309	25.810703	25.788023	25.762352	25.733788	25.702446	25.668436	25.631895	25.592955	25.551775	25.508499	25.463301	25.416344	25.367817	25.317894	25.266773	25.214638	25.161694	25.108135	25.054169	
25.053333	25.106470	25.159199	25.211332	25.262659	25.313000	25.362150	25.409939	25.456163	25.500675	25.543274	25.583832	25.622162	25.658148	25.691628	25.722496	25.750616	25.775894	25.798220	25.817524	25.833725	25.846764	25.856579	25.863152	25.866438	25.866440	25.863152	25.856579	25.846762	25.833725	25.817528	25.798223	25.775894	25.750614	25.722496	25.691631	25.658150	25.622166	25.583832	25.543278	25.500671	25.456167	25.409941	25.362156	25.313004	25.262665	25.211336	25.159203	25.106472	25.053337	
25.052299	25.104401	25.156109	25.207222	25.257561	25.306915	25.355118	25.401968	25.447308	25.490940	25.532726	25.572479	25.610081	25.645355	25.678196	25.708454	25.736034	25.760815	25.782715	25.801640	25.817528	25.830307	25.839939	25.846378	25.849604	25.849606	25.846378	25.839937	25.830307	25.817530	25.801641	25.782719	25.760815	25.736034	25.708456	25.678196	25.645359	25.610081	25.572483	25.532726	25.490940	25.447308	25.401970	25.355122	25.306921	25.257565	25.207226	25.156111	25.104403	25.052299	
25.051064	25.101936	25.152420	25.202335	25.251474	25.299675	25.346729	25.392483	25.436737	25.479355	25.520142	25.558973	25.595669	25.630123	25.662178	25.691732	25.718651	25.742855	25.764233	25.782717	25.798225	25.810707	25.820105	25.826397	25.829546	25.829546	25.826397	25.820107	25.810707	25.798225	25.782719	25.764233	25.742857	25.718651	25.691732	25.662178	25.630125	25.595671	25.558971	25.520142	25.479355	25.436743	25.392483	25.346731	25.299675	25.251480	25.202335	25.152424	25.101938	25.051064	
25.049637	25.099083	25.148159	25.196671	25.244446	25.291285	25.337036	25.381496	25.424530	25.465939	25.505598	25.543327	25.579014	25.612490	25.643660	25.672377	25.698551	25.722071	25.742859	25.760817	25.775896	25.788025	25.797165	25.803276	25.806339	25.806337	25.803276	25.797165	25.788025	25.775898	25.760818	25.742859	25.722069	25.698555	25.672375	25.643661	25.612492	25.579014	25.543327	25.505600	25.465939	25.424530	25.381498	25.337036	25.291286	25.244446	25.196671	25.148159	25.099083	25.049637	
25.048019	25.095856	25.143330	25.190268	25.236477	25.281803	25.326052	25.369076	25.410692	25.450768	25.489120	25.525635	25.560144	25.592545	25.622686	25.650478	25.675793	25.698553	25.718657	25.736038	25.750618	25.762356	25.771196	25.777111	25.780071	25.780073	25.777111	25.771198	25.762360	25.750620	25.736042	25.718655	25.698557	25.675793	25.650480	25.622684	25.592546	25.560143	25.525637	25.489120	25.450768	25.410694	25.369078	25.326050	25.281803	25.236477	25.190268	25.143330	25.095860	25.048019	
25.046223	25.092264	25.137962	25.183134	25.227623	25.271238	25.313839	25.355244	25.395313	25.433870	25.470804	25.505936	25.539165	25.570339	25.599365	25.626104	25.650480	25.672380	25.691736	25.708460	25.722502	25.733793	25.742306	25.747995	25.750847	25.750847	25.747995	25.742310	25.733793	25.722504	25.708460	25.691738	25.672379	25.650482	25.626102	25.599365	25.570335	25.539167	25.505934	25.470806	25.433872	25.395313	25.355242	25.313843	25.271240	25.227623	25.183134	25.137962	25.092266	25.046221	
25.044247	25.088326	25.132067	25.175316	25.217894	25.259657	25.300430	25.340073	25.378418	25.415344	25.450684	25.484333	25.516129	25.545984	25.573753	25.599365	25.622688	25.643661	25.662186	25.678202	25.691635	25.702454	25.710594	25.716045	25.718773	25.718775	25.716047	25.710598	25.702457	25.691635	25.678204	25.662186	25.643663	25.622688	25.599369	25.573755	25.545986	25.516125	25.484333	25.450684	25.415348	25.378420	25.340076	25.300430	25.259659	25.217896	25.175316	25.132067	25.088326	25.044247	
25.042107	25.084045	25.125677	25.166824	25.207352	25.247082	25.285889	25.323605	25.360106	25.395231	25.428871	25.460876	25.491150	25.519545	25.545986	25.570341	25.592548	25.612495	25.630131	25.645361	25.658155	25.668440	25.676195	25.681377	25.683975	25.683975	25.681377	25.676197	25.668442	25.658159	25.645365	25.630131	25.612499	25.592550	25.570343	25.545986	25.519545	25.491150	25.460873	25.428875	25.395229	25.360109	25.323605	25.285892	25.247084	25.207352	25.166824	25.125679	25.084047	25.042105	
25.039803	25.079456	25.118803	25.157709	25.196009	25.233578	25.270252	25.305918	25.340412	25.373631	25.405420	25.435688	25.464291	25.491150	25.516130	25.539169	25.560148	25.579018	25.595675	25.610086	25.622168	25.631905	25.639225	25.644129	25.646584	25.646584	25.644131	25.639229	25.631903	25.622173	25.610090	25.595680	25.579021	25.560154	25.539173	25.516130	25.491150	25.464291	25.435690	25.405418	25.373634	25.340412	25.305922	25.270254	25.233582	25.196011	25.157709	25.118805	25.079454	25.039803	
25.037350	25.074556	25.111485	25.147987	25.183937	25.219181	25.253607	25.287060	25.319443	25.350601	25.380447	25.408836	25.435692	25.460880	25.484337	25.505939	25.525642	25.543331	25.558979	25.572487	25.583838	25.592958	25.599840	25.604437	25.606741	25.606743	25.604437	25.599840	25.592964	25.583839	25.572491	25.558981	25.543337	25.525644	25.505939	25.484337	25.460878	25.435692	25.408833	25.380447	25.350601	25.319447	25.287062	25.253609	25.219181	25.183937	25.147987	25.111485	25.074558	25.037350	
25.034754	25.069382	25.103741	25.137712	25.171158	25.203964	25.235989	25.267132	25.297249	25.326256	25.354015	25.380447	25.405422	25.428879	25.450689	25.470810	25.489128	25.505604	25.520149	25.532732	25.543283	25.551781	25.558176	25.562458	25.564600	25.564602	25.562460	25.558178	25.551781	25.543285	25.532736	25.520153	25.505608	25.489128	25.470810	25.450689	25.428879	25.405422	25.380451	25.354015	25.326260	25.297251	25.267132	25.235989	25.203964	25.171158	25.137714	25.103741	25.069380	25.034756	
25.032028	25.063938	25.095606	25.126911	25.157738	25.187963	25.217485	25.246174	25.273945	25.300665	25.326260	25.350605	25.373636	25.395233	25.415352	25.433878	25.450775	25.465946	25.479364	25.490946	25.500683	25.508505	25.514404	25.518345	25.520321	25.520323	25.518347	25.514404	25.508507	25.500683	25.490952	25.479366	25.465950	25.450775	25.433878	25.415352	25.395233	25.373638	25.350605	25.326260	25.300665	25.273947	25.246178	25.217487	25.187963	25.157738	25.126911	25.095608	25.063938	25.032032	
25.029182	25.058256	25.087105	25.115631	25.143715	25.171261	25.198151	25.224300	25.249588	25.273949	25.297253	25.319448	25.340416	25.360111	25.378426	25.395321	25.410698	25.424536	25.436747	25.447315	25.456173	25.463308	25.468679	25.472271	25.474073	25.474073	25.472275	25.468679	25.463310	25.456177	25.447315	25.436750	25.424538	25.410704	25.395321	25.378426	25.360113	25.340416	25.319450	25.297253	25.273947	25.249590	25.224300	25.198151	25.171259	25.143715	25.115631	25.087105	25.058258	25.029182	
25.026226	25.052349	25.078281	25.103909	25.129152	25.153900	25.178074	25.201561	25.224300	25.246178	25.267136	25.287066	25.305927	25.323608	25.340080	25.355247	25.369083	25.381504	25.392492	25.401978	25.409948	25.416351	25.421181	25.424412	25.426029	25.426029	25.424412	25.421183	25.416355	25.409948	25.401981	25.392494	25.381508	25.369085	25.355251	25.340084	25.323608	25.305927	25.287067	25.267136	25.246178	25.224302	25.201565	25.178074	25.153900	25.129150	25.103912	25.078281	25.052351	25.026226	
25.023167	25.046249	25.069153	25.091801	25.114094	25.135965	25.157312	25.178074	25.198151	25.217491	25.235992	25.253616	25.270260	25.285896	25.300434	25.313848	25.326057	25.337044	25.346739	25.355129	25.362162	25.367825	25.372089	25.374941	25.376371	25.376371	25.374943	25.372089	25.367826	25.362164	25.355129	25.346741	25.337044	25.326061	25.313850	25.300438	25.285900	25.270260	25.253616	25.235992	25.217491	25.198151	25.178074	25.157310	25.135963	25.114096	25.091801	25.069153	25.046249	25.023169	
25.020025	25.039970	25.059769	25.079338	25.098614	25.117508	25.135965	25.153900	25.171263	25.187965	25.203972	25.219187	25.233589	25.247086	25.259665	25.271246	25.281811	25.291294	25.299683	25.306927	25.313011	25.317900	25.321589	25.324055	25.325291	25.325291	25.324055	25.321590	25.317902	25.313011	25.306927	25.299685	25.291296	25.281811	25.271248	25.259668	25.247089	25.233585	25.219185	25.203970	25.187965	25.171265	25.153900	25.135967	25.117508	25.098612	25.079340	25.059769	25.039970	25.020023	
25.016802	25.033543	25.050156	25.066580	25.082752	25.098614	25.114096	25.129154	25.143715	25.157745	25.171162	25.183945	25.196014	25.207355	25.217899	25.227631	25.236485	25.244453	25.251486	25.257568	25.262671	25.266779	25.269871	25.271942	25.272980	25.272976	25.271942	25.269871	25.266781	25.262672	25.257572	25.251488	25.244453	25.236486	25.227631	25.217903	25.207359	25.196016	25.183943	25.171162	25.157745	25.143715	25.129154	25.114098	25.098612	25.082750	25.066578	25.050156	25.033543	25.016804	
25.013519	25.026987	25.040356	25.053566	25.066582	25.079338	25.091803	25.103912	25.115635	25.126911	25.137718	25.147991	25.157715	25.166830	25.175323	25.183140	25.190273	25.196678	25.202341	25.207233	25.211340	25.214645	25.217134	25.218798	25.219631	25.219631	25.218796	25.217136	25.214645	25.211342	25.207232	25.202343	25.196678	25.190275	25.183142	25.175323	25.166828	25.157715	25.147991	25.137718	25.126911	25.115635	25.103912	25.091801	25.079342	25.066582	25.053570	25.040356	25.026989	25.013519	
25.010185	25.020332	25.030399	25.040356	25.050156	25.059771	25.069155	25.078281	25.087109	25.095612	25.103741	25.111492	25.118807	25.125681	25.132072	25.137970	25.143337	25.148165	25.152430	25.156116	25.159210	25.161697	25.163572	25.164829	25.165455	25.165455	25.164825	25.163570	25.161697	25.159208	25.156116	25.152428	25.148167	25.143337	25.137970	25.132072	25.125683	25.118805	25.111492	25.103743	25.095612	25.087109	25.078281	25.069157	25.059771	25.050159	25.040356	25.030401	25.020332	25.010185	
25.006813	25.013597	25.020330	25.026989	25.033545	25.039970	25.046251	25.052353	25.058258	25.063938	25.069386	25.074558	25.079460	25.084049	25.088329	25.092266	25.095863	25.099089	25.101942	25.104408	25.106476	25.108141	25.109394	25.110233	25.110653	25.110653	25.110229	25.109394	25.108139	25.106476	25.104406	25.101944	25.099087	25.095861	25.092268	25.088329	25.084049	25.079460	25.074558	25.069384	25.063938	25.058258	25.052353	25.046249	25.039974	25.033543	25.026989	25.020332	25.013596	25.006811	
25.003410	25.006813	25.010185	25.013521	25.016804	25.020023	25.023169	25.026226	25.029182	25.032032	25.034756	25.037352	25.039803	25.042107	25.044247	25.046223	25.048019	25.049639	25.051067	25.052303	25.053339	25.054173	25.054802	25.055220	25.055431	25.055431	25.055222	25.054800	25.054173	25.053337	25.052303	25.051067	25.049641	25.048021	25.046225	25.044247	25.042107	25.039803	25.037354	25.034756	25.032032	25.029182	25.026226	25.023170	25.020023	25.016804	25.013519	25.010185	25.006811	25.003412	
