25.010086	25.020168	25.030151	25.040131	25.049906	25.059669	25.069128	25.078548	25.087566	25.096512	25.104959	25.113276	25.121010	25.128538	25.135410	25.141998	25.147863	25.153353	25.158077	25.162331	25.165798	25.168701	25.170820	25.172291	25.173006	25.173004	25.172291	25.170820	25.168701	25.165796	25.162329	25.158077	25.153351	25.147863	25.141996	25.135410	25.128540	25.121008	25.113274	25.104958	25.096512	25.087566	25.078548	25.069128	25.059669	25.049906	25.040131	25.030151	25.020168	25.010084	
25.020168	25.040236	25.060299	25.080061	25.099808	25.119047	25.138239	25.156725	25.175104	25.192581	25.209858	25.226055	25.241920	25.256544	25.270683	25.283442	25.295538	25.306149	25.315908	25.324118	25.331289	25.336887	25.341270	25.344109	25.345583	25.345585	25.344109	25.341270	25.336887	25.331287	25.324116	25.315908	25.306149	25.295538	25.283442	25.270683	25.256546	25.241920	25.226053	25.209858	25.192581	25.175102	25.156727	25.138241	25.119047	25.099808	25.080059	25.060301	25.040234	25.020168	
25.030151	25.060303	25.090149	25.119984	25.149216	25.178402	25.206682	25.234852	25.261818	25.288555	25.313814	25.338676	25.361797	25.384312	25.404861	25.424551	25.442095	25.458502	25.472633	25.485344	25.495714	25.504391	25.510727	25.515125	25.517262	25.517258	25.515129	25.510725	25.504389	25.495712	25.485344	25.472633	25.458504	25.442093	25.424553	25.404861	25.384314	25.361797	25.338676	25.313812	25.288555	25.261818	25.234852	25.206682	25.178402	25.149216	25.119984	25.090145	25.060299	25.030151	
25.040131	25.080061	25.119984	25.159306	25.198593	25.236881	25.275063	25.311853	25.348415	25.383202	25.417568	25.449802	25.481365	25.510473	25.538597	25.563993	25.588053	25.609175	25.628586	25.644928	25.659189	25.670334	25.679054	25.684700	25.687635	25.687637	25.684700	25.679056	25.670334	25.659187	25.644926	25.628588	25.609173	25.588053	25.563992	25.538597	25.510471	25.481365	25.449802	25.417568	25.383202	25.348412	25.311855	25.275063	25.236881	25.198591	25.159306	25.119984	25.080059	25.040131	
25.049906	25.099808	25.149216	25.198593	25.246984	25.295286	25.342106	25.388718	25.433367	25.477608	25.519430	25.560562	25.598852	25.636101	25.670135	25.702707	25.731760	25.758904	25.782307	25.803329	25.820505	25.834858	25.845350	25.852631	25.856161	25.856161	25.852631	25.845350	25.834858	25.820501	25.803333	25.782301	25.758900	25.731758	25.702703	25.670132	25.636101	25.598850	25.560564	25.519428	25.477608	25.433369	25.388716	25.342110	25.295284	25.246986	25.198591	25.149214	25.099808	25.049906	
25.059669	25.119047	25.178402	25.236881	25.295284	25.352230	25.408987	25.463711	25.518049	25.569796	25.620872	25.668829	25.715733	25.759041	25.800833	25.838617	25.874369	25.905796	25.934639	25.958954	25.980145	25.996723	26.009686	26.018089	26.022449	26.022451	26.018085	26.009684	25.996723	25.980145	25.958952	25.934639	25.905794	25.874369	25.838615	25.800831	25.759037	25.715733	25.668827	25.620872	25.569794	25.518049	25.463709	25.408985	25.352232	25.295282	25.236877	25.178402	25.119045	25.059669	
25.069128	25.138239	25.206684	25.275064	25.342108	25.408989	25.473866	25.538395	25.600271	25.661514	25.719475	25.776413	25.829485	25.881042	25.928211	25.973295	26.013565	26.051130	26.083572	26.112671	26.136477	26.156342	26.170889	26.180964	26.185856	26.185856	26.180964	26.170885	26.156342	26.136477	26.112673	26.083569	26.051130	26.013565	25.973293	25.928207	25.881041	25.829483	25.776413	25.719475	25.661514	25.600269	25.538393	25.473866	25.408985	25.342108	25.275063	25.206680	25.138239	25.069126	
25.078548	25.156727	25.234848	25.311855	25.388716	25.463711	25.538395	25.610470	25.681965	25.750132	25.817326	25.880501	25.942202	25.999256	26.054230	26.104013	26.151039	26.192448	26.230385	26.262424	26.290293	26.312141	26.329184	26.340260	26.345995	26.345995	26.340260	26.329184	26.312141	26.290293	26.262423	26.230385	26.192446	26.151039	26.104012	26.054232	25.999254	25.942204	25.880499	25.817326	25.750130	25.681965	25.610470	25.538393	25.463711	25.388714	25.311852	25.234848	25.156723	25.078548	
25.087566	25.175102	25.261818	25.348415	25.433369	25.518049	25.600271	25.681965	25.760395	25.837919	25.911392	25.983459	26.050739	26.115988	26.175795	26.232851	26.283913	26.331448	26.372581	26.409405	26.439592	26.464725	26.483171	26.495918	26.502127	26.502125	26.495920	26.483171	26.464725	26.439590	26.409405	26.372581	26.331448	26.283909	26.232851	26.175793	26.115992	26.050739	25.983461	25.911392	25.837919	25.760395	25.681965	25.600269	25.518047	25.433367	25.348410	25.261816	25.175102	25.087566	
25.096512	25.192581	25.288555	25.383202	25.477608	25.569799	25.661514	25.750132	25.837917	25.921738	26.004230	26.081926	26.157669	26.227842	26.295322	26.356556	26.414276	26.465210	26.511774	26.551184	26.585386	26.612265	26.633177	26.646805	26.653843	26.653843	26.646805	26.633179	26.612263	26.585388	26.551182	26.511772	26.465210	26.414274	26.356554	26.295324	26.227842	26.157673	26.081926	26.004234	25.921738	25.837917	25.750130	25.661514	25.569796	25.477606	25.383198	25.288555	25.192577	25.096512	
25.104958	25.209858	25.313812	25.417568	25.519430	25.620872	25.719479	25.817324	25.911394	26.004232	26.092373	26.178665	26.259384	26.337505	26.409260	26.477568	26.538837	26.595741	26.645103	26.689182	26.725409	26.755491	26.777628	26.792887	26.800335	26.800333	26.792889	26.777626	26.755493	26.725405	26.689184	26.645100	26.595741	26.538836	26.477570	26.409262	26.337509	26.259384	26.178665	26.092373	26.004232	25.911392	25.817326	25.719475	25.620869	25.519428	25.417564	25.313812	25.209858	25.104958	
25.113277	25.226053	25.338676	25.449802	25.560562	25.668831	25.776413	25.880505	25.983459	26.081930	26.178663	26.269951	26.358759	26.441216	26.520325	26.592289	26.659946	26.719812	26.774389	26.820711	26.860800	26.892395	26.916906	26.932922	26.941170	26.941172	26.932920	26.916906	26.892389	26.860804	26.820709	26.774391	26.719810	26.659946	26.592289	26.520329	26.441216	26.358759	26.269951	26.178665	26.081926	25.983459	25.880499	25.776413	25.668827	25.560560	25.449800	25.338673	25.226053	25.113274	
25.121006	25.241924	25.361797	25.481365	25.598854	25.715733	25.829487	25.942200	26.050743	26.157669	26.259388	26.358759	26.451925	26.541874	26.624706	26.703342	26.774076	26.839582	26.896574	26.947313	26.989140	27.023767	27.049330	27.066891	27.075493	27.075489	27.066893	27.049326	27.023769	26.989136	26.947315	26.896572	26.839584	26.774076	26.703346	26.624702	26.541876	26.451923	26.358757	26.259384	26.157673	26.050739	25.942204	25.829483	25.715733	25.598850	25.481363	25.361797	25.241919	25.121008	
25.128540	25.256542	25.384312	25.510473	25.636101	25.759039	25.881039	25.999260	26.115986	26.227848	26.337505	26.441221	26.541876	26.635572	26.725222	26.807001	26.883669	26.951706	27.013546	27.066196	27.111616	27.147526	27.175297	27.193504	27.202848	27.202852	27.193501	27.175299	27.147522	27.111618	27.066195	27.013548	26.951704	26.883671	26.806999	26.725224	26.635569	26.541876	26.441217	26.337505	26.227842	26.115990	25.999256	25.881039	25.759037	25.636101	25.510471	25.384312	25.256542	25.128538	
25.135410	25.270683	25.404861	25.538595	25.670135	25.800831	25.928213	26.054228	26.175800	26.295321	26.409267	26.520325	26.624708	26.725220	26.818039	26.905899	26.985168	27.058353	27.122225	27.178905	27.225786	27.264469	27.293118	27.312737	27.322376	27.322374	27.312738	27.293118	27.264469	27.225780	27.178909	27.122223	27.058353	26.985168	26.905903	26.818035	26.725224	26.624704	26.520325	26.409262	26.295321	26.175793	26.054230	25.928207	25.800833	25.670130	25.538597	25.404863	25.270681	25.135410	
25.141998	25.283442	25.424551	25.563995	25.702703	25.838619	25.973293	26.104017	26.232849	26.356560	26.477566	26.592293	26.703344	26.807003	26.905901	26.996387	27.080954	27.156242	27.224445	27.282711	27.332802	27.372545	27.403172	27.423321	27.433624	27.433628	27.423319	27.403173	27.372541	27.332804	27.282707	27.224447	27.156240	27.080954	26.996384	26.905903	26.806999	26.703346	26.592289	26.477566	26.356556	26.232849	26.104012	25.973293	25.838615	25.702705	25.563992	25.424551	25.283442	25.141998	
25.147863	25.295538	25.442097	25.588051	25.731762	25.874371	26.013569	26.151039	26.283916	26.414272	26.538841	26.659946	26.774078	26.883669	26.985170	27.080954	27.167648	27.247421	27.317282	27.379065	27.430342	27.472500	27.503841	27.525221	27.535769	27.535765	27.525227	27.503841	27.472504	27.430340	27.379066	27.317280	27.247421	27.167645	27.080954	26.985168	26.883669	26.774078	26.659946	26.538839	26.414272	26.283911	26.151037	26.013565	25.874367	25.731756	25.588051	25.442095	25.295540	25.147863	
25.153353	25.306149	25.458500	25.609177	25.758900	25.905800	26.051130	26.192451	26.331444	26.465214	26.595741	26.719814	26.839584	26.951708	27.058353	27.156242	27.247421	27.328875	27.402409	27.465450	27.519449	27.562454	27.595467	27.617273	27.628380	27.628384	27.617271	27.595470	27.562452	27.519451	27.465448	27.402411	27.328873	27.247423	27.156240	27.058353	26.951706	26.839584	26.719812	26.595741	26.465212	26.331448	26.192446	26.051130	25.905792	25.758902	25.609173	25.458502	25.306147	25.153353	
25.158077	25.315910	25.472633	25.628586	25.782307	25.934639	26.083576	26.230385	26.372585	26.511772	26.645105	26.774387	26.896574	27.013546	27.122225	27.224449	27.317284	27.402407	27.477226	27.543146	27.598064	27.643047	27.676617	27.699427	27.710720	27.710720	27.699429	27.676613	27.643051	27.598064	27.543148	27.477222	27.402409	27.317280	27.224445	27.122225	27.013546	26.896574	26.774387	26.645105	26.511772	26.372581	26.230385	26.083570	25.934643	25.782299	25.628588	25.472631	25.315908	25.158077	
25.162331	25.324116	25.485344	25.644928	25.803331	25.958958	26.112671	26.262424	26.409405	26.551186	26.689182	26.820715	26.947315	27.066196	27.178909	27.282711	27.379065	27.465448	27.543148	27.610010	27.667068	27.712677	27.747557	27.770687	27.782421	27.782425	27.770685	27.747562	27.712679	27.667068	27.610010	27.543148	27.465446	27.379063	27.282711	27.178905	27.066196	26.947315	26.820713	26.689180	26.551186	26.409407	26.262424	26.112675	25.958952	25.803333	25.644926	25.485344	25.324118	25.162331	
25.165798	25.331289	25.495714	25.659191	25.820503	25.980143	26.136480	26.290291	26.439592	26.585388	26.725410	26.860802	26.989140	27.111620	27.225784	27.332804	27.430340	27.519451	27.598064	27.667068	27.724777	27.771858	27.807131	27.831005	27.842878	27.842875	27.831009	27.807133	27.771862	27.724775	27.667068	27.598063	27.519451	27.430338	27.332802	27.225784	27.111618	26.989140	26.860802	26.725407	26.585384	26.439592	26.290291	26.136477	25.980145	25.820503	25.659189	25.495712	25.331287	25.165798	
25.168701	25.336885	25.504393	25.670332	25.834858	25.996727	26.156342	26.312141	26.464725	26.612268	26.755491	26.892395	27.023769	27.147528	27.264469	27.372543	27.472504	27.562450	27.643051	27.712677	27.771860	27.819359	27.855537	27.879623	27.891796	27.891796	27.879623	27.855539	27.819359	27.771862	27.712677	27.643051	27.562450	27.472502	27.372541	27.264469	27.147528	27.023769	26.892395	26.755493	26.612267	26.464725	26.312140	26.156340	25.996725	25.834854	25.670332	25.504391	25.336885	25.168701	
25.170818	25.341274	25.510727	25.679054	25.845348	26.009684	26.170889	26.329182	26.483173	26.633181	26.777630	26.916908	27.049332	27.175301	27.293118	27.403173	27.503838	27.595470	27.676613	27.747559	27.807133	27.855537	27.891951	27.916496	27.928749	27.928749	27.916498	27.891951	27.855541	27.807129	27.747562	27.676613	27.595470	27.503838	27.403172	27.293118	27.175301	27.049328	26.916906	26.777630	26.633179	26.483173	26.329182	26.170887	26.009682	25.845348	25.679050	25.510727	25.341269	25.170818	
25.172291	25.344109	25.515127	25.684702	25.852631	26.018089	26.180962	26.340263	26.495922	26.646809	26.792889	26.932926	27.066895	27.193504	27.312737	27.423319	27.525225	27.617271	27.699427	27.770685	27.831011	27.879623	27.916496	27.941147	27.953556	27.953556	27.941147	27.916496	27.879622	27.831009	27.770687	27.699430	27.617270	27.525223	27.423321	27.312737	27.193504	27.066895	26.932922	26.792889	26.646807	26.495922	26.340260	26.180962	26.018089	25.852629	25.684702	25.515125	25.344109	25.172291	
25.173004	25.345585	25.517258	25.687637	25.856159	26.022448	26.185858	26.345995	26.502127	26.653843	26.800337	26.941174	27.075493	27.202850	27.322376	27.433628	27.535767	27.628380	27.710720	27.782425	27.842876	27.891798	27.928749	27.953554	27.965988	27.965990	27.953556	27.928749	27.891796	27.842876	27.782425	27.710720	27.628384	27.535769	27.433628	27.322376	27.202852	27.075493	26.941174	26.800337	26.653845	26.502127	26.345995	26.185856	26.022449	25.856159	25.687637	25.517258	25.345583	25.173004	
25.173004	25.345585	25.517258	25.687637	25.856159	26.022448	26.185858	26.345995	26.502127	26.653843	26.800337	26.941174	27.075493	27.202850	27.322376	27.433628	27.535767	27.628380	27.710720	27.782425	27.842876	27.891798	27.928749	27.953554	27.965988	27.965990	27.953556	27.928749	27.891796	27.842876	27.782425	27.710720	27.628384	27.535769	27.433628	27.322376	27.202852	27.075493	26.941174	26.800337	26.653845	26.502127	26.345995	26.185856	26.022449	25.856159	25.687637	25.517258	25.345583	25.173004	
25.172291	25.344109	25.515127	25.684702	25.852631	26.018089	26.180962	26.340263	26.495922	26.646809	26.792889	26.932926	27.066895	27.193504	27.312737	27.423319	27.525225	27.617271	27.699427	27.770685	27.831011	27.879623	27.916496	27.941147	27.953556	27.953556	27.941147	27.916496	27.879622	27.831009	27.770687	27.699430	27.617270	27.525223	27.423321	27.312737	27.193504	27.066895	26.932922	26.792889	26.646807	26.495922	26.340260	26.180962	26.018089	25.852629	25.684702	25.515125	25.344109	25.172291	
25.170818	25.341274	25.510727	25.679054	25.845348	26.009684	26.170889	26.329182	26.483173	26.633181	26.777630	26.916908	27.049332	27.175301	27.293118	27.403173	27.503838	27.595470	27.676613	27.747559	27.807133	27.855537	27.891951	27.916496	27.928749	27.928749	27.916498	27.891951	27.855541	27.807129	27.747562	27.676613	27.595470	27.503838	27.403172	27.293118	27.175301	27.049328	26.916906	26.777630	26.633179	26.483173	26.329182	26.170887	26.009682	25.845348	25.679050	25.510727	25.341269	25.170818	
25.168701	25.336885	25.504393	25.670332	25.834858	25.996727	26.156342	26.312141	26.464725	26.612268	26.755491	26.892395	27.023769	27.147528	27.264469	27.372543	27.472504	27.562450	27.643051	27.712677	27.771860	27.819359	27.855537	27.879623	27.891796	27.891796	27.879623	27.855539	27.819359	27.771862	27.712677	27.643051	27.562450	27.472502	27.372541	27.264469	27.147528	27.023769	26.892395	26.755493	26.612267	26.464725	26.312140	26.156340	25.996725	25.834854	25.670332	25.504391	25.336885	25.168701	
25.165798	25.331289	25.495714	25.659191	25.820503	25.980143	26.136480	26.290291	26.439592	26.585388	26.725410	26.860802	26.989140	27.111620	27.225784	27.332804	27.430340	27.519451	27.598064	27.667068	27.724777	27.771858	27.807131	27.831005	27.842878	27.842875	27.831009	27.807133	27.771862	27.724775	27.667068	27.598063	27.519451	27.430338	27.332802	27.225784	27.111618	26.989140	26.860802	26.725407	26.585384	26.439592	26.290291	26.136477	25.980145	25.820503	25.659189	25.495712	25.331287	25.165798	
25.162331	25.324116	25.485344	25.644928	25.803331	25.958958	26.112671	26.262424	26.409405	26.551186	26.689182	26.820715	26.947315	27.066196	27.178909	27.282711	27.379065	27.465448	27.543148	27.610010	27.667068	27.712677	27.747557	27.770687	27.782421	27.782425	27.770685	27.747562	27.712679	27.667068	27.610010	27.543148	27.465446	27.379063	27.282711	27.178905	27.066196	26.947315	26.820713	26.689180	26.551186	26.409407	26.262424	26.112675	25.958952	25.803333	25.644926	25.485344	25.324118	25.162331	
25.158077	25.315910	25.472633	25.628586	25.782307	25.934639	26.083576	26.230385	26.372585	26.511772	26.645105	26.774387	26.896574	27.013546	27.122225	27.224449	27.317284	27.402407	27.477226	27.543146	27.598064	27.643047	27.676617	27.699427	27.710720	27.710720	27.699429	27.676613	27.643051	27.598064	27.543148	27.477222	27.402409	27.317280	27.224445	27.122225	27.013546	26.896574	26.774387	26.645105	26.511772	26.372581	26.230385	26.083570	25.934643	25.782299	25.628588	25.472631	25.315908	25.158077	
25.153353	25.306149	25.458500	25.609177	25.758900	25.905800	26.051130	26.192451	26.331444	26.465214	26.595741	26.719814	26.839584	26.951708	27.058353	27.156242	27.247421	27.328875	27.402409	27.465450	27.519449	27.562454	27.595467	27.617273	27.628380	27.628384	27.617271	27.595470	27.562452	27.519451	27.465448	27.402411	27.328873	27.247423	27.156240	27.058353	26.951706	26.839584	26.719812	26.595741	26.465212	26.331448	26.192446	26.051130	25.905792	25.758902	25.609173	25.458502	25.306147	25.153353	
25.147863	25.295538	25.442097	25.588051	25.731762	25.874371	26.013569	26.151039	26.283916	26.414272	26.538841	26.659946	26.774078	26.883669	26.985170	27.080954	27.167648	27.247421	27.317282	27.379065	27.430342	27.472500	27.503841	27.525221	27.535769	27.535765	27.525227	27.503841	27.472504	27.430340	27.379066	27.317280	27.247421	27.167645	27.080954	26.985168	26.883669	26.774078	26.659946	26.538839	26.414272	26.283911	26.151037	26.013565	25.874367	25.731756	25.588051	25.442095	25.295540	25.147863	
25.141998	25.283442	25.424551	25.563995	25.702703	25.838619	25.973293	26.104017	26.232849	26.356560	26.477566	26.592293	26.703344	26.807003	26.905901	26.996387	27.080954	27.156242	27.224445	27.282711	27.332802	27.372545	27.403172	27.423321	27.433624	27.433628	27.423319	27.403173	27.372541	27.332804	27.282707	27.224447	27.156240	27.080954	26.996384	26.905903	26.806999	26.703346	26.592289	26.477566	26.356556	26.232849	26.104012	25.973293	25.838615	25.702705	25.563992	25.424551	25.283442	25.141998	
25.135410	25.270683	25.404861	25.538595	25.670135	25.800831	25.928213	26.054228	26.175800	26.295321	26.409267	26.520325	26.624708	26.725220	26.818039	26.905899	26.985168	27.058353	27.122225	27.178905	27.225786	27.264469	27.293118	27.312737	27.322376	27.322374	27.312738	27.293118	27.264469	27.225780	27.178909	27.122223	27.058353	26.985168	26.905903	26.818035	26.725224	26.624704	26.520325	26.409262	26.295321	26.175793	26.054230	25.928207	25.800833	25.670130	25.538597	25.404863	25.270681	25.135410	
25.128540	25.256542	25.384312	25.510473	25.636101	25.759039	25.881039	25.999260	26.115986	26.227848	26.337505	26.441221	26.541876	26.635572	26.725222	26.807001	26.883669	26.951706	27.013546	27.066196	27.111616	27.147526	27.175297	27.193504	27.202848	27.202852	27.193501	27.175299	27.147522	27.111618	27.066195	27.013548	26.951704	26.883671	26.806999	26.725224	26.635569	26.541876	26.441217	26.337505	26.227842	26.115990	25.999256	25.881039	25.759037	25.636101	25.510471	25.384312	25.256542	25.128538	
25.121006	25.241924	25.361797	25.481365	25.598854	25.715733	25.829487	25.942200	26.050743	26.157669	26.259388	26.358759	26.451925	26.541874	26.624706	26.703342	26.774076	26.839582	26.896574	26.947313	26.989140	27.023767	27.049330	27.066891	27.075493	27.075489	27.066893	27.049326	27.023769	26.989136	26.947315	26.896572	26.839584	26.774076	26.703346	26.624702	26.541876	26.451923	26.358757	26.259384	26.157673	26.050739	25.942204	25.829483	25.715733	25.598850	25.481363	25.361797	25.241919	25.121008	
25.113277	25.226053	25.338676	25.449802	25.560562	25.668831	25.776413	25.880505	25.983459	26.081930	26.178663	26.269951	26.358759	26.441216	26.520325	26.592289	26.659946	26.719812	26.774389	26.820711	26.860800	26.892395	26.916906	26.932922	26.941170	26.941172	26.932920	26.916906	26.892389	26.860804	26.820709	26.774391	26.719810	26.659946	26.592289	26.520329	26.441216	26.358759	26.269951	26.178665	26.081926	25.983459	25.880499	25.776413	25.668827	25.560560	25.449800	25.338673	25.226053	25.113274	
25.104958	25.209858	25.313812	25.417568	25.519430	25.620872	25.719479	25.817324	25.911394	26.004232	26.092373	26.178665	26.259384	26.337505	26.409260	26.477568	26.538837	26.595741	26.645103	26.689182	26.725409	26.755491	26.777628	26.792887	26.800335	26.800333	26.792889	26.777626	26.755493	26.725405	26.689184	26.645100	26.595741	26.538836	26.477570	26.409262	26.337509	26.259384	26.178665	26.092373	26.004232	25.911392	25.817326	25.719475	25.620869	25.519428	25.417564	25.313812	25.209858	25.104958	
25.096512	25.192581	25.288555	25.383202	25.477608	25.569799	25.661514	25.750132	25.837917	25.921738	26.004230	26.081926	26.157669	26.227842	26.295322	26.356556	26.414276	26.465210	26.511774	26.551184	26.585386	26.612265	26.633177	26.646805	26.653843	26.653843	26.646805	26.633179	26.612263	26.585388	26.551182	26.511772	26.465210	26.414274	26.356554	26.295324	26.227842	26.157673	26.081926	26.004234	25.921738	25.837917	25.750130	25.661514	25.569796	25.477606	25.383198	25.288555	25.192577	25.096512	
25.087566	25.175102	25.261818	25.348415	25.433369	25.518049	25.600271	25.681965	25.760395	25.837919	25.911392	25.983459	26.050739	26.115988	26.175795	26.232851	26.283913	26.331448	26.372581	26.409405	26.439592	26.464725	26.483171	26.495918	26.502127	26.502125	26.495920	26.483171	26.464725	26.439590	26.409405	26.372581	26.331448	26.283909	26.232851	26.175793	26.115992	26.050739	25.983461	25.911392	25.837919	25.760395	25.681965	25.600269	25.518047	25.433367	25.348410	25.261816	25.175102	25.087566	
25.078548	25.156727	25.234848	25.311855	25.388716	25.463711	25.538395	25.610470	25.681965	25.750132	25.817326	25.880501	25.942202	25.999256	26.054230	26.104013	26.151039	26.192448	26.230385	26.262424	26.290293	26.312141	26.329184	26.340260	26.345995	26.345995	26.340260	26.329184	26.312141	26.290293	26.262423	26.230385	26.192446	26.151039	26.104012	26.054232	25.999254	25.942204	25.880499	25.817326	25.750130	25.681965	25.610470	25.538393	25.463711	25.388714	25.311852	25.234848	25.156723	25.078548	
25.069128	25.138239	25.206684	25.275064	25.342108	25.408989	25.473866	25.538395	25.600271	25.661514	25.719475	25.776413	25.829485	25.881042	25.928211	25.973295	26.013565	26.051130	26.083572	26.112671	26.136477	26.156342	26.170889	26.180964	26.185856	26.185856	26.180964	26.170885	26.156342	26.136477	26.112673	26.083569	26.051130	26.013565	25.973293	25.928207	25.881041	25.829483	25.776413	25.719475	25.661514	25.600269	25.538393	25.473866	25.408985	25.342108	25.275063	25.206680	25.138239	25.069126	
25.059669	25.119047	25.178402	25.236881	25.295284	25.352230	25.408987	25.463711	25.518049	25.569796	25.620872	25.668829	25.715733	25.759041	25.800833	25.838617	25.874369	25.905796	25.934639	25.958954	25.980145	25.996723	26.009686	26.018089	26.022449	26.022451	26.018085	26.009684	25.996723	25.980145	25.958952	25.934639	25.905794	25.874369	25.838615	25.800831	25.759037	25.715733	25.668827	25.620872	25.569794	25.518049	25.463709	25.408985	25.352232	25.295282	25.236877	25.178402	25.119045	25.059669	
25.049906	25.099808	25.149216	25.198593	25.246984	25.295286	25.342106	25.388718	25.433367	25.477608	25.519430	25.560562	25.598852	25.636101	25.670135	25.702707	25.731760	25.758904	25.782307	25.803329	25.820505	25.834858	25.845350	25.852631	25.856161	25.856161	25.852631	25.845350	25.834858	25.820501	25.803333	25.782301	25.758900	25.731758	25.702703	25.670132	25.636101	25.598850	25.560564	25.519428	25.477608	25.433369	25.388716	25.342110	25.295284	25.246986	25.198591	25.149214	25.099808	25.049906	
25.040131	25.080061	25.119984	25.159306	25.198593	25.236881	25.275063	25.311853	25.348415	25.383202	25.417568	25.449802	25.481365	25.510473	25.538597	25.563993	25.588053	25.609175	25.628586	25.644928	25.659189	25.670334	25.679054	25.684700	25.687635	25.687637	25.684700	25.679056	25.670334	25.659187	25.644926	25.628588	25.609173	25.588053	25.563992	25.538597	25.510471	25.481365	25.449802	25.417568	25.383202	25.348412	25.311855	25.275063	25.236881	25.198591	25.159306	25.119984	25.080059	25.040131	
25.030151	25.060303	25.090149	25.119984	25.149216	25.178402	25.206682	25.234852	25.261818	25.288555	25.313814	25.338676	25.361797	25.384312	25.404861	25.424551	25.442095	25.458502	25.472633	25.485344	25.495714	25.504391	25.510727	25.515125	25.517262	25.517258	25.515129	25.510725	25.504389	25.495712	25.485344	25.472633	25.458504	25.442093	25.424553	25.404861	25.384314	25.361797	25.338676	25.313812	25.288555	25.261818	25.234852	25.206682	25.178402	25.149216	25.119984	25.090145	25.060299	25.030151	
25.020168	25.040236	25.060299	25.080061	25.099808	25.119047	25.138239	25.156725	25.175104	25.192581	25.209858	25.226055	25.241920	25.256544	25.270683	25.283442	25.295538	25.306149	25.315908	25.324118	25.331289	25.336887	25.341270	25.344109	25.345583	25.345585	25.344109	25.341270	25.336887	25.331287	25.324116	25.315908	25.306149	25.295538	25.283442	25.270683	25.256546	25.241920	25.226053	25.209858	25.192581	25.175102	25.156727	25.138241	25.119047	25.099808	25.080059	25.060301	25.040234	25.020168	
25.010086	25.020168	25.030151	25.040131	25.049906	25.059669	25.069128	25.078548	25.087566	25.096512	25.104959	25.113276	25.121010	25.128538	25.135410	25.141998	25.147863	25.153353	25.158077	25.162331	25.165798	25.168701	25.170820	25.172291	25.173006	25.173004	25.172291	25.170820	25.168701	25.165796	25.162329	25.158077	25.153351	25.147863	25.141996	25.135410	25.128540	25.121008	25.113274	25.104958	25.096512	25.087566	25.078548	25.069128	25.059669	25.049906	25.040131	25.030151	25.020168	25.010084	
