25.011139	25.022213	25.033392	25.044369	25.055542	25.066380	25.077469	25.088078	25.098961	25.109222	25.119720	25.129459	25.139359	25.148365	25.157404	25.165436	25.173340	25.180151	25.186646	25.191999	25.196838	25.200531	25.203518	25.205404	25.206415	25.206413	25.205402	25.203518	25.200529	25.196838	25.191999	25.186646	25.180151	25.173342	25.165434	25.157404	25.148361	25.139359	25.129457	25.119720	25.109219	25.098961	25.088078	25.077469	25.066378	25.055544	25.044369	25.033390	25.022213	25.011139	
25.022213	25.044533	25.066589	25.088947	25.110771	25.133049	25.154520	25.176517	25.197422	25.218843	25.238892	25.259340	25.278141	25.297136	25.314234	25.331240	25.346144	25.360603	25.372820	25.384205	25.393295	25.401157	25.406765	25.410782	25.412678	25.412678	25.410784	25.406761	25.401157	25.393293	25.384205	25.372820	25.360601	25.346142	25.331240	25.314232	25.297136	25.278137	25.259340	25.238888	25.218845	25.197422	25.176517	25.154516	25.133049	25.110771	25.088947	25.066587	25.044533	25.022213	
25.033390	25.066587	25.100092	25.133011	25.166491	25.198984	25.232212	25.264034	25.296635	25.327408	25.358871	25.388077	25.417732	25.444740	25.471825	25.495914	25.519596	25.540024	25.559483	25.575537	25.590034	25.601109	25.610058	25.615715	25.618740	25.618744	25.615713	25.610062	25.601109	25.590034	25.575537	25.559483	25.540024	25.519596	25.495913	25.471825	25.444740	25.417736	25.388075	25.358871	25.327406	25.296638	25.264030	25.232212	25.198982	25.166491	25.133007	25.100094	25.066586	25.033390	
25.044369	25.088945	25.133007	25.177654	25.221266	25.265743	25.308647	25.352562	25.394346	25.437107	25.477173	25.517990	25.555567	25.593481	25.627659	25.661600	25.691391	25.720245	25.744671	25.767391	25.785561	25.801254	25.812462	25.820478	25.824270	25.824265	25.820480	25.812458	25.801254	25.785561	25.767391	25.744671	25.720247	25.691387	25.661600	25.627657	25.593483	25.555563	25.517990	25.477167	25.437107	25.394341	25.352562	25.308643	25.265743	25.221264	25.177654	25.133007	25.088945	25.044371	
25.055542	25.110771	25.166492	25.221266	25.276939	25.331015	25.386259	25.439222	25.493423	25.544647	25.596939	25.645563	25.694853	25.739820	25.784828	25.824940	25.864292	25.898306	25.930637	25.957375	25.981461	25.999905	26.014778	26.024193	26.029222	26.029224	26.024189	26.014778	25.999905	25.981462	25.957371	25.930639	25.898304	25.864292	25.824938	25.784828	25.739819	25.694855	25.645561	25.596941	25.544640	25.493423	25.439219	25.386259	25.331013	25.276939	25.221264	25.166492	25.110771	25.055544	
25.066380	25.133049	25.198984	25.265743	25.331013	25.397514	25.461735	25.527382	25.589935	25.653845	25.713837	25.774834	25.831108	25.887758	25.938946	25.989653	26.034275	26.077383	26.113972	26.147911	26.175125	26.198570	26.215359	26.227335	26.233009	26.233007	26.227333	26.215353	26.198570	26.175123	26.147909	26.113966	26.077383	26.034273	25.989655	25.938942	25.887760	25.831102	25.774836	25.713831	25.653847	25.589931	25.527382	25.461735	25.397514	25.331013	25.265745	25.198982	25.133051	25.066380	
25.077465	25.154518	25.232212	25.308643	25.386261	25.461735	25.538731	25.612671	25.688194	25.759720	25.832573	25.900478	25.969137	26.031944	26.094631	26.150658	26.205463	26.252979	26.298004	26.335352	26.368895	26.394661	26.415371	26.428524	26.435528	26.435528	26.428520	26.415371	26.394657	26.368895	26.335348	26.298004	26.252974	26.205463	26.150658	26.094631	26.031940	25.969137	25.900473	25.832573	25.759712	25.688196	25.612667	25.538731	25.461733	25.386261	25.308643	25.232214	25.154518	25.077469	
25.088078	25.176516	25.264030	25.352564	25.439220	25.527384	25.612671	25.699680	25.782766	25.867458	25.947157	26.027973	26.102743	26.177792	26.245813	26.312979	26.372282	26.429375	26.477999	26.522949	26.559122	26.590168	26.612482	26.628342	26.635885	26.635883	26.628342	26.612478	26.590170	26.559120	26.522949	26.477997	26.429375	26.372276	26.312981	26.245811	26.177795	26.102741	26.027973	25.947151	25.867458	25.782764	25.699678	25.612667	25.527384	25.439220	25.352566	25.264030	25.176517	25.088078	
25.098959	25.197422	25.296638	25.394342	25.493425	25.589935	25.688194	25.782768	25.879128	25.970627	26.063560	26.150448	26.238016	26.318390	26.398331	26.470039	26.539917	26.600735	26.658138	26.705944	26.748709	26.781691	26.808090	26.824930	26.833858	26.833858	26.824928	26.808090	26.781689	26.748709	26.705944	26.658140	26.600731	26.539917	26.470036	26.398329	26.318386	26.238018	26.150444	26.063560	25.970623	25.879128	25.782764	25.688198	25.589931	25.493425	25.394341	25.296638	25.197422	25.098961	
25.109222	25.218845	25.327408	25.437109	25.544643	25.653847	25.759716	25.867458	25.970627	26.075470	26.174452	26.274479	26.367355	26.460232	26.544733	26.627840	26.701517	26.772152	26.832569	26.888176	26.933128	26.971531	26.999260	27.018879	27.028254	27.028250	27.018881	26.999260	26.971535	26.933126	26.888178	26.832569	26.772152	26.701515	26.627836	26.544727	26.460228	26.367352	26.274481	26.174450	26.075470	25.970623	25.867458	25.759714	25.653849	25.544641	25.437109	25.327404	25.218845	25.109221	
25.119720	25.238890	25.358870	25.477169	25.596941	25.713835	25.832575	25.947155	26.063560	26.174452	26.286690	26.392014	26.497749	26.595194	26.691700	26.778652	26.863001	26.936752	27.006037	27.064013	27.115625	27.155626	27.187489	27.207912	27.218685	27.218689	27.207911	27.187489	27.155626	27.115627	27.064014	27.006039	26.936749	26.862999	26.778648	26.691700	26.595188	26.497749	26.392012	26.286692	26.174450	26.063562	25.947153	25.832573	25.713833	25.596941	25.477165	25.358871	25.238888	25.119720	
25.129459	25.259342	25.388075	25.517992	25.645561	25.774837	25.900475	26.027973	26.150448	26.274479	26.392015	26.510315	26.620625	26.730444	26.830826	26.929081	27.016609	27.100113	27.171892	27.237623	27.291031	27.336426	27.369373	27.392563	27.403702	27.403702	27.392563	27.369373	27.336426	27.291033	27.237621	27.171894	27.100109	27.016609	26.929079	26.830822	26.730446	26.620621	26.510319	26.392012	26.274481	26.150444	26.027975	25.900473	25.774837	25.645559	25.517992	25.388073	25.259342	25.129459	
25.139359	25.278137	25.417736	25.555563	25.694857	25.831104	25.969139	26.102741	26.238016	26.367355	26.497746	26.620623	26.743433	26.857138	26.969208	27.070686	27.168621	27.254700	27.335140	27.402813	27.462729	27.509424	27.546408	27.570251	27.582758	27.582758	27.570248	27.546410	27.509422	27.462729	27.402813	27.335140	27.254700	27.168619	27.070683	26.969208	26.857134	26.743431	26.620621	26.497749	26.367353	26.238018	26.102739	25.969139	25.831100	25.694855	25.555561	25.417734	25.278137	25.139359	
25.148365	25.297134	25.444740	25.593483	25.739819	25.887760	26.031942	26.177794	26.318390	26.460228	26.595192	26.730444	26.857136	26.982664	27.097977	27.210262	27.310829	27.406242	27.488720	27.563820	27.625195	27.677053	27.714916	27.741409	27.754210	27.754208	27.741409	27.714914	27.677055	27.625193	27.563820	27.488720	27.406239	27.310823	27.210258	27.097973	26.982664	26.857134	26.730446	26.595190	26.460230	26.318386	26.177795	26.031939	25.887760	25.739815	25.593483	25.444740	25.297134	25.148365	
25.157404	25.314236	25.471827	25.627657	25.784832	25.938946	26.094631	26.245813	26.398329	26.544733	26.691698	26.830824	26.969208	27.097977	27.224232	27.339172	27.449488	27.547001	27.637596	27.714264	27.781738	27.834641	27.876293	27.903305	27.917389	27.917389	27.903301	27.876293	27.834641	27.781738	27.714260	27.637596	27.546997	27.449486	27.339169	27.224232	27.097973	26.969208	26.830822	26.691700	26.544731	26.398331	26.245811	26.094631	25.938944	25.784828	25.627659	25.471827	25.314236	25.157404	
25.165436	25.331240	25.495914	25.661598	25.824940	25.989656	26.150661	26.312981	26.470039	26.627836	26.778652	26.929077	27.070686	27.210260	27.339172	27.464001	27.576447	27.682503	27.774733	27.858202	27.926838	27.984474	28.026817	28.056257	28.070568	28.070572	28.056255	28.026814	27.984472	27.926836	27.858204	27.774731	27.682503	27.576443	27.464001	27.339169	27.210260	27.070683	26.929077	26.778652	26.627840	26.470039	26.312981	26.150660	25.989656	25.824940	25.661602	25.495916	25.331240	25.165436	
25.173342	25.346144	25.519596	25.691391	25.864292	26.034275	26.205465	26.372284	26.539915	26.701519	26.862997	27.016609	27.168619	27.310829	27.449486	27.576447	27.697578	27.805302	27.904768	27.989470	28.063547	28.121998	28.167721	28.197563	28.213028	28.213024	28.197565	28.167719	28.121996	28.063547	27.989468	27.904770	27.805296	27.697577	27.576443	27.449486	27.310825	27.168619	27.016609	26.862999	26.701519	26.539917	26.372282	26.205463	26.034277	25.864292	25.691391	25.519598	25.346144	25.173340	
25.180151	25.360603	25.540024	25.720247	25.898306	26.077385	26.252977	26.429373	26.600735	26.772148	26.936754	27.100109	27.254702	27.406239	27.547001	27.682503	27.805302	27.920406	28.021143	28.111725	28.186693	28.249239	28.295490	28.327438	28.343075	28.343073	28.327436	28.295490	28.249237	28.186693	28.111725	28.021141	27.920406	27.805298	27.682499	27.546997	27.406239	27.254700	27.100109	26.936750	26.772150	26.600733	26.429375	26.252979	26.077385	25.898306	25.720249	25.540024	25.360603	25.180151	
25.186646	25.372820	25.559483	25.744669	25.930639	26.113966	26.298004	26.477999	26.658136	26.832571	27.006039	27.171894	27.335140	27.488718	27.637596	27.774731	27.904768	28.021141	28.127907	28.219421	28.298927	28.362080	28.411150	28.443398	28.459991	28.459991	28.443399	28.411148	28.362080	28.298925	28.219418	28.127909	28.021141	27.904766	27.774731	27.637596	27.488716	27.335140	27.171892	27.006037	26.832569	26.658140	26.477997	26.298004	26.113968	25.930641	25.744669	25.559483	25.372820	25.186646	
25.191999	25.384205	25.575535	25.767391	25.957369	26.147909	26.335350	26.522945	26.705942	26.888174	27.064014	27.237623	27.402813	27.563816	27.714262	27.858200	27.989468	28.111723	28.219421	28.315617	28.395775	28.462191	28.511646	28.545570	28.562286	28.562286	28.545567	28.511642	28.462189	28.395771	28.315619	28.219419	28.111725	27.989470	27.858202	27.714260	27.563820	27.402811	27.237625	27.064013	26.888178	26.705944	26.522947	26.335348	26.147907	25.957371	25.767391	25.575535	25.384205	25.191998	
25.196838	25.393291	25.590034	25.785561	25.981461	26.175121	26.368895	26.559120	26.748711	26.933128	27.115629	27.291035	27.462729	27.625195	27.781738	27.926836	28.063545	28.186695	28.298923	28.395775	28.479342	28.546185	28.597757	28.631891	28.649328	28.649328	28.631889	28.597757	28.546181	28.479340	28.395775	28.298923	28.186693	28.063545	27.926834	27.781736	27.625193	27.462730	27.291035	27.115627	26.933128	26.748709	26.559120	26.368895	26.175125	25.981461	25.785557	25.590036	25.393291	25.196838	
25.200531	25.401157	25.601109	25.801254	25.999903	26.198568	26.394657	26.590168	26.781689	26.971535	27.155628	27.336428	27.509424	27.677053	27.834642	27.984472	28.121998	28.249237	28.362082	28.462191	28.546185	28.615295	28.667122	28.702419	28.719940	28.719940	28.702419	28.667122	28.615295	28.546183	28.462189	28.362080	28.249237	28.121998	27.984470	27.834641	27.677055	27.509424	27.336430	27.155628	26.971533	26.781691	26.590168	26.394661	26.198568	25.999905	25.801254	25.601109	25.401159	25.200529	
25.203518	25.406763	25.610058	25.812460	26.014776	26.215355	26.415369	26.612482	26.808092	26.999260	27.187489	27.369375	27.546408	27.714916	27.876291	28.026817	28.167719	28.295490	28.411150	28.511644	28.597757	28.667122	28.720263	28.755686	28.773651	28.773651	28.755684	28.720263	28.667122	28.597757	28.511646	28.411148	28.295490	28.167719	28.026814	27.876291	27.714918	27.546410	27.369375	27.187492	26.999260	26.808092	26.612482	26.415369	26.215355	26.014774	25.812460	25.610060	25.406763	25.203518	
25.205402	25.410782	25.615711	25.820478	26.024191	26.227333	26.428522	26.628342	26.824932	27.018881	27.207912	27.392565	27.570251	27.741409	27.903305	28.056257	28.197565	28.327438	28.443399	28.545568	28.631891	28.702419	28.755686	28.791706	28.809711	28.809713	28.791706	28.755684	28.702419	28.631889	28.545567	28.443399	28.327438	28.197565	28.056257	27.903305	27.741407	27.570251	27.392563	27.207914	27.018881	26.824932	26.628342	26.428524	26.227331	26.024191	25.820477	25.615715	25.410782	25.205402	
25.206413	25.412676	25.618742	25.824265	26.029221	26.233007	26.435528	26.635885	26.833860	27.028255	27.218687	27.403700	27.582756	27.754208	27.917391	28.070572	28.213028	28.343073	28.459991	28.562286	28.649328	28.719940	28.773651	28.809715	28.827873	28.827873	28.809713	28.773653	28.719940	28.649330	28.562288	28.459990	28.343075	28.213026	28.070572	27.917389	27.754208	27.582758	27.403702	27.218687	27.028254	26.833858	26.635885	26.435528	26.233007	26.029221	25.824266	25.618740	25.412676	25.206413	
25.206413	25.412676	25.618742	25.824265	26.029221	26.233007	26.435528	26.635885	26.833860	27.028255	27.218687	27.403700	27.582756	27.754208	27.917391	28.070572	28.213028	28.343073	28.459991	28.562286	28.649328	28.719940	28.773651	28.809715	28.827873	28.827873	28.809713	28.773653	28.719940	28.649330	28.562288	28.459990	28.343075	28.213026	28.070572	27.917389	27.754208	27.582758	27.403702	27.218687	27.028254	26.833858	26.635885	26.435528	26.233007	26.029221	25.824266	25.618740	25.412676	25.206413	
25.205402	25.410782	25.615711	25.820478	26.024191	26.227333	26.428522	26.628342	26.824932	27.018881	27.207912	27.392565	27.570251	27.741409	27.903305	28.056257	28.197565	28.327438	28.443399	28.545568	28.631891	28.702419	28.755686	28.791706	28.809711	28.809713	28.791706	28.755684	28.702419	28.631889	28.545567	28.443399	28.327438	28.197565	28.056257	27.903305	27.741407	27.570251	27.392563	27.207914	27.018881	26.824932	26.628342	26.428524	26.227331	26.024191	25.820477	25.615715	25.410782	25.205402	
25.203518	25.406763	25.610058	25.812460	26.014776	26.215355	26.415369	26.612482	26.808092	26.999260	27.187489	27.369375	27.546408	27.714916	27.876291	28.026817	28.167719	28.295490	28.411150	28.511644	28.597757	28.667122	28.720263	28.755686	28.773651	28.773651	28.755684	28.720263	28.667122	28.597757	28.511646	28.411148	28.295490	28.167719	28.026814	27.876291	27.714918	27.546410	27.369375	27.187492	26.999260	26.808092	26.612482	26.415369	26.215355	26.014774	25.812460	25.610060	25.406763	25.203518	
25.200531	25.401157	25.601109	25.801254	25.999903	26.198568	26.394657	26.590168	26.781689	26.971535	27.155628	27.336428	27.509424	27.677053	27.834642	27.984472	28.121998	28.249237	28.362082	28.462191	28.546185	28.615295	28.667122	28.702419	28.719940	28.719940	28.702419	28.667122	28.615295	28.546183	28.462189	28.362080	28.249237	28.121998	27.984470	27.834641	27.677055	27.509424	27.336430	27.155628	26.971533	26.781691	26.590168	26.394661	26.198568	25.999905	25.801254	25.601109	25.401159	25.200529	
25.196838	25.393291	25.590034	25.785561	25.981461	26.175121	26.368895	26.559120	26.748711	26.933128	27.115629	27.291035	27.462729	27.625195	27.781738	27.926836	28.063545	28.186695	28.298923	28.395775	28.479342	28.546185	28.597757	28.631891	28.649328	28.649328	28.631889	28.597757	28.546181	28.479340	28.395775	28.298923	28.186693	28.063545	27.926834	27.781736	27.625193	27.462730	27.291035	27.115627	26.933128	26.748709	26.559120	26.368895	26.175125	25.981461	25.785557	25.590036	25.393291	25.196838	
25.191999	25.384205	25.575535	25.767391	25.957369	26.147909	26.335350	26.522945	26.705942	26.888174	27.064014	27.237623	27.402813	27.563816	27.714262	27.858200	27.989468	28.111723	28.219421	28.315617	28.395775	28.462191	28.511646	28.545570	28.562286	28.562286	28.545567	28.511642	28.462189	28.395771	28.315619	28.219419	28.111725	27.989470	27.858202	27.714260	27.563820	27.402811	27.237625	27.064013	26.888178	26.705944	26.522947	26.335348	26.147907	25.957371	25.767391	25.575535	25.384205	25.191998	
25.186646	25.372820	25.559483	25.744669	25.930639	26.113966	26.298004	26.477999	26.658136	26.832571	27.006039	27.171894	27.335140	27.488718	27.637596	27.774731	27.904768	28.021141	28.127907	28.219421	28.298927	28.362080	28.411150	28.443398	28.459991	28.459991	28.443399	28.411148	28.362080	28.298925	28.219418	28.127909	28.021141	27.904766	27.774731	27.637596	27.488716	27.335140	27.171892	27.006037	26.832569	26.658140	26.477997	26.298004	26.113968	25.930641	25.744669	25.559483	25.372820	25.186646	
25.180151	25.360603	25.540024	25.720247	25.898306	26.077385	26.252977	26.429373	26.600735	26.772148	26.936754	27.100109	27.254702	27.406239	27.547001	27.682503	27.805302	27.920406	28.021143	28.111725	28.186693	28.249239	28.295490	28.327438	28.343075	28.343073	28.327436	28.295490	28.249237	28.186693	28.111725	28.021141	27.920406	27.805298	27.682499	27.546997	27.406239	27.254700	27.100109	26.936750	26.772150	26.600733	26.429375	26.252979	26.077385	25.898306	25.720249	25.540024	25.360603	25.180151	
25.173342	25.346144	25.519596	25.691391	25.864292	26.034275	26.205465	26.372284	26.539915	26.701519	26.862997	27.016609	27.168619	27.310829	27.449486	27.576447	27.697578	27.805302	27.904768	27.989470	28.063547	28.121998	28.167721	28.197563	28.213028	28.213024	28.197565	28.167719	28.121996	28.063547	27.989468	27.904770	27.805296	27.697577	27.576443	27.449486	27.310825	27.168619	27.016609	26.862999	26.701519	26.539917	26.372282	26.205463	26.034277	25.864292	25.691391	25.519598	25.346144	25.173340	
25.165436	25.331240	25.495914	25.661598	25.824940	25.989656	26.150661	26.312981	26.470039	26.627836	26.778652	26.929077	27.070686	27.210260	27.339172	27.464001	27.576447	27.682503	27.774733	27.858202	27.926838	27.984474	28.026817	28.056257	28.070568	28.070572	28.056255	28.026814	27.984472	27.926836	27.858204	27.774731	27.682503	27.576443	27.464001	27.339169	27.210260	27.070683	26.929077	26.778652	26.627840	26.470039	26.312981	26.150660	25.989656	25.824940	25.661602	25.495916	25.331240	25.165436	
25.157404	25.314236	25.471827	25.627657	25.784832	25.938946	26.094631	26.245813	26.398329	26.544733	26.691698	26.830824	26.969208	27.097977	27.224232	27.339172	27.449488	27.547001	27.637596	27.714264	27.781738	27.834641	27.876293	27.903305	27.917389	27.917389	27.903301	27.876293	27.834641	27.781738	27.714260	27.637596	27.546997	27.449486	27.339169	27.224232	27.097973	26.969208	26.830822	26.691700	26.544731	26.398331	26.245811	26.094631	25.938944	25.784828	25.627659	25.471827	25.314236	25.157404	
25.148365	25.297134	25.444740	25.593483	25.739819	25.887760	26.031942	26.177794	26.318390	26.460228	26.595192	26.730444	26.857136	26.982664	27.097977	27.210262	27.310829	27.406242	27.488720	27.563820	27.625195	27.677053	27.714916	27.741409	27.754210	27.754208	27.741409	27.714914	27.677055	27.625193	27.563820	27.488720	27.406239	27.310823	27.210258	27.097973	26.982664	26.857134	26.730446	26.595190	26.460230	26.318386	26.177795	26.031939	25.887760	25.739815	25.593483	25.444740	25.297134	25.148365	
25.139359	25.278137	25.417736	25.555563	25.694857	25.831104	25.969139	26.102741	26.238016	26.367355	26.497746	26.620623	26.743433	26.857138	26.969208	27.070686	27.168621	27.254700	27.335140	27.402813	27.462729	27.509424	27.546408	27.570251	27.582758	27.582758	27.570248	27.546410	27.509422	27.462729	27.402813	27.335140	27.254700	27.168619	27.070683	26.969208	26.857134	26.743431	26.620621	26.497749	26.367353	26.238018	26.102739	25.969139	25.831100	25.694855	25.555561	25.417734	25.278137	25.139359	
25.129459	25.259342	25.388075	25.517992	25.645561	25.774837	25.900475	26.027973	26.150448	26.274479	26.392015	26.510315	26.620625	26.730444	26.830826	26.929081	27.016609	27.100113	27.171892	27.237623	27.291031	27.336426	27.369373	27.392563	27.403702	27.403702	27.392563	27.369373	27.336426	27.291033	27.237621	27.171894	27.100109	27.016609	26.929079	26.830822	26.730446	26.620621	26.510319	26.392012	26.274481	26.150444	26.027975	25.900473	25.774837	25.645559	25.517992	25.388073	25.259342	25.129459	
25.119720	25.238890	25.358870	25.477169	25.596941	25.713835	25.832575	25.947155	26.063560	26.174452	26.286690	26.392014	26.497749	26.595194	26.691700	26.778652	26.863001	26.936752	27.006037	27.064013	27.115625	27.155626	27.187489	27.207912	27.218685	27.218689	27.207911	27.187489	27.155626	27.115627	27.064014	27.006039	26.936749	26.862999	26.778648	26.691700	26.595188	26.497749	26.392012	26.286692	26.174450	26.063562	25.947153	25.832573	25.713833	25.596941	25.477165	25.358871	25.238888	25.119720	
25.109222	25.218845	25.327408	25.437109	25.544643	25.653847	25.759716	25.867458	25.970627	26.075470	26.174452	26.274479	26.367355	26.460232	26.544733	26.627840	26.701517	26.772152	26.832569	26.888176	26.933128	26.971531	26.999260	27.018879	27.028254	27.028250	27.018881	26.999260	26.971535	26.933126	26.888178	26.832569	26.772152	26.701515	26.627836	26.544727	26.460228	26.367352	26.274481	26.174450	26.075470	25.970623	25.867458	25.759714	25.653849	25.544641	25.437109	25.327404	25.218845	25.109221	
25.098959	25.197422	25.296638	25.394342	25.493425	25.589935	25.688194	25.782768	25.879128	25.970627	26.063560	26.150448	26.238016	26.318390	26.398331	26.470039	26.539917	26.600735	26.658138	26.705944	26.748709	26.781691	26.808090	26.824930	26.833858	26.833858	26.824928	26.808090	26.781689	26.748709	26.705944	26.658140	26.600731	26.539917	26.470036	26.398329	26.318386	26.238018	26.150444	26.063560	25.970623	25.879128	25.782764	25.688198	25.589931	25.493425	25.394341	25.296638	25.197422	25.098961	
25.088078	25.176516	25.264030	25.352564	25.439220	25.527384	25.612671	25.699680	25.782766	25.867458	25.947157	26.027973	26.102743	26.177792	26.245813	26.312979	26.372282	26.429375	26.477999	26.522949	26.559122	26.590168	26.612482	26.628342	26.635885	26.635883	26.628342	26.612478	26.590170	26.559120	26.522949	26.477997	26.429375	26.372276	26.312981	26.245811	26.177795	26.102741	26.027973	25.947151	25.867458	25.782764	25.699678	25.612667	25.527384	25.439220	25.352566	25.264030	25.176517	25.088078	
25.077465	25.154518	25.232212	25.308643	25.386261	25.461735	25.538731	25.612671	25.688194	25.759720	25.832573	25.900478	25.969137	26.031944	26.094631	26.150658	26.205463	26.252979	26.298004	26.335352	26.368895	26.394661	26.415371	26.428524	26.435528	26.435528	26.428520	26.415371	26.394657	26.368895	26.335348	26.298004	26.252974	26.205463	26.150658	26.094631	26.031940	25.969137	25.900473	25.832573	25.759712	25.688196	25.612667	25.538731	25.461733	25.386261	25.308643	25.232214	25.154518	25.077469	
25.066380	25.133049	25.198984	25.265743	25.331013	25.397514	25.461735	25.527382	25.589935	25.653845	25.713837	25.774834	25.831108	25.887758	25.938946	25.989653	26.034275	26.077383	26.113972	26.147911	26.175125	26.198570	26.215359	26.227335	26.233009	26.233007	26.227333	26.215353	26.198570	26.175123	26.147909	26.113966	26.077383	26.034273	25.989655	25.938942	25.887760	25.831102	25.774836	25.713831	25.653847	25.589931	25.527382	25.461735	25.397514	25.331013	25.265745	25.198982	25.133051	25.066380	
25.055542	25.110771	25.166492	25.221266	25.276939	25.331015	25.386259	25.439222	25.493423	25.544647	25.596939	25.645563	25.694853	25.739820	25.784828	25.824940	25.864292	25.898306	25.930637	25.957375	25.981461	25.999905	26.014778	26.024193	26.029222	26.029224	26.024189	26.014778	25.999905	25.981462	25.957371	25.930639	25.898304	25.864292	25.824938	25.784828	25.739819	25.694855	25.645561	25.596941	25.544640	25.493423	25.439219	25.386259	25.331013	25.276939	25.221264	25.166492	25.110771	25.055544	
25.044369	25.088945	25.133007	25.177654	25.221266	25.265743	25.308647	25.352562	25.394346	25.437107	25.477173	25.517990	25.555567	25.593481	25.627659	25.661600	25.691391	25.720245	25.744671	25.767391	25.785561	25.801254	25.812462	25.820478	25.824270	25.824265	25.820480	25.812458	25.801254	25.785561	25.767391	25.744671	25.720247	25.691387	25.661600	25.627657	25.593483	25.555563	25.517990	25.477167	25.437107	25.394341	25.352562	25.308643	25.265743	25.221264	25.177654	25.133007	25.088945	25.044371	
25.033390	25.066587	25.100092	25.133011	25.166491	25.198984	25.232212	25.264034	25.296635	25.327408	25.358871	25.388077	25.417732	25.444740	25.471825	25.495914	25.519596	25.540024	25.559483	25.575537	25.590034	25.601109	25.610058	25.615715	25.618740	25.618744	25.615713	25.610062	25.601109	25.590034	25.575537	25.559483	25.540024	25.519596	25.495913	25.471825	25.444740	25.417736	25.388075	25.358871	25.327406	25.296638	25.264030	25.232212	25.198982	25.166491	25.133007	25.100094	25.066586	25.033390	
25.022213	25.044533	25.066589	25.088947	25.110771	25.133049	25.154520	25.176517	25.197422	25.218843	25.238892	25.259340	25.278141	25.297136	25.314234	25.331240	25.346144	25.360603	25.372820	25.384205	25.393295	25.401157	25.406765	25.410782	25.412678	25.412678	25.410784	25.406761	25.401157	25.393293	25.384205	25.372820	25.360601	25.346142	25.331240	25.314232	25.297136	25.278137	25.259340	25.238888	25.218845	25.197422	25.176517	25.154516	25.133049	25.110771	25.088947	25.066587	25.044533	25.022213	
25.011139	25.022213	25.033392	25.044369	25.055542	25.066380	25.077469	25.088078	25.098961	25.109222	25.119720	25.129459	25.139359	25.148365	25.157404	25.165436	25.173340	25.180151	25.186646	25.191999	25.196838	25.200531	25.203518	25.205404	25.206415	25.206413	25.205402	25.203518	25.200529	25.196838	25.191999	25.186646	25.180151	25.173342	25.165434	25.157404	25.148361	25.139359	25.129457	25.119720	25.109219	25.098961	25.088078	25.077469	25.066378	25.055544	25.044369	25.033390	25.022213	25.011139	
