49.999519	69.764374	79.059914	84.149231	87.286362	89.396523	90.909103	92.045738	92.931183	93.640770	94.222603	94.708801	95.121681	95.477142	95.786957	96.059891	96.302696	96.520645	96.717903	96.897797	97.063072	97.215927	97.358246	97.491539	97.617142	97.736160	97.849533	97.958069	98.062477	98.163376	98.261276	98.356636	98.449875	98.541313	98.631279	98.720009	98.807755	98.894691	98.981003	99.066833	99.152267	99.237442	99.322418	99.407242	99.491997	99.576691	99.661362	99.746025	99.830681	99.915337	
30.233696	49.998074	62.326077	70.250626	75.599731	79.390640	82.194199	84.342690	86.038254	87.409332	88.540863	89.490997	90.300781	91.000031	91.610832	92.149956	92.630310	93.062042	93.453201	93.810295	94.138596	94.442482	94.725533	94.990845	95.240944	95.478027	95.703949	95.920326	96.128540	96.329803	96.525146	96.715485	96.901581	97.084167	97.263817	97.441071	97.616364	97.790070	97.962555	98.134071	98.304855	98.475113	98.644989	98.814598	98.984070	99.153427	99.322754	99.492050	99.661362	99.830673	
20.937202	37.668175	49.995697	58.927513	65.471344	70.372147	74.134399	77.092621	79.469864	81.417526	83.040604	84.413589	85.590530	86.611435	87.506485	88.298882	89.006660	89.644119	90.222702	90.751678	91.238663	91.689926	92.110733	92.505455	92.877884	93.231163	93.568047	93.890862	94.201691	94.502266	94.794144	95.078629	95.356934	95.630043	95.898880	96.164169	96.426613	96.686775	96.945137	97.202103	97.458046	97.713226	97.967865	98.222176	98.476257	98.730255	98.984177	99.238113	99.492050	99.746017	
15.846949	29.741734	41.061066	49.992416	56.986061	62.492241	66.878723	70.423599	73.331169	75.750412	77.790535	79.532356	81.036438	82.348824	83.504967	84.532555	85.453468	86.285225	87.041946	87.735237	88.374619	88.968040	89.522141	90.042595	90.534126	91.000885	91.446358	91.873604	92.285248	92.683609	93.070656	93.448151	93.817612	94.180374	94.537590	94.890289	95.239296	95.585403	95.929214	96.271309	96.612076	96.951958	97.291191	97.630020	97.968643	98.307144	98.645653	98.984169	99.322746	99.661354	
12.708878	24.390770	34.514458	42.995102	49.988285	55.732140	60.464737	64.392044	67.680901	70.462563	72.838928	74.889008	76.674217	78.242630	79.632187	80.873108	81.989670	83.001541	83.924866	84.772911	85.556763	86.285675	86.967484	87.608833	88.215424	88.792114	89.343140	89.872162	90.382339	90.876465	91.356949	91.825912	92.285202	92.736435	93.181046	93.620239	94.055092	94.486481	94.915215	95.341934	95.767204	96.191437	96.615021	97.038208	97.461205	97.884155	98.307144	98.730247	99.153419	99.576691	
10.597810	20.598047	29.610943	37.485298	44.239960	49.983368	54.856186	58.999023	62.538002	65.580162	68.213806	70.510735	72.528992	74.315506	75.908295	77.338272	78.630783	79.806702	80.883316	81.875076	82.794113	83.650711	84.453560	85.210152	85.926880	86.609306	87.262238	87.889839	88.495781	89.083252	89.655045	90.213623	90.761108	91.299408	91.830170	92.354797	92.874527	93.390434	93.903412	94.414230	94.923492	95.431755	95.939377	96.446693	96.953918	97.461197	97.968643	98.476257	98.984070	99.491989	
9.084333	17.792713	25.846024	33.095299	39.502972	45.105347	49.977741	54.210041	57.892101	61.106483	63.925617	66.411346	68.615776	70.582390	72.347466	73.941193	75.388809	76.711464	77.926949	79.050285	80.094269	81.069809	81.986252	82.851654	83.672997	84.456360	85.206985	85.929535	86.628036	87.306046	87.966682	88.612709	89.246521	89.870224	90.485687	91.094513	91.698067	92.297562	92.894012	93.488266	94.081024	94.672859	95.264214	95.855408	96.446693	97.038208	97.630020	98.222168	98.814590	99.407242	
7.946840	15.642495	22.885227	29.546986	35.571423	40.957428	45.739578	49.971481	53.714081	57.028297	59.971066	62.593563	64.940643	67.051132	68.958298	70.690559	72.272156	73.723770	75.063080	76.305237	77.463272	78.548401	79.570374	80.537613	81.457520	82.336502	83.180237	83.993668	84.781174	85.546600	86.293343	87.024399	87.742393	88.449654	89.148201	89.839798	90.525963	91.208023	91.887085	92.564056	93.239723	93.914665	94.589386	95.264206	95.939377	96.615005	97.291183	97.967865	98.644974	99.322403	
7.060558	13.945259	20.505478	26.636112	32.278427	37.413544	42.051830	46.222458	49.964691	53.321812	56.337090	59.051476	61.502441	63.723537	65.744392	67.590965	69.285873	70.848785	72.296783	73.644753	74.905586	76.090607	77.209656	78.271385	79.283401	80.252380	81.184235	82.084183	82.956833	83.806274	84.636108	85.449547	86.249420	87.038185	87.818039	88.590874	89.358337	90.121826	90.882530	91.641449	92.399376	93.156960	93.914665	94.672867	95.431747	96.191437	96.951950	97.713219	98.475105	99.237442	
6.350163	12.572567	18.555414	24.213671	29.492805	34.366646	38.831978	42.902050	46.600685	49.957466	53.004326	55.773163	58.294479	60.596569	62.705181	64.643463	66.432030	68.089165	69.631020	71.071854	72.424232	73.699265	74.906761	76.055382	77.152817	78.205894	79.220657	80.202507	81.156212	82.086037	82.995758	83.888756	84.767990	85.636070	86.495323	87.347733	88.195061	89.038773	89.880127	90.720146	91.559677	92.399376	93.239716	94.081024	94.923500	95.767197	96.612083	97.458046	98.304848	99.152267	
5.767562	11.439501	16.930040	22.170494	27.112633	31.728485	36.007610	39.953354	43.578804	46.903378	49.949921	52.742752	55.306145	57.663506	59.836754	61.846142	63.710106	65.445328	67.066795	68.587936	70.020775	71.376022	72.663284	73.891113	75.067162	76.198273	77.290565	78.349510	79.380005	80.386421	81.372673	82.342239	83.298187	84.243286	85.179901	86.110146	87.035820	87.958473	88.879410	89.799683	90.720146	91.641449	92.564049	93.488266	94.414223	95.341942	96.271301	97.202103	98.134064	99.066833	
5.280623	10.487909	15.554864	20.425770	25.058947	29.427248	33.516899	37.325218	40.858147	44.127644	47.149624	49.942169	52.524296	54.914993	57.132671	59.194740	61.117455	62.915787	64.603447	66.192902	67.695465	69.121368	70.479843	71.779236	73.027061	74.230080	75.394424	76.525566	77.628471	78.707565	79.766846	80.809868	81.839813	82.859482	83.871361	84.877594	85.880058	86.880341	87.879768	88.879417	89.880119	90.882530	91.887077	92.894005	93.903412	94.915222	95.929222	96.945129	97.962555	98.981003	
4.867060	9.676731	14.375851	18.918940	23.270323	27.404919	31.307762	34.972809	38.401245	41.599819	44.579159	47.352459	49.934330	52.340008	54.584709	56.683243	58.649742	60.497505	62.238895	63.885372	65.447449	66.934769	68.356140	69.719574	71.032394	72.301231	73.532112	74.730515	75.901367	77.049149	78.177887	79.291191	80.392288	81.484047	82.569000	83.649338	84.726990	85.803543	86.880341	87.958473	89.038773	90.121826	91.208023	92.297562	93.390427	94.486473	95.585396	96.686768	97.790070	98.894699	
4.510931	8.976186	13.353004	17.603971	21.698706	25.614580	29.336725	32.857315	36.174587	39.291618	42.215179	44.954632	47.521065	49.926521	52.183464	54.304363	56.301376	58.186203	59.969910	61.662891	63.274857	64.814796	66.291039	67.711227	69.082405	70.411026	71.702988	72.963676	74.198013	75.410446	76.605011	77.785355	78.954727	80.116028	81.271812	82.424347	83.575516	84.726990	85.880066	87.035820	88.195061	89.358330	90.525970	91.698059	92.874519	94.055084	95.239304	96.426613	97.616356	98.807755	
4.200521	8.364173	12.456136	16.445427	20.306156	24.018250	27.567539	30.945499	34.148552	37.177322	40.035755	42.730328	45.269299	47.662102	49.918861	52.049973	54.065853	55.976681	57.792313	59.522121	61.174988	62.759251	64.282700	65.752617	67.175705	68.558212	69.905853	71.223938	72.517281	73.790314	75.047066	76.291153	77.525879	78.754135	79.978516	81.201271	82.424347	83.649338	84.877594	86.110138	87.347733	88.590866	89.839798	91.094490	92.354782	93.620232	94.890274	96.164169	97.441063	98.720009	
3.927032	7.823939	11.662086	15.415625	19.062492	22.584988	25.970024	29.208944	32.297207	35.233795	38.020683	40.662148	43.164253	45.534321	47.780510	49.911461	51.936028	53.863060	55.701252	57.459023	59.144463	60.765259	62.328686	63.841587	65.310371	66.741013	68.139069	69.509682	70.857620	72.187225	73.502502	74.807053	76.104179	77.396797	78.687485	79.978516	81.271805	82.568993	83.871353	85.179901	86.495316	87.818031	89.148186	90.485680	91.830154	93.181046	94.537590	95.898865	97.263817	98.631271	
3.683714	7.342566	10.952791	14.492697	17.943430	21.289494	24.518948	27.623440	30.597946	33.440460	36.151535	38.733868	41.191822	43.531025	45.758041	47.880005	49.904442	51.839005	53.691345	55.469021	57.179352	58.829426	60.425991	61.975487	63.483986	64.957214	66.400520	67.818932	69.217064	70.599243	71.969391	73.331139	74.687721	76.042076	77.396797	78.754135	80.116020	81.484039	82.859482	84.243271	85.636063	87.038162	88.449646	89.870224	91.299408	92.736435	94.180374	95.630043	97.084167	98.541313	
3.465310	6.909924	10.313971	13.659141	16.929300	20.110893	23.193192	26.168308	29.031126	31.779032	34.411659	36.930534	39.338730	41.640568	43.841278	45.946785	47.963448	49.897903	51.756886	53.547134	55.275322	56.947910	58.571198	60.151211	61.693707	63.204155	64.687714	66.149246	67.593300	69.024078	70.445503	71.861130	73.274231	74.687721	76.104179	77.525879	78.954712	80.392288	81.839798	83.298187	84.767975	86.249405	87.742386	89.246513	90.761101	92.285187	93.817604	95.356918	96.901573	98.449875	
3.267654	6.517956	9.734183	12.900812	16.003994	19.031910	21.974968	24.825897	27.579666	30.233387	32.786083	35.238461	37.592632	39.851883	42.020416	44.103127	46.105423	48.033047	49.891937	51.688152	53.427696	55.116550	56.760536	58.365318	59.936344	61.478844	62.997799	64.497917	65.983643	67.459122	68.928207	70.394470	71.861130	73.331131	74.807060	76.291153	77.785347	79.291183	80.809860	82.342224	83.888748	85.449539	87.024391	88.612709	90.213608	91.825905	93.448135	95.078629	96.715469	98.356644	
3.087404	6.160173	9.204159	12.206142	15.154224	18.038099	20.849258	23.581057	26.228725	28.789282	31.261391	33.645184	35.942089	38.154594	40.286083	42.340630	44.322845	46.237717	48.090519	49.886658	51.631634	53.330925	54.989960	56.614059	58.208397	59.777977	61.327606	62.861862	64.385094	65.901398	67.414581	68.928207	70.445496	71.969391	73.502487	75.047066	76.605003	78.177879	79.766838	81.372665	82.995750	84.636101	86.293327	87.966690	89.655029	91.356941	93.070648	94.794128	96.525139	98.261276	
2.921845	5.831287	8.716301	11.565601	14.368937	17.117340	19.803286	22.420780	24.965380	27.434151	29.825569	32.139416	34.376595	36.539021	38.629425	40.651226	42.608383	44.505280	46.346588	48.137199	49.882126	51.586445	53.255219	54.893463	56.506119	58.097977	59.673687	61.237736	62.794376	64.347656	65.901398	67.459106	69.024078	70.599236	72.187225	73.790314	75.410446	77.049141	78.707558	80.386414	82.086029	83.806259	85.546585	87.306038	89.083252	90.876457	92.683601	94.502258	96.329803	98.163376	
2.768747	5.526940	8.264330	10.971249	13.638864	16.259373	18.826153	21.333836	23.778355	26.156906	28.467918	30.710934	32.886528	34.996170	37.042107	39.027237	40.955002	42.829258	44.654213	46.434299	48.174133	49.878418	51.551922	53.199394	54.825562	56.435043	58.032372	59.621925	61.207920	62.794376	64.385086	65.983643	67.593292	69.217064	70.857620	72.517288	74.198013	75.901367	77.628456	79.379997	81.156197	82.956833	84.781166	86.628029	88.495773	90.382339	92.285240	94.201691	96.128540	98.062485	
2.626260	5.243515	7.843001	10.416431	12.956182	15.455479	17.908508	20.310505	22.657787	24.947750	27.178846	29.350512	31.463093	33.517742	35.516350	37.461407	39.355934	41.203392	43.007572	44.772545	46.502583	48.202099	49.875584	51.527580	53.162628	54.785217	56.399769	58.010609	59.621925	61.237732	62.861862	64.497910	66.149246	67.818924	69.509689	71.223938	72.963684	74.730507	76.525558	78.349503	80.202499	82.084183	83.993668	85.929520	87.889832	89.872147	91.873604	93.890862	95.920334	97.958069	
2.492836	4.977974	7.447909	9.895522	12.314244	14.698196	17.042297	19.342342	21.595039	23.798016	25.949808	28.049824	30.098265	32.096088	34.044899	35.946896	37.804771	39.621651	41.401016	43.146629	44.862484	46.552734	48.221684	49.873672	51.513103	53.144371	54.771832	56.399769	58.032372	59.673687	61.327602	62.997799	64.687714	66.400528	68.139069	69.905861	71.702988	73.532120	75.394417	77.290558	79.220657	81.184235	83.180229	85.206978	87.262215	89.343140	91.446350	93.568039	95.703949	97.849533	
2.367172	4.727753	7.075314	9.403740	11.707369	13.981112	16.220547	18.421986	20.582514	22.700016	24.773155	26.801350	28.784754	30.724171	32.621037	34.477303	36.295437	38.078289	39.829098	41.551380	43.248901	44.925629	46.585686	48.233276	49.872711	51.508301	53.144371	54.785217	56.435043	58.097969	59.777981	61.478840	63.204155	64.957214	66.741013	68.558205	70.411026	72.301224	74.230080	76.198273	78.205887	80.252380	82.336502	84.456337	86.609299	88.792107	91.000877	93.231163	95.478020	97.736160	
2.248158	4.490672	6.722032	8.936989	11.130671	13.298683	15.437195	17.542994	19.613529	21.646942	23.642040	25.598328	27.515915	29.395554	31.238533	33.046661	34.822208	36.567844	38.286594	39.981800	41.657043	43.316147	44.963097	46.602013	48.237114	49.872707	51.513100	53.162628	54.825558	56.506119	58.208389	59.936344	61.693703	63.483986	65.310371	67.175705	69.082397	71.032387	73.027046	75.067162	77.152817	79.283394	81.457504	83.672989	85.926865	88.215408	90.534126	92.877884	95.240944	97.617142	
2.134847	4.264863	6.385331	8.491749	10.579934	12.646107	14.686961	16.699722	18.682182	20.632732	22.550362	24.434635	26.285727	28.104321	29.891653	31.649410	33.379730	35.085144	36.768532	38.433075	40.082260	41.719761	43.349495	44.975506	46.602009	48.233273	49.873669	51.527580	53.199398	54.893463	56.614059	58.365311	60.151215	61.975483	63.841583	65.752609	67.711212	69.719566	71.779228	73.891113	76.055374	78.271378	80.537598	82.851639	85.210136	87.608826	90.042587	92.505463	94.990837	97.491539	
2.026425	4.048722	6.062856	8.064977	10.051503	12.019197	13.965222	15.887203	17.783253	19.652010	21.492624	23.304794	25.088711	26.845093	28.575111	30.280399	31.962997	33.625336	35.270187	36.900642	38.520065	40.132092	41.740555	43.349495	44.963085	46.585678	48.221672	49.875580	51.551918	53.255222	54.989952	56.760536	58.571194	60.425995	62.328682	64.282700	66.291023	68.356125	70.479843	72.663277	74.906754	77.209641	79.570358	81.986237	84.453545	86.967484	89.522148	92.110733	94.725540	97.358231	
1.922191	3.840861	5.752569	7.654032	9.542195	11.414297	13.267926	15.101064	16.912125	18.699972	20.463943	22.203835	23.919930	25.612946	27.284067	28.934872	30.567356	32.183868	33.787117	35.380123	36.966194	38.548912	40.132092	41.719757	43.316147	44.925621	46.552734	48.202095	49.878418	51.586433	53.330925	55.116543	56.947914	58.829418	60.765255	62.759239	64.814789	66.934753	69.121353	71.376022	73.699249	76.090599	78.548386	81.069794	83.650696	86.285660	88.968033	91.689926	94.442467	97.215927	
1.821535	3.640077	5.452701	7.256618	9.049234	10.828213	12.591516	14.337450	16.064705	17.772362	19.459925	21.127319	22.774891	24.403423	26.014084	27.608459	29.188496	30.756516	32.315166	33.867435	35.416592	36.966198	38.520065	40.082253	41.657036	43.248898	44.862476	46.502583	48.174126	49.882126	51.631626	53.427696	55.275311	57.179352	59.144459	61.174980	63.274849	65.447433	67.695465	70.020760	72.424232	74.905579	77.463264	80.094269	82.794113	85.556763	88.374611	91.238670	94.138596	97.063072	
1.723929	3.445324	5.161711	6.870730	8.570194	10.258140	11.932861	13.592960	15.237370	16.865383	18.476658	20.071243	21.649574	23.212467	24.761139	26.297153	27.822462	29.339352	30.850460	32.358734	33.867435	35.380127	36.900639	38.433075	39.981792	41.551373	43.146626	44.772541	46.434299	48.137192	49.886662	51.688148	53.547134	55.469017	57.459023	59.522118	61.662880	63.885368	66.192886	68.587936	71.071846	73.644745	76.305237	79.050293	81.875076	84.772911	87.735229	90.751678	93.810295	96.897797	
1.628914	3.255693	4.878255	6.494618	8.102952	9.701617	11.289209	12.864588	14.426915	15.975665	17.510651	19.032040	20.540339	22.036440	23.521564	24.997320	26.465630	27.928795	29.389423	30.850460	32.315170	33.787117	35.270187	36.768528	38.286594	39.829094	41.401012	43.007568	44.654205	46.346588	48.090511	49.891945	51.756878	53.691345	55.701248	57.792313	59.969910	62.238888	64.603447	67.066788	69.631027	72.296783	75.063080	77.926941	80.883316	83.924866	87.041946	90.222702	93.453209	96.717903	
1.536087	3.070388	4.601161	6.126755	7.645648	9.156490	10.658141	12.149693	13.630505	15.100225	16.558805	18.006514	19.443953	20.872051	22.292086	23.705662	25.114731	26.521568	27.928797	29.339355	30.756512	32.183872	33.625336	35.085144	36.567841	38.078289	39.621651	41.203384	42.829254	44.505272	46.237717	48.033043	49.897896	51.838997	53.863060	55.976685	58.186203	60.497505	62.915783	65.445328	68.089165	70.848785	73.723763	76.711472	79.806702	83.001549	86.285217	89.644119	93.062042	96.520645	
1.445101	2.888717	4.329407	5.765801	7.196656	8.620871	10.037535	11.445945	12.845644	14.236425	15.618369	16.991844	18.357521	19.716389	21.069752	22.419235	23.766802	25.114731	26.465635	27.822464	29.188498	30.567354	31.962999	33.379730	34.822212	36.295433	37.804768	39.355927	40.954998	42.608379	44.322838	46.105419	47.963455	49.904438	51.936028	54.065849	56.301384	58.649742	61.117455	63.710106	66.432037	69.285873	72.272156	75.388809	78.630783	81.989662	85.453476	89.006653	92.630310	96.302696	
1.355649	2.710078	4.062098	5.410595	6.754556	8.093104	9.425529	10.751308	12.070137	13.381949	14.686929	15.985535	17.278502	18.566866	19.851961	21.135433	22.419237	23.705662	24.997320	26.297153	27.608459	28.934872	30.280399	31.649412	33.046661	34.477306	35.946888	37.461399	39.027229	40.651222	42.340622	44.103130	45.946781	47.880005	49.911461	52.049973	54.304367	56.683243	59.194740	61.846146	64.643463	67.590965	70.690552	73.941193	77.338272	80.873108	84.532562	88.298882	92.149948	96.059891	
1.267469	2.533944	3.798461	5.060120	6.318113	7.571754	8.820505	10.064001	11.302073	12.534770	13.762369	14.985403	16.204666	17.421227	18.636440	19.851963	21.069754	22.292088	23.521568	24.761139	26.014088	27.284067	28.575115	29.891651	31.238535	32.621033	34.044899	35.516342	37.042103	38.629417	40.286083	42.020412	43.841278	45.758038	47.780506	49.918858	52.183464	54.584709	57.132675	59.836754	62.705185	65.744392	68.958290	72.347458	75.908287	79.632187	83.504974	87.506493	91.610840	95.786957	
1.180332	2.359864	3.537824	4.713499	5.886255	7.055572	8.221058	9.382483	10.539793	11.693132	12.842859	13.989566	15.134086	16.277515	17.421227	18.566868	19.716389	20.872055	22.036438	23.212471	24.403423	25.612949	26.845093	28.104324	29.395550	30.724174	32.096085	33.517738	34.996170	36.539017	38.154591	39.851883	41.640568	43.531025	45.534321	47.662102	49.926521	52.340008	54.914993	57.663506	60.596569	63.723537	67.051125	70.582390	74.315506	78.242630	82.348824	86.611443	91.000031	95.477158	
1.094039	2.187444	3.279609	4.369975	5.458061	6.543483	7.625978	8.705426	9.781870	10.855531	11.926831	12.996407	14.065123	15.134087	16.204668	17.278503	18.357523	19.443953	20.540340	21.649572	22.774897	23.919928	25.088715	26.285725	27.515915	28.784750	30.098267	31.463089	32.886528	34.376595	35.942085	37.592628	39.338730	41.191818	43.164253	45.269299	47.521065	49.934330	52.524292	55.306145	58.294479	61.502441	64.940643	68.615768	72.528992	76.674210	81.036438	85.590530	90.300789	95.121674	
1.008422	2.016351	3.023319	4.028901	5.032742	6.034573	7.034236	8.031703	9.027093	10.020691	11.012962	12.004576	12.996407	13.989567	14.985403	15.985535	16.991844	18.006516	19.032036	20.071243	21.127316	22.203835	23.304790	24.434639	25.598322	26.801352	28.049820	29.350513	30.710930	32.139412	33.645184	35.238457	36.930534	38.733871	40.662148	42.730331	44.954632	47.352459	49.942169	52.742744	55.773163	59.051476	62.593552	66.411346	70.510727	74.889008	79.532349	84.413589	89.490997	94.708801	
0.923337	1.846299	2.768534	3.689728	4.609629	5.528065	6.444963	7.360365	8.274453	9.187551	10.100163	11.012962	11.926832	12.842859	13.762370	14.686930	15.618370	16.558805	17.510651	18.476656	19.459925	20.463942	21.492626	22.550360	23.642044	24.773151	25.949808	27.178844	28.467916	29.825571	31.261387	32.786087	34.411659	36.151539	38.020683	40.035755	42.215176	44.579159	47.149620	49.949921	53.004318	56.337086	59.971062	63.925610	68.213791	72.838928	77.790543	83.040604	88.540863	94.222595	
0.838663	1.677050	2.514901	3.351996	4.188165	5.023314	5.857437	6.690631	7.523117	8.355254	9.187551	10.020692	10.855530	11.693132	12.534770	13.381950	14.236425	15.100226	15.975664	16.865381	17.772362	18.699974	19.652008	20.632732	21.646942	22.700018	23.798012	24.947750	26.156904	27.434151	28.789280	30.233387	31.779034	33.440456	35.233803	37.177322	39.291618	41.599815	44.127647	46.903370	49.957466	53.321808	57.028290	61.106476	65.580162	70.462555	75.750412	81.417526	87.409332	93.640770	
0.754301	1.508404	2.262128	3.015324	3.767891	4.519793	5.271072	6.021868	6.772426	7.523117	8.274453	9.027094	9.781870	10.539793	11.302074	12.070137	12.845644	13.630505	14.426916	15.237371	16.064705	16.912125	17.783253	18.682184	19.613533	20.582516	21.595039	22.657785	23.778353	24.965380	26.228725	27.579666	29.031122	30.597944	32.297203	34.148548	36.174583	38.401245	40.858143	43.578804	46.600677	49.964687	53.714077	57.892094	62.537994	67.680901	73.331169	79.469864	86.038254	92.931183	
0.670168	1.340200	2.009977	2.679406	3.348436	4.017077	4.685405	5.353582	6.021868	6.690631	7.360366	8.031704	8.705426	9.382483	10.064001	10.751308	11.445946	12.149693	12.864590	13.592959	14.337451	15.101064	15.887202	16.699722	17.542995	18.421986	19.342342	20.310505	21.333836	22.420780	23.581057	24.825895	26.168308	27.623436	29.208942	30.945496	32.857315	34.972801	37.325218	39.953350	42.902050	46.222450	49.971481	54.210033	58.999020	64.392029	70.423615	77.092621	84.342690	92.045738	
0.586198	1.172308	1.758258	2.343996	2.929511	3.514839	4.100080	4.685405	5.271072	5.857437	6.444963	7.034236	7.625979	8.221058	8.820505	9.425529	10.037535	10.658142	11.289209	11.932861	12.591516	13.267925	13.965220	14.686960	15.437195	16.220547	17.042297	17.908506	18.826153	19.803284	20.849258	21.974970	23.193190	24.518948	25.970020	27.567541	29.336721	31.307760	33.516891	36.007610	38.831974	42.051830	45.739571	49.977737	54.856178	60.464737	66.878723	74.134407	82.194199	90.909111	
0.502339	1.004628	1.506824	2.008909	2.510894	3.012835	3.514839	4.017077	4.519793	5.023314	5.528065	6.034573	6.543483	7.055572	7.571754	8.093104	8.620871	9.156492	9.701617	10.258140	10.828213	11.414296	12.019196	12.646106	13.298683	13.981111	14.698195	15.455479	16.259373	17.117340	18.038097	19.031908	20.110893	21.289488	22.584990	24.018244	25.614582	27.404915	29.427248	31.728477	34.366646	37.413536	40.957428	45.105339	49.983372	55.732132	62.492245	70.372139	79.390640	89.396523	
0.418554	0.837082	1.255566	1.674005	2.092427	2.510894	2.929511	3.348436	3.767891	4.188165	4.609629	5.032742	5.458062	5.886255	6.318112	6.754556	7.196656	7.645648	8.102953	8.570194	9.049234	9.542194	10.051502	10.579934	11.130670	11.707368	12.314243	12.956181	13.638864	14.368935	15.154223	16.003992	16.929298	17.943430	19.062489	20.306156	21.698700	23.270321	25.058943	27.112633	29.492802	32.278427	35.571415	39.502972	44.239952	49.988289	56.986061	65.471352	75.599731	87.286369	
0.334813	0.669616	1.004405	1.339191	1.674005	2.008909	2.343996	2.679406	3.015324	3.351996	3.689728	4.028902	4.369975	4.713499	5.060120	5.410595	5.765801	6.126755	6.494618	6.870729	7.256618	7.654032	8.064976	8.491749	8.936989	9.403739	9.895521	10.416430	10.971247	11.565599	12.206142	12.900810	13.659142	14.492695	15.415624	16.445423	17.603970	18.918934	20.425766	22.170490	24.213669	26.636108	29.546982	33.095295	37.485306	42.995098	49.992420	58.927513	70.250641	84.149231	
0.251097	0.502193	0.753291	1.004405	1.255566	1.506824	1.758258	2.009977	2.262128	2.514901	2.768534	3.023319	3.279609	3.537824	3.798461	4.062098	4.329406	4.601161	4.878255	5.161710	5.452701	5.752568	6.062856	6.385330	6.722032	7.075314	7.447909	7.843001	8.264329	8.716300	9.204158	9.734181	10.313970	10.952790	11.662085	12.456135	13.353001	14.375849	15.554859	16.930037	18.555410	20.505474	22.885223	25.846024	29.610941	34.514454	41.061066	49.995705	62.326073	79.059921	
0.167394	0.334790	0.502193	0.669616	0.837082	1.004628	1.172308	1.340200	1.508404	1.677050	1.846299	2.016351	2.187444	2.359864	2.533944	2.710077	2.888717	3.070388	3.255692	3.445324	3.640076	3.840861	4.048721	4.264863	4.490671	4.727753	4.977973	5.243515	5.526940	5.831285	6.160172	6.517956	6.909924	7.342566	7.823938	8.364172	8.976185	9.676729	10.487907	11.439499	12.572565	13.945257	15.642492	17.792713	20.598045	24.390768	29.741734	37.668171	49.998077	69.764374	
0.083696	0.167394	0.251097	0.334813	0.418554	0.502340	0.586198	0.670168	0.754301	0.838663	0.923337	1.008422	1.094039	1.180332	1.267470	1.355649	1.445101	1.536087	1.628914	1.723929	1.821535	1.922190	2.026425	2.134846	2.248158	2.367172	2.492836	2.626260	2.768747	2.921845	3.087404	3.267653	3.465309	3.683713	3.927031	4.200521	4.510930	4.867060	5.280622	5.767561	6.350162	7.060556	7.946839	9.084334	10.597809	12.708878	15.846949	20.937202	30.233698	49.999519	
