25.009968	25.020117	25.030113	25.040634	25.050835	25.061855	25.072365	25.083900	25.094711	25.106647	25.117626	25.129702	25.140575	25.152403	25.162792	25.173874	25.183319	25.193102	25.201111	25.209042	25.215153	25.220747	25.224581	25.227474	25.228783	25.228781	25.227474	25.224579	25.220747	25.215153	25.209042	25.201111	25.193100	25.183321	25.173876	25.162792	25.152405	25.140575	25.129702	25.117622	25.106647	25.094711	25.083900	25.072365	25.061855	25.050837	25.040634	25.030113	25.020119	25.009968	
25.020119	25.040085	25.060764	25.080982	25.102552	25.123314	25.145927	25.167332	25.190903	25.212809	25.236956	25.258957	25.283028	25.304462	25.327557	25.347569	25.368624	25.386250	25.404135	25.418407	25.432070	25.442127	25.450703	25.455902	25.458828	25.458828	25.455902	25.450703	25.442127	25.432070	25.418407	25.404137	25.386251	25.368626	25.347572	25.327557	25.304462	25.283030	25.258957	25.236956	25.212807	25.190903	25.167332	25.145927	25.123314	25.102552	25.080984	25.060764	25.040085	25.020117	
25.030113	25.060764	25.090969	25.122736	25.153572	25.186832	25.218607	25.253418	25.286108	25.322124	25.355316	25.391760	25.424641	25.460329	25.491741	25.525181	25.553736	25.583250	25.607470	25.631397	25.649879	25.666752	25.678345	25.687075	25.691027	25.691027	25.687075	25.678345	25.666752	25.649876	25.631397	25.607468	25.583252	25.553738	25.525181	25.491741	25.460329	25.424639	25.391758	25.355314	25.322124	25.286108	25.253418	25.218609	25.186831	25.153572	25.122736	25.090971	25.060764	25.030113	
25.040634	25.080982	25.122738	25.163605	25.207146	25.249123	25.294754	25.338043	25.385588	25.429901	25.478607	25.523109	25.571659	25.615021	25.661594	25.702084	25.744534	25.780197	25.816259	25.845135	25.872681	25.893028	25.910318	25.920837	25.926735	25.926735	25.920837	25.910320	25.893028	25.872681	25.845135	25.816261	25.780197	25.744535	25.702084	25.661596	25.615021	25.571659	25.523109	25.478607	25.429901	25.385588	25.338043	25.294754	25.249123	25.207142	25.163609	25.122734	25.080982	25.040634	
25.050837	25.102552	25.153572	25.207142	25.259251	25.315315	25.369030	25.427687	25.482960	25.543636	25.599762	25.661148	25.716753	25.776863	25.829988	25.886299	25.934595	25.984295	26.025255	26.065546	26.096804	26.125217	26.144823	26.159523	26.166206	26.166204	26.159519	26.144823	26.125217	26.096804	26.065548	26.025255	25.984295	25.934597	25.886299	25.829990	25.776861	25.716755	25.661148	25.599758	25.543636	25.482958	25.427689	25.369026	25.315315	25.259253	25.207142	25.153574	25.102552	25.050837	
25.061855	25.123314	25.186832	25.249121	25.315315	25.379326	25.448671	25.514702	25.586929	25.654537	25.728510	25.796417	25.870134	25.936308	26.007019	26.068813	26.133255	26.187683	26.242426	26.286491	26.328306	26.359358	26.385607	26.401661	26.410612	26.410610	26.401659	26.385607	26.359358	26.328306	26.286491	26.242426	26.187683	26.133255	26.068810	26.007019	25.936308	25.870134	25.796415	25.728508	25.654533	25.586931	25.514702	25.448669	25.379324	25.315315	25.249123	25.186832	25.123314	25.061855	
25.072365	25.145927	25.218609	25.294754	25.369028	25.448669	25.525269	25.608557	25.687405	25.773529	25.853615	25.940720	26.020073	26.105347	26.181171	26.261047	26.329977	26.400473	26.458933	26.516079	26.560688	26.600986	26.628971	26.649818	26.659359	26.659357	26.649817	26.628971	26.600986	26.560690	26.516077	26.458933	26.400471	26.329979	26.261047	26.181170	26.105347	26.020069	25.940720	25.853609	25.773529	25.687403	25.608555	25.525265	25.448669	25.369030	25.294750	25.218609	25.145931	25.072367	
25.083900	25.167334	25.253416	25.338043	25.427687	25.514704	25.608555	25.698360	25.796072	25.888046	25.988083	26.080490	26.180153	26.270210	26.365789	26.449890	26.536989	26.611067	26.685051	26.745026	26.801537	26.843796	26.879265	26.901119	26.913212	26.913212	26.901115	26.879265	26.843796	26.801533	26.745026	26.685047	26.611067	26.536989	26.449890	26.365789	26.270206	26.180153	26.080486	25.988081	25.888042	25.796070	25.698360	25.608557	25.514702	25.427687	25.338045	25.253418	25.167332	25.083900	
25.094711	25.190903	25.286106	25.385590	25.482958	25.586929	25.687405	25.796072	25.899544	26.011856	26.116980	26.230539	26.334721	26.445866	26.545422	26.649515	26.740026	26.831882	26.908649	26.983103	27.041683	27.094185	27.130936	27.158092	27.170620	27.170620	27.158092	27.130936	27.094185	27.041683	26.983103	26.908651	26.831879	26.740028	26.649513	26.545422	26.445866	26.334717	26.230539	26.116976	26.011856	25.899540	25.796070	25.687405	25.586929	25.482960	25.385590	25.286110	25.190903	25.094711	
25.106647	25.212807	25.322124	25.429901	25.543636	25.654533	25.773527	25.888044	26.011856	26.129183	26.255890	26.373798	26.499996	26.614922	26.735922	26.843256	26.953503	27.048054	27.141689	27.218241	27.289757	27.343700	27.388584	27.416477	27.431778	27.431782	27.416473	27.388584	27.343697	27.289753	27.218243	27.141689	27.048054	26.953503	26.843258	26.735924	26.614922	26.499996	26.373796	26.255892	26.129181	26.011856	25.888042	25.773527	25.654533	25.543634	25.429901	25.322124	25.212807	25.106647	
25.117624	25.236958	25.355316	25.478607	25.599762	25.728508	25.853611	25.988083	26.116978	26.255892	26.386887	26.527290	26.657137	26.794518	26.918621	27.047256	27.160093	27.273590	27.369299	27.461287	27.534323	27.599184	27.645004	27.678547	27.694168	27.694168	27.678549	27.645000	27.599184	27.534323	27.461287	27.369301	27.273592	27.160095	27.047258	26.918619	26.794518	26.657137	26.527290	26.386887	26.255892	26.116978	25.988081	25.853611	25.728506	25.599762	25.478607	25.355316	25.236956	25.117624	
25.129702	25.258957	25.391760	25.523109	25.661150	25.796417	25.940720	26.080488	26.230541	26.373798	26.527290	26.671299	26.824120	26.964508	27.111004	27.242134	27.375589	27.491106	27.604439	27.697973	27.784521	27.850433	27.904751	27.938833	27.957352	27.957354	27.938831	27.904755	27.850433	27.784521	27.697973	27.604441	27.491108	27.375591	27.242134	27.111006	26.964506	26.824120	26.671295	26.527290	26.373795	26.230541	26.080488	25.940718	25.796417	25.661148	25.523111	25.391758	25.258957	25.129702	
25.140575	25.283028	25.424641	25.571659	25.716753	25.870134	26.020071	26.180151	26.334721	26.499996	26.657137	26.824121	26.979918	27.143261	27.292187	27.445103	27.580521	27.715424	27.830288	27.939613	28.027271	28.104347	28.159344	28.199207	28.217957	28.217955	28.199211	28.159344	28.104351	28.027271	27.939613	27.830288	27.715425	27.580523	27.445103	27.292187	27.143263	26.979918	26.824120	26.657135	26.499996	26.334717	26.180151	26.020071	25.870134	25.716753	25.571659	25.424641	25.283028	25.140575	
25.152403	25.304464	25.460329	25.615021	25.776861	25.936310	26.105347	26.270210	26.445866	26.614922	26.794518	26.964508	27.143261	27.309013	27.480324	27.635162	27.791195	27.927607	28.060099	28.170551	28.271723	28.349560	28.413052	28.453300	28.474949	28.474951	28.453300	28.413054	28.349560	28.271723	28.170551	28.060097	27.927607	27.791197	27.635162	27.480324	27.309013	27.143261	26.964510	26.794518	26.614922	26.445866	26.270210	26.105349	25.936308	25.776863	25.615023	25.460331	25.304462	25.152405	
25.162792	25.327557	25.491743	25.661594	25.829990	26.007017	26.181171	26.365788	26.545425	26.735922	26.918623	27.111004	27.292191	27.480324	27.653543	27.829628	27.987156	28.142475	28.276096	28.401957	28.503929	28.592663	28.656639	28.702530	28.724340	28.724339	28.702530	28.656639	28.592665	28.503929	28.401958	28.276096	28.142475	27.987154	27.829628	27.653545	27.480324	27.292191	27.111006	26.918621	26.735922	26.545424	26.365788	26.181171	26.007019	25.829990	25.661594	25.491745	25.327559	25.162792	
25.173876	25.347572	25.525181	25.702085	25.886299	26.068813	26.261047	26.449894	26.649513	26.843260	27.047258	27.242138	27.445103	27.635164	27.829630	28.007198	28.184296	28.340744	28.491100	28.617781	28.732590	28.821861	28.893909	28.940073	28.964636	28.964636	28.940071	28.893909	28.821863	28.732590	28.617779	28.491096	28.340740	28.184294	28.007198	27.829630	27.635162	27.445103	27.242136	27.047256	26.843258	26.649515	26.449890	26.261047	26.068810	25.886299	25.702085	25.525179	25.347572	25.173874	
25.183321	25.368622	25.553738	25.744534	25.934597	26.133253	26.329979	26.536989	26.740030	26.953506	27.160095	27.375591	27.580523	27.791195	27.987154	28.184292	28.362514	28.536381	28.687569	28.828444	28.943825	29.043139	29.115526	29.166889	29.191566	29.191565	29.166889	29.115528	29.043140	28.943825	28.828442	28.687565	28.536381	28.362511	28.184296	27.987152	27.791197	27.580523	27.375593	27.160095	26.953506	26.740028	26.536989	26.329977	26.133255	25.934595	25.744534	25.553738	25.368622	25.183319	
25.193102	25.386253	25.583250	25.780201	25.984295	26.187683	26.400473	26.611069	26.831882	27.048058	27.273592	27.491112	27.715422	27.927608	28.142473	28.340740	28.536381	28.711079	28.877161	29.018629	29.145433	29.245129	29.324703	29.376253	29.403383	29.403383	29.376255	29.324703	29.245131	29.145433	29.018627	28.877159	28.711079	28.536381	28.340740	28.142475	27.927608	27.715427	27.491106	27.273594	27.048056	26.831882	26.611069	26.400473	26.187683	25.984295	25.780197	25.583252	25.386250	25.193102	
25.201111	25.404137	25.607471	25.816259	26.025257	26.242426	26.458935	26.685051	26.908651	27.141689	27.369301	27.604443	27.830292	28.060095	28.276096	28.491096	28.687565	28.877159	29.043839	29.197445	29.324654	29.432934	29.512743	29.568741	29.595951	29.595951	29.568741	29.512745	29.432934	29.324652	29.197441	29.043839	28.877159	28.687565	28.491100	28.276096	28.060101	27.830288	27.604443	27.369299	27.141689	26.908651	26.685053	26.458933	26.242426	26.025257	25.816261	25.607470	25.404137	25.201111	
25.209044	25.418409	25.631397	25.845135	26.065546	26.286493	26.516079	26.745028	26.983101	27.218243	27.461288	27.697973	27.939615	28.170551	28.401955	28.617783	28.828442	29.018627	29.197445	29.351460	29.487978	29.596519	29.682186	29.738312	29.767517	29.767517	29.738312	29.682186	29.596523	29.487976	29.351458	29.197441	29.018627	28.828444	28.617779	28.401958	28.170551	27.939615	27.697973	27.461288	27.218245	26.983105	26.745028	26.516079	26.286491	26.065548	25.845135	25.631399	25.418407	25.209044	
25.215153	25.432072	25.649879	25.872683	26.096802	26.328308	26.560692	26.801533	27.041687	27.289755	27.534323	27.784523	28.027271	28.271725	28.503931	28.732588	28.943825	29.145435	29.324654	29.487980	29.624765	29.739893	29.825712	29.885250	29.914505	29.914507	29.885250	29.825714	29.739891	29.624767	29.487976	29.324652	29.145433	28.943825	28.732588	28.503933	28.271725	28.027271	27.784523	27.534325	27.289755	27.041687	26.801533	26.560690	26.328306	26.096804	25.872683	25.649879	25.432072	25.215155	
25.220747	25.442129	25.666754	25.893028	26.125216	26.359360	26.600986	26.843800	27.094185	27.343700	27.599182	27.850431	28.104351	28.349560	28.592665	28.821861	29.043140	29.245129	29.432936	29.596521	29.739891	29.855183	29.945145	30.004761	30.035433	30.035431	30.004761	29.945145	29.855183	29.739893	29.596521	29.432934	29.245129	29.043140	28.821865	28.592667	28.349562	28.104349	27.850433	27.599182	27.343700	27.094185	26.843800	26.600986	26.359358	26.125216	25.893030	25.666754	25.442127	25.220747	
25.224583	25.450703	25.678349	25.910320	26.144825	26.385603	26.628975	26.879265	27.130939	27.388582	27.645000	27.904751	28.159342	28.413055	28.656637	28.893911	29.115524	29.324703	29.512743	29.682186	29.825712	29.945145	30.035196	30.096958	30.127655	30.127657	30.096958	30.035196	29.945147	29.825712	29.682186	29.512743	29.324703	29.115528	28.893911	28.656639	28.413057	28.159344	27.904751	27.645004	27.388582	27.130938	26.879265	26.628973	26.385605	26.144825	25.910320	25.678345	25.450703	25.224583	
25.227474	25.455902	25.687075	25.920841	26.159523	26.401661	26.649818	26.901119	27.158092	27.416475	27.678547	27.938829	28.199207	28.453300	28.702528	28.940071	29.166887	29.376253	29.568743	29.738312	29.885250	30.004761	30.096958	30.158756	30.190189	30.190187	30.158756	30.096958	30.004761	29.885250	29.738312	29.568743	29.376253	29.166889	28.940073	28.702532	28.453304	28.199211	27.938835	27.678547	27.416477	27.158091	26.901119	26.649818	26.401661	26.159523	25.920841	25.687075	25.455902	25.227474	
25.228783	25.458826	25.691025	25.926735	26.166206	26.410610	26.659359	26.913212	27.170620	27.431778	27.694168	27.957352	28.217953	28.474949	28.724337	28.964634	29.191565	29.403385	29.595949	29.767519	29.914505	30.035431	30.127657	30.190189	30.221630	30.221628	30.190189	30.127657	30.035433	29.914507	29.767517	29.595949	29.403383	29.191566	28.964636	28.724342	28.474951	28.217957	27.957352	27.694168	27.431778	27.170620	26.913212	26.659359	26.410610	26.166206	25.926737	25.691029	25.458828	25.228783	
25.228783	25.458826	25.691025	25.926735	26.166206	26.410610	26.659359	26.913212	27.170620	27.431778	27.694168	27.957352	28.217953	28.474949	28.724337	28.964634	29.191565	29.403385	29.595949	29.767519	29.914505	30.035431	30.127657	30.190189	30.221630	30.221628	30.190189	30.127657	30.035433	29.914507	29.767517	29.595949	29.403383	29.191566	28.964636	28.724342	28.474951	28.217957	27.957352	27.694168	27.431778	27.170620	26.913212	26.659359	26.410610	26.166206	25.926737	25.691029	25.458828	25.228783	
25.227474	25.455902	25.687075	25.920841	26.159523	26.401661	26.649818	26.901119	27.158092	27.416475	27.678547	27.938829	28.199207	28.453300	28.702528	28.940071	29.166887	29.376253	29.568743	29.738312	29.885250	30.004761	30.096958	30.158756	30.190189	30.190187	30.158756	30.096958	30.004761	29.885250	29.738312	29.568743	29.376253	29.166889	28.940073	28.702532	28.453304	28.199211	27.938835	27.678547	27.416477	27.158091	26.901119	26.649818	26.401661	26.159523	25.920841	25.687075	25.455902	25.227474	
25.224583	25.450703	25.678349	25.910320	26.144825	26.385603	26.628975	26.879265	27.130939	27.388582	27.645000	27.904751	28.159342	28.413055	28.656637	28.893911	29.115524	29.324703	29.512743	29.682186	29.825712	29.945145	30.035196	30.096958	30.127655	30.127657	30.096958	30.035196	29.945147	29.825712	29.682186	29.512743	29.324703	29.115528	28.893911	28.656639	28.413057	28.159344	27.904751	27.645004	27.388582	27.130938	26.879265	26.628973	26.385605	26.144825	25.910320	25.678345	25.450703	25.224583	
25.220747	25.442129	25.666754	25.893028	26.125216	26.359360	26.600986	26.843800	27.094185	27.343700	27.599182	27.850431	28.104351	28.349560	28.592665	28.821861	29.043140	29.245129	29.432936	29.596521	29.739891	29.855183	29.945145	30.004761	30.035433	30.035431	30.004761	29.945145	29.855183	29.739893	29.596521	29.432934	29.245129	29.043140	28.821865	28.592667	28.349562	28.104349	27.850433	27.599182	27.343700	27.094185	26.843800	26.600986	26.359358	26.125216	25.893030	25.666754	25.442127	25.220747	
25.215153	25.432072	25.649879	25.872683	26.096802	26.328308	26.560692	26.801533	27.041687	27.289755	27.534323	27.784523	28.027271	28.271725	28.503931	28.732588	28.943825	29.145435	29.324654	29.487980	29.624765	29.739893	29.825712	29.885250	29.914505	29.914507	29.885250	29.825714	29.739891	29.624767	29.487976	29.324652	29.145433	28.943825	28.732588	28.503933	28.271725	28.027271	27.784523	27.534325	27.289755	27.041687	26.801533	26.560690	26.328306	26.096804	25.872683	25.649879	25.432072	25.215155	
25.209044	25.418409	25.631397	25.845135	26.065546	26.286493	26.516079	26.745028	26.983101	27.218243	27.461288	27.697973	27.939615	28.170551	28.401955	28.617783	28.828442	29.018627	29.197445	29.351460	29.487978	29.596519	29.682186	29.738312	29.767517	29.767517	29.738312	29.682186	29.596523	29.487976	29.351458	29.197441	29.018627	28.828444	28.617779	28.401958	28.170551	27.939615	27.697973	27.461288	27.218245	26.983105	26.745028	26.516079	26.286491	26.065548	25.845135	25.631399	25.418407	25.209044	
25.201111	25.404137	25.607471	25.816259	26.025257	26.242426	26.458935	26.685051	26.908651	27.141689	27.369301	27.604443	27.830292	28.060095	28.276096	28.491096	28.687565	28.877159	29.043839	29.197445	29.324654	29.432934	29.512743	29.568741	29.595951	29.595951	29.568741	29.512745	29.432934	29.324652	29.197441	29.043839	28.877159	28.687565	28.491100	28.276096	28.060101	27.830288	27.604443	27.369299	27.141689	26.908651	26.685053	26.458933	26.242426	26.025257	25.816261	25.607470	25.404137	25.201111	
25.193102	25.386253	25.583250	25.780201	25.984295	26.187683	26.400473	26.611069	26.831882	27.048058	27.273592	27.491112	27.715422	27.927608	28.142473	28.340740	28.536381	28.711079	28.877161	29.018629	29.145433	29.245129	29.324703	29.376253	29.403383	29.403383	29.376255	29.324703	29.245131	29.145433	29.018627	28.877159	28.711079	28.536381	28.340740	28.142475	27.927608	27.715427	27.491106	27.273594	27.048056	26.831882	26.611069	26.400473	26.187683	25.984295	25.780197	25.583252	25.386250	25.193102	
25.183321	25.368622	25.553738	25.744534	25.934597	26.133253	26.329979	26.536989	26.740030	26.953506	27.160095	27.375591	27.580523	27.791195	27.987154	28.184292	28.362514	28.536381	28.687569	28.828444	28.943825	29.043139	29.115526	29.166889	29.191566	29.191565	29.166889	29.115528	29.043140	28.943825	28.828442	28.687565	28.536381	28.362511	28.184296	27.987152	27.791197	27.580523	27.375593	27.160095	26.953506	26.740028	26.536989	26.329977	26.133255	25.934595	25.744534	25.553738	25.368622	25.183319	
25.173876	25.347572	25.525181	25.702085	25.886299	26.068813	26.261047	26.449894	26.649513	26.843260	27.047258	27.242138	27.445103	27.635164	27.829630	28.007198	28.184296	28.340744	28.491100	28.617781	28.732590	28.821861	28.893909	28.940073	28.964636	28.964636	28.940071	28.893909	28.821863	28.732590	28.617779	28.491096	28.340740	28.184294	28.007198	27.829630	27.635162	27.445103	27.242136	27.047256	26.843258	26.649515	26.449890	26.261047	26.068810	25.886299	25.702085	25.525179	25.347572	25.173874	
25.162792	25.327557	25.491743	25.661594	25.829990	26.007017	26.181171	26.365788	26.545425	26.735922	26.918623	27.111004	27.292191	27.480324	27.653543	27.829628	27.987156	28.142475	28.276096	28.401957	28.503929	28.592663	28.656639	28.702530	28.724340	28.724339	28.702530	28.656639	28.592665	28.503929	28.401958	28.276096	28.142475	27.987154	27.829628	27.653545	27.480324	27.292191	27.111006	26.918621	26.735922	26.545424	26.365788	26.181171	26.007019	25.829990	25.661594	25.491745	25.327559	25.162792	
25.152403	25.304464	25.460329	25.615021	25.776861	25.936310	26.105347	26.270210	26.445866	26.614922	26.794518	26.964508	27.143261	27.309013	27.480324	27.635162	27.791195	27.927607	28.060099	28.170551	28.271723	28.349560	28.413052	28.453300	28.474949	28.474951	28.453300	28.413054	28.349560	28.271723	28.170551	28.060097	27.927607	27.791197	27.635162	27.480324	27.309013	27.143261	26.964510	26.794518	26.614922	26.445866	26.270210	26.105349	25.936308	25.776863	25.615023	25.460331	25.304462	25.152405	
25.140575	25.283028	25.424641	25.571659	25.716753	25.870134	26.020071	26.180151	26.334721	26.499996	26.657137	26.824121	26.979918	27.143261	27.292187	27.445103	27.580521	27.715424	27.830288	27.939613	28.027271	28.104347	28.159344	28.199207	28.217957	28.217955	28.199211	28.159344	28.104351	28.027271	27.939613	27.830288	27.715425	27.580523	27.445103	27.292187	27.143263	26.979918	26.824120	26.657135	26.499996	26.334717	26.180151	26.020071	25.870134	25.716753	25.571659	25.424641	25.283028	25.140575	
25.129702	25.258957	25.391760	25.523109	25.661150	25.796417	25.940720	26.080488	26.230541	26.373798	26.527290	26.671299	26.824120	26.964508	27.111004	27.242134	27.375589	27.491106	27.604439	27.697973	27.784521	27.850433	27.904751	27.938833	27.957352	27.957354	27.938831	27.904755	27.850433	27.784521	27.697973	27.604441	27.491108	27.375591	27.242134	27.111006	26.964506	26.824120	26.671295	26.527290	26.373795	26.230541	26.080488	25.940718	25.796417	25.661148	25.523111	25.391758	25.258957	25.129702	
25.117624	25.236958	25.355316	25.478607	25.599762	25.728508	25.853611	25.988083	26.116978	26.255892	26.386887	26.527290	26.657137	26.794518	26.918621	27.047256	27.160093	27.273590	27.369299	27.461287	27.534323	27.599184	27.645004	27.678547	27.694168	27.694168	27.678549	27.645000	27.599184	27.534323	27.461287	27.369301	27.273592	27.160095	27.047258	26.918619	26.794518	26.657137	26.527290	26.386887	26.255892	26.116978	25.988081	25.853611	25.728506	25.599762	25.478607	25.355316	25.236956	25.117624	
25.106647	25.212807	25.322124	25.429901	25.543636	25.654533	25.773527	25.888044	26.011856	26.129183	26.255890	26.373798	26.499996	26.614922	26.735922	26.843256	26.953503	27.048054	27.141689	27.218241	27.289757	27.343700	27.388584	27.416477	27.431778	27.431782	27.416473	27.388584	27.343697	27.289753	27.218243	27.141689	27.048054	26.953503	26.843258	26.735924	26.614922	26.499996	26.373796	26.255892	26.129181	26.011856	25.888042	25.773527	25.654533	25.543634	25.429901	25.322124	25.212807	25.106647	
25.094711	25.190903	25.286106	25.385590	25.482958	25.586929	25.687405	25.796072	25.899544	26.011856	26.116980	26.230539	26.334721	26.445866	26.545422	26.649515	26.740026	26.831882	26.908649	26.983103	27.041683	27.094185	27.130936	27.158092	27.170620	27.170620	27.158092	27.130936	27.094185	27.041683	26.983103	26.908651	26.831879	26.740028	26.649513	26.545422	26.445866	26.334717	26.230539	26.116976	26.011856	25.899540	25.796070	25.687405	25.586929	25.482960	25.385590	25.286110	25.190903	25.094711	
25.083900	25.167334	25.253416	25.338043	25.427687	25.514704	25.608555	25.698360	25.796072	25.888046	25.988083	26.080490	26.180153	26.270210	26.365789	26.449890	26.536989	26.611067	26.685051	26.745026	26.801537	26.843796	26.879265	26.901119	26.913212	26.913212	26.901115	26.879265	26.843796	26.801533	26.745026	26.685047	26.611067	26.536989	26.449890	26.365789	26.270206	26.180153	26.080486	25.988081	25.888042	25.796070	25.698360	25.608557	25.514702	25.427687	25.338045	25.253418	25.167332	25.083900	
25.072365	25.145927	25.218609	25.294754	25.369028	25.448669	25.525269	25.608557	25.687405	25.773529	25.853615	25.940720	26.020073	26.105347	26.181171	26.261047	26.329977	26.400473	26.458933	26.516079	26.560688	26.600986	26.628971	26.649818	26.659359	26.659357	26.649817	26.628971	26.600986	26.560690	26.516077	26.458933	26.400471	26.329979	26.261047	26.181170	26.105347	26.020069	25.940720	25.853609	25.773529	25.687403	25.608555	25.525265	25.448669	25.369030	25.294750	25.218609	25.145931	25.072367	
25.061855	25.123314	25.186832	25.249121	25.315315	25.379326	25.448671	25.514702	25.586929	25.654537	25.728510	25.796417	25.870134	25.936308	26.007019	26.068813	26.133255	26.187683	26.242426	26.286491	26.328306	26.359358	26.385607	26.401661	26.410612	26.410610	26.401659	26.385607	26.359358	26.328306	26.286491	26.242426	26.187683	26.133255	26.068810	26.007019	25.936308	25.870134	25.796415	25.728508	25.654533	25.586931	25.514702	25.448669	25.379324	25.315315	25.249123	25.186832	25.123314	25.061855	
25.050837	25.102552	25.153572	25.207142	25.259251	25.315315	25.369030	25.427687	25.482960	25.543636	25.599762	25.661148	25.716753	25.776863	25.829988	25.886299	25.934595	25.984295	26.025255	26.065546	26.096804	26.125217	26.144823	26.159523	26.166206	26.166204	26.159519	26.144823	26.125217	26.096804	26.065548	26.025255	25.984295	25.934597	25.886299	25.829990	25.776861	25.716755	25.661148	25.599758	25.543636	25.482958	25.427689	25.369026	25.315315	25.259253	25.207142	25.153574	25.102552	25.050837	
25.040634	25.080982	25.122738	25.163605	25.207146	25.249123	25.294754	25.338043	25.385588	25.429901	25.478607	25.523109	25.571659	25.615021	25.661594	25.702084	25.744534	25.780197	25.816259	25.845135	25.872681	25.893028	25.910318	25.920837	25.926735	25.926735	25.920837	25.910320	25.893028	25.872681	25.845135	25.816261	25.780197	25.744535	25.702084	25.661596	25.615021	25.571659	25.523109	25.478607	25.429901	25.385588	25.338043	25.294754	25.249123	25.207142	25.163609	25.122734	25.080982	25.040634	
25.030113	25.060764	25.090969	25.122736	25.153572	25.186832	25.218607	25.253418	25.286108	25.322124	25.355316	25.391760	25.424641	25.460329	25.491741	25.525181	25.553736	25.583250	25.607470	25.631397	25.649879	25.666752	25.678345	25.687075	25.691027	25.691027	25.687075	25.678345	25.666752	25.649876	25.631397	25.607468	25.583252	25.553738	25.525181	25.491741	25.460329	25.424639	25.391758	25.355314	25.322124	25.286108	25.253418	25.218609	25.186831	25.153572	25.122736	25.090971	25.060764	25.030113	
25.020119	25.040085	25.060764	25.080982	25.102552	25.123314	25.145927	25.167332	25.190903	25.212809	25.236956	25.258957	25.283028	25.304462	25.327557	25.347569	25.368624	25.386250	25.404135	25.418407	25.432070	25.442127	25.450703	25.455902	25.458828	25.458828	25.455902	25.450703	25.442127	25.432070	25.418407	25.404137	25.386251	25.368626	25.347572	25.327557	25.304462	25.283030	25.258957	25.236956	25.212807	25.190903	25.167332	25.145927	25.123314	25.102552	25.080984	25.060764	25.040085	25.020117	
25.009968	25.020117	25.030113	25.040634	25.050835	25.061855	25.072365	25.083900	25.094711	25.106647	25.117626	25.129702	25.140575	25.152403	25.162792	25.173874	25.183319	25.193102	25.201111	25.209042	25.215153	25.220747	25.224581	25.227474	25.228783	25.228781	25.227474	25.224579	25.220747	25.215153	25.209042	25.201111	25.193100	25.183321	25.173876	25.162792	25.152405	25.140575	25.129702	25.117622	25.106647	25.094711	25.083900	25.072365	25.061855	25.050837	25.040634	25.030113	25.020119	25.009968	
