25.001068	25.002129	25.003183	25.004227	25.005253	25.006256	25.007240	25.008194	25.009121	25.010010	25.010862	25.011671	25.012440	25.013157	25.013824	25.014441	25.015003	25.015509	25.015953	25.016338	25.016663	25.016922	25.017118	25.017250	25.017315	25.017315	25.017250	25.017118	25.016922	25.016663	25.016340	25.015953	25.015507	25.015003	25.014442	25.013824	25.013157	25.012438	25.011671	25.010860	25.010010	25.009119	25.008196	25.007240	25.006258	25.005253	25.004227	25.003185	25.002129	25.001068	
25.002129	25.004250	25.006355	25.008434	25.010483	25.012491	25.014452	25.016361	25.018204	25.019981	25.021679	25.023300	25.024828	25.026262	25.027596	25.028828	25.029949	25.030956	25.031847	25.032616	25.033260	25.033783	25.034172	25.034433	25.034565	25.034565	25.034435	25.034172	25.033779	25.033264	25.032616	25.031849	25.030956	25.029949	25.028828	25.027596	25.026260	25.024826	25.023296	25.021681	25.019981	25.018204	25.016361	25.014454	25.012493	25.010483	25.008436	25.006355	25.004251	25.002129	
25.003185	25.006355	25.009501	25.012611	25.015675	25.018679	25.021614	25.024460	25.027220	25.029875	25.032419	25.034836	25.037123	25.039268	25.041264	25.043104	25.044781	25.046288	25.047619	25.048769	25.049734	25.050510	25.051098	25.051489	25.051683	25.051685	25.051487	25.051096	25.050510	25.049736	25.048771	25.047619	25.046289	25.044781	25.043106	25.041264	25.039268	25.037121	25.034836	25.032417	25.029877	25.027222	25.024464	25.021612	25.018677	25.015675	25.012611	25.009504	25.006353	25.003185	
25.004227	25.008434	25.012611	25.016739	25.020807	25.024796	25.028687	25.032473	25.036133	25.039658	25.043030	25.046242	25.049276	25.052124	25.054775	25.057217	25.059444	25.061443	25.063213	25.064739	25.066019	25.067051	25.067829	25.068348	25.068607	25.068607	25.068346	25.067827	25.067051	25.066021	25.064739	25.063213	25.061443	25.059444	25.057217	25.054779	25.052124	25.049280	25.046242	25.043034	25.039658	25.036133	25.032475	25.028688	25.024797	25.020805	25.016743	25.012611	25.008436	25.004225	
25.005253	25.010483	25.015675	25.020807	25.025862	25.030815	25.035656	25.040359	25.044910	25.049290	25.053482	25.057472	25.061245	25.064783	25.068079	25.071114	25.073879	25.076366	25.078564	25.080463	25.082054	25.083336	25.084301	25.084946	25.085270	25.085270	25.084946	25.084301	25.083336	25.082054	25.080462	25.078564	25.076366	25.073881	25.071114	25.068077	25.064787	25.061245	25.057476	25.053484	25.049290	25.044910	25.040359	25.035656	25.030817	25.025864	25.020805	25.015676	25.010483	25.005253	
25.006256	25.012491	25.018679	25.024796	25.030815	25.036724	25.042488	25.048092	25.053514	25.058735	25.063732	25.068485	25.072979	25.077198	25.081123	25.084742	25.088037	25.091000	25.093616	25.095879	25.097778	25.099304	25.100454	25.101223	25.101608	25.101610	25.101223	25.100454	25.099304	25.097778	25.095879	25.093616	25.091000	25.088039	25.084740	25.081125	25.077198	25.072983	25.068485	25.063732	25.058735	25.053516	25.048094	25.042488	25.036724	25.030815	25.024796	25.018677	25.012493	25.006258	
25.007240	25.014454	25.021614	25.028687	25.035656	25.042488	25.049160	25.055643	25.061916	25.067955	25.073738	25.079235	25.084438	25.089317	25.093861	25.098045	25.101860	25.105288	25.108315	25.110931	25.113129	25.114895	25.116226	25.117115	25.117561	25.117561	25.117117	25.116226	25.114895	25.113129	25.110933	25.108315	25.105289	25.101860	25.098047	25.093861	25.089321	25.084438	25.079239	25.073736	25.067959	25.061918	25.055645	25.049160	25.042488	25.035656	25.028687	25.021614	25.014454	25.007242	
25.008194	25.016361	25.024462	25.032475	25.040359	25.048096	25.055643	25.062984	25.070084	25.076921	25.083462	25.089691	25.095577	25.101101	25.106243	25.110979	25.115295	25.119175	25.122604	25.125565	25.128052	25.130051	25.131557	25.132566	25.133068	25.133068	25.132565	25.131557	25.130051	25.128052	25.125565	25.122604	25.119175	25.115297	25.110981	25.106243	25.101101	25.095581	25.089691	25.083466	25.076920	25.070086	25.062984	25.055645	25.048092	25.040358	25.032471	25.024460	25.016361	25.008196	
25.009119	25.018204	25.027222	25.036133	25.044910	25.053514	25.061920	25.070084	25.077988	25.085590	25.092876	25.099800	25.106354	25.112501	25.118219	25.123491	25.128296	25.132614	25.136425	25.139723	25.142487	25.144714	25.146393	25.147511	25.148073	25.148071	25.147511	25.146389	25.144714	25.142487	25.139725	25.136427	25.132614	25.128296	25.123493	25.118221	25.112503	25.106354	25.099804	25.092875	25.085592	25.077988	25.070086	25.061916	25.053516	25.044909	25.036133	25.027222	25.018204	25.009121	
25.010010	25.019981	25.029875	25.039660	25.049290	25.058735	25.067955	25.076923	25.085590	25.093943	25.101929	25.109535	25.116726	25.123472	25.129749	25.135536	25.140806	25.145546	25.149731	25.153347	25.156384	25.158827	25.160667	25.161900	25.162514	25.162514	25.161898	25.160667	25.158825	25.156387	25.153349	25.149734	25.145546	25.140810	25.135536	25.129751	25.123474	25.116730	25.109539	25.101933	25.093941	25.085592	25.076920	25.067955	25.058735	25.049290	25.039658	25.029877	25.019981	25.010010	
25.010860	25.021677	25.032417	25.043030	25.053486	25.063728	25.073740	25.083462	25.092876	25.101929	25.110603	25.118855	25.126656	25.133976	25.140789	25.147064	25.152786	25.157927	25.162468	25.166393	25.169689	25.172337	25.174335	25.175669	25.176340	25.176338	25.175671	25.174335	25.172340	25.169687	25.166395	25.162468	25.157928	25.152786	25.147068	25.140789	25.133978	25.126656	25.118858	25.110605	25.101933	25.092873	25.083464	25.073736	25.063732	25.053482	25.043032	25.032417	25.021679	25.010860	
25.011669	25.023296	25.034832	25.046242	25.057470	25.068487	25.079235	25.089691	25.099800	25.109537	25.118855	25.127724	25.136105	25.143972	25.151291	25.158039	25.164185	25.169708	25.174589	25.178808	25.182346	25.185196	25.187340	25.188778	25.189491	25.189495	25.188774	25.187342	25.185196	25.182346	25.178808	25.174591	25.169708	25.164188	25.158039	25.151291	25.143974	25.136106	25.127724	25.118855	25.109539	25.099804	25.089691	25.079239	25.068483	25.057472	25.046242	25.034836	25.023300	25.011671	
25.012436	25.024822	25.037121	25.049274	25.061245	25.072979	25.084442	25.095575	25.106354	25.116722	25.126656	25.136105	25.145039	25.153419	25.161222	25.168411	25.174963	25.180847	25.186047	25.190544	25.194317	25.197350	25.199638	25.201164	25.201935	25.201929	25.201164	25.199635	25.197350	25.194317	25.190544	25.186049	25.180847	25.174961	25.168411	25.161224	25.153419	25.145039	25.136105	25.126657	25.116726	25.106354	25.095577	25.084438	25.072981	25.061245	25.049276	25.037125	25.024826	25.012438	
25.013153	25.026260	25.039267	25.052124	25.064781	25.077198	25.089317	25.101103	25.112497	25.123474	25.133976	25.143974	25.153419	25.162289	25.170540	25.178146	25.185074	25.191299	25.196800	25.201557	25.205544	25.208759	25.211174	25.212795	25.213600	25.213604	25.212791	25.211174	25.208757	25.205544	25.201557	25.196800	25.191299	25.185074	25.178146	25.170540	25.162289	25.153419	25.143972	25.133976	25.123474	25.112499	25.101101	25.089319	25.077198	25.064785	25.052126	25.039268	25.026264	25.013157	
25.013824	25.027596	25.041264	25.054773	25.068079	25.081120	25.093861	25.106239	25.118221	25.129749	25.140789	25.151291	25.161224	25.170540	25.179213	25.187202	25.194487	25.201025	25.206810	25.211803	25.216000	25.219370	25.221914	25.223612	25.224464	25.224463	25.223612	25.221912	25.219370	25.216000	25.211803	25.206808	25.201027	25.194485	25.187202	25.179211	25.170540	25.161221	25.151291	25.140787	25.129749	25.118221	25.106241	25.093861	25.081123	25.068081	25.054775	25.041267	25.027596	25.013824	
25.014439	25.028828	25.043102	25.057219	25.071114	25.084740	25.098045	25.110979	25.123489	25.135536	25.147064	25.158039	25.168409	25.178146	25.187202	25.195553	25.203156	25.209991	25.216026	25.221251	25.225628	25.229156	25.231808	25.233585	25.234472	25.234474	25.233585	25.231808	25.229153	25.225628	25.221249	25.216030	25.209991	25.203156	25.195549	25.187202	25.178144	25.168411	25.158039	25.147064	25.135534	25.123493	25.110981	25.098045	25.084742	25.071114	25.057220	25.043102	25.028828	25.014441	
25.015003	25.029945	25.044781	25.059441	25.073881	25.088036	25.101860	25.115295	25.128296	25.140806	25.152786	25.164185	25.174961	25.185074	25.194485	25.203156	25.211060	25.218155	25.224434	25.229853	25.234406	25.238064	25.240826	25.242668	25.243593	25.243591	25.242668	25.240824	25.238064	25.234406	25.229855	25.224432	25.218157	25.211056	25.203156	25.194483	25.185072	25.174961	25.164185	25.152784	25.140808	25.128296	25.115295	25.101860	25.088036	25.073879	25.059441	25.044783	25.029947	25.015003	
25.015507	25.030956	25.046286	25.061443	25.076366	25.091000	25.105286	25.119177	25.132610	25.145546	25.157925	25.169710	25.180847	25.191299	25.201027	25.209991	25.218155	25.225498	25.231981	25.237591	25.242290	25.246078	25.248924	25.250834	25.251787	25.251789	25.250832	25.248926	25.246075	25.242290	25.237587	25.231983	25.225498	25.218159	25.209990	25.201027	25.191299	25.180847	25.169708	25.157927	25.145546	25.132610	25.119175	25.105286	25.091000	25.076365	25.061445	25.046288	25.030956	25.015507	
25.015953	25.031845	25.047619	25.063210	25.078564	25.093616	25.108315	25.122601	25.136427	25.149731	25.162468	25.174589	25.186049	25.196800	25.206810	25.216026	25.224434	25.231981	25.238655	25.244419	25.249260	25.253151	25.256086	25.258045	25.259029	25.259029	25.258049	25.256084	25.253153	25.249260	25.244419	25.238653	25.231983	25.224430	25.216028	25.206806	25.196800	25.186047	25.174587	25.162468	25.149729	25.136425	25.122601	25.108315	25.093613	25.078564	25.063208	25.047619	25.031845	25.015953	
25.016338	25.032616	25.048767	25.064735	25.080460	25.095879	25.110931	25.125565	25.139721	25.153347	25.166391	25.178806	25.190540	25.201557	25.211803	25.221251	25.229853	25.237591	25.244419	25.250328	25.255280	25.259270	25.262272	25.264282	25.265287	25.265289	25.264280	25.262276	25.259266	25.255281	25.250322	25.244419	25.237587	25.229855	25.221249	25.211803	25.201555	25.190542	25.178806	25.166393	25.153347	25.139719	25.125565	25.110928	25.095879	25.080458	25.064739	25.048767	25.032616	25.016338	
25.016663	25.033260	25.049736	25.066017	25.082054	25.097775	25.113129	25.128048	25.142487	25.156382	25.169687	25.182346	25.194317	25.205545	25.215998	25.225628	25.234406	25.242290	25.249260	25.255281	25.260338	25.264400	25.267467	25.269512	25.270542	25.270538	25.269514	25.267462	25.264404	25.260334	25.255281	25.249256	25.242290	25.234404	25.225628	25.215996	25.205544	25.194313	25.182344	25.169685	25.156384	25.142487	25.128048	25.113129	25.097775	25.082054	25.066017	25.049736	25.033260	25.016663	
25.016922	25.033781	25.050510	25.067051	25.083332	25.099304	25.114895	25.130051	25.144711	25.158825	25.172337	25.185196	25.197350	25.208755	25.219372	25.229155	25.238066	25.246075	25.253151	25.259270	25.264400	25.268532	25.271641	25.273724	25.274765	25.274765	25.273722	25.271643	25.268528	25.264400	25.259268	25.253153	25.246073	25.238064	25.229153	25.219370	25.208755	25.197346	25.185196	25.172335	25.158825	25.144711	25.130051	25.114891	25.099304	25.083334	25.067051	25.050510	25.033783	25.016922	
25.017120	25.034172	25.051096	25.067825	25.084301	25.100452	25.116226	25.131556	25.146389	25.160664	25.174334	25.187340	25.199635	25.211174	25.221912	25.231806	25.240824	25.248924	25.256084	25.262272	25.267464	25.271641	25.274790	25.276894	25.277946	25.277948	25.276894	25.274788	25.271643	25.267464	25.262272	25.256083	25.248926	25.240824	25.231808	25.221912	25.211172	25.199635	25.187340	25.174332	25.160666	25.146389	25.131554	25.116226	25.100452	25.084301	25.067825	25.051098	25.034172	25.017120	
25.017250	25.034433	25.051487	25.068344	25.084942	25.101223	25.117115	25.132565	25.147511	25.161896	25.175669	25.188774	25.201164	25.212791	25.223610	25.233582	25.242668	25.250834	25.258045	25.264282	25.269512	25.273724	25.276894	25.279015	25.280077	25.280075	25.279015	25.276894	25.273720	25.269512	25.264278	25.258045	25.250832	25.242668	25.233583	25.223610	25.212791	25.201164	25.188774	25.175667	25.161896	25.147511	25.132565	25.117115	25.101223	25.084944	25.068348	25.051487	25.034435	25.017250	
25.017315	25.034565	25.051682	25.068604	25.085268	25.101606	25.117561	25.133068	25.148071	25.162514	25.176338	25.189495	25.201931	25.213600	25.224463	25.234472	25.243593	25.251789	25.259029	25.265284	25.270538	25.274765	25.277948	25.280077	25.281143	25.281143	25.280075	25.277946	25.274765	25.270538	25.265285	25.259027	25.251785	25.243591	25.234470	25.224461	25.213600	25.201931	25.189493	25.176338	25.162514	25.148071	25.133068	25.117559	25.101608	25.085270	25.068605	25.051683	25.034565	25.017315	
25.017315	25.034565	25.051682	25.068604	25.085268	25.101606	25.117561	25.133068	25.148071	25.162514	25.176338	25.189495	25.201931	25.213600	25.224463	25.234472	25.243593	25.251789	25.259029	25.265284	25.270538	25.274765	25.277948	25.280077	25.281143	25.281143	25.280075	25.277946	25.274765	25.270538	25.265285	25.259027	25.251785	25.243591	25.234470	25.224461	25.213600	25.201931	25.189493	25.176338	25.162514	25.148071	25.133068	25.117559	25.101608	25.085270	25.068605	25.051683	25.034565	25.017315	
25.017250	25.034433	25.051487	25.068344	25.084942	25.101223	25.117115	25.132565	25.147511	25.161896	25.175669	25.188774	25.201164	25.212791	25.223610	25.233582	25.242668	25.250834	25.258045	25.264282	25.269512	25.273724	25.276894	25.279015	25.280077	25.280075	25.279015	25.276894	25.273720	25.269512	25.264278	25.258045	25.250832	25.242668	25.233583	25.223610	25.212791	25.201164	25.188774	25.175667	25.161896	25.147511	25.132565	25.117115	25.101223	25.084944	25.068348	25.051487	25.034435	25.017250	
25.017120	25.034172	25.051096	25.067825	25.084301	25.100452	25.116226	25.131556	25.146389	25.160664	25.174334	25.187340	25.199635	25.211174	25.221912	25.231806	25.240824	25.248924	25.256084	25.262272	25.267464	25.271641	25.274790	25.276894	25.277946	25.277948	25.276894	25.274788	25.271643	25.267464	25.262272	25.256083	25.248926	25.240824	25.231808	25.221912	25.211172	25.199635	25.187340	25.174332	25.160666	25.146389	25.131554	25.116226	25.100452	25.084301	25.067825	25.051098	25.034172	25.017120	
25.016922	25.033781	25.050510	25.067051	25.083332	25.099304	25.114895	25.130051	25.144711	25.158825	25.172337	25.185196	25.197350	25.208755	25.219372	25.229155	25.238066	25.246075	25.253151	25.259270	25.264400	25.268532	25.271641	25.273724	25.274765	25.274765	25.273722	25.271643	25.268528	25.264400	25.259268	25.253153	25.246073	25.238064	25.229153	25.219370	25.208755	25.197346	25.185196	25.172335	25.158825	25.144711	25.130051	25.114891	25.099304	25.083334	25.067051	25.050510	25.033783	25.016922	
25.016663	25.033260	25.049736	25.066017	25.082054	25.097775	25.113129	25.128048	25.142487	25.156382	25.169687	25.182346	25.194317	25.205545	25.215998	25.225628	25.234406	25.242290	25.249260	25.255281	25.260338	25.264400	25.267467	25.269512	25.270542	25.270538	25.269514	25.267462	25.264404	25.260334	25.255281	25.249256	25.242290	25.234404	25.225628	25.215996	25.205544	25.194313	25.182344	25.169685	25.156384	25.142487	25.128048	25.113129	25.097775	25.082054	25.066017	25.049736	25.033260	25.016663	
25.016338	25.032616	25.048767	25.064735	25.080460	25.095879	25.110931	25.125565	25.139721	25.153347	25.166391	25.178806	25.190540	25.201557	25.211803	25.221251	25.229853	25.237591	25.244419	25.250328	25.255280	25.259270	25.262272	25.264282	25.265287	25.265289	25.264280	25.262276	25.259266	25.255281	25.250322	25.244419	25.237587	25.229855	25.221249	25.211803	25.201555	25.190542	25.178806	25.166393	25.153347	25.139719	25.125565	25.110928	25.095879	25.080458	25.064739	25.048767	25.032616	25.016338	
25.015953	25.031845	25.047619	25.063210	25.078564	25.093616	25.108315	25.122601	25.136427	25.149731	25.162468	25.174589	25.186049	25.196800	25.206810	25.216026	25.224434	25.231981	25.238655	25.244419	25.249260	25.253151	25.256086	25.258045	25.259029	25.259029	25.258049	25.256084	25.253153	25.249260	25.244419	25.238653	25.231983	25.224430	25.216028	25.206806	25.196800	25.186047	25.174587	25.162468	25.149729	25.136425	25.122601	25.108315	25.093613	25.078564	25.063208	25.047619	25.031845	25.015953	
25.015507	25.030956	25.046286	25.061443	25.076366	25.091000	25.105286	25.119177	25.132610	25.145546	25.157925	25.169710	25.180847	25.191299	25.201027	25.209991	25.218155	25.225498	25.231981	25.237591	25.242290	25.246078	25.248924	25.250834	25.251787	25.251789	25.250832	25.248926	25.246075	25.242290	25.237587	25.231983	25.225498	25.218159	25.209990	25.201027	25.191299	25.180847	25.169708	25.157927	25.145546	25.132610	25.119175	25.105286	25.091000	25.076365	25.061445	25.046288	25.030956	25.015507	
25.015003	25.029945	25.044781	25.059441	25.073881	25.088036	25.101860	25.115295	25.128296	25.140806	25.152786	25.164185	25.174961	25.185074	25.194485	25.203156	25.211060	25.218155	25.224434	25.229853	25.234406	25.238064	25.240826	25.242668	25.243593	25.243591	25.242668	25.240824	25.238064	25.234406	25.229855	25.224432	25.218157	25.211056	25.203156	25.194483	25.185072	25.174961	25.164185	25.152784	25.140808	25.128296	25.115295	25.101860	25.088036	25.073879	25.059441	25.044783	25.029947	25.015003	
25.014439	25.028828	25.043102	25.057219	25.071114	25.084740	25.098045	25.110979	25.123489	25.135536	25.147064	25.158039	25.168409	25.178146	25.187202	25.195553	25.203156	25.209991	25.216026	25.221251	25.225628	25.229156	25.231808	25.233585	25.234472	25.234474	25.233585	25.231808	25.229153	25.225628	25.221249	25.216030	25.209991	25.203156	25.195549	25.187202	25.178144	25.168411	25.158039	25.147064	25.135534	25.123493	25.110981	25.098045	25.084742	25.071114	25.057220	25.043102	25.028828	25.014441	
25.013824	25.027596	25.041264	25.054773	25.068079	25.081120	25.093861	25.106239	25.118221	25.129749	25.140789	25.151291	25.161224	25.170540	25.179213	25.187202	25.194487	25.201025	25.206810	25.211803	25.216000	25.219370	25.221914	25.223612	25.224464	25.224463	25.223612	25.221912	25.219370	25.216000	25.211803	25.206808	25.201027	25.194485	25.187202	25.179211	25.170540	25.161221	25.151291	25.140787	25.129749	25.118221	25.106241	25.093861	25.081123	25.068081	25.054775	25.041267	25.027596	25.013824	
25.013153	25.026260	25.039267	25.052124	25.064781	25.077198	25.089317	25.101103	25.112497	25.123474	25.133976	25.143974	25.153419	25.162289	25.170540	25.178146	25.185074	25.191299	25.196800	25.201557	25.205544	25.208759	25.211174	25.212795	25.213600	25.213604	25.212791	25.211174	25.208757	25.205544	25.201557	25.196800	25.191299	25.185074	25.178146	25.170540	25.162289	25.153419	25.143972	25.133976	25.123474	25.112499	25.101101	25.089319	25.077198	25.064785	25.052126	25.039268	25.026264	25.013157	
25.012436	25.024822	25.037121	25.049274	25.061245	25.072979	25.084442	25.095575	25.106354	25.116722	25.126656	25.136105	25.145039	25.153419	25.161222	25.168411	25.174963	25.180847	25.186047	25.190544	25.194317	25.197350	25.199638	25.201164	25.201935	25.201929	25.201164	25.199635	25.197350	25.194317	25.190544	25.186049	25.180847	25.174961	25.168411	25.161224	25.153419	25.145039	25.136105	25.126657	25.116726	25.106354	25.095577	25.084438	25.072981	25.061245	25.049276	25.037125	25.024826	25.012438	
25.011669	25.023296	25.034832	25.046242	25.057470	25.068487	25.079235	25.089691	25.099800	25.109537	25.118855	25.127724	25.136105	25.143972	25.151291	25.158039	25.164185	25.169708	25.174589	25.178808	25.182346	25.185196	25.187340	25.188778	25.189491	25.189495	25.188774	25.187342	25.185196	25.182346	25.178808	25.174591	25.169708	25.164188	25.158039	25.151291	25.143974	25.136106	25.127724	25.118855	25.109539	25.099804	25.089691	25.079239	25.068483	25.057472	25.046242	25.034836	25.023300	25.011671	
25.010860	25.021677	25.032417	25.043030	25.053486	25.063728	25.073740	25.083462	25.092876	25.101929	25.110603	25.118855	25.126656	25.133976	25.140789	25.147064	25.152786	25.157927	25.162468	25.166393	25.169689	25.172337	25.174335	25.175669	25.176340	25.176338	25.175671	25.174335	25.172340	25.169687	25.166395	25.162468	25.157928	25.152786	25.147068	25.140789	25.133978	25.126656	25.118858	25.110605	25.101933	25.092873	25.083464	25.073736	25.063732	25.053482	25.043032	25.032417	25.021679	25.010860	
25.010010	25.019981	25.029875	25.039660	25.049290	25.058735	25.067955	25.076923	25.085590	25.093943	25.101929	25.109535	25.116726	25.123472	25.129749	25.135536	25.140806	25.145546	25.149731	25.153347	25.156384	25.158827	25.160667	25.161900	25.162514	25.162514	25.161898	25.160667	25.158825	25.156387	25.153349	25.149734	25.145546	25.140810	25.135536	25.129751	25.123474	25.116730	25.109539	25.101933	25.093941	25.085592	25.076920	25.067955	25.058735	25.049290	25.039658	25.029877	25.019981	25.010010	
25.009119	25.018204	25.027222	25.036133	25.044910	25.053514	25.061920	25.070084	25.077988	25.085590	25.092876	25.099800	25.106354	25.112501	25.118219	25.123491	25.128296	25.132614	25.136425	25.139723	25.142487	25.144714	25.146393	25.147511	25.148073	25.148071	25.147511	25.146389	25.144714	25.142487	25.139725	25.136427	25.132614	25.128296	25.123493	25.118221	25.112503	25.106354	25.099804	25.092875	25.085592	25.077988	25.070086	25.061916	25.053516	25.044909	25.036133	25.027222	25.018204	25.009121	
25.008194	25.016361	25.024462	25.032475	25.040359	25.048096	25.055643	25.062984	25.070084	25.076921	25.083462	25.089691	25.095577	25.101101	25.106243	25.110979	25.115295	25.119175	25.122604	25.125565	25.128052	25.130051	25.131557	25.132566	25.133068	25.133068	25.132565	25.131557	25.130051	25.128052	25.125565	25.122604	25.119175	25.115297	25.110981	25.106243	25.101101	25.095581	25.089691	25.083466	25.076920	25.070086	25.062984	25.055645	25.048092	25.040358	25.032471	25.024460	25.016361	25.008196	
25.007240	25.014454	25.021614	25.028687	25.035656	25.042488	25.049160	25.055643	25.061916	25.067955	25.073738	25.079235	25.084438	25.089317	25.093861	25.098045	25.101860	25.105288	25.108315	25.110931	25.113129	25.114895	25.116226	25.117115	25.117561	25.117561	25.117117	25.116226	25.114895	25.113129	25.110933	25.108315	25.105289	25.101860	25.098047	25.093861	25.089321	25.084438	25.079239	25.073736	25.067959	25.061918	25.055645	25.049160	25.042488	25.035656	25.028687	25.021614	25.014454	25.007242	
25.006256	25.012491	25.018679	25.024796	25.030815	25.036724	25.042488	25.048092	25.053514	25.058735	25.063732	25.068485	25.072979	25.077198	25.081123	25.084742	25.088037	25.091000	25.093616	25.095879	25.097778	25.099304	25.100454	25.101223	25.101608	25.101610	25.101223	25.100454	25.099304	25.097778	25.095879	25.093616	25.091000	25.088039	25.084740	25.081125	25.077198	25.072983	25.068485	25.063732	25.058735	25.053516	25.048094	25.042488	25.036724	25.030815	25.024796	25.018677	25.012493	25.006258	
25.005253	25.010483	25.015675	25.020807	25.025862	25.030815	25.035656	25.040359	25.044910	25.049290	25.053482	25.057472	25.061245	25.064783	25.068079	25.071114	25.073879	25.076366	25.078564	25.080463	25.082054	25.083336	25.084301	25.084946	25.085270	25.085270	25.084946	25.084301	25.083336	25.082054	25.080462	25.078564	25.076366	25.073881	25.071114	25.068077	25.064787	25.061245	25.057476	25.053484	25.049290	25.044910	25.040359	25.035656	25.030817	25.025864	25.020805	25.015676	25.010483	25.005253	
25.004227	25.008434	25.012611	25.016739	25.020807	25.024796	25.028687	25.032473	25.036133	25.039658	25.043030	25.046242	25.049276	25.052124	25.054775	25.057217	25.059444	25.061443	25.063213	25.064739	25.066019	25.067051	25.067829	25.068348	25.068607	25.068607	25.068346	25.067827	25.067051	25.066021	25.064739	25.063213	25.061443	25.059444	25.057217	25.054779	25.052124	25.049280	25.046242	25.043034	25.039658	25.036133	25.032475	25.028688	25.024797	25.020805	25.016743	25.012611	25.008436	25.004225	
25.003185	25.006355	25.009501	25.012611	25.015675	25.018679	25.021614	25.024460	25.027220	25.029875	25.032419	25.034836	25.037123	25.039268	25.041264	25.043104	25.044781	25.046288	25.047619	25.048769	25.049734	25.050510	25.051098	25.051489	25.051683	25.051685	25.051487	25.051096	25.050510	25.049736	25.048771	25.047619	25.046289	25.044781	25.043106	25.041264	25.039268	25.037121	25.034836	25.032417	25.029877	25.027222	25.024464	25.021612	25.018677	25.015675	25.012611	25.009504	25.006353	25.003185	
25.002129	25.004250	25.006355	25.008434	25.010483	25.012491	25.014452	25.016361	25.018204	25.019981	25.021679	25.023300	25.024828	25.026262	25.027596	25.028828	25.029949	25.030956	25.031847	25.032616	25.033260	25.033783	25.034172	25.034433	25.034565	25.034565	25.034435	25.034172	25.033779	25.033264	25.032616	25.031849	25.030956	25.029949	25.028828	25.027596	25.026260	25.024826	25.023296	25.021681	25.019981	25.018204	25.016361	25.014454	25.012493	25.010483	25.008436	25.006355	25.004251	25.002129	
25.001068	25.002129	25.003183	25.004227	25.005253	25.006256	25.007240	25.008194	25.009121	25.010010	25.010862	25.011671	25.012440	25.013157	25.013824	25.014441	25.015003	25.015509	25.015953	25.016338	25.016663	25.016922	25.017118	25.017250	25.017315	25.017315	25.017250	25.017118	25.016922	25.016663	25.016340	25.015953	25.015507	25.015003	25.014442	25.013824	25.013157	25.012438	25.011671	25.010860	25.010010	25.009119	25.008196	25.007240	25.006258	25.005253	25.004227	25.003185	25.002129	25.001068	
