25.007309	25.014599	25.021824	25.028992	25.036030	25.042973	25.049726	25.056335	25.062706	25.068890	25.074778	25.080433	25.085751	25.090790	25.095453	25.099796	25.103724	25.107294	25.110424	25.113159	25.115433	25.117287	25.118666	25.119600	25.120064	25.120064	25.119602	25.118666	25.117287	25.115433	25.113159	25.110424	25.107292	25.103722	25.099798	25.095451	25.090794	25.085751	25.080435	25.074776	25.068890	25.062702	25.056335	25.049725	25.042971	25.036032	25.028992	25.021826	25.014599	25.007309	
25.014597	25.029133	25.043591	25.057858	25.071964	25.085762	25.099308	25.112434	25.125229	25.137489	25.149330	25.160540	25.171242	25.181223	25.190609	25.199200	25.207115	25.214176	25.220486	25.225887	25.230480	25.234135	25.236927	25.238770	25.239704	25.239708	25.238770	25.236925	25.234135	25.230480	25.225891	25.220486	25.214176	25.207117	25.199200	25.190611	25.181221	25.171242	25.160540	25.149332	25.137489	25.125229	25.112432	25.099310	25.085758	25.071964	25.057858	25.043591	25.029135	25.014599	
25.021824	25.043589	25.065166	25.086563	25.107586	25.128304	25.148476	25.168209	25.187233	25.205688	25.223274	25.240164	25.256042	25.271093	25.285009	25.297977	25.309704	25.320368	25.329704	25.337875	25.344666	25.350197	25.354321	25.357111	25.358494	25.358494	25.357111	25.354317	25.350195	25.344667	25.337875	25.329708	25.320366	25.309704	25.297979	25.285007	25.271093	25.256039	25.240164	25.223270	25.205690	25.187229	25.168213	25.148474	25.128307	25.107586	25.086563	25.065170	25.043591	25.021824	
25.028988	25.057858	25.086561	25.114895	25.142906	25.170307	25.197214	25.223282	25.248688	25.273033	25.296551	25.318808	25.340059	25.359880	25.378523	25.395582	25.411304	25.425320	25.437851	25.448584	25.457699	25.464962	25.470499	25.474163	25.476017	25.476019	25.474161	25.470497	25.464960	25.457699	25.448584	25.437849	25.425322	25.411304	25.395580	25.378523	25.359879	25.340059	25.318806	25.296551	25.273033	25.248688	25.223280	25.197216	25.170307	25.142908	25.114899	25.086563	25.057858	25.028992	
25.036030	25.071960	25.107586	25.142906	25.177616	25.211821	25.245123	25.277702	25.309105	25.339575	25.368605	25.396488	25.422701	25.447552	25.470528	25.491936	25.511297	25.528902	25.544319	25.557804	25.569017	25.578144	25.584953	25.589560	25.591846	25.591841	25.589561	25.584953	25.578144	25.569016	25.557804	25.544317	25.528898	25.511297	25.491940	25.470528	25.447554	25.422701	25.396490	25.368607	25.339573	25.309105	25.277704	25.245121	25.211823	25.177620	25.142908	25.107586	25.071962	25.036030	
25.042969	25.085758	25.128304	25.170305	25.211819	25.252438	25.292315	25.330957	25.368610	25.404701	25.439552	25.472548	25.504045	25.533426	25.561058	25.586346	25.609650	25.630428	25.648994	25.664906	25.678415	25.689182	25.697384	25.702820	25.705570	25.705572	25.702816	25.697388	25.689182	25.678415	25.664904	25.648996	25.630424	25.609648	25.586346	25.561056	25.533424	25.504045	25.472549	25.439554	25.404703	25.368610	25.330956	25.292316	25.252438	25.211821	25.170305	25.128304	25.085758	25.042971	
25.049725	25.099308	25.148472	25.197214	25.245123	25.292316	25.338276	25.383236	25.426575	25.468616	25.508686	25.547163	25.583340	25.617632	25.649345	25.678883	25.705608	25.729893	25.751179	25.769781	25.785259	25.797853	25.807251	25.813606	25.816761	25.816757	25.813610	25.807251	25.797853	25.785257	25.769783	25.751175	25.729893	25.705606	25.678885	25.649342	25.617634	25.583340	25.547163	25.508686	25.468618	25.426575	25.383236	25.338276	25.292316	25.245123	25.197214	25.148476	25.099308	25.049725	
25.056335	25.112434	25.168211	25.223282	25.277702	25.330959	25.383234	25.433903	25.483255	25.530586	25.576265	25.619534	25.660818	25.699345	25.735565	25.768726	25.799271	25.826517	25.850853	25.871719	25.889423	25.903545	25.914299	25.921425	25.925030	25.925032	25.921425	25.914301	25.903545	25.889427	25.871719	25.850857	25.826515	25.799271	25.768724	25.735563	25.699343	25.660820	25.619532	25.576267	25.530584	25.483257	25.433899	25.383234	25.330957	25.277702	25.223282	25.168213	25.112436	25.056335	
25.062706	25.125229	25.187229	25.248688	25.309105	25.368610	25.426575	25.483257	25.537922	25.590925	25.641466	25.689972	25.735607	25.778835	25.818836	25.856073	25.889782	25.920397	25.947245	25.970699	25.990223	26.006100	26.017956	26.025967	26.029945	26.029942	26.025969	26.017956	26.006102	25.990223	25.970699	25.947243	25.920397	25.889780	25.856075	25.818832	25.778835	25.735603	25.689974	25.641464	25.590927	25.537922	25.483257	25.426575	25.368607	25.309103	25.248684	25.187233	25.125229	25.062706	
25.068888	25.137489	25.205688	25.273035	25.339573	25.404705	25.468616	25.530586	25.590925	25.648813	25.704659	25.757580	25.808050	25.855175	25.899448	25.940014	25.977348	26.010677	26.040430	26.065952	26.087597	26.104866	26.118015	26.126730	26.131138	26.131140	26.126728	26.118015	26.104868	26.087599	26.065952	26.040430	26.010677	25.977348	25.940012	25.899448	25.855173	25.808050	25.757580	25.704659	25.648811	25.590927	25.530582	25.468616	25.404701	25.339573	25.273033	25.205688	25.137491	25.068888	
25.074778	25.149330	25.223270	25.296549	25.368607	25.439552	25.508690	25.576265	25.641466	25.704659	25.764942	25.822769	25.877201	25.928736	25.976452	26.020840	26.061050	26.097546	26.129570	26.157534	26.180820	26.199751	26.213890	26.223442	26.228188	26.228184	26.223444	26.213890	26.199751	26.180820	26.157532	26.129570	26.097546	26.061049	26.020840	25.976448	25.928736	25.877199	25.822769	25.764938	25.704660	25.641464	25.576267	25.508686	25.439554	25.368603	25.296549	25.223270	25.149330	25.074776	
25.080433	25.160540	25.240164	25.318810	25.396490	25.472549	25.547163	25.619534	25.689974	25.757580	25.822769	25.884579	25.943491	25.998535	26.050211	26.097595	26.141171	26.180101	26.214828	26.244640	26.269903	26.290077	26.305422	26.315601	26.320747	26.320747	26.315599	26.305422	26.290077	26.269901	26.244640	26.214828	26.180099	26.141169	26.097591	26.050211	25.998531	25.943491	25.884579	25.822769	25.757580	25.689972	25.619534	25.547163	25.472548	25.396490	25.318806	25.240164	25.160538	25.080433	
25.085751	25.171240	25.256039	25.340061	25.422699	25.504047	25.583344	25.660820	25.735605	25.808052	25.877201	25.943491	26.005934	26.065008	26.119745	26.170631	26.216763	26.258595	26.295336	26.327385	26.354103	26.375799	26.392023	26.402971	26.408411	26.408411	26.402971	26.392021	26.375797	26.354103	26.327385	26.295336	26.258593	26.216759	26.170630	26.119743	26.065008	26.005930	25.943491	25.877199	25.808050	25.735603	25.660820	25.583340	25.504045	25.422699	25.340061	25.256039	25.171242	25.085751	
25.090792	25.181221	25.271095	25.359879	25.447556	25.533426	25.617634	25.699347	25.778839	25.855175	25.928736	25.998533	26.065008	26.127167	26.185476	26.238987	26.288155	26.332119	26.371302	26.404968	26.433474	26.456257	26.473570	26.485065	26.490870	26.490871	26.485064	26.473570	26.456255	26.433474	26.404968	26.371300	26.332119	26.288153	26.238983	26.185476	26.127163	26.065008	25.998529	25.928738	25.855173	25.778839	25.699345	25.617634	25.533424	25.447556	25.359877	25.271095	25.181219	25.090794	
25.095453	25.190613	25.285011	25.378525	25.470528	25.561058	25.649343	25.735565	25.818834	25.899450	25.976448	26.050211	26.119745	26.185476	26.246433	26.303047	26.354420	26.400963	26.441883	26.477539	26.507296	26.531433	26.549503	26.561682	26.567741	26.567738	26.561684	26.549501	26.531433	26.507296	26.477539	26.441883	26.400963	26.354420	26.303047	26.246429	26.185476	26.119741	26.050211	25.976446	25.899450	25.818832	25.735565	25.649342	25.561058	25.470528	25.378523	25.285007	25.190611	25.095453	
25.099798	25.199200	25.297981	25.395582	25.491940	25.586348	25.678883	25.768726	25.856075	25.940014	26.020842	26.097595	26.170633	26.238987	26.303051	26.361895	26.415913	26.464264	26.507309	26.544338	26.575651	26.600708	26.619726	26.632370	26.638744	26.638748	26.632366	26.619726	26.600708	26.575649	26.544338	26.507309	26.464264	26.415913	26.361891	26.303049	26.238983	26.170631	26.097591	26.020844	25.940012	25.856075	25.768726	25.678885	25.586342	25.491940	25.395580	25.297977	25.199200	25.099796	
25.103724	25.207121	25.309706	25.411306	25.511299	25.609650	25.705605	25.799269	25.889782	25.977350	26.061052	26.141171	26.216763	26.288157	26.354422	26.415913	26.471764	26.522310	26.566799	26.605522	26.637875	26.664085	26.683733	26.696957	26.703548	26.703547	26.696960	26.683733	26.664085	26.637877	26.605522	26.566797	26.522310	26.471764	26.415913	26.354420	26.288153	26.216759	26.141171	26.061050	25.977350	25.889782	25.799271	25.705606	25.609650	25.511295	25.411304	25.309704	25.207117	25.103722	
25.107296	25.214176	25.320370	25.425322	25.528904	25.630426	25.729893	25.826515	25.920399	26.010677	26.097546	26.180101	26.258596	26.332121	26.400965	26.464264	26.522312	26.574327	26.620577	26.660416	26.694057	26.721018	26.741451	26.755054	26.761906	26.761908	26.755053	26.741451	26.721020	26.694057	26.660416	26.620575	26.574326	26.522308	26.464264	26.400963	26.332119	26.258595	26.180099	26.097546	26.010677	25.920399	25.826515	25.729897	25.630424	25.528900	25.425320	25.320366	25.214174	25.107296	
25.110422	25.220486	25.329708	25.437851	25.544323	25.648998	25.751175	25.850857	25.947243	26.040432	26.129572	26.214830	26.295336	26.371304	26.441883	26.507311	26.566801	26.620579	26.667969	26.709164	26.743628	26.771515	26.792442	26.806513	26.813532	26.813532	26.806511	26.792442	26.771515	26.743629	26.709164	26.667965	26.620577	26.566799	26.507307	26.441883	26.371300	26.295334	26.214828	26.129570	26.040432	25.947243	25.850853	25.751177	25.648996	25.544315	25.437851	25.329704	25.220486	25.110420	
25.113159	25.225889	25.337877	25.448586	25.557808	25.664909	25.769785	25.871719	25.970703	26.065952	26.157536	26.244642	26.327387	26.404972	26.477541	26.544338	26.605522	26.660416	26.709164	26.751205	26.786665	26.815117	26.836655	26.851009	26.858231	26.858232	26.851009	26.836655	26.815119	26.786665	26.751205	26.709162	26.660414	26.605522	26.544334	26.477539	26.404970	26.327385	26.244640	26.157534	26.065952	25.970699	25.871719	25.769783	25.664909	25.557806	25.448582	25.337875	25.225887	25.113159	
25.115433	25.230480	25.344667	25.457699	25.569019	25.678417	25.785259	25.889427	25.990223	26.087599	26.180820	26.269903	26.354103	26.433472	26.507298	26.575649	26.637877	26.694057	26.743628	26.786665	26.822716	26.851847	26.873741	26.888439	26.895782	26.895782	26.888439	26.873739	26.851849	26.822716	26.786667	26.743626	26.694057	26.637875	26.575649	26.507294	26.433472	26.354101	26.269903	26.180820	26.087599	25.990223	25.889425	25.785259	25.678417	25.569017	25.457699	25.344666	25.230480	25.115433	
25.117285	25.234135	25.350197	25.464962	25.578148	25.689182	25.797855	25.903545	26.006104	26.104870	26.199751	26.290079	26.375799	26.456259	26.531433	26.600708	26.664085	26.721020	26.771513	26.815117	26.851847	26.881359	26.903667	26.918552	26.926037	26.926037	26.918556	26.903666	26.881359	26.851849	26.815117	26.771513	26.721016	26.664087	26.600704	26.531433	26.456253	26.375797	26.290075	26.199749	26.104870	26.006104	25.903545	25.797857	25.689182	25.578148	25.464964	25.350197	25.234137	25.117285	
25.118666	25.236925	25.354321	25.470499	25.584953	25.697388	25.807255	25.914303	26.017958	26.118017	26.213892	26.305424	26.392023	26.473572	26.549503	26.619724	26.683733	26.741449	26.792442	26.836653	26.873741	26.903667	26.926188	26.941290	26.948839	26.948839	26.941288	26.926189	26.903667	26.873741	26.836655	26.792439	26.741451	26.683731	26.619728	26.549500	26.473568	26.392021	26.305422	26.213892	26.118017	26.017958	25.914303	25.807255	25.697390	25.584953	25.470501	25.354321	25.236927	25.118666	
25.119602	25.238771	25.357111	25.474163	25.589561	25.702820	25.813610	25.921425	26.025969	26.126730	26.223442	26.315599	26.402971	26.485065	26.561680	26.632370	26.696959	26.755054	26.806515	26.851009	26.888439	26.918554	26.941288	26.956482	26.964106	26.964106	26.956482	26.941286	26.918556	26.888439	26.851009	26.806513	26.755051	26.696959	26.632368	26.561680	26.485062	26.402969	26.315599	26.223442	26.126728	26.025969	25.921425	25.813610	25.702820	25.589561	25.474163	25.357111	25.238770	25.119600	
25.120066	25.239704	25.358494	25.476021	25.591843	25.705572	25.816761	25.925032	26.029943	26.131138	26.228184	26.320747	26.408409	26.490870	26.567739	26.638746	26.703548	26.761909	26.813534	26.858234	26.895782	26.926037	26.948839	26.964106	26.971752	26.971752	26.964104	26.948837	26.926035	26.895781	26.858232	26.813530	26.761906	26.703547	26.638746	26.567738	26.490868	26.408409	26.320744	26.228186	26.131138	26.029943	25.925034	25.816763	25.705574	25.591846	25.476021	25.358494	25.239704	25.120064	
25.120066	25.239704	25.358494	25.476021	25.591843	25.705572	25.816761	25.925032	26.029943	26.131138	26.228184	26.320747	26.408409	26.490870	26.567739	26.638746	26.703548	26.761909	26.813534	26.858234	26.895782	26.926037	26.948839	26.964106	26.971752	26.971752	26.964104	26.948837	26.926035	26.895781	26.858232	26.813530	26.761906	26.703547	26.638746	26.567738	26.490868	26.408409	26.320744	26.228186	26.131138	26.029943	25.925034	25.816763	25.705574	25.591846	25.476021	25.358494	25.239704	25.120064	
25.119602	25.238771	25.357111	25.474163	25.589561	25.702820	25.813610	25.921425	26.025969	26.126730	26.223442	26.315599	26.402971	26.485065	26.561680	26.632370	26.696959	26.755054	26.806515	26.851009	26.888439	26.918554	26.941288	26.956482	26.964106	26.964106	26.956482	26.941286	26.918556	26.888439	26.851009	26.806513	26.755051	26.696959	26.632368	26.561680	26.485062	26.402969	26.315599	26.223442	26.126728	26.025969	25.921425	25.813610	25.702820	25.589561	25.474163	25.357111	25.238770	25.119600	
25.118666	25.236925	25.354321	25.470499	25.584953	25.697388	25.807255	25.914303	26.017958	26.118017	26.213892	26.305424	26.392023	26.473572	26.549503	26.619724	26.683733	26.741449	26.792442	26.836653	26.873741	26.903667	26.926188	26.941290	26.948839	26.948839	26.941288	26.926189	26.903667	26.873741	26.836655	26.792439	26.741451	26.683731	26.619728	26.549500	26.473568	26.392021	26.305422	26.213892	26.118017	26.017958	25.914303	25.807255	25.697390	25.584953	25.470501	25.354321	25.236927	25.118666	
25.117285	25.234135	25.350197	25.464962	25.578148	25.689182	25.797855	25.903545	26.006104	26.104870	26.199751	26.290079	26.375799	26.456259	26.531433	26.600708	26.664085	26.721020	26.771513	26.815117	26.851847	26.881359	26.903667	26.918552	26.926037	26.926037	26.918556	26.903666	26.881359	26.851849	26.815117	26.771513	26.721016	26.664087	26.600704	26.531433	26.456253	26.375797	26.290075	26.199749	26.104870	26.006104	25.903545	25.797857	25.689182	25.578148	25.464964	25.350197	25.234137	25.117285	
25.115433	25.230480	25.344667	25.457699	25.569019	25.678417	25.785259	25.889427	25.990223	26.087599	26.180820	26.269903	26.354103	26.433472	26.507298	26.575649	26.637877	26.694057	26.743628	26.786665	26.822716	26.851847	26.873741	26.888439	26.895782	26.895782	26.888439	26.873739	26.851849	26.822716	26.786667	26.743626	26.694057	26.637875	26.575649	26.507294	26.433472	26.354101	26.269903	26.180820	26.087599	25.990223	25.889425	25.785259	25.678417	25.569017	25.457699	25.344666	25.230480	25.115433	
25.113159	25.225889	25.337877	25.448586	25.557808	25.664909	25.769785	25.871719	25.970703	26.065952	26.157536	26.244642	26.327387	26.404972	26.477541	26.544338	26.605522	26.660416	26.709164	26.751205	26.786665	26.815117	26.836655	26.851009	26.858231	26.858232	26.851009	26.836655	26.815119	26.786665	26.751205	26.709162	26.660414	26.605522	26.544334	26.477539	26.404970	26.327385	26.244640	26.157534	26.065952	25.970699	25.871719	25.769783	25.664909	25.557806	25.448582	25.337875	25.225887	25.113159	
25.110422	25.220486	25.329708	25.437851	25.544323	25.648998	25.751175	25.850857	25.947243	26.040432	26.129572	26.214830	26.295336	26.371304	26.441883	26.507311	26.566801	26.620579	26.667969	26.709164	26.743628	26.771515	26.792442	26.806513	26.813532	26.813532	26.806511	26.792442	26.771515	26.743629	26.709164	26.667965	26.620577	26.566799	26.507307	26.441883	26.371300	26.295334	26.214828	26.129570	26.040432	25.947243	25.850853	25.751177	25.648996	25.544315	25.437851	25.329704	25.220486	25.110420	
25.107296	25.214176	25.320370	25.425322	25.528904	25.630426	25.729893	25.826515	25.920399	26.010677	26.097546	26.180101	26.258596	26.332121	26.400965	26.464264	26.522312	26.574327	26.620577	26.660416	26.694057	26.721018	26.741451	26.755054	26.761906	26.761908	26.755053	26.741451	26.721020	26.694057	26.660416	26.620575	26.574326	26.522308	26.464264	26.400963	26.332119	26.258595	26.180099	26.097546	26.010677	25.920399	25.826515	25.729897	25.630424	25.528900	25.425320	25.320366	25.214174	25.107296	
25.103724	25.207121	25.309706	25.411306	25.511299	25.609650	25.705605	25.799269	25.889782	25.977350	26.061052	26.141171	26.216763	26.288157	26.354422	26.415913	26.471764	26.522310	26.566799	26.605522	26.637875	26.664085	26.683733	26.696957	26.703548	26.703547	26.696960	26.683733	26.664085	26.637877	26.605522	26.566797	26.522310	26.471764	26.415913	26.354420	26.288153	26.216759	26.141171	26.061050	25.977350	25.889782	25.799271	25.705606	25.609650	25.511295	25.411304	25.309704	25.207117	25.103722	
25.099798	25.199200	25.297981	25.395582	25.491940	25.586348	25.678883	25.768726	25.856075	25.940014	26.020842	26.097595	26.170633	26.238987	26.303051	26.361895	26.415913	26.464264	26.507309	26.544338	26.575651	26.600708	26.619726	26.632370	26.638744	26.638748	26.632366	26.619726	26.600708	26.575649	26.544338	26.507309	26.464264	26.415913	26.361891	26.303049	26.238983	26.170631	26.097591	26.020844	25.940012	25.856075	25.768726	25.678885	25.586342	25.491940	25.395580	25.297977	25.199200	25.099796	
25.095453	25.190613	25.285011	25.378525	25.470528	25.561058	25.649343	25.735565	25.818834	25.899450	25.976448	26.050211	26.119745	26.185476	26.246433	26.303047	26.354420	26.400963	26.441883	26.477539	26.507296	26.531433	26.549503	26.561682	26.567741	26.567738	26.561684	26.549501	26.531433	26.507296	26.477539	26.441883	26.400963	26.354420	26.303047	26.246429	26.185476	26.119741	26.050211	25.976446	25.899450	25.818832	25.735565	25.649342	25.561058	25.470528	25.378523	25.285007	25.190611	25.095453	
25.090792	25.181221	25.271095	25.359879	25.447556	25.533426	25.617634	25.699347	25.778839	25.855175	25.928736	25.998533	26.065008	26.127167	26.185476	26.238987	26.288155	26.332119	26.371302	26.404968	26.433474	26.456257	26.473570	26.485065	26.490870	26.490871	26.485064	26.473570	26.456255	26.433474	26.404968	26.371300	26.332119	26.288153	26.238983	26.185476	26.127163	26.065008	25.998529	25.928738	25.855173	25.778839	25.699345	25.617634	25.533424	25.447556	25.359877	25.271095	25.181219	25.090794	
25.085751	25.171240	25.256039	25.340061	25.422699	25.504047	25.583344	25.660820	25.735605	25.808052	25.877201	25.943491	26.005934	26.065008	26.119745	26.170631	26.216763	26.258595	26.295336	26.327385	26.354103	26.375799	26.392023	26.402971	26.408411	26.408411	26.402971	26.392021	26.375797	26.354103	26.327385	26.295336	26.258593	26.216759	26.170630	26.119743	26.065008	26.005930	25.943491	25.877199	25.808050	25.735603	25.660820	25.583340	25.504045	25.422699	25.340061	25.256039	25.171242	25.085751	
25.080433	25.160540	25.240164	25.318810	25.396490	25.472549	25.547163	25.619534	25.689974	25.757580	25.822769	25.884579	25.943491	25.998535	26.050211	26.097595	26.141171	26.180101	26.214828	26.244640	26.269903	26.290077	26.305422	26.315601	26.320747	26.320747	26.315599	26.305422	26.290077	26.269901	26.244640	26.214828	26.180099	26.141169	26.097591	26.050211	25.998531	25.943491	25.884579	25.822769	25.757580	25.689972	25.619534	25.547163	25.472548	25.396490	25.318806	25.240164	25.160538	25.080433	
25.074778	25.149330	25.223270	25.296549	25.368607	25.439552	25.508690	25.576265	25.641466	25.704659	25.764942	25.822769	25.877201	25.928736	25.976452	26.020840	26.061050	26.097546	26.129570	26.157534	26.180820	26.199751	26.213890	26.223442	26.228188	26.228184	26.223444	26.213890	26.199751	26.180820	26.157532	26.129570	26.097546	26.061049	26.020840	25.976448	25.928736	25.877199	25.822769	25.764938	25.704660	25.641464	25.576267	25.508686	25.439554	25.368603	25.296549	25.223270	25.149330	25.074776	
25.068888	25.137489	25.205688	25.273035	25.339573	25.404705	25.468616	25.530586	25.590925	25.648813	25.704659	25.757580	25.808050	25.855175	25.899448	25.940014	25.977348	26.010677	26.040430	26.065952	26.087597	26.104866	26.118015	26.126730	26.131138	26.131140	26.126728	26.118015	26.104868	26.087599	26.065952	26.040430	26.010677	25.977348	25.940012	25.899448	25.855173	25.808050	25.757580	25.704659	25.648811	25.590927	25.530582	25.468616	25.404701	25.339573	25.273033	25.205688	25.137491	25.068888	
25.062706	25.125229	25.187229	25.248688	25.309105	25.368610	25.426575	25.483257	25.537922	25.590925	25.641466	25.689972	25.735607	25.778835	25.818836	25.856073	25.889782	25.920397	25.947245	25.970699	25.990223	26.006100	26.017956	26.025967	26.029945	26.029942	26.025969	26.017956	26.006102	25.990223	25.970699	25.947243	25.920397	25.889780	25.856075	25.818832	25.778835	25.735603	25.689974	25.641464	25.590927	25.537922	25.483257	25.426575	25.368607	25.309103	25.248684	25.187233	25.125229	25.062706	
25.056335	25.112434	25.168211	25.223282	25.277702	25.330959	25.383234	25.433903	25.483255	25.530586	25.576265	25.619534	25.660818	25.699345	25.735565	25.768726	25.799271	25.826517	25.850853	25.871719	25.889423	25.903545	25.914299	25.921425	25.925030	25.925032	25.921425	25.914301	25.903545	25.889427	25.871719	25.850857	25.826515	25.799271	25.768724	25.735563	25.699343	25.660820	25.619532	25.576267	25.530584	25.483257	25.433899	25.383234	25.330957	25.277702	25.223282	25.168213	25.112436	25.056335	
25.049725	25.099308	25.148472	25.197214	25.245123	25.292316	25.338276	25.383236	25.426575	25.468616	25.508686	25.547163	25.583340	25.617632	25.649345	25.678883	25.705608	25.729893	25.751179	25.769781	25.785259	25.797853	25.807251	25.813606	25.816761	25.816757	25.813610	25.807251	25.797853	25.785257	25.769783	25.751175	25.729893	25.705606	25.678885	25.649342	25.617634	25.583340	25.547163	25.508686	25.468618	25.426575	25.383236	25.338276	25.292316	25.245123	25.197214	25.148476	25.099308	25.049725	
25.042969	25.085758	25.128304	25.170305	25.211819	25.252438	25.292315	25.330957	25.368610	25.404701	25.439552	25.472548	25.504045	25.533426	25.561058	25.586346	25.609650	25.630428	25.648994	25.664906	25.678415	25.689182	25.697384	25.702820	25.705570	25.705572	25.702816	25.697388	25.689182	25.678415	25.664904	25.648996	25.630424	25.609648	25.586346	25.561056	25.533424	25.504045	25.472549	25.439554	25.404703	25.368610	25.330956	25.292316	25.252438	25.211821	25.170305	25.128304	25.085758	25.042971	
25.036030	25.071960	25.107586	25.142906	25.177616	25.211821	25.245123	25.277702	25.309105	25.339575	25.368605	25.396488	25.422701	25.447552	25.470528	25.491936	25.511297	25.528902	25.544319	25.557804	25.569017	25.578144	25.584953	25.589560	25.591846	25.591841	25.589561	25.584953	25.578144	25.569016	25.557804	25.544317	25.528898	25.511297	25.491940	25.470528	25.447554	25.422701	25.396490	25.368607	25.339573	25.309105	25.277704	25.245121	25.211823	25.177620	25.142908	25.107586	25.071962	25.036030	
25.028988	25.057858	25.086561	25.114895	25.142906	25.170307	25.197214	25.223282	25.248688	25.273033	25.296551	25.318808	25.340059	25.359880	25.378523	25.395582	25.411304	25.425320	25.437851	25.448584	25.457699	25.464962	25.470499	25.474163	25.476017	25.476019	25.474161	25.470497	25.464960	25.457699	25.448584	25.437849	25.425322	25.411304	25.395580	25.378523	25.359879	25.340059	25.318806	25.296551	25.273033	25.248688	25.223280	25.197216	25.170307	25.142908	25.114899	25.086563	25.057858	25.028992	
25.021824	25.043589	25.065166	25.086563	25.107586	25.128304	25.148476	25.168209	25.187233	25.205688	25.223274	25.240164	25.256042	25.271093	25.285009	25.297977	25.309704	25.320368	25.329704	25.337875	25.344666	25.350197	25.354321	25.357111	25.358494	25.358494	25.357111	25.354317	25.350195	25.344667	25.337875	25.329708	25.320366	25.309704	25.297979	25.285007	25.271093	25.256039	25.240164	25.223270	25.205690	25.187229	25.168213	25.148474	25.128307	25.107586	25.086563	25.065170	25.043591	25.021824	
25.014597	25.029133	25.043591	25.057858	25.071964	25.085762	25.099308	25.112434	25.125229	25.137489	25.149330	25.160540	25.171242	25.181223	25.190609	25.199200	25.207115	25.214176	25.220486	25.225887	25.230480	25.234135	25.236927	25.238770	25.239704	25.239708	25.238770	25.236925	25.234135	25.230480	25.225891	25.220486	25.214176	25.207117	25.199200	25.190611	25.181221	25.171242	25.160540	25.149332	25.137489	25.125229	25.112432	25.099310	25.085758	25.071964	25.057858	25.043591	25.029135	25.014599	
25.007309	25.014599	25.021824	25.028992	25.036030	25.042973	25.049726	25.056335	25.062706	25.068890	25.074778	25.080433	25.085751	25.090790	25.095453	25.099796	25.103724	25.107294	25.110424	25.113159	25.115433	25.117287	25.118666	25.119600	25.120064	25.120064	25.119602	25.118666	25.117287	25.115433	25.113159	25.110424	25.107292	25.103722	25.099798	25.095451	25.090794	25.085751	25.080435	25.074776	25.068890	25.062702	25.056335	25.049725	25.042971	25.036032	25.028992	25.021826	25.014599	25.007309	
