25.000000	25.000000	25.000000	25.000000	25.000000	25.000000	25.000004	25.000004	25.000011	25.000017	25.000038	25.000051	25.000099	25.000130	25.000225	25.000278	25.000425	25.000500	25.000692	25.000778	25.000978	25.001057	25.001207	25.001255	25.001310	25.001308	25.001253	25.001207	25.001057	25.000978	25.000780	25.000690	25.000500	25.000423	25.000275	25.000223	25.000130	25.000099	25.000051	25.000038	25.000017	25.000011	25.000004	25.000004	25.000000	25.000000	25.000000	25.000000	25.000000	25.000000	
25.000000	25.000000	25.000000	25.000000	25.000000	25.000004	25.000006	25.000015	25.000027	25.000061	25.000086	25.000175	25.000233	25.000422	25.000532	25.000858	25.001034	25.001499	25.001728	25.002264	25.002499	25.002979	25.003159	25.003443	25.003511	25.003511	25.003445	25.003159	25.002979	25.002499	25.002262	25.001726	25.001499	25.001034	25.000856	25.000530	25.000420	25.000231	25.000175	25.000086	25.000061	25.000027	25.000017	25.000008	25.000004	25.000000	25.000000	25.000000	25.000000	25.000000	
25.000000	25.000000	25.000000	25.000000	25.000004	25.000008	25.000021	25.000031	25.000080	25.000118	25.000248	25.000343	25.000645	25.000839	25.001415	25.001749	25.002645	25.003126	25.004272	25.004826	25.006001	25.006498	25.007385	25.007683	25.008015	25.008015	25.007683	25.007385	25.006498	25.006002	25.004826	25.004272	25.003126	25.002647	25.001751	25.001415	25.000837	25.000645	25.000340	25.000250	25.000114	25.000080	25.000034	25.000021	25.000008	25.000004	25.000000	25.000000	25.000000	25.000000	
25.000000	25.000000	25.000000	25.000004	25.000008	25.000025	25.000038	25.000099	25.000145	25.000324	25.000462	25.000904	25.001213	25.002127	25.002705	25.004263	25.005165	25.007355	25.008511	25.011021	25.012203	25.014446	25.015343	25.016674	25.017010	25.017010	25.016676	25.015343	25.014446	25.012203	25.011023	25.008511	25.007357	25.005163	25.004261	25.002705	25.002125	25.001211	25.000904	25.000458	25.000324	25.000145	25.000097	25.000038	25.000025	25.000008	25.000004	25.000000	25.000000	25.000000	
25.000000	25.000000	25.000002	25.000008	25.000027	25.000040	25.000107	25.000168	25.000393	25.000572	25.001171	25.001617	25.002956	25.003872	25.006359	25.007917	25.011730	25.013927	25.018757	25.021275	25.026192	25.028439	25.032154	25.033487	25.034874	25.034874	25.033489	25.032154	25.028439	25.026192	25.021273	25.018761	25.013927	25.011730	25.007915	25.006353	25.003874	25.002956	25.001619	25.001171	25.000572	25.000389	25.000170	25.000111	25.000042	25.000025	25.000006	25.000002	25.000000	25.000000	
25.000000	25.000000	25.000004	25.000023	25.000040	25.000114	25.000181	25.000439	25.000662	25.001408	25.002012	25.003819	25.005161	25.008802	25.011284	25.017389	25.021206	25.029696	25.034531	25.044186	25.049107	25.057697	25.061413	25.066502	25.067890	25.067890	25.066502	25.061413	25.057697	25.049107	25.044186	25.034533	25.029694	25.021206	25.017387	25.011284	25.008801	25.005159	25.003819	25.002010	25.001408	25.000662	25.000437	25.000181	25.000113	25.000038	25.000019	25.000004	25.000002	25.000000	
25.000000	25.000004	25.000019	25.000036	25.000109	25.000183	25.000454	25.000711	25.001574	25.002323	25.004585	25.006397	25.011332	25.014977	25.023975	25.030079	25.043756	25.052244	25.069427	25.079082	25.096478	25.105068	25.118160	25.123249	25.128128	25.128128	25.123249	25.118160	25.105068	25.096478	25.079082	25.069427	25.052248	25.043755	25.030079	25.023973	25.014973	25.011333	25.006393	25.004583	25.002321	25.001574	25.000711	25.000454	25.000179	25.000109	25.000036	25.000019	25.000004	25.000002	
25.000002	25.000015	25.000031	25.000095	25.000168	25.000437	25.000710	25.001633	25.002499	25.005114	25.007376	25.013569	25.018509	25.030764	25.039766	25.060047	25.073727	25.101673	25.118853	25.150440	25.167835	25.195835	25.208927	25.225479	25.230354	25.230354	25.225475	25.208927	25.195835	25.167835	25.150440	25.118855	25.101673	25.073723	25.060047	25.039764	25.030764	25.018509	25.013569	25.007378	25.005114	25.002495	25.001633	25.000711	25.000435	25.000168	25.000095	25.000031	25.000015	25.000004	
25.000010	25.000023	25.000078	25.000145	25.000391	25.000662	25.001574	25.002497	25.005302	25.007923	25.015118	25.021313	25.036753	25.049013	25.076778	25.097065	25.138840	25.166786	25.218906	25.250490	25.303017	25.331017	25.370447	25.386995	25.401672	25.401669	25.386997	25.370445	25.331017	25.303017	25.250492	25.218906	25.166788	25.138838	25.097061	25.076778	25.049011	25.036755	25.021313	25.015118	25.007921	25.005302	25.002497	25.001572	25.000662	25.000391	25.000145	25.000078	25.000025	25.000011	
25.000015	25.000059	25.000114	25.000324	25.000572	25.001410	25.002321	25.005114	25.007919	25.015671	25.022869	25.040888	25.056334	25.091496	25.119267	25.176849	25.218622	25.297365	25.349480	25.438013	25.490536	25.568764	25.608192	25.654352	25.669025	25.669027	25.654352	25.608192	25.568764	25.490540	25.438011	25.349480	25.297363	25.218620	25.176846	25.119267	25.091496	25.056332	25.040890	25.022869	25.015671	25.007923	25.005114	25.002323	25.001408	25.000572	25.000324	25.000116	25.000059	25.000017	
25.000036	25.000084	25.000248	25.000458	25.001171	25.002008	25.004585	25.007374	25.015116	25.022867	25.042370	25.060390	25.101639	25.136806	25.210173	25.267754	25.377235	25.455975	25.591776	25.680304	25.816658	25.894882	25.997015	26.043175	26.081148	26.081148	26.043175	25.997017	25.894884	25.816658	25.680305	25.591774	25.455975	25.377234	25.267754	25.210173	25.136803	25.101639	25.060390	25.042368	25.022869	25.015118	25.007378	25.004583	25.002010	25.001171	25.000458	25.000250	25.000084	25.000038	
25.000051	25.000174	25.000341	25.000904	25.001619	25.003819	25.006395	25.013569	25.021313	25.040890	25.060389	25.105263	25.146513	25.233095	25.306465	25.447033	25.556513	25.747547	25.883345	26.097229	26.233582	26.422070	26.524200	26.635271	26.673243	26.673246	26.635269	26.524204	26.422071	26.233582	26.097229	25.883347	25.747547	25.556511	25.447033	25.306463	25.233093	25.146513	25.105263	25.060390	25.040890	25.021313	25.013569	25.006393	25.003819	25.001617	25.000904	25.000340	25.000175	25.000050	
25.000099	25.000231	25.000647	25.001209	25.002958	25.005161	25.011333	25.018509	25.036755	25.056332	25.101639	25.146511	25.241276	25.327858	25.494936	25.635500	25.883183	26.074215	26.380020	26.593903	26.900019	27.088507	27.317394	27.428461	27.513496	27.513496	27.428463	27.317394	27.088509	26.900021	26.593903	26.380022	26.074215	25.883183	25.635500	25.494930	25.327856	25.241276	25.146513	25.101639	25.056332	25.036753	25.018507	25.011330	25.005157	25.002958	25.001207	25.000645	25.000229	25.000099	
25.000130	25.000420	25.000839	25.002125	25.003872	25.008802	25.014977	25.030766	25.049011	25.091497	25.136805	25.233093	25.327858	25.512009	25.679083	25.976040	26.223721	26.625301	26.931103	27.379198	27.685316	28.079376	28.308260	28.540207	28.625237	28.625237	28.540203	28.308262	28.079378	27.685314	27.379200	26.931105	26.625301	26.223721	25.976040	25.679083	25.512005	25.327856	25.233093	25.136803	25.091496	25.049011	25.030764	25.014973	25.008801	25.003872	25.002125	25.000835	25.000420	25.000130	
25.000225	25.000530	25.001415	25.002703	25.006357	25.011284	25.023975	25.039764	25.076780	25.119267	25.210173	25.306463	25.494934	25.679081	26.009102	26.306057	26.792793	27.194372	27.793148	28.241241	28.839199	29.233255	29.679729	29.911667	30.077429	30.077427	29.911671	29.679729	29.233259	28.839199	28.241240	27.793148	27.194374	26.792793	26.306057	26.009100	25.679081	25.494930	25.306461	25.210171	25.119263	25.076778	25.039762	25.023975	25.011282	25.006355	25.002701	25.001413	25.000530	25.000225	
25.000277	25.000858	25.001749	25.004261	25.007915	25.017391	25.030079	25.060051	25.097061	25.176847	25.267754	25.447033	25.635502	25.976040	26.306057	26.852352	27.339085	28.075050	28.673820	29.492889	30.090843	30.809963	31.256428	31.679329	31.845085	31.845087	31.679325	31.256432	30.809959	30.090843	29.492886	28.673820	28.075050	27.339085	26.852352	26.306057	25.976036	25.635498	25.447029	25.267754	25.176846	25.097061	25.060051	25.030079	25.017387	25.007914	25.004263	25.001747	25.000858	25.000275	
25.000425	25.001034	25.002647	25.005165	25.011732	25.021202	25.043758	25.073723	25.138842	25.218620	25.377234	25.556511	25.883183	26.223719	26.792793	27.339085	28.175156	28.911116	29.936813	30.755875	31.778318	32.497429	33.260025	33.682919	33.965908	33.965908	33.682922	33.260025	32.497433	31.778313	30.755875	29.936811	28.911116	28.175156	27.339085	26.792791	26.223719	25.883181	25.556511	25.377234	25.218622	25.138840	25.073723	25.043756	25.021202	25.011732	25.005163	25.002647	25.001032	25.000425	
25.000500	25.001497	25.003126	25.007355	25.013924	25.029697	25.052246	25.101675	25.166786	25.297363	25.455973	25.747547	26.074217	26.625301	27.194374	28.075050	28.911118	30.094234	31.119926	32.434097	33.456532	34.608932	35.371525	36.048782	36.331772	36.331772	36.048782	35.371525	34.608932	33.456532	32.434093	31.119926	30.094234	28.911118	28.075048	27.194370	26.625301	26.074215	25.747547	25.455973	25.297363	25.166786	25.101673	25.052246	25.029696	25.013926	25.007359	25.003126	25.001501	25.000500	
25.000690	25.001728	25.004272	25.008511	25.018761	25.034529	25.069429	25.118855	25.218906	25.349478	25.591776	25.883345	26.380022	26.931103	27.793148	28.673820	29.936813	31.119926	32.666313	33.980476	35.519939	36.672333	37.819664	38.496922	38.922531	38.922531	38.496925	37.819664	36.672340	35.519939	33.980476	32.666313	31.119926	29.936813	28.673817	27.793148	26.931099	26.380020	25.883343	25.591774	25.349480	25.218906	25.118853	25.069427	25.034531	25.018761	25.008511	25.004276	25.001724	25.000694	
25.000778	25.002262	25.004827	25.011019	25.021273	25.044186	25.079082	25.150442	25.250492	25.438013	25.680304	26.097229	26.593899	27.379200	28.241238	29.492887	30.755875	32.434097	33.980480	35.842087	37.381546	39.012615	40.159943	41.118084	41.543686	41.543694	41.118080	40.159950	39.012619	37.381550	35.842087	33.980480	32.434097	30.755875	29.492886	28.241238	27.379196	26.593899	26.097229	25.680304	25.438013	25.250490	25.150444	25.079082	25.044186	25.021271	25.011023	25.004826	25.002264	25.000780	
25.000978	25.002497	25.006001	25.012203	25.026192	25.049107	25.096478	25.167835	25.303020	25.490538	25.816660	26.233580	26.900021	27.685314	28.839199	30.090843	31.778316	33.456532	35.519936	37.381546	39.433922	41.064995	42.593803	43.551933	44.118927	44.118919	43.551941	42.593800	41.064999	39.433926	37.381546	35.519939	33.456532	31.778316	30.090843	28.839199	27.685312	26.900017	26.233580	25.816656	25.490536	25.303019	25.167835	25.096479	25.049107	25.026194	25.012201	25.006002	25.002499	25.000978	
25.001055	25.002979	25.006496	25.014444	25.028439	25.057697	25.105068	25.195837	25.331018	25.568764	25.894882	26.422070	27.088507	28.079376	29.233257	30.809963	32.497433	34.608932	36.672340	39.012619	41.064995	43.114372	44.643181	45.846703	46.413685	46.413689	45.846703	44.643185	43.114372	41.064995	39.012619	36.672337	34.608932	32.497429	30.809963	29.233257	28.079376	27.088507	26.422068	25.894882	25.568764	25.331017	25.195835	25.105068	25.057699	25.028439	25.014446	25.006496	25.002979	25.001057	
25.001209	25.003157	25.007385	25.015341	25.032154	25.061415	25.118160	25.208927	25.370447	25.608192	25.997017	26.524202	27.317394	28.308262	29.679729	31.256432	33.260021	35.371525	37.819664	40.159946	42.593803	44.643185	46.455624	47.659142	48.331223	48.331230	47.659138	46.455624	44.643185	42.593803	40.159946	37.819664	35.371525	33.260025	31.256432	29.679728	28.308260	27.317394	26.524200	25.997015	25.608189	25.370449	25.208923	25.118160	25.061413	25.032154	25.015341	25.007389	25.003157	25.001207	
25.001251	25.003445	25.007683	25.016672	25.033485	25.066502	25.123249	25.225477	25.386997	25.654352	26.043177	26.635271	27.428463	28.540205	29.911671	31.679329	33.682922	36.048782	38.496925	41.118080	43.551941	45.846703	47.659142	49.006580	49.678665	49.678665	49.006584	47.659145	45.846703	43.551941	41.118084	38.496925	36.048786	33.682922	31.679329	29.911671	28.540205	27.428463	26.635271	26.043175	25.654352	25.386993	25.225475	25.123245	25.066502	25.033485	25.016672	25.007683	25.003445	25.001253	
25.001310	25.003510	25.008015	25.017006	25.034870	25.067886	25.128124	25.230352	25.401670	25.669025	26.081148	26.673244	27.513496	28.625238	30.077429	31.845089	33.965908	36.331772	38.922531	41.543690	44.118927	46.413689	48.331226	49.678669	50.389694	50.389694	49.678669	48.331230	46.413689	44.118927	41.543694	38.922535	36.331776	33.965912	31.845089	30.077431	28.625237	27.513494	26.673244	26.081148	25.669025	25.401670	25.230352	25.128124	25.067884	25.034870	25.017006	25.008013	25.003510	25.001310	
25.001310	25.003510	25.008015	25.017006	25.034870	25.067886	25.128124	25.230352	25.401670	25.669025	26.081148	26.673244	27.513496	28.625238	30.077429	31.845089	33.965908	36.331772	38.922531	41.543690	44.118927	46.413689	48.331226	49.678669	50.389694	50.389694	49.678669	48.331230	46.413689	44.118927	41.543694	38.922535	36.331776	33.965912	31.845089	30.077431	28.625237	27.513494	26.673244	26.081148	25.669025	25.401670	25.230352	25.128124	25.067884	25.034870	25.017006	25.008013	25.003510	25.001310	
25.001251	25.003445	25.007683	25.016672	25.033485	25.066502	25.123249	25.225477	25.386997	25.654352	26.043177	26.635271	27.428463	28.540205	29.911671	31.679329	33.682922	36.048782	38.496925	41.118080	43.551941	45.846703	47.659142	49.006580	49.678665	49.678665	49.006584	47.659145	45.846703	43.551941	41.118084	38.496925	36.048786	33.682922	31.679329	29.911671	28.540205	27.428463	26.635271	26.043175	25.654352	25.386993	25.225475	25.123245	25.066502	25.033485	25.016672	25.007683	25.003445	25.001253	
25.001209	25.003157	25.007385	25.015341	25.032154	25.061415	25.118160	25.208927	25.370447	25.608192	25.997017	26.524202	27.317394	28.308262	29.679729	31.256432	33.260021	35.371525	37.819664	40.159946	42.593803	44.643185	46.455624	47.659142	48.331223	48.331230	47.659138	46.455624	44.643185	42.593803	40.159946	37.819664	35.371525	33.260025	31.256432	29.679728	28.308260	27.317394	26.524200	25.997015	25.608189	25.370449	25.208923	25.118160	25.061413	25.032154	25.015341	25.007389	25.003157	25.001207	
25.001055	25.002979	25.006496	25.014444	25.028439	25.057697	25.105068	25.195837	25.331018	25.568764	25.894882	26.422070	27.088507	28.079376	29.233257	30.809963	32.497433	34.608932	36.672340	39.012619	41.064995	43.114372	44.643181	45.846703	46.413685	46.413689	45.846703	44.643185	43.114372	41.064995	39.012619	36.672337	34.608932	32.497429	30.809963	29.233257	28.079376	27.088507	26.422068	25.894882	25.568764	25.331017	25.195835	25.105068	25.057699	25.028439	25.014446	25.006496	25.002979	25.001057	
25.000978	25.002497	25.006001	25.012203	25.026192	25.049107	25.096478	25.167835	25.303020	25.490538	25.816660	26.233580	26.900021	27.685314	28.839199	30.090843	31.778316	33.456532	35.519936	37.381546	39.433922	41.064995	42.593803	43.551933	44.118927	44.118919	43.551941	42.593800	41.064999	39.433926	37.381546	35.519939	33.456532	31.778316	30.090843	28.839199	27.685312	26.900017	26.233580	25.816656	25.490536	25.303019	25.167835	25.096479	25.049107	25.026194	25.012201	25.006002	25.002499	25.000978	
25.000778	25.002262	25.004827	25.011019	25.021273	25.044186	25.079082	25.150442	25.250492	25.438013	25.680304	26.097229	26.593899	27.379200	28.241238	29.492887	30.755875	32.434097	33.980480	35.842087	37.381546	39.012615	40.159943	41.118084	41.543686	41.543694	41.118080	40.159950	39.012619	37.381550	35.842087	33.980480	32.434097	30.755875	29.492886	28.241238	27.379196	26.593899	26.097229	25.680304	25.438013	25.250490	25.150444	25.079082	25.044186	25.021271	25.011023	25.004826	25.002264	25.000780	
25.000690	25.001728	25.004272	25.008511	25.018761	25.034529	25.069429	25.118855	25.218906	25.349478	25.591776	25.883345	26.380022	26.931103	27.793148	28.673820	29.936813	31.119926	32.666313	33.980476	35.519939	36.672333	37.819664	38.496922	38.922531	38.922531	38.496925	37.819664	36.672340	35.519939	33.980476	32.666313	31.119926	29.936813	28.673817	27.793148	26.931099	26.380020	25.883343	25.591774	25.349480	25.218906	25.118853	25.069427	25.034531	25.018761	25.008511	25.004276	25.001724	25.000694	
25.000500	25.001497	25.003126	25.007355	25.013924	25.029697	25.052246	25.101675	25.166786	25.297363	25.455973	25.747547	26.074217	26.625301	27.194374	28.075050	28.911118	30.094234	31.119926	32.434097	33.456532	34.608932	35.371525	36.048782	36.331772	36.331772	36.048782	35.371525	34.608932	33.456532	32.434093	31.119926	30.094234	28.911118	28.075048	27.194370	26.625301	26.074215	25.747547	25.455973	25.297363	25.166786	25.101673	25.052246	25.029696	25.013926	25.007359	25.003126	25.001501	25.000500	
25.000425	25.001034	25.002647	25.005165	25.011732	25.021202	25.043758	25.073723	25.138842	25.218620	25.377234	25.556511	25.883183	26.223719	26.792793	27.339085	28.175156	28.911116	29.936813	30.755875	31.778318	32.497429	33.260025	33.682919	33.965908	33.965908	33.682922	33.260025	32.497433	31.778313	30.755875	29.936811	28.911116	28.175156	27.339085	26.792791	26.223719	25.883181	25.556511	25.377234	25.218622	25.138840	25.073723	25.043756	25.021202	25.011732	25.005163	25.002647	25.001032	25.000425	
25.000277	25.000858	25.001749	25.004261	25.007915	25.017391	25.030079	25.060051	25.097061	25.176847	25.267754	25.447033	25.635502	25.976040	26.306057	26.852352	27.339085	28.075050	28.673820	29.492889	30.090843	30.809963	31.256428	31.679329	31.845085	31.845087	31.679325	31.256432	30.809959	30.090843	29.492886	28.673820	28.075050	27.339085	26.852352	26.306057	25.976036	25.635498	25.447029	25.267754	25.176846	25.097061	25.060051	25.030079	25.017387	25.007914	25.004263	25.001747	25.000858	25.000275	
25.000225	25.000530	25.001415	25.002703	25.006357	25.011284	25.023975	25.039764	25.076780	25.119267	25.210173	25.306463	25.494934	25.679081	26.009102	26.306057	26.792793	27.194372	27.793148	28.241241	28.839199	29.233255	29.679729	29.911667	30.077429	30.077427	29.911671	29.679729	29.233259	28.839199	28.241240	27.793148	27.194374	26.792793	26.306057	26.009100	25.679081	25.494930	25.306461	25.210171	25.119263	25.076778	25.039762	25.023975	25.011282	25.006355	25.002701	25.001413	25.000530	25.000225	
25.000130	25.000420	25.000839	25.002125	25.003872	25.008802	25.014977	25.030766	25.049011	25.091497	25.136805	25.233093	25.327858	25.512009	25.679083	25.976040	26.223721	26.625301	26.931103	27.379198	27.685316	28.079376	28.308260	28.540207	28.625237	28.625237	28.540203	28.308262	28.079378	27.685314	27.379200	26.931105	26.625301	26.223721	25.976040	25.679083	25.512005	25.327856	25.233093	25.136803	25.091496	25.049011	25.030764	25.014973	25.008801	25.003872	25.002125	25.000835	25.000420	25.000130	
25.000099	25.000231	25.000647	25.001209	25.002958	25.005161	25.011333	25.018509	25.036755	25.056332	25.101639	25.146511	25.241276	25.327858	25.494936	25.635500	25.883183	26.074215	26.380020	26.593903	26.900019	27.088507	27.317394	27.428461	27.513496	27.513496	27.428463	27.317394	27.088509	26.900021	26.593903	26.380022	26.074215	25.883183	25.635500	25.494930	25.327856	25.241276	25.146513	25.101639	25.056332	25.036753	25.018507	25.011330	25.005157	25.002958	25.001207	25.000645	25.000229	25.000099	
25.000051	25.000174	25.000341	25.000904	25.001619	25.003819	25.006395	25.013569	25.021313	25.040890	25.060389	25.105263	25.146513	25.233095	25.306465	25.447033	25.556513	25.747547	25.883345	26.097229	26.233582	26.422070	26.524200	26.635271	26.673243	26.673246	26.635269	26.524204	26.422071	26.233582	26.097229	25.883347	25.747547	25.556511	25.447033	25.306463	25.233093	25.146513	25.105263	25.060390	25.040890	25.021313	25.013569	25.006393	25.003819	25.001617	25.000904	25.000340	25.000175	25.000050	
25.000036	25.000084	25.000248	25.000458	25.001171	25.002008	25.004585	25.007374	25.015116	25.022867	25.042370	25.060390	25.101639	25.136806	25.210173	25.267754	25.377235	25.455975	25.591776	25.680304	25.816658	25.894882	25.997015	26.043175	26.081148	26.081148	26.043175	25.997017	25.894884	25.816658	25.680305	25.591774	25.455975	25.377234	25.267754	25.210173	25.136803	25.101639	25.060390	25.042368	25.022869	25.015118	25.007378	25.004583	25.002010	25.001171	25.000458	25.000250	25.000084	25.000038	
25.000015	25.000059	25.000114	25.000324	25.000572	25.001410	25.002321	25.005114	25.007919	25.015671	25.022869	25.040888	25.056334	25.091496	25.119267	25.176849	25.218622	25.297365	25.349480	25.438013	25.490536	25.568764	25.608192	25.654352	25.669025	25.669027	25.654352	25.608192	25.568764	25.490540	25.438011	25.349480	25.297363	25.218620	25.176846	25.119267	25.091496	25.056332	25.040890	25.022869	25.015671	25.007923	25.005114	25.002323	25.001408	25.000572	25.000324	25.000116	25.000059	25.000017	
25.000010	25.000023	25.000078	25.000145	25.000391	25.000662	25.001574	25.002497	25.005302	25.007923	25.015118	25.021313	25.036753	25.049013	25.076778	25.097065	25.138840	25.166786	25.218906	25.250490	25.303017	25.331017	25.370447	25.386995	25.401672	25.401669	25.386997	25.370445	25.331017	25.303017	25.250492	25.218906	25.166788	25.138838	25.097061	25.076778	25.049011	25.036755	25.021313	25.015118	25.007921	25.005302	25.002497	25.001572	25.000662	25.000391	25.000145	25.000078	25.000025	25.000011	
25.000002	25.000015	25.000031	25.000095	25.000168	25.000437	25.000710	25.001633	25.002499	25.005114	25.007376	25.013569	25.018509	25.030764	25.039766	25.060047	25.073727	25.101673	25.118853	25.150440	25.167835	25.195835	25.208927	25.225479	25.230354	25.230354	25.225475	25.208927	25.195835	25.167835	25.150440	25.118855	25.101673	25.073723	25.060047	25.039764	25.030764	25.018509	25.013569	25.007378	25.005114	25.002495	25.001633	25.000711	25.000435	25.000168	25.000095	25.000031	25.000015	25.000004	
25.000000	25.000004	25.000019	25.000036	25.000109	25.000183	25.000454	25.000711	25.001574	25.002323	25.004585	25.006397	25.011332	25.014977	25.023975	25.030079	25.043756	25.052244	25.069427	25.079082	25.096478	25.105068	25.118160	25.123249	25.128128	25.128128	25.123249	25.118160	25.105068	25.096478	25.079082	25.069427	25.052248	25.043755	25.030079	25.023973	25.014973	25.011333	25.006393	25.004583	25.002321	25.001574	25.000711	25.000454	25.000179	25.000109	25.000036	25.000019	25.000004	25.000002	
25.000000	25.000000	25.000004	25.000023	25.000040	25.000114	25.000181	25.000439	25.000662	25.001408	25.002012	25.003819	25.005161	25.008802	25.011284	25.017389	25.021206	25.029696	25.034531	25.044186	25.049107	25.057697	25.061413	25.066502	25.067890	25.067890	25.066502	25.061413	25.057697	25.049107	25.044186	25.034533	25.029694	25.021206	25.017387	25.011284	25.008801	25.005159	25.003819	25.002010	25.001408	25.000662	25.000437	25.000181	25.000113	25.000038	25.000019	25.000004	25.000002	25.000000	
25.000000	25.000000	25.000002	25.000008	25.000027	25.000040	25.000107	25.000168	25.000393	25.000572	25.001171	25.001617	25.002956	25.003872	25.006359	25.007917	25.011730	25.013927	25.018757	25.021275	25.026192	25.028439	25.032154	25.033487	25.034874	25.034874	25.033489	25.032154	25.028439	25.026192	25.021273	25.018761	25.013927	25.011730	25.007915	25.006353	25.003874	25.002956	25.001619	25.001171	25.000572	25.000389	25.000170	25.000111	25.000042	25.000025	25.000006	25.000002	25.000000	25.000000	
25.000000	25.000000	25.000000	25.000004	25.000008	25.000025	25.000038	25.000099	25.000145	25.000324	25.000462	25.000904	25.001213	25.002127	25.002705	25.004263	25.005165	25.007355	25.008511	25.011021	25.012203	25.014446	25.015343	25.016674	25.017010	25.017010	25.016676	25.015343	25.014446	25.012203	25.011023	25.008511	25.007357	25.005163	25.004261	25.002705	25.002125	25.001211	25.000904	25.000458	25.000324	25.000145	25.000097	25.000038	25.000025	25.000008	25.000004	25.000000	25.000000	25.000000	
25.000000	25.000000	25.000000	25.000000	25.000004	25.000008	25.000021	25.000031	25.000080	25.000118	25.000248	25.000343	25.000645	25.000839	25.001415	25.001749	25.002645	25.003126	25.004272	25.004826	25.006001	25.006498	25.007385	25.007683	25.008015	25.008015	25.007683	25.007385	25.006498	25.006002	25.004826	25.004272	25.003126	25.002647	25.001751	25.001415	25.000837	25.000645	25.000340	25.000250	25.000114	25.000080	25.000034	25.000021	25.000008	25.000004	25.000000	25.000000	25.000000	25.000000	
25.000000	25.000000	25.000000	25.000000	25.000000	25.000004	25.000006	25.000015	25.000027	25.000061	25.000086	25.000175	25.000233	25.000422	25.000532	25.000858	25.001034	25.001499	25.001728	25.002264	25.002499	25.002979	25.003159	25.003443	25.003511	25.003511	25.003445	25.003159	25.002979	25.002499	25.002262	25.001726	25.001499	25.001034	25.000856	25.000530	25.000420	25.000231	25.000175	25.000086	25.000061	25.000027	25.000017	25.000008	25.000004	25.000000	25.000000	25.000000	25.000000	25.000000	
25.000000	25.000000	25.000000	25.000000	25.000000	25.000000	25.000004	25.000004	25.000011	25.000017	25.000038	25.000051	25.000099	25.000130	25.000225	25.000278	25.000425	25.000500	25.000692	25.000778	25.000978	25.001057	25.001207	25.001255	25.001310	25.001308	25.001253	25.001207	25.001057	25.000978	25.000780	25.000690	25.000500	25.000423	25.000275	25.000223	25.000130	25.000099	25.000051	25.000038	25.000017	25.000011	25.000004	25.000004	25.000000	25.000000	25.000000	25.000000	25.000000	25.000000	
