25.000351	25.000698	25.001041	25.001385	25.001719	25.002048	25.002369	25.002684	25.002987	25.003279	25.003557	25.003822	25.004074	25.004307	25.004528	25.004728	25.004913	25.005079	25.005222	25.005352	25.005457	25.005543	25.005608	25.005650	25.005671	25.005671	25.005650	25.005608	25.005539	25.005459	25.005350	25.005226	25.005079	25.004913	25.004730	25.004528	25.004309	25.004074	25.003822	25.003555	25.003277	25.002987	25.002686	25.002371	25.002050	25.001720	25.001385	25.001041	25.000698	25.000349	
25.000698	25.001392	25.002083	25.002764	25.003433	25.004089	25.004734	25.005358	25.005962	25.006542	25.007101	25.007631	25.008133	25.008602	25.009039	25.009441	25.009808	25.010139	25.010431	25.010681	25.010895	25.011063	25.011192	25.011276	25.011318	25.011320	25.011276	25.011189	25.011065	25.010891	25.010685	25.010429	25.010139	25.009808	25.009441	25.009037	25.008602	25.008131	25.007629	25.007099	25.006544	25.005962	25.005360	25.004734	25.004091	25.003435	25.002762	25.002083	25.001392	25.000698	
25.001041	25.002083	25.003113	25.004131	25.005133	25.006119	25.007076	25.008013	25.008915	25.009785	25.010616	25.011410	25.012159	25.012861	25.013515	25.014118	25.014666	25.015160	25.015594	25.015972	25.016289	25.016544	25.016733	25.016861	25.016926	25.016926	25.016861	25.016735	25.016542	25.016293	25.015972	25.015596	25.015160	25.014668	25.014114	25.013515	25.012859	25.012157	25.011408	25.010616	25.009781	25.008915	25.008011	25.007080	25.006119	25.005135	25.004133	25.003111	25.002083	25.001043	
25.001385	25.002762	25.004131	25.005484	25.006813	25.008121	25.009398	25.010635	25.011833	25.012989	25.014093	25.015144	25.016140	25.017073	25.017941	25.018738	25.019466	25.020123	25.020702	25.021200	25.021622	25.021957	25.022213	25.022381	25.022467	25.022467	25.022381	25.022213	25.021961	25.021622	25.021202	25.020699	25.020123	25.019466	25.018740	25.017939	25.017071	25.016136	25.015144	25.014091	25.012989	25.011833	25.010635	25.009396	25.008121	25.006817	25.005482	25.004131	25.002762	25.001385	
25.001719	25.003433	25.005133	25.006815	25.008472	25.010094	25.011677	25.013218	25.014709	25.016144	25.017517	25.018824	25.020058	25.021217	25.022297	25.023293	25.024195	25.025011	25.025730	25.026352	25.026871	25.027290	25.027607	25.027819	25.027924	25.027924	25.027817	25.027607	25.027292	25.026875	25.026348	25.025730	25.025007	25.024197	25.023289	25.022297	25.021217	25.020058	25.018822	25.017517	25.016142	25.014709	25.013216	25.011681	25.010094	25.008471	25.006815	25.005135	25.003433	25.001720	
25.002052	25.004091	25.006119	25.008121	25.010094	25.012028	25.013916	25.015751	25.017527	25.019238	25.020874	25.022430	25.023903	25.025282	25.026569	25.027752	25.028831	25.029800	25.030659	25.031399	25.032021	25.032520	25.032896	25.033146	25.033276	25.033274	25.033150	25.032898	25.032524	25.032021	25.031399	25.030657	25.029804	25.028831	25.027754	25.026567	25.025284	25.023899	25.022430	25.020870	25.019238	25.017525	25.015751	25.013912	25.012028	25.010094	25.008121	25.006117	25.004091	25.002048	
25.002373	25.004734	25.007076	25.009396	25.011677	25.013916	25.016100	25.018225	25.020279	25.022255	25.024151	25.025951	25.027653	25.029255	25.030739	25.032110	25.033358	25.034481	25.035469	25.036329	25.037046	25.037628	25.038059	25.038355	25.038498	25.038502	25.038353	25.038063	25.037626	25.037050	25.036327	25.035473	25.034481	25.033360	25.032108	25.030743	25.029249	25.027655	25.025948	25.024149	25.022255	25.020279	25.018219	25.016102	25.013912	25.011677	25.009396	25.007078	25.004732	25.002373	
25.002686	25.005358	25.008013	25.010635	25.013218	25.015749	25.018223	25.020626	25.022953	25.025192	25.027336	25.029373	25.031303	25.033110	25.034796	25.036343	25.037758	25.039028	25.040154	25.041121	25.041937	25.042591	25.043085	25.043413	25.043581	25.043579	25.043415	25.043083	25.042593	25.041933	25.041119	25.040150	25.039028	25.037758	25.036346	25.034792	25.033113	25.031300	25.029373	25.027332	25.025192	25.022949	25.020626	25.018221	25.015751	25.013218	25.010635	25.008011	25.005360	25.002682	
25.002987	25.005964	25.008915	25.011833	25.014709	25.017527	25.020277	25.022953	25.025539	25.028030	25.030415	25.032686	25.034832	25.036846	25.038717	25.040443	25.042015	25.043430	25.044676	25.045759	25.046665	25.047394	25.047939	25.048309	25.048492	25.048494	25.048309	25.047943	25.047390	25.046663	25.045755	25.044678	25.043430	25.042017	25.040442	25.038719	25.036842	25.034832	25.032682	25.030415	25.028030	25.025539	25.022949	25.020279	25.017525	25.014709	25.011833	25.008915	25.005962	25.002987	
25.003281	25.006544	25.009785	25.012989	25.016142	25.019234	25.022255	25.025190	25.028030	25.030766	25.033384	25.035873	25.038227	25.040436	25.042494	25.044388	25.046116	25.047665	25.049036	25.050220	25.051216	25.052013	25.052618	25.053019	25.053223	25.053223	25.053020	25.052616	25.052017	25.051214	25.050220	25.049034	25.047665	25.046112	25.044388	25.042492	25.040436	25.038223	25.035873	25.033381	25.030764	25.028028	25.025192	25.022253	25.019238	25.016144	25.012989	25.009783	25.006542	25.003277	
25.003555	25.007099	25.010618	25.014091	25.017517	25.020870	25.024151	25.027332	25.030415	25.033382	25.036221	25.038925	25.041479	25.043877	25.046106	25.048162	25.050037	25.051720	25.053205	25.054493	25.055573	25.056438	25.057093	25.057531	25.057751	25.057753	25.057529	25.057095	25.056438	25.055573	25.054491	25.053207	25.051720	25.050037	25.048164	25.046108	25.043875	25.041477	25.038921	25.036221	25.033381	25.030415	25.027332	25.024149	25.020870	25.017517	25.014091	25.010616	25.007099	25.003557	
25.003822	25.007629	25.011406	25.015146	25.018820	25.022430	25.025948	25.029373	25.032684	25.035873	25.038925	25.041828	25.044575	25.047150	25.049545	25.051756	25.053770	25.055576	25.057178	25.058559	25.059719	25.060650	25.061354	25.061825	25.062059	25.062057	25.061825	25.061352	25.060650	25.059715	25.058559	25.057175	25.055578	25.053770	25.051754	25.049545	25.047148	25.044573	25.041828	25.038921	25.035872	25.032682	25.029373	25.025949	25.022430	25.018822	25.015146	25.011408	25.007629	25.003822	
25.004074	25.008129	25.012161	25.016136	25.020060	25.023897	25.027653	25.031300	25.034830	25.038227	25.041481	25.044575	25.047499	25.050243	25.052799	25.055153	25.057297	25.059225	25.060930	25.062401	25.063637	25.064631	25.065380	25.065880	25.066132	25.066133	25.065880	25.065380	25.064629	25.063637	25.062399	25.060928	25.059223	25.057297	25.055153	25.052799	25.050243	25.047497	25.044573	25.041479	25.038223	25.034832	25.031300	25.027655	25.023899	25.020061	25.016136	25.012157	25.008131	25.004074	
25.004311	25.008602	25.012859	25.017071	25.021214	25.025284	25.029251	25.033112	25.036842	25.040436	25.043877	25.047150	25.050243	25.053146	25.055851	25.058340	25.060610	25.062649	25.064449	25.066010	25.067314	25.068367	25.069157	25.069687	25.069954	25.069954	25.069691	25.069157	25.068367	25.067312	25.066010	25.064449	25.062649	25.060608	25.058340	25.055849	25.053148	25.050243	25.047150	25.043873	25.040436	25.036840	25.033112	25.029251	25.025284	25.021217	25.017073	25.012859	25.008602	25.004307	
25.004528	25.009037	25.013515	25.017937	25.022297	25.026566	25.030739	25.034794	25.038715	25.042492	25.046108	25.049545	25.052799	25.055851	25.058689	25.061310	25.063690	25.065834	25.067728	25.069363	25.070736	25.071842	25.072676	25.073231	25.073509	25.073511	25.073231	25.072674	25.071840	25.070736	25.069363	25.067730	25.065834	25.063692	25.061306	25.058689	25.055847	25.052799	25.049545	25.046108	25.042490	25.038719	25.034794	25.030741	25.026569	25.022297	25.017937	25.013515	25.009037	25.004528	
25.004730	25.009441	25.014114	25.018738	25.023289	25.027752	25.032110	25.036345	25.040442	25.044386	25.048164	25.051758	25.055153	25.058342	25.061310	25.064041	25.066532	25.068769	25.070749	25.072456	25.073891	25.075045	25.075916	25.076496	25.076788	25.076786	25.076498	25.075914	25.075043	25.073891	25.072456	25.070747	25.068771	25.066528	25.064041	25.061306	25.058342	25.055149	25.051756	25.048161	25.044388	25.040442	25.036346	25.032112	25.027752	25.023289	25.018738	25.014116	25.009441	25.004728	
25.004913	25.009808	25.014668	25.019466	25.024197	25.028833	25.033360	25.037758	25.042015	25.046114	25.050035	25.053768	25.057301	25.060612	25.063692	25.066532	25.069118	25.071445	25.073500	25.075277	25.076767	25.077965	25.078867	25.079472	25.079773	25.079773	25.079472	25.078865	25.077963	25.076763	25.075274	25.073500	25.071442	25.069118	25.066528	25.063694	25.060608	25.057299	25.053764	25.050037	25.046110	25.042015	25.037758	25.033360	25.028831	25.024193	25.019466	25.014666	25.009808	25.004913	
25.005077	25.010139	25.015160	25.020123	25.025009	25.029800	25.034481	25.039028	25.043428	25.047665	25.051720	25.055580	25.059225	25.062647	25.065834	25.068768	25.071445	25.073847	25.075974	25.077808	25.079350	25.080589	25.081524	25.082146	25.082458	25.082458	25.082144	25.081520	25.080585	25.079346	25.077806	25.075970	25.073849	25.071442	25.068771	25.065832	25.062651	25.059223	25.055580	25.051716	25.047665	25.043427	25.039028	25.034481	25.029800	25.025009	25.020123	25.015160	25.010138	25.005077	
25.005226	25.010429	25.015594	25.020702	25.025728	25.030659	25.035473	25.040152	25.044676	25.049034	25.053207	25.057178	25.060928	25.064453	25.067726	25.070747	25.073498	25.075974	25.078157	25.080048	25.081631	25.082905	25.083866	25.084507	25.084831	25.084827	25.084507	25.083864	25.082905	25.081627	25.080044	25.078157	25.075970	25.073502	25.070745	25.067730	25.064449	25.060932	25.057173	25.053207	25.049032	25.044680	25.040150	25.035473	25.030659	25.025726	25.020700	25.015594	25.010429	25.005226	
25.005348	25.010681	25.015972	25.021202	25.026352	25.031399	25.036327	25.041121	25.045757	25.050219	25.054493	25.058556	25.062401	25.066006	25.069365	25.072454	25.075275	25.077808	25.080048	25.081978	25.083603	25.084908	25.085892	25.086550	25.086878	25.086880	25.086548	25.085890	25.084904	25.083603	25.081978	25.080044	25.077808	25.075274	25.072458	25.069363	25.066010	25.062401	25.058559	25.054489	25.050220	25.045755	25.041122	25.036327	25.031399	25.026348	25.021202	25.015972	25.010683	25.005350	
25.005459	25.010893	25.016289	25.021622	25.026873	25.032021	25.037048	25.041935	25.046661	25.051216	25.055573	25.059717	25.063637	25.067314	25.070734	25.073891	25.076763	25.079350	25.081627	25.083603	25.085257	25.086590	25.087593	25.088263	25.088600	25.088596	25.088261	25.087589	25.086588	25.085255	25.083603	25.081631	25.079348	25.076767	25.073891	25.070740	25.067314	25.063637	25.059715	25.055573	25.051212	25.046665	25.041933	25.037048	25.032021	25.026871	25.021620	25.016289	25.010891	25.005457	
25.005539	25.011063	25.016542	25.021959	25.027290	25.032520	25.037626	25.042591	25.047394	25.052013	25.056438	25.060650	25.064631	25.068365	25.071842	25.075043	25.077965	25.080585	25.082905	25.084906	25.086590	25.087940	25.088961	25.089642	25.089981	25.089981	25.089640	25.088959	25.087938	25.086590	25.084908	25.082905	25.080589	25.077965	25.075048	25.071842	25.068367	25.064629	25.060652	25.056437	25.052017	25.047390	25.042591	25.037628	25.032520	25.027290	25.021957	25.016542	25.011063	25.005543	
25.005608	25.011192	25.016733	25.022213	25.027607	25.032898	25.038063	25.043083	25.047943	25.052616	25.057095	25.061352	25.065380	25.069157	25.072672	25.075914	25.078865	25.081524	25.083862	25.085892	25.087591	25.088959	25.089989	25.090679	25.091026	25.091024	25.090679	25.089989	25.088961	25.087593	25.085890	25.083866	25.081522	25.078869	25.075916	25.072678	25.069157	25.065380	25.061350	25.057095	25.052616	25.047943	25.043083	25.038063	25.032898	25.027607	25.022213	25.016735	25.011190	25.005606	
25.005648	25.011276	25.016861	25.022383	25.027819	25.033150	25.038355	25.043415	25.048309	25.053020	25.057529	25.061825	25.065878	25.069687	25.073231	25.076496	25.079472	25.082146	25.084507	25.086550	25.088261	25.089642	25.090679	25.091373	25.091722	25.091722	25.091373	25.090679	25.089640	25.088264	25.086552	25.084507	25.082146	25.079472	25.076498	25.073231	25.069691	25.065880	25.061823	25.057529	25.053020	25.048307	25.043415	25.038355	25.033150	25.027821	25.022385	25.016863	25.011276	25.005650	
25.005669	25.011320	25.016926	25.022469	25.027924	25.033276	25.038502	25.043579	25.048492	25.053223	25.057751	25.062057	25.066132	25.069952	25.073509	25.076786	25.079773	25.082458	25.084829	25.086878	25.088596	25.089981	25.091024	25.091722	25.092072	25.092072	25.091721	25.091022	25.089981	25.088598	25.086880	25.084827	25.082458	25.079775	25.076790	25.073509	25.069954	25.066132	25.062057	25.057749	25.053221	25.048492	25.043579	25.038502	25.033276	25.027924	25.022469	25.016926	25.011318	25.005669	
25.005669	25.011320	25.016926	25.022469	25.027924	25.033276	25.038502	25.043579	25.048492	25.053223	25.057751	25.062057	25.066132	25.069952	25.073509	25.076786	25.079773	25.082458	25.084829	25.086878	25.088596	25.089981	25.091024	25.091722	25.092072	25.092072	25.091721	25.091022	25.089981	25.088598	25.086880	25.084827	25.082458	25.079775	25.076790	25.073509	25.069954	25.066132	25.062057	25.057749	25.053221	25.048492	25.043579	25.038502	25.033276	25.027924	25.022469	25.016926	25.011318	25.005669	
25.005648	25.011276	25.016861	25.022383	25.027819	25.033150	25.038355	25.043415	25.048309	25.053020	25.057529	25.061825	25.065878	25.069687	25.073231	25.076496	25.079472	25.082146	25.084507	25.086550	25.088261	25.089642	25.090679	25.091373	25.091722	25.091722	25.091373	25.090679	25.089640	25.088264	25.086552	25.084507	25.082146	25.079472	25.076498	25.073231	25.069691	25.065880	25.061823	25.057529	25.053020	25.048307	25.043415	25.038355	25.033150	25.027821	25.022385	25.016863	25.011276	25.005650	
25.005608	25.011192	25.016733	25.022213	25.027607	25.032898	25.038063	25.043083	25.047943	25.052616	25.057095	25.061352	25.065380	25.069157	25.072672	25.075914	25.078865	25.081524	25.083862	25.085892	25.087591	25.088959	25.089989	25.090679	25.091026	25.091024	25.090679	25.089989	25.088961	25.087593	25.085890	25.083866	25.081522	25.078869	25.075916	25.072678	25.069157	25.065380	25.061350	25.057095	25.052616	25.047943	25.043083	25.038063	25.032898	25.027607	25.022213	25.016735	25.011190	25.005606	
25.005539	25.011063	25.016542	25.021959	25.027290	25.032520	25.037626	25.042591	25.047394	25.052013	25.056438	25.060650	25.064631	25.068365	25.071842	25.075043	25.077965	25.080585	25.082905	25.084906	25.086590	25.087940	25.088961	25.089642	25.089981	25.089981	25.089640	25.088959	25.087938	25.086590	25.084908	25.082905	25.080589	25.077965	25.075048	25.071842	25.068367	25.064629	25.060652	25.056437	25.052017	25.047390	25.042591	25.037628	25.032520	25.027290	25.021957	25.016542	25.011063	25.005543	
25.005459	25.010893	25.016289	25.021622	25.026873	25.032021	25.037048	25.041935	25.046661	25.051216	25.055573	25.059717	25.063637	25.067314	25.070734	25.073891	25.076763	25.079350	25.081627	25.083603	25.085257	25.086590	25.087593	25.088263	25.088600	25.088596	25.088261	25.087589	25.086588	25.085255	25.083603	25.081631	25.079348	25.076767	25.073891	25.070740	25.067314	25.063637	25.059715	25.055573	25.051212	25.046665	25.041933	25.037048	25.032021	25.026871	25.021620	25.016289	25.010891	25.005457	
25.005348	25.010681	25.015972	25.021202	25.026352	25.031399	25.036327	25.041121	25.045757	25.050219	25.054493	25.058556	25.062401	25.066006	25.069365	25.072454	25.075275	25.077808	25.080048	25.081978	25.083603	25.084908	25.085892	25.086550	25.086878	25.086880	25.086548	25.085890	25.084904	25.083603	25.081978	25.080044	25.077808	25.075274	25.072458	25.069363	25.066010	25.062401	25.058559	25.054489	25.050220	25.045755	25.041122	25.036327	25.031399	25.026348	25.021202	25.015972	25.010683	25.005350	
25.005226	25.010429	25.015594	25.020702	25.025728	25.030659	25.035473	25.040152	25.044676	25.049034	25.053207	25.057178	25.060928	25.064453	25.067726	25.070747	25.073498	25.075974	25.078157	25.080048	25.081631	25.082905	25.083866	25.084507	25.084831	25.084827	25.084507	25.083864	25.082905	25.081627	25.080044	25.078157	25.075970	25.073502	25.070745	25.067730	25.064449	25.060932	25.057173	25.053207	25.049032	25.044680	25.040150	25.035473	25.030659	25.025726	25.020700	25.015594	25.010429	25.005226	
25.005077	25.010139	25.015160	25.020123	25.025009	25.029800	25.034481	25.039028	25.043428	25.047665	25.051720	25.055580	25.059225	25.062647	25.065834	25.068768	25.071445	25.073847	25.075974	25.077808	25.079350	25.080589	25.081524	25.082146	25.082458	25.082458	25.082144	25.081520	25.080585	25.079346	25.077806	25.075970	25.073849	25.071442	25.068771	25.065832	25.062651	25.059223	25.055580	25.051716	25.047665	25.043427	25.039028	25.034481	25.029800	25.025009	25.020123	25.015160	25.010138	25.005077	
25.004913	25.009808	25.014668	25.019466	25.024197	25.028833	25.033360	25.037758	25.042015	25.046114	25.050035	25.053768	25.057301	25.060612	25.063692	25.066532	25.069118	25.071445	25.073500	25.075277	25.076767	25.077965	25.078867	25.079472	25.079773	25.079773	25.079472	25.078865	25.077963	25.076763	25.075274	25.073500	25.071442	25.069118	25.066528	25.063694	25.060608	25.057299	25.053764	25.050037	25.046110	25.042015	25.037758	25.033360	25.028831	25.024193	25.019466	25.014666	25.009808	25.004913	
25.004730	25.009441	25.014114	25.018738	25.023289	25.027752	25.032110	25.036345	25.040442	25.044386	25.048164	25.051758	25.055153	25.058342	25.061310	25.064041	25.066532	25.068769	25.070749	25.072456	25.073891	25.075045	25.075916	25.076496	25.076788	25.076786	25.076498	25.075914	25.075043	25.073891	25.072456	25.070747	25.068771	25.066528	25.064041	25.061306	25.058342	25.055149	25.051756	25.048161	25.044388	25.040442	25.036346	25.032112	25.027752	25.023289	25.018738	25.014116	25.009441	25.004728	
25.004528	25.009037	25.013515	25.017937	25.022297	25.026566	25.030739	25.034794	25.038715	25.042492	25.046108	25.049545	25.052799	25.055851	25.058689	25.061310	25.063690	25.065834	25.067728	25.069363	25.070736	25.071842	25.072676	25.073231	25.073509	25.073511	25.073231	25.072674	25.071840	25.070736	25.069363	25.067730	25.065834	25.063692	25.061306	25.058689	25.055847	25.052799	25.049545	25.046108	25.042490	25.038719	25.034794	25.030741	25.026569	25.022297	25.017937	25.013515	25.009037	25.004528	
25.004311	25.008602	25.012859	25.017071	25.021214	25.025284	25.029251	25.033112	25.036842	25.040436	25.043877	25.047150	25.050243	25.053146	25.055851	25.058340	25.060610	25.062649	25.064449	25.066010	25.067314	25.068367	25.069157	25.069687	25.069954	25.069954	25.069691	25.069157	25.068367	25.067312	25.066010	25.064449	25.062649	25.060608	25.058340	25.055849	25.053148	25.050243	25.047150	25.043873	25.040436	25.036840	25.033112	25.029251	25.025284	25.021217	25.017073	25.012859	25.008602	25.004307	
25.004074	25.008129	25.012161	25.016136	25.020060	25.023897	25.027653	25.031300	25.034830	25.038227	25.041481	25.044575	25.047499	25.050243	25.052799	25.055153	25.057297	25.059225	25.060930	25.062401	25.063637	25.064631	25.065380	25.065880	25.066132	25.066133	25.065880	25.065380	25.064629	25.063637	25.062399	25.060928	25.059223	25.057297	25.055153	25.052799	25.050243	25.047497	25.044573	25.041479	25.038223	25.034832	25.031300	25.027655	25.023899	25.020061	25.016136	25.012157	25.008131	25.004074	
25.003822	25.007629	25.011406	25.015146	25.018820	25.022430	25.025948	25.029373	25.032684	25.035873	25.038925	25.041828	25.044575	25.047150	25.049545	25.051756	25.053770	25.055576	25.057178	25.058559	25.059719	25.060650	25.061354	25.061825	25.062059	25.062057	25.061825	25.061352	25.060650	25.059715	25.058559	25.057175	25.055578	25.053770	25.051754	25.049545	25.047148	25.044573	25.041828	25.038921	25.035872	25.032682	25.029373	25.025949	25.022430	25.018822	25.015146	25.011408	25.007629	25.003822	
25.003555	25.007099	25.010618	25.014091	25.017517	25.020870	25.024151	25.027332	25.030415	25.033382	25.036221	25.038925	25.041479	25.043877	25.046106	25.048162	25.050037	25.051720	25.053205	25.054493	25.055573	25.056438	25.057093	25.057531	25.057751	25.057753	25.057529	25.057095	25.056438	25.055573	25.054491	25.053207	25.051720	25.050037	25.048164	25.046108	25.043875	25.041477	25.038921	25.036221	25.033381	25.030415	25.027332	25.024149	25.020870	25.017517	25.014091	25.010616	25.007099	25.003557	
25.003281	25.006544	25.009785	25.012989	25.016142	25.019234	25.022255	25.025190	25.028030	25.030766	25.033384	25.035873	25.038227	25.040436	25.042494	25.044388	25.046116	25.047665	25.049036	25.050220	25.051216	25.052013	25.052618	25.053019	25.053223	25.053223	25.053020	25.052616	25.052017	25.051214	25.050220	25.049034	25.047665	25.046112	25.044388	25.042492	25.040436	25.038223	25.035873	25.033381	25.030764	25.028028	25.025192	25.022253	25.019238	25.016144	25.012989	25.009783	25.006542	25.003277	
25.002987	25.005964	25.008915	25.011833	25.014709	25.017527	25.020277	25.022953	25.025539	25.028030	25.030415	25.032686	25.034832	25.036846	25.038717	25.040443	25.042015	25.043430	25.044676	25.045759	25.046665	25.047394	25.047939	25.048309	25.048492	25.048494	25.048309	25.047943	25.047390	25.046663	25.045755	25.044678	25.043430	25.042017	25.040442	25.038719	25.036842	25.034832	25.032682	25.030415	25.028030	25.025539	25.022949	25.020279	25.017525	25.014709	25.011833	25.008915	25.005962	25.002987	
25.002686	25.005358	25.008013	25.010635	25.013218	25.015749	25.018223	25.020626	25.022953	25.025192	25.027336	25.029373	25.031303	25.033110	25.034796	25.036343	25.037758	25.039028	25.040154	25.041121	25.041937	25.042591	25.043085	25.043413	25.043581	25.043579	25.043415	25.043083	25.042593	25.041933	25.041119	25.040150	25.039028	25.037758	25.036346	25.034792	25.033113	25.031300	25.029373	25.027332	25.025192	25.022949	25.020626	25.018221	25.015751	25.013218	25.010635	25.008011	25.005360	25.002682	
25.002373	25.004734	25.007076	25.009396	25.011677	25.013916	25.016100	25.018225	25.020279	25.022255	25.024151	25.025951	25.027653	25.029255	25.030739	25.032110	25.033358	25.034481	25.035469	25.036329	25.037046	25.037628	25.038059	25.038355	25.038498	25.038502	25.038353	25.038063	25.037626	25.037050	25.036327	25.035473	25.034481	25.033360	25.032108	25.030743	25.029249	25.027655	25.025948	25.024149	25.022255	25.020279	25.018219	25.016102	25.013912	25.011677	25.009396	25.007078	25.004732	25.002373	
25.002052	25.004091	25.006119	25.008121	25.010094	25.012028	25.013916	25.015751	25.017527	25.019238	25.020874	25.022430	25.023903	25.025282	25.026569	25.027752	25.028831	25.029800	25.030659	25.031399	25.032021	25.032520	25.032896	25.033146	25.033276	25.033274	25.033150	25.032898	25.032524	25.032021	25.031399	25.030657	25.029804	25.028831	25.027754	25.026567	25.025284	25.023899	25.022430	25.020870	25.019238	25.017525	25.015751	25.013912	25.012028	25.010094	25.008121	25.006117	25.004091	25.002048	
25.001719	25.003433	25.005133	25.006815	25.008472	25.010094	25.011677	25.013218	25.014709	25.016144	25.017517	25.018824	25.020058	25.021217	25.022297	25.023293	25.024195	25.025011	25.025730	25.026352	25.026871	25.027290	25.027607	25.027819	25.027924	25.027924	25.027817	25.027607	25.027292	25.026875	25.026348	25.025730	25.025007	25.024197	25.023289	25.022297	25.021217	25.020058	25.018822	25.017517	25.016142	25.014709	25.013216	25.011681	25.010094	25.008471	25.006815	25.005135	25.003433	25.001720	
25.001385	25.002762	25.004131	25.005484	25.006813	25.008121	25.009398	25.010635	25.011833	25.012989	25.014093	25.015144	25.016140	25.017073	25.017941	25.018738	25.019466	25.020123	25.020702	25.021200	25.021622	25.021957	25.022213	25.022381	25.022467	25.022467	25.022381	25.022213	25.021961	25.021622	25.021202	25.020699	25.020123	25.019466	25.018740	25.017939	25.017071	25.016136	25.015144	25.014091	25.012989	25.011833	25.010635	25.009396	25.008121	25.006817	25.005482	25.004131	25.002762	25.001385	
25.001041	25.002083	25.003113	25.004131	25.005133	25.006119	25.007076	25.008013	25.008915	25.009785	25.010616	25.011410	25.012159	25.012861	25.013515	25.014118	25.014666	25.015160	25.015594	25.015972	25.016289	25.016544	25.016733	25.016861	25.016926	25.016926	25.016861	25.016735	25.016542	25.016293	25.015972	25.015596	25.015160	25.014668	25.014114	25.013515	25.012859	25.012157	25.011408	25.010616	25.009781	25.008915	25.008011	25.007080	25.006119	25.005135	25.004133	25.003111	25.002083	25.001043	
25.000698	25.001392	25.002083	25.002764	25.003433	25.004089	25.004734	25.005358	25.005962	25.006542	25.007101	25.007631	25.008133	25.008602	25.009039	25.009441	25.009808	25.010139	25.010431	25.010681	25.010895	25.011063	25.011192	25.011276	25.011318	25.011320	25.011276	25.011189	25.011065	25.010891	25.010685	25.010429	25.010139	25.009808	25.009441	25.009037	25.008602	25.008131	25.007629	25.007099	25.006544	25.005962	25.005360	25.004734	25.004091	25.003435	25.002762	25.002083	25.001392	25.000698	
25.000351	25.000698	25.001041	25.001385	25.001719	25.002048	25.002369	25.002684	25.002987	25.003279	25.003557	25.003822	25.004074	25.004307	25.004528	25.004728	25.004913	25.005079	25.005222	25.005352	25.005457	25.005543	25.005608	25.005650	25.005671	25.005671	25.005650	25.005608	25.005539	25.005459	25.005350	25.005226	25.005079	25.004913	25.004730	25.004528	25.004309	25.004074	25.003822	25.003555	25.003277	25.002987	25.002686	25.002371	25.002050	25.001720	25.001385	25.001041	25.000698	25.000349	
