25.010952	25.021936	25.032799	25.043755	25.054459	25.065306	25.075769	25.086390	25.096504	25.106750	25.116367	25.126060	25.135000	25.143925	25.151991	25.159916	25.166897	25.173590	25.179277	25.184519	25.188732	25.192337	25.194927	25.196766	25.197639	25.197639	25.196766	25.194927	25.192337	25.188732	25.184521	25.179279	25.173590	25.166897	25.159916	25.151989	25.143925	25.134998	25.126059	25.116367	25.106750	25.096504	25.086390	25.075771	25.065304	25.054461	25.043755	25.032799	25.021938	25.010952	
25.021938	25.043751	25.065697	25.087269	25.109076	25.130262	25.151741	25.172342	25.193233	25.212994	25.232967	25.251562	25.270222	25.287271	25.304165	25.319260	25.333921	25.346634	25.358608	25.368546	25.377426	25.384256	25.389723	25.393200	25.395046	25.395048	25.393200	25.389725	25.384254	25.377430	25.368546	25.358610	25.346634	25.333923	25.319258	25.304165	25.287266	25.270218	25.251558	25.232967	25.212992	25.193233	25.172340	25.151741	25.130260	25.109077	25.087269	25.065697	25.043751	25.021938	
25.032799	25.065697	25.098225	25.131031	25.163099	25.195564	25.226917	25.258713	25.289009	25.319687	25.348492	25.377508	25.404293	25.431009	25.455173	25.478901	25.499813	25.519848	25.536888	25.552574	25.565197	25.575991	25.583752	25.589252	25.591871	25.591869	25.589254	25.583750	25.575994	25.565195	25.552578	25.536886	25.519848	25.499809	25.478899	25.455173	25.431009	25.404289	25.377506	25.348488	25.319687	25.289005	25.258711	25.226915	25.195568	25.163097	25.131033	25.098225	25.065697	25.032799	
25.043756	25.087267	25.131031	25.174068	25.217554	25.259823	25.302649	25.343754	25.385410	25.424835	25.464657	25.501764	25.538958	25.572987	25.606665	25.636786	25.666014	25.691387	25.715254	25.735090	25.752789	25.766422	25.777313	25.784256	25.787933	25.787935	25.784254	25.777317	25.766417	25.752790	25.735086	25.715256	25.691383	25.666014	25.636784	25.606665	25.572983	25.538960	25.501759	25.464659	25.424835	25.385410	25.343754	25.302650	25.259819	25.217560	25.174067	25.131033	25.087267	25.043756	
25.054459	25.109076	25.163097	25.217554	25.270817	25.324703	25.376783	25.429543	25.479876	25.530785	25.578640	25.626785	25.671291	25.715614	25.755772	25.795130	25.829884	25.863117	25.891438	25.917463	25.938437	25.956341	25.969238	25.978365	25.982718	25.982716	25.978367	25.969236	25.956345	25.938435	25.917467	25.891436	25.863119	25.829880	25.795132	25.755768	25.715616	25.671288	25.626785	25.578636	25.530785	25.479874	25.429544	25.376778	25.324707	25.270813	25.217556	25.163097	25.109077	25.054459	
25.065306	25.130260	25.195564	25.259821	25.324703	25.387821	25.451706	25.513100	25.575228	25.634121	25.693508	25.748938	25.804403	25.855240	25.905457	25.950462	25.994038	26.031948	26.067533	26.097172	26.123560	26.143927	26.160168	26.170542	26.176025	26.176027	26.170540	26.160172	26.143927	26.123564	26.097168	26.067539	26.031944	25.994040	25.950455	25.905457	25.855236	25.804405	25.748936	25.693508	25.634117	25.575230	25.513096	25.451710	25.387817	25.324707	25.259821	25.195568	25.130260	25.065306	
25.075771	25.151741	25.226919	25.302649	25.376783	25.451708	25.524208	25.597555	25.667635	25.738394	25.805037	25.871948	25.933926	25.995522	26.051453	26.106140	26.154551	26.200724	26.240177	26.276337	26.305550	26.330429	26.348392	26.361073	26.367134	26.367134	26.361074	26.348392	26.330431	26.305552	26.276340	26.240175	26.200729	26.154545	26.106144	26.051447	25.995525	25.933926	25.871948	25.805033	25.738394	25.667629	25.597557	25.524204	25.451708	25.376781	25.302650	25.226917	25.151743	25.075771	
25.086390	25.172340	25.258709	25.343756	25.429543	25.513100	25.597553	25.678844	25.760958	25.838951	25.917431	25.990849	26.064133	26.131474	26.197819	26.257437	26.315004	26.365232	26.412241	26.451508	26.486362	26.513350	26.534801	26.548546	26.555788	26.555790	26.548546	26.534803	26.513348	26.486366	26.451504	26.412243	26.365227	26.315008	26.257433	26.197821	26.131470	26.064137	25.990843	25.917431	25.838947	25.760958	25.678841	25.597557	25.513098	25.429546	25.343754	25.258713	25.172340	25.086391	
25.096504	25.193233	25.289009	25.385406	25.479876	25.575224	25.667635	25.760956	25.850300	25.940308	26.025284	26.110382	26.189426	26.267754	26.339085	26.408627	26.470375	26.529083	26.579409	26.625378	26.662649	26.694273	26.717190	26.733307	26.741045	26.741043	26.733311	26.717190	26.694275	26.662643	26.625381	26.579407	26.529083	26.470371	26.408630	26.339083	26.267757	26.189423	26.110386	26.025280	25.940308	25.850296	25.760958	25.667631	25.575226	25.479876	25.385410	25.289007	25.193237	25.096504	
25.106750	25.212994	25.319685	25.424839	25.530781	25.634119	25.738392	25.838951	25.940308	26.036812	26.133659	26.224518	26.314945	26.398293	26.480145	26.553944	26.624962	26.687136	26.745119	26.793736	26.836727	26.870138	26.896595	26.913614	26.922546	26.922548	26.913612	26.896597	26.870134	26.836727	26.793730	26.745121	26.687132	26.624962	26.553938	26.480146	26.398289	26.314949	26.224514	26.133663	26.036808	25.940310	25.838947	25.738396	25.634117	25.530785	25.424835	25.319687	25.212990	25.106750	
25.116365	25.232967	25.348492	25.464657	25.578640	25.693508	25.805035	25.917427	26.025284	26.133663	26.236267	26.338711	26.434172	26.528450	26.614611	26.698299	26.772884	26.843531	26.904329	26.959642	27.004667	27.042721	27.070408	27.089802	27.099148	27.099144	27.089802	27.070406	27.042723	27.004665	26.959644	26.904325	26.843533	26.772881	26.698299	26.614605	26.528450	26.434170	26.338715	26.236267	26.133663	26.025282	25.917431	25.805033	25.693508	25.578638	25.464661	25.348488	25.232969	25.116365	
25.126060	25.251560	25.377508	25.501762	25.626785	25.748934	25.871946	25.990847	26.110382	26.224518	26.338713	26.446190	26.552794	26.651402	26.747879	26.835203	26.918900	26.992479	27.060808	27.118340	27.169003	27.208544	27.239719	27.259861	27.270386	27.270386	27.259857	27.239719	27.208542	27.169003	27.118336	27.060808	26.992476	26.918900	26.835197	26.747879	26.651402	26.552794	26.446188	26.338715	26.224518	26.110386	25.990845	25.871950	25.748936	25.626789	25.501760	25.377510	25.251560	25.126060	
25.135000	25.270220	25.404291	25.538960	25.671286	25.804405	25.933926	26.064135	26.189426	26.314945	26.434170	26.552794	26.663733	26.772881	26.873028	26.969898	27.056604	27.138372	27.209053	27.273071	27.325420	27.369455	27.401646	27.424089	27.434954	27.434954	27.424089	27.401646	27.369457	27.325417	27.273071	27.209051	27.138372	27.056602	26.969898	26.873024	26.772879	26.663731	26.552794	26.434170	26.314949	26.189425	26.064137	25.933924	25.804405	25.671286	25.538963	25.404289	25.270222	25.134998	
25.143927	25.287270	25.431011	25.572983	25.715616	25.855236	25.995525	26.131472	26.267756	26.398293	26.528450	26.651402	26.772881	26.885706	26.995628	27.095554	27.190901	27.275108	27.352943	27.418791	27.476494	27.521753	27.557262	27.580315	27.592302	27.592304	27.580315	27.557262	27.521753	27.476496	27.418789	27.352942	27.275106	27.190901	27.095551	26.995626	26.885704	26.772881	26.651400	26.528450	26.398293	26.267757	26.131472	25.995525	25.855234	25.715618	25.572983	25.431011	25.287270	25.143925	
25.151991	25.304167	25.455173	25.606667	25.755768	25.905458	26.051453	26.197819	26.339085	26.480145	26.614609	26.747881	26.873026	26.995628	27.108616	27.217417	27.315252	27.407076	27.486839	27.558720	27.617798	27.667244	27.703573	27.728771	27.741035	27.741034	27.728771	27.703575	27.667242	27.617798	27.558720	27.486837	27.407076	27.315250	27.217415	27.108612	26.995628	26.873024	26.747879	26.614607	26.480145	26.339087	26.197821	26.051449	25.905460	25.755768	25.606667	25.455172	25.304169	25.151991	
25.159918	25.319260	25.478901	25.636786	25.795130	25.950457	26.106144	26.257435	26.408630	26.553942	26.698296	26.835205	26.969902	27.095554	27.217415	27.328720	27.434406	27.528217	27.614483	27.687843	27.751793	27.802217	27.841568	27.867254	27.880539	27.880539	27.867254	27.841566	27.802219	27.751793	27.687843	27.614479	27.528214	27.434410	27.328718	27.217415	27.095551	26.969898	26.835201	26.698299	26.553940	26.408630	26.257435	26.106144	25.950457	25.795132	25.636784	25.478901	25.319256	25.159916	
25.166897	25.333923	25.499811	25.666016	25.829882	25.994040	26.154547	26.315010	26.470373	26.624962	26.772886	26.918900	27.056606	27.190903	27.315252	27.434408	27.542103	27.642651	27.730457	27.809162	27.874203	27.928339	27.968338	27.995926	28.009426	28.009424	27.995926	27.968338	27.928337	27.874203	27.809164	27.730453	27.642649	27.542099	27.434408	27.315250	27.190903	27.056602	26.918901	26.772884	26.624962	26.470371	26.315010	26.154549	25.994041	25.829882	25.666016	25.499811	25.333923	25.166897	
25.173590	25.346634	25.519848	25.691383	25.863117	26.031944	26.200726	26.365231	26.529085	26.687138	26.843533	26.992479	27.138372	27.275108	27.407074	27.528217	27.642651	27.744762	27.838154	27.918016	27.987244	28.042139	28.084736	28.112701	28.127081	28.127083	28.112700	28.084736	28.042141	27.987244	27.918015	27.838154	27.744759	27.642649	27.528215	27.407074	27.275108	27.138372	26.992476	26.843533	26.687134	26.529083	26.365231	26.200726	26.031948	25.863117	25.691387	25.519846	25.346634	25.173590	
25.179279	25.358608	25.536886	25.715258	25.891438	26.067535	26.240175	26.412245	26.579407	26.745125	26.904329	27.060810	27.209053	27.352943	27.486839	27.614481	27.730457	27.838156	27.932724	28.017014	28.087074	28.145046	28.188131	28.217674	28.232218	28.232216	28.217676	28.188133	28.145046	28.087074	28.017017	27.932722	27.838154	27.730453	27.614479	27.486839	27.352943	27.209053	27.060810	26.904327	26.745123	26.579407	26.412243	26.240177	26.067537	25.891438	25.715256	25.536888	25.358610	25.179279	
25.184519	25.368546	25.552578	25.735088	25.917467	26.097168	26.276339	26.451506	26.625381	26.793736	26.959646	27.118340	27.273071	27.418791	27.558720	27.687843	27.809162	27.918015	28.017017	28.102161	28.175537	28.234070	28.279215	28.309032	28.324272	28.324276	28.309032	28.279217	28.234070	28.175539	28.102161	28.017017	27.918015	27.809162	27.687843	27.558720	27.418791	27.273071	27.118340	26.959646	26.793732	26.625381	26.451506	26.276337	26.097170	25.917465	25.735088	25.552578	25.368549	25.184521	
25.188730	25.377426	25.565195	25.752792	25.938435	26.123564	26.305550	26.486366	26.662647	26.836729	27.004667	27.169003	27.325418	27.476494	27.617798	27.751793	27.874205	27.987244	28.087074	28.175537	28.249498	28.310333	28.355824	28.386826	28.402180	28.402178	28.386826	28.355824	28.310335	28.249496	28.175539	28.087074	27.987242	27.874205	27.751791	27.617798	27.476494	27.325418	27.169003	27.004669	26.836731	26.662647	26.486368	26.305552	26.123560	25.938435	25.752790	25.565199	25.377428	25.188732	
25.192337	25.384254	25.575993	25.766418	25.956343	26.143925	26.330431	26.513348	26.694277	26.870136	27.042723	27.208542	27.369457	27.521755	27.667242	27.802219	27.928337	28.042141	28.145046	28.234070	28.310333	28.371540	28.418457	28.449638	28.465477	28.465479	28.449638	28.418457	28.371540	28.310337	28.234072	28.145046	28.042141	27.928339	27.802219	27.667240	27.521755	27.369457	27.208546	27.042723	26.870138	26.694277	26.513348	26.330431	26.143925	25.956345	25.766420	25.575993	25.384258	25.192339	
25.194927	25.389723	25.583750	25.777315	25.969236	26.160170	26.348391	26.534801	26.717190	26.896599	27.070408	27.239719	27.401646	27.557262	27.703573	27.841568	27.968338	28.084736	28.188131	28.279217	28.355824	28.418457	28.465580	28.497492	28.513399	28.513397	28.497494	28.465580	28.418457	28.355824	28.279219	28.188135	28.084736	27.968340	27.841568	27.703575	27.557261	27.401648	27.239719	27.070408	26.896595	26.717190	26.534803	26.348391	26.160170	25.969238	25.777315	25.583752	25.389725	25.194927	
25.196766	25.393200	25.589252	25.784256	25.978365	26.170542	26.361073	26.548546	26.733309	26.913612	27.089802	27.259859	27.424091	27.580315	27.728771	27.867254	27.995924	28.112701	28.217672	28.309032	28.386822	28.449638	28.497494	28.529495	28.545650	28.545649	28.529495	28.497494	28.449638	28.386826	28.309034	28.217678	28.112701	27.995926	27.867256	27.728771	27.580315	27.424091	27.259859	27.089802	26.913612	26.733311	26.548546	26.361073	26.170542	25.978365	25.784256	25.589254	25.393200	25.196766	
25.197639	25.395046	25.591869	25.787933	25.982716	26.176025	26.367132	26.555786	26.741043	26.922546	27.099148	27.270386	27.434952	27.592304	27.741035	27.880541	28.009428	28.127079	28.232216	28.324272	28.402178	28.465477	28.513399	28.545649	28.561825	28.561825	28.545649	28.513399	28.465477	28.402180	28.324276	28.232218	28.127083	28.009426	27.880541	27.741035	27.592304	27.434956	27.270386	27.099144	26.922546	26.741043	26.555786	26.367134	26.176025	25.982716	25.787933	25.591869	25.395046	25.197639	
25.197639	25.395046	25.591869	25.787933	25.982716	26.176025	26.367132	26.555786	26.741043	26.922546	27.099148	27.270386	27.434952	27.592304	27.741035	27.880541	28.009428	28.127079	28.232216	28.324272	28.402178	28.465477	28.513399	28.545649	28.561825	28.561825	28.545649	28.513399	28.465477	28.402180	28.324276	28.232218	28.127083	28.009426	27.880541	27.741035	27.592304	27.434956	27.270386	27.099144	26.922546	26.741043	26.555786	26.367134	26.176025	25.982716	25.787933	25.591869	25.395046	25.197639	
25.196766	25.393200	25.589252	25.784256	25.978365	26.170542	26.361073	26.548546	26.733309	26.913612	27.089802	27.259859	27.424091	27.580315	27.728771	27.867254	27.995924	28.112701	28.217672	28.309032	28.386822	28.449638	28.497494	28.529495	28.545650	28.545649	28.529495	28.497494	28.449638	28.386826	28.309034	28.217678	28.112701	27.995926	27.867256	27.728771	27.580315	27.424091	27.259859	27.089802	26.913612	26.733311	26.548546	26.361073	26.170542	25.978365	25.784256	25.589254	25.393200	25.196766	
25.194927	25.389723	25.583750	25.777315	25.969236	26.160170	26.348391	26.534801	26.717190	26.896599	27.070408	27.239719	27.401646	27.557262	27.703573	27.841568	27.968338	28.084736	28.188131	28.279217	28.355824	28.418457	28.465580	28.497492	28.513399	28.513397	28.497494	28.465580	28.418457	28.355824	28.279219	28.188135	28.084736	27.968340	27.841568	27.703575	27.557261	27.401648	27.239719	27.070408	26.896595	26.717190	26.534803	26.348391	26.160170	25.969238	25.777315	25.583752	25.389725	25.194927	
25.192337	25.384254	25.575993	25.766418	25.956343	26.143925	26.330431	26.513348	26.694277	26.870136	27.042723	27.208542	27.369457	27.521755	27.667242	27.802219	27.928337	28.042141	28.145046	28.234070	28.310333	28.371540	28.418457	28.449638	28.465477	28.465479	28.449638	28.418457	28.371540	28.310337	28.234072	28.145046	28.042141	27.928339	27.802219	27.667240	27.521755	27.369457	27.208546	27.042723	26.870138	26.694277	26.513348	26.330431	26.143925	25.956345	25.766420	25.575993	25.384258	25.192339	
25.188730	25.377426	25.565195	25.752792	25.938435	26.123564	26.305550	26.486366	26.662647	26.836729	27.004667	27.169003	27.325418	27.476494	27.617798	27.751793	27.874205	27.987244	28.087074	28.175537	28.249498	28.310333	28.355824	28.386826	28.402180	28.402178	28.386826	28.355824	28.310335	28.249496	28.175539	28.087074	27.987242	27.874205	27.751791	27.617798	27.476494	27.325418	27.169003	27.004669	26.836731	26.662647	26.486368	26.305552	26.123560	25.938435	25.752790	25.565199	25.377428	25.188732	
25.184519	25.368546	25.552578	25.735088	25.917467	26.097168	26.276339	26.451506	26.625381	26.793736	26.959646	27.118340	27.273071	27.418791	27.558720	27.687843	27.809162	27.918015	28.017017	28.102161	28.175537	28.234070	28.279215	28.309032	28.324272	28.324276	28.309032	28.279217	28.234070	28.175539	28.102161	28.017017	27.918015	27.809162	27.687843	27.558720	27.418791	27.273071	27.118340	26.959646	26.793732	26.625381	26.451506	26.276337	26.097170	25.917465	25.735088	25.552578	25.368549	25.184521	
25.179279	25.358608	25.536886	25.715258	25.891438	26.067535	26.240175	26.412245	26.579407	26.745125	26.904329	27.060810	27.209053	27.352943	27.486839	27.614481	27.730457	27.838156	27.932724	28.017014	28.087074	28.145046	28.188131	28.217674	28.232218	28.232216	28.217676	28.188133	28.145046	28.087074	28.017017	27.932722	27.838154	27.730453	27.614479	27.486839	27.352943	27.209053	27.060810	26.904327	26.745123	26.579407	26.412243	26.240177	26.067537	25.891438	25.715256	25.536888	25.358610	25.179279	
25.173590	25.346634	25.519848	25.691383	25.863117	26.031944	26.200726	26.365231	26.529085	26.687138	26.843533	26.992479	27.138372	27.275108	27.407074	27.528217	27.642651	27.744762	27.838154	27.918016	27.987244	28.042139	28.084736	28.112701	28.127081	28.127083	28.112700	28.084736	28.042141	27.987244	27.918015	27.838154	27.744759	27.642649	27.528215	27.407074	27.275108	27.138372	26.992476	26.843533	26.687134	26.529083	26.365231	26.200726	26.031948	25.863117	25.691387	25.519846	25.346634	25.173590	
25.166897	25.333923	25.499811	25.666016	25.829882	25.994040	26.154547	26.315010	26.470373	26.624962	26.772886	26.918900	27.056606	27.190903	27.315252	27.434408	27.542103	27.642651	27.730457	27.809162	27.874203	27.928339	27.968338	27.995926	28.009426	28.009424	27.995926	27.968338	27.928337	27.874203	27.809164	27.730453	27.642649	27.542099	27.434408	27.315250	27.190903	27.056602	26.918901	26.772884	26.624962	26.470371	26.315010	26.154549	25.994041	25.829882	25.666016	25.499811	25.333923	25.166897	
25.159918	25.319260	25.478901	25.636786	25.795130	25.950457	26.106144	26.257435	26.408630	26.553942	26.698296	26.835205	26.969902	27.095554	27.217415	27.328720	27.434406	27.528217	27.614483	27.687843	27.751793	27.802217	27.841568	27.867254	27.880539	27.880539	27.867254	27.841566	27.802219	27.751793	27.687843	27.614479	27.528214	27.434410	27.328718	27.217415	27.095551	26.969898	26.835201	26.698299	26.553940	26.408630	26.257435	26.106144	25.950457	25.795132	25.636784	25.478901	25.319256	25.159916	
25.151991	25.304167	25.455173	25.606667	25.755768	25.905458	26.051453	26.197819	26.339085	26.480145	26.614609	26.747881	26.873026	26.995628	27.108616	27.217417	27.315252	27.407076	27.486839	27.558720	27.617798	27.667244	27.703573	27.728771	27.741035	27.741034	27.728771	27.703575	27.667242	27.617798	27.558720	27.486837	27.407076	27.315250	27.217415	27.108612	26.995628	26.873024	26.747879	26.614607	26.480145	26.339087	26.197821	26.051449	25.905460	25.755768	25.606667	25.455172	25.304169	25.151991	
25.143927	25.287270	25.431011	25.572983	25.715616	25.855236	25.995525	26.131472	26.267756	26.398293	26.528450	26.651402	26.772881	26.885706	26.995628	27.095554	27.190901	27.275108	27.352943	27.418791	27.476494	27.521753	27.557262	27.580315	27.592302	27.592304	27.580315	27.557262	27.521753	27.476496	27.418789	27.352942	27.275106	27.190901	27.095551	26.995626	26.885704	26.772881	26.651400	26.528450	26.398293	26.267757	26.131472	25.995525	25.855234	25.715618	25.572983	25.431011	25.287270	25.143925	
25.135000	25.270220	25.404291	25.538960	25.671286	25.804405	25.933926	26.064135	26.189426	26.314945	26.434170	26.552794	26.663733	26.772881	26.873028	26.969898	27.056604	27.138372	27.209053	27.273071	27.325420	27.369455	27.401646	27.424089	27.434954	27.434954	27.424089	27.401646	27.369457	27.325417	27.273071	27.209051	27.138372	27.056602	26.969898	26.873024	26.772879	26.663731	26.552794	26.434170	26.314949	26.189425	26.064137	25.933924	25.804405	25.671286	25.538963	25.404289	25.270222	25.134998	
25.126060	25.251560	25.377508	25.501762	25.626785	25.748934	25.871946	25.990847	26.110382	26.224518	26.338713	26.446190	26.552794	26.651402	26.747879	26.835203	26.918900	26.992479	27.060808	27.118340	27.169003	27.208544	27.239719	27.259861	27.270386	27.270386	27.259857	27.239719	27.208542	27.169003	27.118336	27.060808	26.992476	26.918900	26.835197	26.747879	26.651402	26.552794	26.446188	26.338715	26.224518	26.110386	25.990845	25.871950	25.748936	25.626789	25.501760	25.377510	25.251560	25.126060	
25.116365	25.232967	25.348492	25.464657	25.578640	25.693508	25.805035	25.917427	26.025284	26.133663	26.236267	26.338711	26.434172	26.528450	26.614611	26.698299	26.772884	26.843531	26.904329	26.959642	27.004667	27.042721	27.070408	27.089802	27.099148	27.099144	27.089802	27.070406	27.042723	27.004665	26.959644	26.904325	26.843533	26.772881	26.698299	26.614605	26.528450	26.434170	26.338715	26.236267	26.133663	26.025282	25.917431	25.805033	25.693508	25.578638	25.464661	25.348488	25.232969	25.116365	
25.106750	25.212994	25.319685	25.424839	25.530781	25.634119	25.738392	25.838951	25.940308	26.036812	26.133659	26.224518	26.314945	26.398293	26.480145	26.553944	26.624962	26.687136	26.745119	26.793736	26.836727	26.870138	26.896595	26.913614	26.922546	26.922548	26.913612	26.896597	26.870134	26.836727	26.793730	26.745121	26.687132	26.624962	26.553938	26.480146	26.398289	26.314949	26.224514	26.133663	26.036808	25.940310	25.838947	25.738396	25.634117	25.530785	25.424835	25.319687	25.212990	25.106750	
25.096504	25.193233	25.289009	25.385406	25.479876	25.575224	25.667635	25.760956	25.850300	25.940308	26.025284	26.110382	26.189426	26.267754	26.339085	26.408627	26.470375	26.529083	26.579409	26.625378	26.662649	26.694273	26.717190	26.733307	26.741045	26.741043	26.733311	26.717190	26.694275	26.662643	26.625381	26.579407	26.529083	26.470371	26.408630	26.339083	26.267757	26.189423	26.110386	26.025280	25.940308	25.850296	25.760958	25.667631	25.575226	25.479876	25.385410	25.289007	25.193237	25.096504	
25.086390	25.172340	25.258709	25.343756	25.429543	25.513100	25.597553	25.678844	25.760958	25.838951	25.917431	25.990849	26.064133	26.131474	26.197819	26.257437	26.315004	26.365232	26.412241	26.451508	26.486362	26.513350	26.534801	26.548546	26.555788	26.555790	26.548546	26.534803	26.513348	26.486366	26.451504	26.412243	26.365227	26.315008	26.257433	26.197821	26.131470	26.064137	25.990843	25.917431	25.838947	25.760958	25.678841	25.597557	25.513098	25.429546	25.343754	25.258713	25.172340	25.086391	
25.075771	25.151741	25.226919	25.302649	25.376783	25.451708	25.524208	25.597555	25.667635	25.738394	25.805037	25.871948	25.933926	25.995522	26.051453	26.106140	26.154551	26.200724	26.240177	26.276337	26.305550	26.330429	26.348392	26.361073	26.367134	26.367134	26.361074	26.348392	26.330431	26.305552	26.276340	26.240175	26.200729	26.154545	26.106144	26.051447	25.995525	25.933926	25.871948	25.805033	25.738394	25.667629	25.597557	25.524204	25.451708	25.376781	25.302650	25.226917	25.151743	25.075771	
25.065306	25.130260	25.195564	25.259821	25.324703	25.387821	25.451706	25.513100	25.575228	25.634121	25.693508	25.748938	25.804403	25.855240	25.905457	25.950462	25.994038	26.031948	26.067533	26.097172	26.123560	26.143927	26.160168	26.170542	26.176025	26.176027	26.170540	26.160172	26.143927	26.123564	26.097168	26.067539	26.031944	25.994040	25.950455	25.905457	25.855236	25.804405	25.748936	25.693508	25.634117	25.575230	25.513096	25.451710	25.387817	25.324707	25.259821	25.195568	25.130260	25.065306	
25.054459	25.109076	25.163097	25.217554	25.270817	25.324703	25.376783	25.429543	25.479876	25.530785	25.578640	25.626785	25.671291	25.715614	25.755772	25.795130	25.829884	25.863117	25.891438	25.917463	25.938437	25.956341	25.969238	25.978365	25.982718	25.982716	25.978367	25.969236	25.956345	25.938435	25.917467	25.891436	25.863119	25.829880	25.795132	25.755768	25.715616	25.671288	25.626785	25.578636	25.530785	25.479874	25.429544	25.376778	25.324707	25.270813	25.217556	25.163097	25.109077	25.054459	
25.043756	25.087267	25.131031	25.174068	25.217554	25.259823	25.302649	25.343754	25.385410	25.424835	25.464657	25.501764	25.538958	25.572987	25.606665	25.636786	25.666014	25.691387	25.715254	25.735090	25.752789	25.766422	25.777313	25.784256	25.787933	25.787935	25.784254	25.777317	25.766417	25.752790	25.735086	25.715256	25.691383	25.666014	25.636784	25.606665	25.572983	25.538960	25.501759	25.464659	25.424835	25.385410	25.343754	25.302650	25.259819	25.217560	25.174067	25.131033	25.087267	25.043756	
25.032799	25.065697	25.098225	25.131031	25.163099	25.195564	25.226917	25.258713	25.289009	25.319687	25.348492	25.377508	25.404293	25.431009	25.455173	25.478901	25.499813	25.519848	25.536888	25.552574	25.565197	25.575991	25.583752	25.589252	25.591871	25.591869	25.589254	25.583750	25.575994	25.565195	25.552578	25.536886	25.519848	25.499809	25.478899	25.455173	25.431009	25.404289	25.377506	25.348488	25.319687	25.289005	25.258711	25.226915	25.195568	25.163097	25.131033	25.098225	25.065697	25.032799	
25.021938	25.043751	25.065697	25.087269	25.109076	25.130262	25.151741	25.172342	25.193233	25.212994	25.232967	25.251562	25.270222	25.287271	25.304165	25.319260	25.333921	25.346634	25.358608	25.368546	25.377426	25.384256	25.389723	25.393200	25.395046	25.395048	25.393200	25.389725	25.384254	25.377430	25.368546	25.358610	25.346634	25.333923	25.319258	25.304165	25.287266	25.270218	25.251558	25.232967	25.212992	25.193233	25.172340	25.151741	25.130260	25.109077	25.087269	25.065697	25.043751	25.021938	
25.010952	25.021936	25.032799	25.043755	25.054459	25.065306	25.075769	25.086390	25.096504	25.106750	25.116367	25.126060	25.135000	25.143925	25.151991	25.159916	25.166897	25.173590	25.179277	25.184519	25.188732	25.192337	25.194927	25.196766	25.197639	25.197639	25.196766	25.194927	25.192337	25.188732	25.184521	25.179279	25.173590	25.166897	25.159916	25.151989	25.143925	25.134998	25.126059	25.116367	25.106750	25.096504	25.086390	25.075771	25.065304	25.054461	25.043755	25.032799	25.021938	25.010952	
