25.003994	25.007971	25.011917	25.015816	25.019661	25.023426	25.027107	25.030684	25.034147	25.037476	25.040668	25.043703	25.046577	25.049271	25.051781	25.054092	25.056200	25.058090	25.059765	25.061211	25.062426	25.063400	25.064138	25.064631	25.064877	25.064877	25.064631	25.064137	25.063400	25.062424	25.061211	25.059767	25.058090	25.056198	25.054092	25.051781	25.049271	25.046577	25.043705	25.040670	25.037477	25.034145	25.030685	25.027109	25.023428	25.019661	25.015816	25.011915	25.007969	25.003992	
25.007971	25.015911	25.023785	25.031578	25.039244	25.046768	25.054111	25.061256	25.068161	25.074816	25.081181	25.087248	25.092974	25.098358	25.103363	25.107983	25.112183	25.115967	25.119305	25.122192	25.124613	25.126564	25.128033	25.129015	25.129507	25.129509	25.129017	25.128033	25.126564	25.124613	25.122192	25.119303	25.115967	25.112183	25.107981	25.103361	25.098358	25.092976	25.087250	25.081181	25.074816	25.068163	25.061255	25.054111	25.046768	25.039246	25.031578	25.023787	25.015907	25.007969	
25.011917	25.023787	25.035568	25.047213	25.058685	25.069927	25.080917	25.091589	25.101925	25.111866	25.121395	25.130451	25.139030	25.147068	25.154562	25.161457	25.167749	25.173397	25.178396	25.182707	25.186337	25.189247	25.191448	25.192917	25.193649	25.193653	25.192915	25.191448	25.189247	25.186337	25.182709	25.178396	25.173397	25.167749	25.161455	25.154560	25.147068	25.139030	25.130453	25.121397	25.111866	25.101925	25.091591	25.080914	25.069931	25.058685	25.047215	25.035568	25.023787	25.011915	
25.015816	25.031578	25.047215	25.062677	25.077896	25.092831	25.107407	25.121586	25.135294	25.148504	25.161140	25.173180	25.184547	25.195236	25.205164	25.214333	25.222673	25.230183	25.236807	25.242542	25.247347	25.251221	25.254133	25.256086	25.257063	25.257063	25.256086	25.254133	25.251219	25.247347	25.242540	25.236807	25.230183	25.222672	25.214331	25.205164	25.195232	25.184549	25.173180	25.161140	25.148506	25.135296	25.121586	25.107407	25.092831	25.077900	25.062675	25.047215	25.031574	25.015816	
25.019661	25.039246	25.058685	25.077896	25.096825	25.115372	25.133501	25.151112	25.168163	25.184568	25.200291	25.215237	25.229385	25.242649	25.255009	25.266384	25.276770	25.286085	25.294334	25.301451	25.307434	25.312241	25.315866	25.318291	25.319504	25.319504	25.318287	25.315866	25.312241	25.307432	25.301451	25.294333	25.286085	25.276770	25.266386	25.255009	25.242649	25.229385	25.215237	25.200291	25.184570	25.168167	25.151112	25.133503	25.115376	25.096821	25.077896	25.058681	25.039246	25.019659	
25.023426	25.046768	25.069927	25.092831	25.115372	25.137491	25.159079	25.180082	25.200386	25.219952	25.238667	25.256496	25.273338	25.289162	25.303871	25.317451	25.329803	25.340927	25.350735	25.359234	25.366348	25.372086	25.376402	25.379293	25.380739	25.380739	25.379293	25.376402	25.372087	25.366350	25.359232	25.350737	25.340925	25.329803	25.317450	25.303875	25.289162	25.273338	25.256498	25.238668	25.219954	25.200386	25.180084	25.159081	25.137493	25.115374	25.092829	25.069927	25.046768	25.023426	
25.027107	25.054110	25.080914	25.107403	25.133499	25.159079	25.184074	25.208355	25.231869	25.254484	25.276161	25.296772	25.316278	25.334568	25.351608	25.367296	25.381613	25.394461	25.405832	25.415644	25.423895	25.430521	25.435520	25.438862	25.440538	25.440538	25.438862	25.435522	25.430521	25.423895	25.415644	25.405832	25.394461	25.381613	25.367296	25.351610	25.334568	25.316280	25.296772	25.276163	25.254486	25.231869	25.208355	25.184074	25.159077	25.133501	25.107403	25.080914	25.054111	25.027107	
25.030685	25.061253	25.091587	25.121584	25.151110	25.180080	25.208351	25.235863	25.262453	25.288082	25.312592	25.335947	25.358002	25.378731	25.397997	25.415775	25.431961	25.446526	25.459377	25.470503	25.479826	25.487339	25.492989	25.496777	25.498669	25.498671	25.496777	25.492990	25.487339	25.479824	25.470503	25.459379	25.446527	25.431961	25.415779	25.397995	25.378731	25.358004	25.335945	25.312593	25.288082	25.262455	25.235863	25.208355	25.180080	25.151108	25.121584	25.091587	25.061253	25.030682	
25.034145	25.068161	25.101921	25.135292	25.168163	25.200382	25.231867	25.262451	25.292074	25.320560	25.347868	25.373825	25.398399	25.421436	25.442904	25.462666	25.480696	25.496883	25.511204	25.523563	25.533957	25.542301	25.548603	25.552807	25.554920	25.554920	25.552811	25.548605	25.542305	25.533958	25.523567	25.511206	25.496885	25.480700	25.462666	25.442904	25.421436	25.398399	25.373829	25.347866	25.320562	25.292074	25.262453	25.231869	25.200382	25.168163	25.135292	25.101923	25.068161	25.034145	
25.037476	25.074814	25.111864	25.148502	25.184566	25.219948	25.254482	25.288082	25.320559	25.351860	25.381798	25.410320	25.437262	25.462578	25.486111	25.507828	25.527594	25.545382	25.561081	25.574667	25.586054	25.595230	25.602135	25.606758	25.609072	25.609074	25.606762	25.602135	25.595234	25.586058	25.574671	25.561083	25.545385	25.527597	25.507832	25.486111	25.462582	25.437263	25.410324	25.381802	25.351860	25.320562	25.288078	25.254482	25.219948	25.184566	25.148502	25.111864	25.074814	25.037476	
25.040667	25.081181	25.121391	25.161137	25.200287	25.238663	25.276161	25.312588	25.347866	25.381794	25.414314	25.445232	25.474501	25.501940	25.527506	25.551044	25.572519	25.591799	25.608854	25.623577	25.635952	25.645893	25.653400	25.658409	25.660925	25.660923	25.658409	25.653402	25.645895	25.635956	25.623581	25.608858	25.591801	25.572523	25.551044	25.527512	25.501942	25.474504	25.445236	25.414316	25.381798	25.347866	25.312588	25.276157	25.238663	25.200287	25.161137	25.121393	25.081179	25.040668	
25.043701	25.087246	25.130451	25.173176	25.215231	25.256495	25.296764	25.335945	25.373821	25.410320	25.445232	25.478497	25.509911	25.539433	25.566877	25.592201	25.615255	25.636002	25.654305	25.670151	25.683428	25.694130	25.702181	25.707575	25.710270	25.710272	25.707573	25.702181	25.694132	25.683430	25.670153	25.654305	25.636002	25.615255	25.592207	25.566879	25.539436	25.509914	25.478497	25.445236	25.410322	25.373821	25.335943	25.296764	25.256493	25.215231	25.173176	25.130451	25.087244	25.043701	
25.046574	25.092972	25.139025	25.184544	25.229382	25.273331	25.316277	25.357998	25.398397	25.437258	25.474499	25.509911	25.543427	25.574854	25.604134	25.631092	25.655687	25.677767	25.697302	25.714165	25.728336	25.739725	25.748318	25.754053	25.756935	25.756931	25.754055	25.748318	25.739725	25.728336	25.714167	25.697302	25.677769	25.655689	25.631096	25.604134	25.574856	25.543430	25.509914	25.474503	25.437260	25.398399	25.357998	25.316277	25.273333	25.229382	25.184544	25.139027	25.092972	25.046576	
25.049267	25.098354	25.147064	25.195229	25.242643	25.289158	25.334560	25.378727	25.421431	25.462576	25.501934	25.539433	25.574852	25.608130	25.639072	25.667620	25.693609	25.716993	25.737635	25.755495	25.770468	25.782532	25.791607	25.797684	25.800728	25.800728	25.797688	25.791607	25.782532	25.770468	25.755497	25.737635	25.716995	25.693611	25.667622	25.639072	25.608131	25.574856	25.539434	25.501936	25.462578	25.421429	25.378727	25.334560	25.289160	25.242641	25.195229	25.147064	25.098354	25.049269	
25.051777	25.103359	25.154556	25.205160	25.255005	25.303867	25.351604	25.397991	25.442898	25.486105	25.527504	25.566874	25.604132	25.639072	25.671619	25.701591	25.728931	25.753483	25.775194	25.793945	25.809698	25.822357	25.831909	25.838291	25.841490	25.841492	25.838287	25.831911	25.822361	25.809700	25.793945	25.775198	25.753483	25.728935	25.701593	25.671619	25.639072	25.604134	25.566875	25.527504	25.486105	25.442902	25.397989	25.351608	25.303865	25.255005	25.205160	25.154556	25.103359	25.051777	
25.054089	25.107977	25.161449	25.214327	25.266380	25.317444	25.367292	25.415775	25.462662	25.507826	25.551041	25.592201	25.631088	25.667622	25.701590	25.732931	25.761465	25.787136	25.809797	25.829403	25.845842	25.859085	25.869051	25.875721	25.879063	25.879059	25.875725	25.869049	25.859085	25.845842	25.829405	25.809795	25.787140	25.761467	25.732933	25.701593	25.667622	25.631092	25.592203	25.551041	25.507828	25.462660	25.415777	25.367290	25.317448	25.266380	25.214329	25.161451	25.107977	25.054089	
25.056198	25.112179	25.167746	25.222668	25.276766	25.329802	25.381611	25.431957	25.480698	25.527592	25.572521	25.615252	25.655687	25.693607	25.728931	25.761463	25.791138	25.817783	25.841347	25.861700	25.878796	25.892540	25.902903	25.909830	25.913300	25.913303	25.909828	25.902905	25.892540	25.878798	25.861698	25.841351	25.817783	25.791138	25.761467	25.728935	25.693611	25.655689	25.615255	25.572521	25.527592	25.480698	25.431957	25.381611	25.329802	25.276766	25.222670	25.167746	25.112179	25.056198	
25.058090	25.115963	25.173393	25.230179	25.286085	25.340923	25.394459	25.446524	25.496881	25.545383	25.591797	25.636000	25.677767	25.716995	25.753481	25.787136	25.817781	25.845348	25.869690	25.890741	25.908401	25.922619	25.933325	25.940487	25.944077	25.944075	25.940491	25.933325	25.922623	25.908401	25.890747	25.869688	25.845352	25.817783	25.787140	25.753483	25.716997	25.677767	25.636000	25.591799	25.545383	25.496883	25.446524	25.394461	25.340923	25.286083	25.230181	25.173393	25.115963	25.058090	
25.059763	25.119301	25.178392	25.236803	25.294333	25.350737	25.405830	25.459377	25.511206	25.561081	25.608856	25.654305	25.697300	25.737635	25.775192	25.809795	25.841347	25.869688	25.894745	25.916393	25.934570	25.949190	25.960209	25.967575	25.971268	25.971272	25.967575	25.960213	25.949188	25.934574	25.916391	25.894749	25.869690	25.841351	25.809795	25.775196	25.737635	25.697304	25.654306	25.608856	25.561081	25.511206	25.459375	25.405830	25.350737	25.294333	25.236805	25.178392	25.119301	25.059763	
25.061211	25.122192	25.182707	25.242540	25.301451	25.359232	25.415646	25.470505	25.523563	25.574669	25.623577	25.670151	25.714165	25.755495	25.793945	25.829401	25.861698	25.890739	25.916393	25.938574	25.957184	25.972164	25.983444	25.990992	25.994774	25.994772	25.990997	25.983444	25.972168	25.957184	25.938578	25.916389	25.890745	25.861700	25.829405	25.793945	25.755497	25.714165	25.670151	25.623579	25.574669	25.523567	25.470505	25.415646	25.359232	25.301449	25.242538	25.182707	25.122189	25.061211	
25.062424	25.124613	25.186333	25.247347	25.307432	25.366352	25.423895	25.479826	25.533958	25.586056	25.635956	25.683430	25.728338	25.770470	25.809698	25.845844	25.878794	25.908401	25.934568	25.957182	25.976170	25.991440	26.002949	26.010645	26.014502	26.014503	26.010643	26.002953	25.991440	25.976170	25.957182	25.934574	25.908401	25.878796	25.845844	25.809700	25.770472	25.728338	25.683432	25.635958	25.586056	25.533958	25.479824	25.423895	25.366350	25.307430	25.247347	25.186331	25.124611	25.062424	
25.063400	25.126562	25.189247	25.251219	25.312239	25.372087	25.430521	25.487341	25.542305	25.595234	25.645897	25.694134	25.739725	25.782532	25.822361	25.859083	25.892540	25.922617	25.949188	25.972160	25.991440	26.006954	26.018641	26.026459	26.030376	26.030376	26.026463	26.018639	26.006958	25.991440	25.972164	25.949190	25.922621	25.892540	25.859085	25.822365	25.782532	25.739729	25.694132	25.645899	25.595236	25.542305	25.487343	25.430521	25.372089	25.312239	25.251217	25.189247	25.126562	25.063400	
25.064137	25.128029	25.191444	25.254133	25.315866	25.376402	25.435524	25.492992	25.548607	25.602139	25.653400	25.702187	25.748318	25.791609	25.831911	25.869051	25.902901	25.933325	25.960207	25.983444	26.002949	26.018639	26.030466	26.038372	26.042336	26.042336	26.038372	26.030468	26.018639	26.002951	25.983444	25.960211	25.933323	25.902903	25.869051	25.831911	25.791613	25.748318	25.702187	25.653402	25.602139	25.548607	25.492992	25.435526	25.376404	25.315866	25.254131	25.191442	25.128029	25.064137	
25.064629	25.129013	25.192911	25.256084	25.318289	25.379293	25.438864	25.496777	25.552813	25.606762	25.658413	25.707577	25.754057	25.797688	25.838293	25.875723	25.909830	25.940487	25.967575	25.990990	26.010643	26.026457	26.038372	26.046341	26.050335	26.050333	26.046343	26.038372	26.026459	26.010643	25.990993	25.967575	25.940489	25.909830	25.875723	25.838293	25.797689	25.754059	25.707577	25.658413	25.606762	25.552813	25.496778	25.438864	25.379293	25.318289	25.256084	25.192913	25.129015	25.064629	
25.064875	25.129505	25.193649	25.257061	25.319504	25.380741	25.440538	25.498672	25.554922	25.609074	25.660925	25.710274	25.756935	25.800732	25.841492	25.879063	25.913301	25.944075	25.971266	25.994770	26.014498	26.030375	26.042334	26.050331	26.054340	26.054340	26.050333	26.042336	26.030373	26.014500	25.994770	25.971268	25.944075	25.913301	25.879063	25.841494	25.800732	25.756937	25.710278	25.660925	25.609076	25.554922	25.498672	25.440538	25.380741	25.319504	25.257061	25.193651	25.129505	25.064877	
25.064875	25.129505	25.193649	25.257061	25.319504	25.380741	25.440538	25.498672	25.554922	25.609074	25.660925	25.710274	25.756935	25.800732	25.841492	25.879063	25.913301	25.944075	25.971266	25.994770	26.014498	26.030375	26.042334	26.050331	26.054340	26.054340	26.050333	26.042336	26.030373	26.014500	25.994770	25.971268	25.944075	25.913301	25.879063	25.841494	25.800732	25.756937	25.710278	25.660925	25.609076	25.554922	25.498672	25.440538	25.380741	25.319504	25.257061	25.193651	25.129505	25.064877	
25.064629	25.129013	25.192911	25.256084	25.318289	25.379293	25.438864	25.496777	25.552813	25.606762	25.658413	25.707577	25.754057	25.797688	25.838293	25.875723	25.909830	25.940487	25.967575	25.990990	26.010643	26.026457	26.038372	26.046341	26.050335	26.050333	26.046343	26.038372	26.026459	26.010643	25.990993	25.967575	25.940489	25.909830	25.875723	25.838293	25.797689	25.754059	25.707577	25.658413	25.606762	25.552813	25.496778	25.438864	25.379293	25.318289	25.256084	25.192913	25.129015	25.064629	
25.064137	25.128029	25.191444	25.254133	25.315866	25.376402	25.435524	25.492992	25.548607	25.602139	25.653400	25.702187	25.748318	25.791609	25.831911	25.869051	25.902901	25.933325	25.960207	25.983444	26.002949	26.018639	26.030466	26.038372	26.042336	26.042336	26.038372	26.030468	26.018639	26.002951	25.983444	25.960211	25.933323	25.902903	25.869051	25.831911	25.791613	25.748318	25.702187	25.653402	25.602139	25.548607	25.492992	25.435526	25.376404	25.315866	25.254131	25.191442	25.128029	25.064137	
25.063400	25.126562	25.189247	25.251219	25.312239	25.372087	25.430521	25.487341	25.542305	25.595234	25.645897	25.694134	25.739725	25.782532	25.822361	25.859083	25.892540	25.922617	25.949188	25.972160	25.991440	26.006954	26.018641	26.026459	26.030376	26.030376	26.026463	26.018639	26.006958	25.991440	25.972164	25.949190	25.922621	25.892540	25.859085	25.822365	25.782532	25.739729	25.694132	25.645899	25.595236	25.542305	25.487343	25.430521	25.372089	25.312239	25.251217	25.189247	25.126562	25.063400	
25.062424	25.124613	25.186333	25.247347	25.307432	25.366352	25.423895	25.479826	25.533958	25.586056	25.635956	25.683430	25.728338	25.770470	25.809698	25.845844	25.878794	25.908401	25.934568	25.957182	25.976170	25.991440	26.002949	26.010645	26.014502	26.014503	26.010643	26.002953	25.991440	25.976170	25.957182	25.934574	25.908401	25.878796	25.845844	25.809700	25.770472	25.728338	25.683432	25.635958	25.586056	25.533958	25.479824	25.423895	25.366350	25.307430	25.247347	25.186331	25.124611	25.062424	
25.061211	25.122192	25.182707	25.242540	25.301451	25.359232	25.415646	25.470505	25.523563	25.574669	25.623577	25.670151	25.714165	25.755495	25.793945	25.829401	25.861698	25.890739	25.916393	25.938574	25.957184	25.972164	25.983444	25.990992	25.994774	25.994772	25.990997	25.983444	25.972168	25.957184	25.938578	25.916389	25.890745	25.861700	25.829405	25.793945	25.755497	25.714165	25.670151	25.623579	25.574669	25.523567	25.470505	25.415646	25.359232	25.301449	25.242538	25.182707	25.122189	25.061211	
25.059763	25.119301	25.178392	25.236803	25.294333	25.350737	25.405830	25.459377	25.511206	25.561081	25.608856	25.654305	25.697300	25.737635	25.775192	25.809795	25.841347	25.869688	25.894745	25.916393	25.934570	25.949190	25.960209	25.967575	25.971268	25.971272	25.967575	25.960213	25.949188	25.934574	25.916391	25.894749	25.869690	25.841351	25.809795	25.775196	25.737635	25.697304	25.654306	25.608856	25.561081	25.511206	25.459375	25.405830	25.350737	25.294333	25.236805	25.178392	25.119301	25.059763	
25.058090	25.115963	25.173393	25.230179	25.286085	25.340923	25.394459	25.446524	25.496881	25.545383	25.591797	25.636000	25.677767	25.716995	25.753481	25.787136	25.817781	25.845348	25.869690	25.890741	25.908401	25.922619	25.933325	25.940487	25.944077	25.944075	25.940491	25.933325	25.922623	25.908401	25.890747	25.869688	25.845352	25.817783	25.787140	25.753483	25.716997	25.677767	25.636000	25.591799	25.545383	25.496883	25.446524	25.394461	25.340923	25.286083	25.230181	25.173393	25.115963	25.058090	
25.056198	25.112179	25.167746	25.222668	25.276766	25.329802	25.381611	25.431957	25.480698	25.527592	25.572521	25.615252	25.655687	25.693607	25.728931	25.761463	25.791138	25.817783	25.841347	25.861700	25.878796	25.892540	25.902903	25.909830	25.913300	25.913303	25.909828	25.902905	25.892540	25.878798	25.861698	25.841351	25.817783	25.791138	25.761467	25.728935	25.693611	25.655689	25.615255	25.572521	25.527592	25.480698	25.431957	25.381611	25.329802	25.276766	25.222670	25.167746	25.112179	25.056198	
25.054089	25.107977	25.161449	25.214327	25.266380	25.317444	25.367292	25.415775	25.462662	25.507826	25.551041	25.592201	25.631088	25.667622	25.701590	25.732931	25.761465	25.787136	25.809797	25.829403	25.845842	25.859085	25.869051	25.875721	25.879063	25.879059	25.875725	25.869049	25.859085	25.845842	25.829405	25.809795	25.787140	25.761467	25.732933	25.701593	25.667622	25.631092	25.592203	25.551041	25.507828	25.462660	25.415777	25.367290	25.317448	25.266380	25.214329	25.161451	25.107977	25.054089	
25.051777	25.103359	25.154556	25.205160	25.255005	25.303867	25.351604	25.397991	25.442898	25.486105	25.527504	25.566874	25.604132	25.639072	25.671619	25.701591	25.728931	25.753483	25.775194	25.793945	25.809698	25.822357	25.831909	25.838291	25.841490	25.841492	25.838287	25.831911	25.822361	25.809700	25.793945	25.775198	25.753483	25.728935	25.701593	25.671619	25.639072	25.604134	25.566875	25.527504	25.486105	25.442902	25.397989	25.351608	25.303865	25.255005	25.205160	25.154556	25.103359	25.051777	
25.049267	25.098354	25.147064	25.195229	25.242643	25.289158	25.334560	25.378727	25.421431	25.462576	25.501934	25.539433	25.574852	25.608130	25.639072	25.667620	25.693609	25.716993	25.737635	25.755495	25.770468	25.782532	25.791607	25.797684	25.800728	25.800728	25.797688	25.791607	25.782532	25.770468	25.755497	25.737635	25.716995	25.693611	25.667622	25.639072	25.608131	25.574856	25.539434	25.501936	25.462578	25.421429	25.378727	25.334560	25.289160	25.242641	25.195229	25.147064	25.098354	25.049269	
25.046574	25.092972	25.139025	25.184544	25.229382	25.273331	25.316277	25.357998	25.398397	25.437258	25.474499	25.509911	25.543427	25.574854	25.604134	25.631092	25.655687	25.677767	25.697302	25.714165	25.728336	25.739725	25.748318	25.754053	25.756935	25.756931	25.754055	25.748318	25.739725	25.728336	25.714167	25.697302	25.677769	25.655689	25.631096	25.604134	25.574856	25.543430	25.509914	25.474503	25.437260	25.398399	25.357998	25.316277	25.273333	25.229382	25.184544	25.139027	25.092972	25.046576	
25.043701	25.087246	25.130451	25.173176	25.215231	25.256495	25.296764	25.335945	25.373821	25.410320	25.445232	25.478497	25.509911	25.539433	25.566877	25.592201	25.615255	25.636002	25.654305	25.670151	25.683428	25.694130	25.702181	25.707575	25.710270	25.710272	25.707573	25.702181	25.694132	25.683430	25.670153	25.654305	25.636002	25.615255	25.592207	25.566879	25.539436	25.509914	25.478497	25.445236	25.410322	25.373821	25.335943	25.296764	25.256493	25.215231	25.173176	25.130451	25.087244	25.043701	
25.040667	25.081181	25.121391	25.161137	25.200287	25.238663	25.276161	25.312588	25.347866	25.381794	25.414314	25.445232	25.474501	25.501940	25.527506	25.551044	25.572519	25.591799	25.608854	25.623577	25.635952	25.645893	25.653400	25.658409	25.660925	25.660923	25.658409	25.653402	25.645895	25.635956	25.623581	25.608858	25.591801	25.572523	25.551044	25.527512	25.501942	25.474504	25.445236	25.414316	25.381798	25.347866	25.312588	25.276157	25.238663	25.200287	25.161137	25.121393	25.081179	25.040668	
25.037476	25.074814	25.111864	25.148502	25.184566	25.219948	25.254482	25.288082	25.320559	25.351860	25.381798	25.410320	25.437262	25.462578	25.486111	25.507828	25.527594	25.545382	25.561081	25.574667	25.586054	25.595230	25.602135	25.606758	25.609072	25.609074	25.606762	25.602135	25.595234	25.586058	25.574671	25.561083	25.545385	25.527597	25.507832	25.486111	25.462582	25.437263	25.410324	25.381802	25.351860	25.320562	25.288078	25.254482	25.219948	25.184566	25.148502	25.111864	25.074814	25.037476	
25.034145	25.068161	25.101921	25.135292	25.168163	25.200382	25.231867	25.262451	25.292074	25.320560	25.347868	25.373825	25.398399	25.421436	25.442904	25.462666	25.480696	25.496883	25.511204	25.523563	25.533957	25.542301	25.548603	25.552807	25.554920	25.554920	25.552811	25.548605	25.542305	25.533958	25.523567	25.511206	25.496885	25.480700	25.462666	25.442904	25.421436	25.398399	25.373829	25.347866	25.320562	25.292074	25.262453	25.231869	25.200382	25.168163	25.135292	25.101923	25.068161	25.034145	
25.030685	25.061253	25.091587	25.121584	25.151110	25.180080	25.208351	25.235863	25.262453	25.288082	25.312592	25.335947	25.358002	25.378731	25.397997	25.415775	25.431961	25.446526	25.459377	25.470503	25.479826	25.487339	25.492989	25.496777	25.498669	25.498671	25.496777	25.492990	25.487339	25.479824	25.470503	25.459379	25.446527	25.431961	25.415779	25.397995	25.378731	25.358004	25.335945	25.312593	25.288082	25.262455	25.235863	25.208355	25.180080	25.151108	25.121584	25.091587	25.061253	25.030682	
25.027107	25.054110	25.080914	25.107403	25.133499	25.159079	25.184074	25.208355	25.231869	25.254484	25.276161	25.296772	25.316278	25.334568	25.351608	25.367296	25.381613	25.394461	25.405832	25.415644	25.423895	25.430521	25.435520	25.438862	25.440538	25.440538	25.438862	25.435522	25.430521	25.423895	25.415644	25.405832	25.394461	25.381613	25.367296	25.351610	25.334568	25.316280	25.296772	25.276163	25.254486	25.231869	25.208355	25.184074	25.159077	25.133501	25.107403	25.080914	25.054111	25.027107	
25.023426	25.046768	25.069927	25.092831	25.115372	25.137491	25.159079	25.180082	25.200386	25.219952	25.238667	25.256496	25.273338	25.289162	25.303871	25.317451	25.329803	25.340927	25.350735	25.359234	25.366348	25.372086	25.376402	25.379293	25.380739	25.380739	25.379293	25.376402	25.372087	25.366350	25.359232	25.350737	25.340925	25.329803	25.317450	25.303875	25.289162	25.273338	25.256498	25.238668	25.219954	25.200386	25.180084	25.159081	25.137493	25.115374	25.092829	25.069927	25.046768	25.023426	
25.019661	25.039246	25.058685	25.077896	25.096825	25.115372	25.133501	25.151112	25.168163	25.184568	25.200291	25.215237	25.229385	25.242649	25.255009	25.266384	25.276770	25.286085	25.294334	25.301451	25.307434	25.312241	25.315866	25.318291	25.319504	25.319504	25.318287	25.315866	25.312241	25.307432	25.301451	25.294333	25.286085	25.276770	25.266386	25.255009	25.242649	25.229385	25.215237	25.200291	25.184570	25.168167	25.151112	25.133503	25.115376	25.096821	25.077896	25.058681	25.039246	25.019659	
25.015816	25.031578	25.047215	25.062677	25.077896	25.092831	25.107407	25.121586	25.135294	25.148504	25.161140	25.173180	25.184547	25.195236	25.205164	25.214333	25.222673	25.230183	25.236807	25.242542	25.247347	25.251221	25.254133	25.256086	25.257063	25.257063	25.256086	25.254133	25.251219	25.247347	25.242540	25.236807	25.230183	25.222672	25.214331	25.205164	25.195232	25.184549	25.173180	25.161140	25.148506	25.135296	25.121586	25.107407	25.092831	25.077900	25.062675	25.047215	25.031574	25.015816	
25.011917	25.023787	25.035568	25.047213	25.058685	25.069927	25.080917	25.091589	25.101925	25.111866	25.121395	25.130451	25.139030	25.147068	25.154562	25.161457	25.167749	25.173397	25.178396	25.182707	25.186337	25.189247	25.191448	25.192917	25.193649	25.193653	25.192915	25.191448	25.189247	25.186337	25.182709	25.178396	25.173397	25.167749	25.161455	25.154560	25.147068	25.139030	25.130453	25.121397	25.111866	25.101925	25.091591	25.080914	25.069931	25.058685	25.047215	25.035568	25.023787	25.011915	
25.007971	25.015911	25.023785	25.031578	25.039244	25.046768	25.054111	25.061256	25.068161	25.074816	25.081181	25.087248	25.092974	25.098358	25.103363	25.107983	25.112183	25.115967	25.119305	25.122192	25.124613	25.126564	25.128033	25.129015	25.129507	25.129509	25.129017	25.128033	25.126564	25.124613	25.122192	25.119303	25.115967	25.112183	25.107981	25.103361	25.098358	25.092976	25.087250	25.081181	25.074816	25.068163	25.061255	25.054111	25.046768	25.039246	25.031578	25.023787	25.015907	25.007969	
25.003994	25.007971	25.011917	25.015816	25.019661	25.023426	25.027107	25.030684	25.034147	25.037476	25.040668	25.043703	25.046577	25.049271	25.051781	25.054092	25.056200	25.058090	25.059765	25.061211	25.062426	25.063400	25.064138	25.064631	25.064877	25.064877	25.064631	25.064137	25.063400	25.062424	25.061211	25.059767	25.058090	25.056198	25.054092	25.051781	25.049271	25.046577	25.043705	25.040670	25.037477	25.034145	25.030685	25.027109	25.023428	25.019661	25.015816	25.011915	25.007969	25.003992	
