25.001247	25.002495	25.003727	25.004948	25.006149	25.007326	25.008476	25.009594	25.010677	25.011719	25.012714	25.013664	25.014557	25.015404	25.016184	25.016907	25.017563	25.018156	25.018677	25.019127	25.019508	25.019812	25.020041	25.020195	25.020271	25.020271	25.020195	25.020042	25.019810	25.019506	25.019127	25.018677	25.018154	25.017563	25.016905	25.016186	25.015400	25.014559	25.013664	25.012714	25.011719	25.010677	25.009594	25.008476	25.007326	25.006149	25.004946	25.003725	25.002493	25.001247	
25.002495	25.004974	25.007441	25.009874	25.012272	25.014626	25.016922	25.019154	25.021315	25.023392	25.025383	25.027271	25.029064	25.030743	25.032309	25.033747	25.035061	25.036240	25.037281	25.038185	25.038940	25.039547	25.040005	25.040312	25.040466	25.040466	25.040314	25.040003	25.039547	25.038937	25.038181	25.037281	25.036240	25.035061	25.033749	25.032307	25.030743	25.029064	25.027273	25.025381	25.023390	25.021313	25.019152	25.016918	25.014626	25.012272	25.009872	25.007439	25.004972	25.002491	
25.003725	25.007441	25.011124	25.014767	25.018353	25.021866	25.025301	25.028639	25.031868	25.034977	25.037949	25.040783	25.043457	25.045971	25.048306	25.050461	25.052422	25.054190	25.055744	25.057095	25.058224	25.059135	25.059818	25.060276	25.060505	25.060505	25.060274	25.059818	25.059132	25.058224	25.057095	25.055748	25.054188	25.052423	25.050461	25.048309	25.045969	25.043457	25.040783	25.037951	25.034977	25.031868	25.028637	25.025299	25.021866	25.018351	25.014765	25.011122	25.007439	25.003727	
25.004948	25.009874	25.014767	25.019600	25.024361	25.029026	25.033585	25.038015	25.042303	25.046427	25.050379	25.054134	25.057690	25.061022	25.064125	25.066980	25.069590	25.071928	25.073997	25.075787	25.077288	25.078493	25.079405	25.080011	25.080317	25.080315	25.080013	25.079403	25.078495	25.077286	25.075787	25.073997	25.071930	25.069588	25.066984	25.064123	25.061024	25.057688	25.054132	25.050377	25.046425	25.042301	25.038013	25.033585	25.029026	25.024357	25.019600	25.014765	25.009872	25.004948	
25.006149	25.012274	25.018351	25.024361	25.030277	25.036079	25.041740	25.047249	25.052574	25.057705	25.062609	25.067284	25.071697	25.075842	25.079697	25.083252	25.086487	25.089401	25.091969	25.094193	25.096058	25.097559	25.098688	25.099445	25.099819	25.099823	25.099442	25.098690	25.097555	25.096058	25.094193	25.091972	25.089399	25.086493	25.083252	25.079700	25.075840	25.071697	25.067282	25.062609	25.057701	25.052574	25.047249	25.041740	25.036076	25.030275	25.024359	25.018351	25.012272	25.006147	
25.007324	25.014626	25.021868	25.029028	25.036076	25.042992	25.049740	25.056301	25.062649	25.068760	25.074610	25.080173	25.085438	25.090372	25.094971	25.099201	25.103064	25.106529	25.109594	25.112242	25.114464	25.116251	25.117599	25.118496	25.118952	25.118948	25.118500	25.117596	25.116253	25.114464	25.112244	25.109592	25.106533	25.103062	25.099205	25.094967	25.090374	25.085434	25.080173	25.074608	25.068758	25.062649	25.056301	25.049740	25.042992	25.036076	25.029026	25.021866	25.014624	25.007326	
25.008476	25.016918	25.025299	25.033585	25.041740	25.049740	25.057549	25.065142	25.072485	25.079556	25.086323	25.092766	25.098848	25.104565	25.109879	25.114780	25.119244	25.123257	25.126801	25.129868	25.132435	25.134506	25.136063	25.137108	25.137625	25.137629	25.137104	25.136063	25.134502	25.132437	25.129864	25.126801	25.123257	25.119246	25.114779	25.109882	25.104561	25.098850	25.092762	25.086321	25.079552	25.072483	25.065140	25.057550	25.049740	25.041740	25.033585	25.025299	25.016920	25.008476	
25.009592	25.019150	25.028637	25.038013	25.047249	25.056301	25.065142	25.073734	25.082047	25.090048	25.097712	25.104996	25.111893	25.118355	25.124374	25.129919	25.134975	25.139515	25.143528	25.146996	25.149906	25.152246	25.154011	25.155190	25.155785	25.155781	25.155193	25.154009	25.152248	25.149906	25.146996	25.143526	25.139515	25.134974	25.129921	25.124374	25.118359	25.111889	25.104998	25.097708	25.090048	25.082043	25.073734	25.065138	25.056301	25.047247	25.038013	25.028637	25.019150	25.009594	
25.010677	25.021309	25.031866	25.042301	25.052572	25.062649	25.072483	25.082047	25.091295	25.100201	25.108723	25.116838	25.124504	25.131702	25.138393	25.144569	25.150190	25.155247	25.159706	25.163570	25.166805	25.169413	25.171373	25.172689	25.173344	25.173347	25.172686	25.171375	25.169411	25.166807	25.163567	25.159710	25.155243	25.150192	25.144566	25.138397	25.131699	25.124506	25.116837	25.108723	25.100199	25.091297	25.082043	25.072485	25.062649	25.052574	25.042299	25.031864	25.021311	25.010675	
25.011715	25.023390	25.034975	25.046425	25.057701	25.068756	25.079556	25.090046	25.100201	25.109970	25.119329	25.128227	25.136650	25.144543	25.151896	25.158665	25.164843	25.170383	25.175287	25.179520	25.183077	25.185934	25.188091	25.189526	25.190252	25.190248	25.189529	25.188086	25.185936	25.183071	25.179522	25.175283	25.170387	25.164837	25.158669	25.151894	25.144547	25.136644	25.128231	25.119328	25.109974	25.100199	25.090048	25.079552	25.068760	25.057701	25.046427	25.034973	25.023388	25.011717	
25.012714	25.025379	25.037949	25.050377	25.062607	25.074608	25.086319	25.097710	25.108723	25.119328	25.129475	25.139141	25.148270	25.156841	25.164814	25.172169	25.178860	25.184883	25.190195	25.194794	25.198647	25.201752	25.204086	25.205654	25.206432	25.206436	25.205650	25.204090	25.201748	25.198650	25.194790	25.190199	25.184877	25.178864	25.172165	25.164818	25.156839	25.148273	25.139137	25.129478	25.119328	25.108725	25.097708	25.086323	25.074608	25.062609	25.050377	25.037951	25.025379	25.012714	
25.013660	25.027273	25.040781	25.054131	25.067280	25.080170	25.092762	25.104996	25.116833	25.128227	25.139139	25.149517	25.159334	25.168541	25.177113	25.185009	25.192207	25.198671	25.204388	25.209320	25.213470	25.216801	25.219315	25.220993	25.221838	25.221834	25.220995	25.219311	25.216805	25.213465	25.209324	25.204384	25.198675	25.192204	25.185013	25.177111	25.168545	25.159332	25.149521	25.139137	25.128231	25.116833	25.105000	25.092762	25.080173	25.067282	25.054134	25.040779	25.027273	25.013662	
25.014557	25.029062	25.043455	25.057686	25.071695	25.085436	25.098846	25.111889	25.124500	25.136644	25.148270	25.159332	25.169788	25.179604	25.188734	25.197155	25.204819	25.211716	25.217796	25.223064	25.227476	25.231033	25.233707	25.235500	25.236393	25.236397	25.235497	25.233711	25.231030	25.227480	25.223061	25.217800	25.211710	25.204823	25.197151	25.188738	25.179602	25.169792	25.159332	25.148270	25.136646	25.124504	25.111891	25.098850	25.085436	25.071697	25.057686	25.043457	25.029062	25.014559	
25.015400	25.030743	25.045969	25.061018	25.075840	25.090370	25.104561	25.118351	25.131697	25.144543	25.156839	25.168541	25.179604	25.189981	25.199646	25.208546	25.216660	25.223946	25.230391	25.235952	25.240627	25.244381	25.247219	25.249107	25.250061	25.250055	25.249111	25.247211	25.244389	25.240623	25.235956	25.230387	25.223949	25.216660	25.208549	25.199642	25.189985	25.179602	25.168541	25.156841	25.144545	25.131701	25.118355	25.104565	25.090374	25.075840	25.061022	25.045967	25.030743	25.015400	
25.016182	25.032307	25.048306	25.064121	25.079695	25.094967	25.109879	25.124374	25.138395	25.151894	25.164814	25.177111	25.188734	25.199646	25.209793	25.219151	25.227673	25.235336	25.242100	25.247953	25.252857	25.256813	25.259785	25.261776	25.262772	25.262774	25.261774	25.259789	25.256809	25.252865	25.247950	25.242104	25.235332	25.227674	25.219151	25.209797	25.199642	25.188736	25.177111	25.164816	25.151894	25.138397	25.124374	25.109877	25.094969	25.079697	25.064121	25.048306	25.032307	25.016184	
25.016903	25.033745	25.050459	25.066980	25.083248	25.099201	25.114779	25.129917	25.144566	25.158665	25.172165	25.185009	25.197153	25.208544	25.219151	25.228920	25.237827	25.245827	25.252899	25.259007	25.264137	25.268261	25.271370	25.273445	25.274490	25.274488	25.273451	25.271368	25.268265	25.264135	25.259010	25.252895	25.245831	25.237827	25.228924	25.219151	25.208546	25.197151	25.185009	25.172165	25.158669	25.144569	25.129917	25.114780	25.099201	25.083252	25.066982	25.050461	25.033749	25.016907	
25.017563	25.035057	25.052422	25.069588	25.086487	25.103060	25.119244	25.134972	25.150188	25.164839	25.178860	25.192204	25.204819	25.216660	25.227673	25.237827	25.247076	25.255392	25.262733	25.269085	25.274406	25.278698	25.281923	25.284084	25.285164	25.285168	25.284081	25.281927	25.278694	25.274410	25.269081	25.262737	25.255390	25.247078	25.237827	25.227674	25.216658	25.204819	25.192204	25.178862	25.164839	25.150192	25.134974	25.119240	25.103062	25.086487	25.069588	25.052423	25.035061	25.017563	
25.018152	25.036240	25.054188	25.071926	25.089397	25.106527	25.123255	25.139511	25.155243	25.170382	25.184879	25.198671	25.211712	25.223946	25.235332	25.245827	25.255390	25.263985	25.271576	25.278133	25.283646	25.288071	25.291412	25.293640	25.294762	25.294760	25.293644	25.291409	25.288074	25.283642	25.278137	25.271572	25.263985	25.255390	25.245831	25.235334	25.223948	25.211708	25.198669	25.184877	25.170385	25.155243	25.139515	25.123257	25.106527	25.089397	25.071930	25.054186	25.036240	25.018154	
25.018677	25.037281	25.055742	25.073997	25.091969	25.109592	25.126797	25.143526	25.159706	25.175285	25.190193	25.204384	25.217796	25.230387	25.242102	25.252895	25.262733	25.271576	25.279383	25.286137	25.291798	25.296358	25.299789	25.302086	25.303238	25.303238	25.302088	25.299791	25.296356	25.291801	25.286135	25.279385	25.271572	25.262735	25.252897	25.242102	25.230385	25.217800	25.204384	25.190193	25.175283	25.159710	25.143528	25.126797	25.109592	25.091969	25.073997	25.055746	25.037281	25.018677	
25.019127	25.038179	25.057091	25.075783	25.094193	25.112240	25.129864	25.146992	25.163568	25.179516	25.194790	25.209320	25.223061	25.235952	25.247950	25.259007	25.269081	25.278135	25.286137	25.293045	25.298851	25.303516	25.307034	25.309383	25.310562	25.310562	25.309385	25.307034	25.303516	25.298851	25.293049	25.286135	25.278137	25.269081	25.259008	25.247952	25.235954	25.223061	25.209322	25.194790	25.179520	25.163565	25.146992	25.129864	25.112238	25.094191	25.075787	25.057091	25.038181	25.019127	
25.019505	25.038937	25.058220	25.077286	25.096054	25.114464	25.132431	25.149904	25.166801	25.183071	25.198643	25.213467	25.227476	25.240623	25.252861	25.264133	25.274408	25.283642	25.291798	25.298851	25.304764	25.309525	25.313110	25.315510	25.316711	25.316711	25.315510	25.313110	25.309525	25.304764	25.298851	25.291801	25.283642	25.274412	25.264137	25.252859	25.240623	25.227478	25.213467	25.198645	25.183071	25.166805	25.149902	25.132433	25.114462	25.096054	25.077286	25.058224	25.038937	25.019506	
25.019810	25.039545	25.059132	25.078491	25.097557	25.116249	25.134502	25.152243	25.169407	25.185928	25.201748	25.216799	25.231030	25.244385	25.256807	25.268261	25.278694	25.288073	25.296356	25.303514	25.309525	25.314358	25.318001	25.320435	25.321655	25.321659	25.320436	25.318001	25.314360	25.309525	25.303516	25.296356	25.288074	25.278694	25.268261	25.256811	25.244383	25.231030	25.216801	25.201748	25.185930	25.169409	25.152245	25.134502	25.116249	25.097557	25.078493	25.059132	25.039547	25.019810	
25.020042	25.040003	25.059816	25.079403	25.098686	25.117596	25.136059	25.154007	25.171371	25.188086	25.204084	25.219311	25.233707	25.247213	25.259785	25.271366	25.281925	25.291410	25.299789	25.307034	25.313110	25.318001	25.321686	25.324150	25.325384	25.325382	25.324150	25.321684	25.318003	25.313110	25.307034	25.299789	25.291409	25.281925	25.271368	25.259785	25.247215	25.233707	25.219311	25.204086	25.188086	25.171371	25.154007	25.136061	25.117596	25.098686	25.079403	25.059818	25.040005	25.020041	
25.020195	25.040314	25.060274	25.080011	25.099442	25.118496	25.137104	25.155188	25.172686	25.189526	25.205650	25.220993	25.235497	25.249107	25.261772	25.273447	25.284084	25.293640	25.302088	25.309381	25.315508	25.320435	25.324150	25.326632	25.327875	25.327877	25.326633	25.324150	25.320436	25.315512	25.309383	25.302086	25.293640	25.284084	25.273445	25.261774	25.249107	25.235497	25.220993	25.205648	25.189526	25.172684	25.155186	25.137102	25.118498	25.099442	25.080009	25.060276	25.040310	25.020193	
25.020271	25.040466	25.060505	25.080315	25.099819	25.118948	25.137625	25.155781	25.173344	25.190248	25.206432	25.221834	25.236393	25.250055	25.262770	25.274487	25.285164	25.294760	25.303234	25.310562	25.316708	25.321655	25.325382	25.327875	25.329124	25.329124	25.327877	25.325382	25.321659	25.316710	25.310562	25.303234	25.294758	25.285164	25.274490	25.262772	25.250057	25.236393	25.221834	25.206432	25.190250	25.173342	25.155779	25.137623	25.118950	25.099821	25.080315	25.060505	25.040464	25.020271	
25.020271	25.040466	25.060505	25.080315	25.099819	25.118948	25.137625	25.155781	25.173344	25.190248	25.206432	25.221834	25.236393	25.250055	25.262770	25.274487	25.285164	25.294760	25.303234	25.310562	25.316708	25.321655	25.325382	25.327875	25.329124	25.329124	25.327877	25.325382	25.321659	25.316710	25.310562	25.303234	25.294758	25.285164	25.274490	25.262772	25.250057	25.236393	25.221834	25.206432	25.190250	25.173342	25.155779	25.137623	25.118950	25.099821	25.080315	25.060505	25.040464	25.020271	
25.020195	25.040314	25.060274	25.080011	25.099442	25.118496	25.137104	25.155188	25.172686	25.189526	25.205650	25.220993	25.235497	25.249107	25.261772	25.273447	25.284084	25.293640	25.302088	25.309381	25.315508	25.320435	25.324150	25.326632	25.327875	25.327877	25.326633	25.324150	25.320436	25.315512	25.309383	25.302086	25.293640	25.284084	25.273445	25.261774	25.249107	25.235497	25.220993	25.205648	25.189526	25.172684	25.155186	25.137102	25.118498	25.099442	25.080009	25.060276	25.040310	25.020193	
25.020042	25.040003	25.059816	25.079403	25.098686	25.117596	25.136059	25.154007	25.171371	25.188086	25.204084	25.219311	25.233707	25.247213	25.259785	25.271366	25.281925	25.291410	25.299789	25.307034	25.313110	25.318001	25.321686	25.324150	25.325384	25.325382	25.324150	25.321684	25.318003	25.313110	25.307034	25.299789	25.291409	25.281925	25.271368	25.259785	25.247215	25.233707	25.219311	25.204086	25.188086	25.171371	25.154007	25.136061	25.117596	25.098686	25.079403	25.059818	25.040005	25.020041	
25.019810	25.039545	25.059132	25.078491	25.097557	25.116249	25.134502	25.152243	25.169407	25.185928	25.201748	25.216799	25.231030	25.244385	25.256807	25.268261	25.278694	25.288073	25.296356	25.303514	25.309525	25.314358	25.318001	25.320435	25.321655	25.321659	25.320436	25.318001	25.314360	25.309525	25.303516	25.296356	25.288074	25.278694	25.268261	25.256811	25.244383	25.231030	25.216801	25.201748	25.185930	25.169409	25.152245	25.134502	25.116249	25.097557	25.078493	25.059132	25.039547	25.019810	
25.019505	25.038937	25.058220	25.077286	25.096054	25.114464	25.132431	25.149904	25.166801	25.183071	25.198643	25.213467	25.227476	25.240623	25.252861	25.264133	25.274408	25.283642	25.291798	25.298851	25.304764	25.309525	25.313110	25.315510	25.316711	25.316711	25.315510	25.313110	25.309525	25.304764	25.298851	25.291801	25.283642	25.274412	25.264137	25.252859	25.240623	25.227478	25.213467	25.198645	25.183071	25.166805	25.149902	25.132433	25.114462	25.096054	25.077286	25.058224	25.038937	25.019506	
25.019127	25.038179	25.057091	25.075783	25.094193	25.112240	25.129864	25.146992	25.163568	25.179516	25.194790	25.209320	25.223061	25.235952	25.247950	25.259007	25.269081	25.278135	25.286137	25.293045	25.298851	25.303516	25.307034	25.309383	25.310562	25.310562	25.309385	25.307034	25.303516	25.298851	25.293049	25.286135	25.278137	25.269081	25.259008	25.247952	25.235954	25.223061	25.209322	25.194790	25.179520	25.163565	25.146992	25.129864	25.112238	25.094191	25.075787	25.057091	25.038181	25.019127	
25.018677	25.037281	25.055742	25.073997	25.091969	25.109592	25.126797	25.143526	25.159706	25.175285	25.190193	25.204384	25.217796	25.230387	25.242102	25.252895	25.262733	25.271576	25.279383	25.286137	25.291798	25.296358	25.299789	25.302086	25.303238	25.303238	25.302088	25.299791	25.296356	25.291801	25.286135	25.279385	25.271572	25.262735	25.252897	25.242102	25.230385	25.217800	25.204384	25.190193	25.175283	25.159710	25.143528	25.126797	25.109592	25.091969	25.073997	25.055746	25.037281	25.018677	
25.018152	25.036240	25.054188	25.071926	25.089397	25.106527	25.123255	25.139511	25.155243	25.170382	25.184879	25.198671	25.211712	25.223946	25.235332	25.245827	25.255390	25.263985	25.271576	25.278133	25.283646	25.288071	25.291412	25.293640	25.294762	25.294760	25.293644	25.291409	25.288074	25.283642	25.278137	25.271572	25.263985	25.255390	25.245831	25.235334	25.223948	25.211708	25.198669	25.184877	25.170385	25.155243	25.139515	25.123257	25.106527	25.089397	25.071930	25.054186	25.036240	25.018154	
25.017563	25.035057	25.052422	25.069588	25.086487	25.103060	25.119244	25.134972	25.150188	25.164839	25.178860	25.192204	25.204819	25.216660	25.227673	25.237827	25.247076	25.255392	25.262733	25.269085	25.274406	25.278698	25.281923	25.284084	25.285164	25.285168	25.284081	25.281927	25.278694	25.274410	25.269081	25.262737	25.255390	25.247078	25.237827	25.227674	25.216658	25.204819	25.192204	25.178862	25.164839	25.150192	25.134974	25.119240	25.103062	25.086487	25.069588	25.052423	25.035061	25.017563	
25.016903	25.033745	25.050459	25.066980	25.083248	25.099201	25.114779	25.129917	25.144566	25.158665	25.172165	25.185009	25.197153	25.208544	25.219151	25.228920	25.237827	25.245827	25.252899	25.259007	25.264137	25.268261	25.271370	25.273445	25.274490	25.274488	25.273451	25.271368	25.268265	25.264135	25.259010	25.252895	25.245831	25.237827	25.228924	25.219151	25.208546	25.197151	25.185009	25.172165	25.158669	25.144569	25.129917	25.114780	25.099201	25.083252	25.066982	25.050461	25.033749	25.016907	
25.016182	25.032307	25.048306	25.064121	25.079695	25.094967	25.109879	25.124374	25.138395	25.151894	25.164814	25.177111	25.188734	25.199646	25.209793	25.219151	25.227673	25.235336	25.242100	25.247953	25.252857	25.256813	25.259785	25.261776	25.262772	25.262774	25.261774	25.259789	25.256809	25.252865	25.247950	25.242104	25.235332	25.227674	25.219151	25.209797	25.199642	25.188736	25.177111	25.164816	25.151894	25.138397	25.124374	25.109877	25.094969	25.079697	25.064121	25.048306	25.032307	25.016184	
25.015400	25.030743	25.045969	25.061018	25.075840	25.090370	25.104561	25.118351	25.131697	25.144543	25.156839	25.168541	25.179604	25.189981	25.199646	25.208546	25.216660	25.223946	25.230391	25.235952	25.240627	25.244381	25.247219	25.249107	25.250061	25.250055	25.249111	25.247211	25.244389	25.240623	25.235956	25.230387	25.223949	25.216660	25.208549	25.199642	25.189985	25.179602	25.168541	25.156841	25.144545	25.131701	25.118355	25.104565	25.090374	25.075840	25.061022	25.045967	25.030743	25.015400	
25.014557	25.029062	25.043455	25.057686	25.071695	25.085436	25.098846	25.111889	25.124500	25.136644	25.148270	25.159332	25.169788	25.179604	25.188734	25.197155	25.204819	25.211716	25.217796	25.223064	25.227476	25.231033	25.233707	25.235500	25.236393	25.236397	25.235497	25.233711	25.231030	25.227480	25.223061	25.217800	25.211710	25.204823	25.197151	25.188738	25.179602	25.169792	25.159332	25.148270	25.136646	25.124504	25.111891	25.098850	25.085436	25.071697	25.057686	25.043457	25.029062	25.014559	
25.013660	25.027273	25.040781	25.054131	25.067280	25.080170	25.092762	25.104996	25.116833	25.128227	25.139139	25.149517	25.159334	25.168541	25.177113	25.185009	25.192207	25.198671	25.204388	25.209320	25.213470	25.216801	25.219315	25.220993	25.221838	25.221834	25.220995	25.219311	25.216805	25.213465	25.209324	25.204384	25.198675	25.192204	25.185013	25.177111	25.168545	25.159332	25.149521	25.139137	25.128231	25.116833	25.105000	25.092762	25.080173	25.067282	25.054134	25.040779	25.027273	25.013662	
25.012714	25.025379	25.037949	25.050377	25.062607	25.074608	25.086319	25.097710	25.108723	25.119328	25.129475	25.139141	25.148270	25.156841	25.164814	25.172169	25.178860	25.184883	25.190195	25.194794	25.198647	25.201752	25.204086	25.205654	25.206432	25.206436	25.205650	25.204090	25.201748	25.198650	25.194790	25.190199	25.184877	25.178864	25.172165	25.164818	25.156839	25.148273	25.139137	25.129478	25.119328	25.108725	25.097708	25.086323	25.074608	25.062609	25.050377	25.037951	25.025379	25.012714	
25.011715	25.023390	25.034975	25.046425	25.057701	25.068756	25.079556	25.090046	25.100201	25.109970	25.119329	25.128227	25.136650	25.144543	25.151896	25.158665	25.164843	25.170383	25.175287	25.179520	25.183077	25.185934	25.188091	25.189526	25.190252	25.190248	25.189529	25.188086	25.185936	25.183071	25.179522	25.175283	25.170387	25.164837	25.158669	25.151894	25.144547	25.136644	25.128231	25.119328	25.109974	25.100199	25.090048	25.079552	25.068760	25.057701	25.046427	25.034973	25.023388	25.011717	
25.010677	25.021309	25.031866	25.042301	25.052572	25.062649	25.072483	25.082047	25.091295	25.100201	25.108723	25.116838	25.124504	25.131702	25.138393	25.144569	25.150190	25.155247	25.159706	25.163570	25.166805	25.169413	25.171373	25.172689	25.173344	25.173347	25.172686	25.171375	25.169411	25.166807	25.163567	25.159710	25.155243	25.150192	25.144566	25.138397	25.131699	25.124506	25.116837	25.108723	25.100199	25.091297	25.082043	25.072485	25.062649	25.052574	25.042299	25.031864	25.021311	25.010675	
25.009592	25.019150	25.028637	25.038013	25.047249	25.056301	25.065142	25.073734	25.082047	25.090048	25.097712	25.104996	25.111893	25.118355	25.124374	25.129919	25.134975	25.139515	25.143528	25.146996	25.149906	25.152246	25.154011	25.155190	25.155785	25.155781	25.155193	25.154009	25.152248	25.149906	25.146996	25.143526	25.139515	25.134974	25.129921	25.124374	25.118359	25.111889	25.104998	25.097708	25.090048	25.082043	25.073734	25.065138	25.056301	25.047247	25.038013	25.028637	25.019150	25.009594	
25.008476	25.016918	25.025299	25.033585	25.041740	25.049740	25.057549	25.065142	25.072485	25.079556	25.086323	25.092766	25.098848	25.104565	25.109879	25.114780	25.119244	25.123257	25.126801	25.129868	25.132435	25.134506	25.136063	25.137108	25.137625	25.137629	25.137104	25.136063	25.134502	25.132437	25.129864	25.126801	25.123257	25.119246	25.114779	25.109882	25.104561	25.098850	25.092762	25.086321	25.079552	25.072483	25.065140	25.057550	25.049740	25.041740	25.033585	25.025299	25.016920	25.008476	
25.007324	25.014626	25.021868	25.029028	25.036076	25.042992	25.049740	25.056301	25.062649	25.068760	25.074610	25.080173	25.085438	25.090372	25.094971	25.099201	25.103064	25.106529	25.109594	25.112242	25.114464	25.116251	25.117599	25.118496	25.118952	25.118948	25.118500	25.117596	25.116253	25.114464	25.112244	25.109592	25.106533	25.103062	25.099205	25.094967	25.090374	25.085434	25.080173	25.074608	25.068758	25.062649	25.056301	25.049740	25.042992	25.036076	25.029026	25.021866	25.014624	25.007326	
25.006149	25.012274	25.018351	25.024361	25.030277	25.036079	25.041740	25.047249	25.052574	25.057705	25.062609	25.067284	25.071697	25.075842	25.079697	25.083252	25.086487	25.089401	25.091969	25.094193	25.096058	25.097559	25.098688	25.099445	25.099819	25.099823	25.099442	25.098690	25.097555	25.096058	25.094193	25.091972	25.089399	25.086493	25.083252	25.079700	25.075840	25.071697	25.067282	25.062609	25.057701	25.052574	25.047249	25.041740	25.036076	25.030275	25.024359	25.018351	25.012272	25.006147	
25.004948	25.009874	25.014767	25.019600	25.024361	25.029026	25.033585	25.038015	25.042303	25.046427	25.050379	25.054134	25.057690	25.061022	25.064125	25.066980	25.069590	25.071928	25.073997	25.075787	25.077288	25.078493	25.079405	25.080011	25.080317	25.080315	25.080013	25.079403	25.078495	25.077286	25.075787	25.073997	25.071930	25.069588	25.066984	25.064123	25.061024	25.057688	25.054132	25.050377	25.046425	25.042301	25.038013	25.033585	25.029026	25.024357	25.019600	25.014765	25.009872	25.004948	
25.003725	25.007441	25.011124	25.014767	25.018353	25.021866	25.025301	25.028639	25.031868	25.034977	25.037949	25.040783	25.043457	25.045971	25.048306	25.050461	25.052422	25.054190	25.055744	25.057095	25.058224	25.059135	25.059818	25.060276	25.060505	25.060505	25.060274	25.059818	25.059132	25.058224	25.057095	25.055748	25.054188	25.052423	25.050461	25.048309	25.045969	25.043457	25.040783	25.037951	25.034977	25.031868	25.028637	25.025299	25.021866	25.018351	25.014765	25.011122	25.007439	25.003727	
25.002495	25.004974	25.007441	25.009874	25.012272	25.014626	25.016922	25.019154	25.021315	25.023392	25.025383	25.027271	25.029064	25.030743	25.032309	25.033747	25.035061	25.036240	25.037281	25.038185	25.038940	25.039547	25.040005	25.040312	25.040466	25.040466	25.040314	25.040003	25.039547	25.038937	25.038181	25.037281	25.036240	25.035061	25.033749	25.032307	25.030743	25.029064	25.027273	25.025381	25.023390	25.021313	25.019152	25.016918	25.014626	25.012272	25.009872	25.007439	25.004972	25.002491	
25.001247	25.002495	25.003727	25.004948	25.006149	25.007326	25.008476	25.009594	25.010677	25.011719	25.012714	25.013664	25.014557	25.015404	25.016184	25.016907	25.017563	25.018156	25.018677	25.019127	25.019508	25.019812	25.020041	25.020195	25.020271	25.020271	25.020195	25.020042	25.019810	25.019506	25.019127	25.018677	25.018154	25.017563	25.016905	25.016186	25.015400	25.014559	25.013664	25.012714	25.011719	25.010677	25.009594	25.008476	25.007326	25.006149	25.004946	25.003725	25.002493	25.001247	
