25.010845	25.021715	25.032463	25.043287	25.053869	25.064552	25.074875	25.085304	25.095249	25.105282	25.114704	25.124157	25.132889	25.141567	25.149420	25.157101	25.163877	25.170345	25.175858	25.180912	25.184984	25.188456	25.190956	25.192724	25.193567	25.193565	25.192726	25.190956	25.188454	25.184982	25.180912	25.175858	25.170347	25.163879	25.157101	25.149422	25.141565	25.132889	25.124159	25.114702	25.105282	25.095249	25.085304	25.074875	25.064552	25.053871	25.043287	25.032463	25.021715	25.010845	
25.021713	25.043308	25.065006	25.086342	25.107857	25.128769	25.149899	25.170181	25.190668	25.210060	25.229576	25.247765	25.265932	25.282555	25.298950	25.313625	25.327812	25.340137	25.351696	25.361313	25.369865	25.376465	25.381721	25.385080	25.386852	25.386856	25.385078	25.381723	25.376463	25.369865	25.361309	25.351696	25.340137	25.327812	25.313622	25.298952	25.282555	25.265930	25.247765	25.229576	25.210060	25.190668	25.170181	25.149900	25.128769	25.107857	25.086342	25.065006	25.043310	25.021713	
25.032463	25.065006	25.097189	25.129585	25.161266	25.193249	25.224152	25.255371	25.285149	25.315170	25.343388	25.371681	25.397835	25.423796	25.447315	25.470299	25.490599	25.509954	25.526455	25.541580	25.553776	25.564165	25.571655	25.576946	25.579475	25.579470	25.576946	25.571655	25.564167	25.553774	25.541582	25.526453	25.509954	25.490597	25.470301	25.447315	25.423796	25.397835	25.371681	25.343384	25.315170	25.285147	25.255373	25.224150	25.193251	25.161266	25.129587	25.097187	25.065006	25.032463	
25.043287	25.086340	25.129587	25.172127	25.215010	25.256706	25.298820	25.339268	25.380089	25.418766	25.457653	25.493931	25.530125	25.563286	25.595953	25.625217	25.653484	25.678070	25.701099	25.720278	25.737324	25.750481	25.760960	25.767656	25.771187	25.771191	25.767654	25.760960	25.750481	25.737324	25.720276	25.701099	25.678070	25.653484	25.625214	25.595951	25.563286	25.530127	25.493927	25.457653	25.418766	25.380089	25.339268	25.298822	25.256708	25.215010	25.172125	25.129587	25.086342	25.043287	
25.053867	25.107859	25.161268	25.215010	25.267588	25.320635	25.371931	25.423710	25.473141	25.522926	25.569775	25.616690	25.660114	25.703159	25.742216	25.780317	25.814026	25.846109	25.873516	25.898590	25.918842	25.936069	25.948503	25.957275	25.961472	25.961470	25.957279	25.948503	25.936069	25.918842	25.898594	25.873514	25.846113	25.814022	25.780319	25.742210	25.703161	25.660110	25.616692	25.569771	25.522926	25.473139	25.423714	25.371929	25.320639	25.267586	25.215010	25.161266	25.107857	25.053867	
25.064552	25.128769	25.193251	25.256708	25.320639	25.382851	25.445621	25.505976	25.566816	25.624538	25.682487	25.736635	25.790565	25.840063	25.888733	25.932419	25.974525	26.011232	26.045536	26.074169	26.099564	26.119205	26.134815	26.144810	26.150078	26.150080	26.144810	26.134815	26.119204	26.099566	26.074169	26.045540	26.011230	25.974527	25.932415	25.888733	25.840059	25.790565	25.736629	25.682487	25.624533	25.566818	25.505976	25.445623	25.382851	25.320637	25.256706	25.193249	25.128767	25.064552	
25.074875	25.149902	25.224152	25.298820	25.371931	25.445621	25.516956	25.588875	25.657627	25.726765	25.791939	25.857082	25.917494	25.977259	26.031601	26.084496	26.131399	26.175938	26.214075	26.248880	26.277065	26.300976	26.318279	26.330456	26.336292	26.336292	26.330458	26.318279	26.300976	26.277061	26.248882	26.214073	26.175943	26.131397	26.084499	26.031597	25.977261	25.917492	25.857082	25.791935	25.726765	25.657625	25.588875	25.516958	25.445623	25.371929	25.298820	25.224148	25.149899	25.074875	
25.085304	25.170183	25.255371	25.339266	25.423710	25.505976	25.588873	25.668697	25.749027	25.825378	25.901882	25.973515	26.044706	26.110199	26.174435	26.232239	26.287815	26.336388	26.381659	26.419554	26.453058	26.479059	26.499653	26.512882	26.519829	26.519833	26.512878	26.499655	26.479053	26.453060	26.419550	26.381660	26.336388	26.287819	26.232239	26.174438	26.110195	26.044712	25.973513	25.901886	25.825378	25.749031	25.668697	25.588877	25.505976	25.423712	25.339266	25.255371	25.170181	25.085304	
25.095249	25.190666	25.285149	25.380089	25.473141	25.566816	25.657627	25.749027	25.836571	25.924421	26.007418	26.090179	26.167128	26.243046	26.312267	26.379456	26.439205	26.495775	26.544361	26.588562	26.624474	26.654835	26.676884	26.692345	26.699783	26.699783	26.692347	26.676884	26.654835	26.624470	26.588564	26.544357	26.495779	26.439203	26.379459	26.312262	26.243050	26.167122	26.090183	26.007416	25.924423	25.836569	25.749031	25.657627	25.566818	25.473139	25.380091	25.285145	25.190668	25.095249	
25.105278	25.210060	25.315168	25.418766	25.522924	25.624538	25.726765	25.825378	25.924421	26.018764	26.113071	26.201601	26.289341	26.370293	26.449451	26.520910	26.589392	26.649441	26.705219	26.752068	26.793346	26.825493	26.850864	26.867222	26.875782	26.875786	26.867222	26.850868	26.825493	26.793350	26.752066	26.705219	26.649439	26.589396	26.520908	26.449457	26.370287	26.289349	26.201599	26.113075	26.018764	25.924423	25.825378	25.726768	25.624535	25.522926	25.418764	25.315168	25.210060	25.105280	
25.114704	25.229576	25.343388	25.457653	25.569777	25.682487	25.791939	25.901882	26.007418	26.113071	26.213146	26.312660	26.405455	26.496727	26.580215	26.660982	26.733055	26.801052	26.859657	26.912783	26.956104	26.992592	27.019197	27.037777	27.046753	27.046751	27.037781	27.019197	26.992598	26.956104	26.912785	26.859653	26.801052	26.733049	26.660984	26.580212	26.496729	26.405453	26.312664	26.213144	26.113073	26.007416	25.901886	25.791935	25.682487	25.569775	25.457653	25.343388	25.229576	25.114704	
25.124157	25.247766	25.371681	25.493933	25.616692	25.736635	25.857079	25.973518	26.090181	26.201601	26.312662	26.417233	26.520550	26.616180	26.709373	26.793804	26.874420	26.945372	27.011026	27.066389	27.114971	27.152966	27.182823	27.202156	27.212231	27.212233	27.202158	27.182827	27.152966	27.114979	27.066387	27.011026	26.945370	26.874420	26.793800	26.709375	26.616177	26.520550	26.417233	26.312662	26.201601	26.090183	25.973515	25.857082	25.736629	25.616690	25.493931	25.371681	25.247765	25.124157	
25.132893	25.265932	25.397835	25.530127	25.660114	25.790565	25.917494	26.044710	26.167128	26.289345	26.405455	26.520548	26.628229	26.733772	26.830669	26.924053	27.007710	27.086319	27.154348	27.215759	27.266052	27.308226	27.339119	27.360592	27.371012	27.371010	27.360596	27.339119	27.308231	27.266052	27.215759	27.154346	27.086319	27.007706	26.924053	26.830667	26.733772	26.628231	26.520550	26.405455	26.289347	26.167126	26.044710	25.917492	25.790565	25.660114	25.530128	25.397833	25.265934	25.132891	
25.141567	25.282558	25.423798	25.563288	25.703159	25.840063	25.977261	26.110199	26.243046	26.370293	26.496727	26.616179	26.733774	26.843029	26.949089	27.045559	27.137291	27.218372	27.293070	27.356340	27.411613	27.455034	27.489002	27.511099	27.522562	27.522560	27.511101	27.489004	27.455034	27.411615	27.356339	27.293068	27.218369	27.137291	27.045559	26.949089	26.843027	26.733774	26.616177	26.496727	26.370293	26.243050	26.110195	25.977257	25.840061	25.703159	25.563286	25.423798	25.282555	25.141567	
25.149422	25.298952	25.447315	25.595955	25.742214	25.888735	26.031599	26.174437	26.312267	26.449453	26.580215	26.709375	26.830669	26.949089	27.058252	27.163012	27.257269	27.345446	27.422106	27.490984	27.547661	27.594965	27.629774	27.653858	27.665596	27.665600	27.653854	27.629772	27.594965	27.547661	27.490986	27.422104	27.345444	27.257267	27.163012	27.058250	26.949089	26.830669	26.709377	26.580215	26.449455	26.312265	26.174437	26.031597	25.888733	25.742214	25.595953	25.447315	25.298954	25.149422	
25.157101	25.313622	25.470301	25.625216	25.780319	25.932415	26.084499	26.232243	26.379459	26.520912	26.660984	26.793804	26.924053	27.045561	27.163012	27.270317	27.371885	27.462084	27.544785	27.615173	27.676369	27.724674	27.762281	27.786863	27.799553	27.799551	27.786865	27.762280	27.724674	27.676369	27.615173	27.544785	27.462082	27.371883	27.270313	27.163012	27.045559	26.924053	26.793802	26.660984	26.520908	26.379459	26.232243	26.084499	25.932417	25.780321	25.625217	25.470301	25.313622	25.157103	
25.163879	25.327812	25.490597	25.653484	25.814022	25.974531	26.131397	26.287819	26.439205	26.589396	26.733053	26.874420	27.007710	27.137289	27.257271	27.371883	27.475498	27.571957	27.656231	27.731577	27.793888	27.845627	27.883900	27.910240	27.923147	27.923149	27.910240	27.883900	27.845627	27.793888	27.731575	27.656233	27.571953	27.475494	27.371885	27.257267	27.137291	27.007708	26.874420	26.733053	26.589396	26.439205	26.287823	26.131397	25.974533	25.814026	25.653484	25.490597	25.327810	25.163879	
25.170347	25.340137	25.509953	25.678070	25.846111	26.011230	26.175941	26.336390	26.495779	26.649441	26.801052	26.945372	27.086319	27.218372	27.345446	27.462086	27.571957	27.670013	27.759468	27.835993	27.902178	27.954700	27.995369	28.022102	28.035820	28.035820	28.022100	27.995369	27.954700	27.902176	27.835993	27.759464	27.670010	27.571955	27.462080	27.345444	27.218370	27.086317	26.945370	26.801052	26.649437	26.495781	26.336388	26.175945	26.011230	25.846115	25.678070	25.509953	25.340137	25.170347	
25.175858	25.351696	25.526455	25.701099	25.873514	26.045538	26.214073	26.381660	26.544361	26.705219	26.859655	27.011026	27.154348	27.293072	27.422106	27.544786	27.656233	27.759466	27.850128	27.930752	27.997789	28.053152	28.094328	28.122511	28.136402	28.136402	28.122513	28.094328	28.053150	27.997787	27.930752	27.850126	27.759464	27.656233	27.544786	27.422106	27.293070	27.154350	27.011026	26.859657	26.705219	26.544357	26.381662	26.214073	26.045540	25.873516	25.701096	25.526451	25.351696	25.175858	
25.180912	25.361309	25.541580	25.720278	25.898590	26.074171	26.248880	26.419554	26.588562	26.752068	26.912785	27.066387	27.215761	27.356340	27.490986	27.615177	27.731575	27.835995	27.930754	28.012253	28.082355	28.138294	28.181368	28.209843	28.224371	28.224371	28.209843	28.181368	28.138294	28.082355	28.012253	27.930752	27.835991	27.731575	27.615175	27.490984	27.356340	27.215759	27.066389	26.912785	26.752068	26.588562	26.419552	26.248878	26.074171	25.898590	25.720276	25.541576	25.361309	25.180910	
25.184982	25.369865	25.553774	25.737322	25.918842	26.099562	26.277065	26.453060	26.624472	26.793350	26.956104	27.114975	27.266052	27.411617	27.547661	27.676371	27.793886	27.902180	27.997787	28.082355	28.153057	28.211121	28.254555	28.284111	28.298759	28.298761	28.284111	28.254553	28.211121	28.153057	28.082354	27.997787	27.902176	27.793886	27.676367	27.547661	27.411615	27.266052	27.114975	26.956104	26.793346	26.624472	26.453056	26.277065	26.099560	25.918844	25.737322	25.553774	25.369865	25.184984	
25.188456	25.376461	25.564167	25.750479	25.936069	26.119207	26.300974	26.479057	26.654835	26.825493	26.992594	27.152966	27.308231	27.455036	27.594965	27.724676	27.845627	27.954700	28.053150	28.138292	28.211121	28.269566	28.314312	28.344059	28.359154	28.359154	28.344059	28.314314	28.269566	28.211124	28.138296	28.053152	27.954700	27.845627	27.724674	27.594965	27.455032	27.308231	27.152966	26.992594	26.825493	26.654831	26.479057	26.300972	26.119207	25.936069	25.750481	25.564165	25.376463	25.188454	
25.190956	25.381725	25.571655	25.760960	25.948503	26.134815	26.318283	26.499653	26.676888	26.850864	27.019197	27.182827	27.339119	27.489008	27.629772	27.762283	27.883900	27.995371	28.094326	28.181370	28.254551	28.314312	28.359272	28.389690	28.404856	28.404856	28.389690	28.359272	28.314316	28.254555	28.181372	28.094330	27.995371	27.883902	27.762281	27.629776	27.489006	27.339119	27.182827	27.019199	26.850864	26.676886	26.499649	26.318283	26.134815	25.948505	25.760960	25.571655	25.381721	25.190956	
25.192726	25.385078	25.576948	25.767651	25.957275	26.144810	26.330456	26.512882	26.692345	26.867224	27.037777	27.202158	27.360596	27.511101	27.653858	27.786865	27.910240	28.022100	28.122511	28.209839	28.284109	28.344059	28.389690	28.420204	28.435596	28.435596	28.420204	28.389690	28.344059	28.284111	28.209843	28.122513	28.022102	27.910240	27.786865	27.653858	27.511101	27.360594	27.202158	27.037777	26.867222	26.692345	26.512882	26.330456	26.144812	25.957277	25.767654	25.576946	25.385078	25.192724	
25.193569	25.386856	25.579473	25.771191	25.961468	26.150078	26.336292	26.519831	26.699783	26.875784	27.046753	27.212234	27.371014	27.522564	27.665600	27.799553	27.923149	28.035820	28.136402	28.224373	28.298759	28.359152	28.404856	28.435596	28.451012	28.451014	28.435598	28.404858	28.359156	28.298763	28.224373	28.136402	28.035824	27.923149	27.799555	27.665598	27.522564	27.371010	27.212231	27.046749	26.875782	26.699783	26.519831	26.336292	26.150078	25.961468	25.771187	25.579472	25.386854	25.193567	
25.193569	25.386856	25.579473	25.771191	25.961468	26.150078	26.336292	26.519831	26.699783	26.875784	27.046753	27.212234	27.371014	27.522564	27.665600	27.799553	27.923149	28.035820	28.136402	28.224373	28.298759	28.359152	28.404856	28.435596	28.451012	28.451014	28.435598	28.404858	28.359156	28.298763	28.224373	28.136402	28.035824	27.923149	27.799555	27.665598	27.522564	27.371010	27.212231	27.046749	26.875782	26.699783	26.519831	26.336292	26.150078	25.961468	25.771187	25.579472	25.386854	25.193567	
25.192726	25.385078	25.576948	25.767651	25.957275	26.144810	26.330456	26.512882	26.692345	26.867224	27.037777	27.202158	27.360596	27.511101	27.653858	27.786865	27.910240	28.022100	28.122511	28.209839	28.284109	28.344059	28.389690	28.420204	28.435596	28.435596	28.420204	28.389690	28.344059	28.284111	28.209843	28.122513	28.022102	27.910240	27.786865	27.653858	27.511101	27.360594	27.202158	27.037777	26.867222	26.692345	26.512882	26.330456	26.144812	25.957277	25.767654	25.576946	25.385078	25.192724	
25.190956	25.381725	25.571655	25.760960	25.948503	26.134815	26.318283	26.499653	26.676888	26.850864	27.019197	27.182827	27.339119	27.489008	27.629772	27.762283	27.883900	27.995371	28.094326	28.181370	28.254551	28.314312	28.359272	28.389690	28.404856	28.404856	28.389690	28.359272	28.314316	28.254555	28.181372	28.094330	27.995371	27.883902	27.762281	27.629776	27.489006	27.339119	27.182827	27.019199	26.850864	26.676886	26.499649	26.318283	26.134815	25.948505	25.760960	25.571655	25.381721	25.190956	
25.188456	25.376461	25.564167	25.750479	25.936069	26.119207	26.300974	26.479057	26.654835	26.825493	26.992594	27.152966	27.308231	27.455036	27.594965	27.724676	27.845627	27.954700	28.053150	28.138292	28.211121	28.269566	28.314312	28.344059	28.359154	28.359154	28.344059	28.314314	28.269566	28.211124	28.138296	28.053152	27.954700	27.845627	27.724674	27.594965	27.455032	27.308231	27.152966	26.992594	26.825493	26.654831	26.479057	26.300972	26.119207	25.936069	25.750481	25.564165	25.376463	25.188454	
25.184982	25.369865	25.553774	25.737322	25.918842	26.099562	26.277065	26.453060	26.624472	26.793350	26.956104	27.114975	27.266052	27.411617	27.547661	27.676371	27.793886	27.902180	27.997787	28.082355	28.153057	28.211121	28.254555	28.284111	28.298759	28.298761	28.284111	28.254553	28.211121	28.153057	28.082354	27.997787	27.902176	27.793886	27.676367	27.547661	27.411615	27.266052	27.114975	26.956104	26.793346	26.624472	26.453056	26.277065	26.099560	25.918844	25.737322	25.553774	25.369865	25.184984	
25.180912	25.361309	25.541580	25.720278	25.898590	26.074171	26.248880	26.419554	26.588562	26.752068	26.912785	27.066387	27.215761	27.356340	27.490986	27.615177	27.731575	27.835995	27.930754	28.012253	28.082355	28.138294	28.181368	28.209843	28.224371	28.224371	28.209843	28.181368	28.138294	28.082355	28.012253	27.930752	27.835991	27.731575	27.615175	27.490984	27.356340	27.215759	27.066389	26.912785	26.752068	26.588562	26.419552	26.248878	26.074171	25.898590	25.720276	25.541576	25.361309	25.180910	
25.175858	25.351696	25.526455	25.701099	25.873514	26.045538	26.214073	26.381660	26.544361	26.705219	26.859655	27.011026	27.154348	27.293072	27.422106	27.544786	27.656233	27.759466	27.850128	27.930752	27.997789	28.053152	28.094328	28.122511	28.136402	28.136402	28.122513	28.094328	28.053150	27.997787	27.930752	27.850126	27.759464	27.656233	27.544786	27.422106	27.293070	27.154350	27.011026	26.859657	26.705219	26.544357	26.381662	26.214073	26.045540	25.873516	25.701096	25.526451	25.351696	25.175858	
25.170347	25.340137	25.509953	25.678070	25.846111	26.011230	26.175941	26.336390	26.495779	26.649441	26.801052	26.945372	27.086319	27.218372	27.345446	27.462086	27.571957	27.670013	27.759468	27.835993	27.902178	27.954700	27.995369	28.022102	28.035820	28.035820	28.022100	27.995369	27.954700	27.902176	27.835993	27.759464	27.670010	27.571955	27.462080	27.345444	27.218370	27.086317	26.945370	26.801052	26.649437	26.495781	26.336388	26.175945	26.011230	25.846115	25.678070	25.509953	25.340137	25.170347	
25.163879	25.327812	25.490597	25.653484	25.814022	25.974531	26.131397	26.287819	26.439205	26.589396	26.733053	26.874420	27.007710	27.137289	27.257271	27.371883	27.475498	27.571957	27.656231	27.731577	27.793888	27.845627	27.883900	27.910240	27.923147	27.923149	27.910240	27.883900	27.845627	27.793888	27.731575	27.656233	27.571953	27.475494	27.371885	27.257267	27.137291	27.007708	26.874420	26.733053	26.589396	26.439205	26.287823	26.131397	25.974533	25.814026	25.653484	25.490597	25.327810	25.163879	
25.157101	25.313622	25.470301	25.625216	25.780319	25.932415	26.084499	26.232243	26.379459	26.520912	26.660984	26.793804	26.924053	27.045561	27.163012	27.270317	27.371885	27.462084	27.544785	27.615173	27.676369	27.724674	27.762281	27.786863	27.799553	27.799551	27.786865	27.762280	27.724674	27.676369	27.615173	27.544785	27.462082	27.371883	27.270313	27.163012	27.045559	26.924053	26.793802	26.660984	26.520908	26.379459	26.232243	26.084499	25.932417	25.780321	25.625217	25.470301	25.313622	25.157103	
25.149422	25.298952	25.447315	25.595955	25.742214	25.888735	26.031599	26.174437	26.312267	26.449453	26.580215	26.709375	26.830669	26.949089	27.058252	27.163012	27.257269	27.345446	27.422106	27.490984	27.547661	27.594965	27.629774	27.653858	27.665596	27.665600	27.653854	27.629772	27.594965	27.547661	27.490986	27.422104	27.345444	27.257267	27.163012	27.058250	26.949089	26.830669	26.709377	26.580215	26.449455	26.312265	26.174437	26.031597	25.888733	25.742214	25.595953	25.447315	25.298954	25.149422	
25.141567	25.282558	25.423798	25.563288	25.703159	25.840063	25.977261	26.110199	26.243046	26.370293	26.496727	26.616179	26.733774	26.843029	26.949089	27.045559	27.137291	27.218372	27.293070	27.356340	27.411613	27.455034	27.489002	27.511099	27.522562	27.522560	27.511101	27.489004	27.455034	27.411615	27.356339	27.293068	27.218369	27.137291	27.045559	26.949089	26.843027	26.733774	26.616177	26.496727	26.370293	26.243050	26.110195	25.977257	25.840061	25.703159	25.563286	25.423798	25.282555	25.141567	
25.132893	25.265932	25.397835	25.530127	25.660114	25.790565	25.917494	26.044710	26.167128	26.289345	26.405455	26.520548	26.628229	26.733772	26.830669	26.924053	27.007710	27.086319	27.154348	27.215759	27.266052	27.308226	27.339119	27.360592	27.371012	27.371010	27.360596	27.339119	27.308231	27.266052	27.215759	27.154346	27.086319	27.007706	26.924053	26.830667	26.733772	26.628231	26.520550	26.405455	26.289347	26.167126	26.044710	25.917492	25.790565	25.660114	25.530128	25.397833	25.265934	25.132891	
25.124157	25.247766	25.371681	25.493933	25.616692	25.736635	25.857079	25.973518	26.090181	26.201601	26.312662	26.417233	26.520550	26.616180	26.709373	26.793804	26.874420	26.945372	27.011026	27.066389	27.114971	27.152966	27.182823	27.202156	27.212231	27.212233	27.202158	27.182827	27.152966	27.114979	27.066387	27.011026	26.945370	26.874420	26.793800	26.709375	26.616177	26.520550	26.417233	26.312662	26.201601	26.090183	25.973515	25.857082	25.736629	25.616690	25.493931	25.371681	25.247765	25.124157	
25.114704	25.229576	25.343388	25.457653	25.569777	25.682487	25.791939	25.901882	26.007418	26.113071	26.213146	26.312660	26.405455	26.496727	26.580215	26.660982	26.733055	26.801052	26.859657	26.912783	26.956104	26.992592	27.019197	27.037777	27.046753	27.046751	27.037781	27.019197	26.992598	26.956104	26.912785	26.859653	26.801052	26.733049	26.660984	26.580212	26.496729	26.405453	26.312664	26.213144	26.113073	26.007416	25.901886	25.791935	25.682487	25.569775	25.457653	25.343388	25.229576	25.114704	
25.105278	25.210060	25.315168	25.418766	25.522924	25.624538	25.726765	25.825378	25.924421	26.018764	26.113071	26.201601	26.289341	26.370293	26.449451	26.520910	26.589392	26.649441	26.705219	26.752068	26.793346	26.825493	26.850864	26.867222	26.875782	26.875786	26.867222	26.850868	26.825493	26.793350	26.752066	26.705219	26.649439	26.589396	26.520908	26.449457	26.370287	26.289349	26.201599	26.113075	26.018764	25.924423	25.825378	25.726768	25.624535	25.522926	25.418764	25.315168	25.210060	25.105280	
25.095249	25.190666	25.285149	25.380089	25.473141	25.566816	25.657627	25.749027	25.836571	25.924421	26.007418	26.090179	26.167128	26.243046	26.312267	26.379456	26.439205	26.495775	26.544361	26.588562	26.624474	26.654835	26.676884	26.692345	26.699783	26.699783	26.692347	26.676884	26.654835	26.624470	26.588564	26.544357	26.495779	26.439203	26.379459	26.312262	26.243050	26.167122	26.090183	26.007416	25.924423	25.836569	25.749031	25.657627	25.566818	25.473139	25.380091	25.285145	25.190668	25.095249	
25.085304	25.170183	25.255371	25.339266	25.423710	25.505976	25.588873	25.668697	25.749027	25.825378	25.901882	25.973515	26.044706	26.110199	26.174435	26.232239	26.287815	26.336388	26.381659	26.419554	26.453058	26.479059	26.499653	26.512882	26.519829	26.519833	26.512878	26.499655	26.479053	26.453060	26.419550	26.381660	26.336388	26.287819	26.232239	26.174438	26.110195	26.044712	25.973513	25.901886	25.825378	25.749031	25.668697	25.588877	25.505976	25.423712	25.339266	25.255371	25.170181	25.085304	
25.074875	25.149902	25.224152	25.298820	25.371931	25.445621	25.516956	25.588875	25.657627	25.726765	25.791939	25.857082	25.917494	25.977259	26.031601	26.084496	26.131399	26.175938	26.214075	26.248880	26.277065	26.300976	26.318279	26.330456	26.336292	26.336292	26.330458	26.318279	26.300976	26.277061	26.248882	26.214073	26.175943	26.131397	26.084499	26.031597	25.977261	25.917492	25.857082	25.791935	25.726765	25.657625	25.588875	25.516958	25.445623	25.371929	25.298820	25.224148	25.149899	25.074875	
25.064552	25.128769	25.193251	25.256708	25.320639	25.382851	25.445621	25.505976	25.566816	25.624538	25.682487	25.736635	25.790565	25.840063	25.888733	25.932419	25.974525	26.011232	26.045536	26.074169	26.099564	26.119205	26.134815	26.144810	26.150078	26.150080	26.144810	26.134815	26.119204	26.099566	26.074169	26.045540	26.011230	25.974527	25.932415	25.888733	25.840059	25.790565	25.736629	25.682487	25.624533	25.566818	25.505976	25.445623	25.382851	25.320637	25.256706	25.193249	25.128767	25.064552	
25.053867	25.107859	25.161268	25.215010	25.267588	25.320635	25.371931	25.423710	25.473141	25.522926	25.569775	25.616690	25.660114	25.703159	25.742216	25.780317	25.814026	25.846109	25.873516	25.898590	25.918842	25.936069	25.948503	25.957275	25.961472	25.961470	25.957279	25.948503	25.936069	25.918842	25.898594	25.873514	25.846113	25.814022	25.780319	25.742210	25.703161	25.660110	25.616692	25.569771	25.522926	25.473139	25.423714	25.371929	25.320639	25.267586	25.215010	25.161266	25.107857	25.053867	
25.043287	25.086340	25.129587	25.172127	25.215010	25.256706	25.298820	25.339268	25.380089	25.418766	25.457653	25.493931	25.530125	25.563286	25.595953	25.625217	25.653484	25.678070	25.701099	25.720278	25.737324	25.750481	25.760960	25.767656	25.771187	25.771191	25.767654	25.760960	25.750481	25.737324	25.720276	25.701099	25.678070	25.653484	25.625214	25.595951	25.563286	25.530127	25.493927	25.457653	25.418766	25.380089	25.339268	25.298822	25.256708	25.215010	25.172125	25.129587	25.086342	25.043287	
25.032463	25.065006	25.097189	25.129585	25.161266	25.193249	25.224152	25.255371	25.285149	25.315170	25.343388	25.371681	25.397835	25.423796	25.447315	25.470299	25.490599	25.509954	25.526455	25.541580	25.553776	25.564165	25.571655	25.576946	25.579475	25.579470	25.576946	25.571655	25.564167	25.553774	25.541582	25.526453	25.509954	25.490597	25.470301	25.447315	25.423796	25.397835	25.371681	25.343384	25.315170	25.285147	25.255373	25.224150	25.193251	25.161266	25.129587	25.097187	25.065006	25.032463	
25.021713	25.043308	25.065006	25.086342	25.107857	25.128769	25.149899	25.170181	25.190668	25.210060	25.229576	25.247765	25.265932	25.282555	25.298950	25.313625	25.327812	25.340137	25.351696	25.361313	25.369865	25.376465	25.381721	25.385080	25.386852	25.386856	25.385078	25.381723	25.376463	25.369865	25.361309	25.351696	25.340137	25.327812	25.313622	25.298952	25.282555	25.265930	25.247765	25.229576	25.210060	25.190668	25.170181	25.149900	25.128769	25.107857	25.086342	25.065006	25.043310	25.021713	
25.010845	25.021715	25.032463	25.043287	25.053869	25.064552	25.074875	25.085304	25.095249	25.105282	25.114704	25.124157	25.132889	25.141567	25.149420	25.157101	25.163877	25.170345	25.175858	25.180912	25.184984	25.188456	25.190956	25.192724	25.193567	25.193565	25.192726	25.190956	25.188454	25.184982	25.180912	25.175858	25.170347	25.163879	25.157101	25.149422	25.141565	25.132889	25.124159	25.114702	25.105282	25.095249	25.085304	25.074875	25.064552	25.053871	25.043287	25.032463	25.021715	25.010845	
