25.009293	25.018795	25.028149	25.038118	25.047773	25.058388	25.068493	25.079819	25.090397	25.102329	25.113258	25.125538	25.136536	25.148735	25.159382	25.170950	25.180738	25.191048	25.199423	25.207840	25.214272	25.220238	25.224291	25.227386	25.228771	25.228773	25.227386	25.224293	25.220240	25.214273	25.207840	25.199421	25.191050	25.180740	25.170952	25.159382	25.148735	25.136532	25.125538	25.113256	25.102329	25.090397	25.079819	25.068493	25.058388	25.047771	25.038118	25.028149	25.018797	25.009293	
25.018793	25.037443	25.056929	25.075962	25.096584	25.116400	25.138416	25.159197	25.182577	25.204224	25.228603	25.250704	25.275387	25.297239	25.321234	25.341892	25.364000	25.382378	25.401316	25.416306	25.430864	25.441484	25.450661	25.456167	25.459303	25.459303	25.456167	25.450661	25.441484	25.430866	25.416307	25.401318	25.382374	25.364002	25.341890	25.321236	25.297239	25.275387	25.250704	25.228601	25.204222	25.182575	25.159197	25.138416	25.116400	25.096586	25.075958	25.056931	25.037445	25.018795	
25.028149	25.056929	25.085274	25.115459	25.144724	25.176861	25.207493	25.241762	25.273840	25.309948	25.343086	25.380234	25.413582	25.450487	25.482784	25.517775	25.547459	25.578646	25.604038	25.629505	25.649006	25.667061	25.679344	25.688713	25.692909	25.692909	25.688713	25.679344	25.667061	25.649006	25.629507	25.604038	25.578648	25.547459	25.517776	25.482784	25.450491	25.413582	25.380236	25.343084	25.309948	25.273842	25.241760	25.207495	25.176857	25.144722	25.115461	25.085274	25.056931	25.028149	
25.038118	25.075960	25.115461	25.154091	25.195889	25.236122	25.280722	25.322929	25.370272	25.414248	25.463606	25.508514	25.558481	25.602882	25.651451	25.693424	25.738171	25.775509	25.813843	25.844299	25.873764	25.895340	25.913910	25.925104	25.931448	25.931450	25.925104	25.913910	25.895340	25.873764	25.844299	25.813843	25.775507	25.738173	25.693424	25.651453	25.602882	25.558481	25.508512	25.463608	25.414249	25.370274	25.322929	25.280720	25.236122	25.195887	25.154091	25.115461	25.075958	25.038118	
25.047771	25.096588	25.144722	25.195889	25.245605	25.300051	25.352121	25.410149	25.464691	25.525818	25.582170	25.645048	25.701759	25.764219	25.819138	25.878353	25.928835	25.981604	26.024788	26.067879	26.101044	26.131588	26.152483	26.168329	26.175468	26.175468	26.168327	26.152485	26.131588	26.101046	26.067879	26.024790	25.981604	25.928835	25.878353	25.819138	25.764217	25.701759	25.645050	25.582170	25.525818	25.464689	25.410149	25.352119	25.300049	25.245605	25.195887	25.144722	25.096586	25.047771	
25.058388	25.116402	25.176861	25.236122	25.300049	25.361809	25.429985	25.494795	25.567137	25.634678	25.710079	25.779060	25.855373	25.923580	25.997749	26.062229	26.130554	26.187912	26.246445	26.293230	26.338215	26.371361	26.399712	26.416906	26.426592	26.426592	26.416904	26.399712	26.371363	26.338215	26.293232	26.246445	26.187912	26.130556	26.062227	25.997749	25.923580	25.855373	25.779058	25.710077	25.634678	25.567135	25.494795	25.429983	25.361807	25.300049	25.236122	25.176859	25.116398	25.058390	
25.068495	25.138420	25.207493	25.280724	25.352121	25.429985	25.504803	25.587748	25.666142	25.753481	25.834496	25.924311	26.005852	26.095047	26.174021	26.258572	26.331163	26.406500	26.468601	26.530119	26.577810	26.621412	26.651459	26.674080	26.684345	26.684343	26.674078	26.651459	26.621412	26.577812	26.530119	26.468603	26.406500	26.331160	26.258570	26.174017	26.095047	26.005848	25.924309	25.834496	25.753481	25.666142	25.587746	25.504803	25.429983	25.352119	25.280720	25.207493	25.138416	25.068493	
25.079817	25.159197	25.241762	25.322929	25.410152	25.494793	25.587749	25.676620	25.775198	25.867847	25.970551	26.065195	26.169113	26.262705	26.363686	26.452166	26.545176	26.623886	26.703556	26.767757	26.828991	26.874472	26.913059	26.936649	26.949833	26.949833	26.936649	26.913059	26.874474	26.828987	26.767761	26.703556	26.623886	26.545176	26.452164	26.363684	26.262703	26.169113	26.065193	25.970551	25.867847	25.775196	25.676620	25.587746	25.494795	25.410151	25.322929	25.241760	25.159199	25.079817	
25.090397	25.182577	25.273838	25.370275	25.464689	25.567139	25.666138	25.775198	25.878979	25.993759	26.101042	26.219030	26.327026	26.444172	26.548775	26.659801	26.755955	26.854870	26.937132	27.017895	27.081070	27.138311	27.178108	27.207806	27.221401	27.221399	27.207806	27.178108	27.138309	27.081068	27.017895	26.937134	26.854872	26.755955	26.659801	26.548771	26.444172	26.327023	26.219027	26.101042	25.993755	25.878981	25.775198	25.666142	25.567135	25.464689	25.370274	25.273840	25.182575	25.090397	
25.102331	25.204224	25.309948	25.414249	25.525820	25.634676	25.753481	25.867844	25.993759	26.113029	26.244154	26.366020	26.498650	26.619179	26.748028	26.861980	26.980648	27.082016	27.183653	27.266340	27.344450	27.403023	27.452246	27.482628	27.499443	27.499445	27.482626	27.452248	27.403023	27.344448	27.266342	27.183651	27.082016	26.980644	26.861979	26.748028	26.619175	26.498650	26.366020	26.244152	26.113031	25.993755	25.867847	25.753481	25.634678	25.525818	25.414248	25.309946	25.204222	25.102329	
25.113258	25.228603	25.343088	25.463608	25.582169	25.710079	25.834494	25.970549	26.101038	26.244150	26.379087	26.526140	26.661999	26.807962	26.939564	27.077877	27.198853	27.322065	27.425560	27.526154	27.605637	27.676926	27.726997	27.763985	27.781090	27.781086	27.763985	27.726997	27.676928	27.605637	27.526154	27.425564	27.322063	27.198853	27.077875	26.939562	26.807964	26.661997	26.526140	26.379086	26.244150	26.101040	25.970551	25.834497	25.710075	25.582170	25.463604	25.343086	25.228603	25.113258	
25.125538	25.250706	25.380236	25.508516	25.645050	25.779060	25.924309	26.065193	26.219028	26.366020	26.526140	26.676369	26.838274	26.986877	27.144131	27.284634	27.429436	27.554426	27.678436	27.780394	27.875687	27.947910	28.007961	28.045422	28.065937	28.065937	28.045422	28.007961	27.947908	27.875685	27.780394	27.678432	27.554428	27.429436	27.284632	27.144131	26.986874	26.838276	26.676369	26.526142	26.366020	26.219028	26.065197	25.924309	25.779062	25.645050	25.508514	25.380236	25.250706	25.125538	
25.136534	25.275389	25.413586	25.558483	25.701759	25.855371	26.005850	26.169111	26.327023	26.498650	26.661999	26.838276	27.002777	27.177696	27.337063	27.502777	27.649288	27.796888	27.922230	28.042725	28.138981	28.224375	28.285015	28.329313	28.350027	28.350029	28.329315	28.285013	28.224373	28.138981	28.042725	27.922230	27.796886	27.649284	27.502781	27.337059	27.177700	27.002777	26.838278	26.661999	26.498650	26.327026	26.169113	26.005852	25.855373	25.701759	25.558481	25.413584	25.275387	25.136534	
25.148735	25.297241	25.450491	25.602882	25.764217	25.923580	26.095047	26.262705	26.444172	26.619177	26.807962	26.986877	27.177696	27.354700	27.539991	27.707363	27.877956	28.026854	28.172932	28.294395	28.406639	28.492680	28.563412	28.608036	28.632198	28.632198	28.608036	28.563412	28.492680	28.406639	28.294395	28.172932	28.026852	27.877956	27.707363	27.539997	27.354698	27.177700	26.986876	26.807964	26.619179	26.444172	26.262707	26.095047	25.923582	25.764219	25.602882	25.450491	25.297241	25.148735	
25.159382	25.321236	25.482782	25.651453	25.819138	25.997747	26.174019	26.363684	26.548773	26.748028	26.939564	27.144131	27.337061	27.539993	27.726921	27.919138	28.090996	28.262177	28.409214	28.548943	28.661861	28.760880	28.832014	28.883379	28.907681	28.907681	28.883381	28.832016	28.760880	28.661860	28.548939	28.409212	28.262177	28.090994	27.919140	27.726917	27.539995	27.337059	27.144131	26.939562	26.748030	26.548773	26.363684	26.174021	25.997749	25.819139	25.651451	25.482784	25.321236	25.159382	
25.170950	25.341892	25.517776	25.693424	25.878353	26.062229	26.258570	26.452164	26.659801	26.861980	27.077877	27.284634	27.502781	27.707365	27.919138	28.112608	28.307549	28.479675	28.646582	28.786997	28.915234	29.014702	29.095507	29.147097	29.174706	29.174704	29.147102	29.095509	29.014704	28.915236	28.786995	28.646582	28.479671	28.307552	28.112608	27.919140	27.707363	27.502781	27.284632	27.077879	26.861980	26.659801	26.452166	26.258572	26.062231	25.878353	25.693424	25.517778	25.341892	25.170950	
25.180740	25.364000	25.547461	25.738173	25.928835	26.130554	26.331161	26.545176	26.755955	26.980648	27.198854	27.429436	27.649288	27.877956	28.090996	28.307547	28.503429	28.696255	28.863846	29.021233	29.149944	29.261469	29.342552	29.400402	29.428101	29.428101	29.400402	29.342552	29.261465	29.149944	29.021233	28.863846	28.696259	28.503426	28.307550	28.090996	27.877956	27.649284	27.429438	27.198853	26.980648	26.755955	26.545177	26.331161	26.130556	25.928835	25.738173	25.547461	25.364000	25.180738	
25.191048	25.382376	25.578644	25.775509	25.981602	26.187912	26.406498	26.623884	26.854870	27.082018	27.322063	27.554428	27.796886	28.026855	28.262177	28.479673	28.696255	28.889767	29.075182	29.233047	29.375500	29.487331	29.577091	29.635094	29.665756	29.665756	29.635094	29.577089	29.487331	29.375500	29.233049	29.075184	28.889767	28.696257	28.479673	28.262177	28.026852	27.796890	27.554424	27.322065	27.082012	26.854874	26.623884	26.406502	26.187912	25.981602	25.775509	25.578646	25.382376	25.191048	
25.199421	25.401320	25.604038	25.813845	26.024790	26.246443	26.468601	26.703554	26.937134	27.183651	27.425564	27.678432	27.922232	28.172932	28.409210	28.646580	28.863848	29.075184	29.261082	29.433561	29.576334	29.698549	29.788492	29.851889	29.882612	29.882612	29.851887	29.788492	29.698544	29.576336	29.433561	29.261084	29.075184	28.863846	28.646584	28.409212	28.172932	27.922230	27.678434	27.425562	27.183651	26.937130	26.703556	26.468599	26.246443	26.024788	25.813845	25.604038	25.401318	25.199421	
25.207840	25.416309	25.629505	25.844303	26.067879	26.293232	26.530117	26.767759	27.017895	27.266344	27.526152	27.780394	28.042723	28.294394	28.548941	28.786995	29.021233	29.233047	29.433561	29.606365	29.760406	29.882822	29.979877	30.043369	30.076527	30.076527	30.043369	29.979876	29.882820	29.760403	29.606365	29.433561	29.233047	29.021233	28.786995	28.548943	28.294395	28.042725	27.780392	27.526154	27.266340	27.017895	26.767759	26.530117	26.293230	26.067879	25.844299	25.629505	25.416307	25.207840	
25.214272	25.430866	25.649010	25.873764	26.101048	26.338215	26.577812	26.828991	27.081070	27.344448	27.605637	27.875683	28.138983	28.406639	28.661860	28.915237	29.149944	29.375502	29.576336	29.760406	29.914652	30.045074	30.142246	30.209898	30.243088	30.243092	30.209896	30.142246	30.045071	29.914654	29.760403	29.576336	29.375504	29.149942	28.915237	28.661861	28.406639	28.138983	27.875687	27.605637	27.344448	27.081070	26.828991	26.577810	26.338219	26.101046	25.873768	25.649006	25.430866	25.214272	
25.220242	25.441484	25.667061	25.895344	26.131590	26.371365	26.621414	26.874472	27.138309	27.403023	27.676926	27.947910	28.224373	28.492680	28.760878	29.014702	29.261467	29.487331	29.698551	29.882820	30.045073	30.175613	30.277843	30.345551	30.380474	30.380474	30.345551	30.277840	30.175615	30.045073	29.882820	29.698547	29.487331	29.261469	29.014702	28.760881	28.492682	28.224377	27.947912	27.676929	27.403023	27.138313	26.874470	26.621414	26.371363	26.131590	25.895340	25.667061	25.441484	25.220240	
25.224291	25.450663	25.679346	25.913914	26.152485	26.399714	26.651461	26.913059	27.178108	27.452244	27.726997	28.007959	28.285015	28.563408	28.832012	29.095510	29.342550	29.577091	29.788490	29.979877	30.142246	30.277842	30.380135	30.450470	30.485413	30.485413	30.450470	30.380135	30.277842	30.142246	29.979877	29.788490	29.577093	29.342552	29.095510	28.832014	28.563412	28.285017	28.007963	27.727001	27.452246	27.178108	26.913063	26.651459	26.399715	26.152483	25.913914	25.679346	25.450661	25.224291	
25.227388	25.456169	25.688715	25.925102	26.168331	26.416906	26.674080	26.936649	27.207802	27.482626	27.763981	28.045422	28.329311	28.608036	28.883381	29.147099	29.400402	29.635090	29.851887	30.043369	30.209896	30.345554	30.450472	30.520832	30.556675	30.556673	30.520832	30.450470	30.345552	30.209898	30.043371	29.851889	29.635094	29.400404	29.147099	28.883383	28.608038	28.329317	28.045425	27.763987	27.482628	27.207808	26.936649	26.674080	26.416904	26.168333	25.925102	25.688713	25.456167	25.227388	
25.228773	25.459305	25.692911	25.931450	26.175468	26.426592	26.684345	26.949835	27.221401	27.499443	27.781088	28.065935	28.350025	28.632200	28.907679	29.174706	29.428101	29.665758	29.882608	30.076527	30.243092	30.380476	30.485416	30.556675	30.592522	30.592522	30.556671	30.485413	30.380476	30.243092	30.076529	29.882610	29.665756	29.428101	29.174707	28.907682	28.632204	28.350033	28.065941	27.781090	27.499447	27.221401	26.949835	26.684343	26.426594	26.175468	25.931450	25.692909	25.459305	25.228771	
25.228773	25.459305	25.692911	25.931450	26.175468	26.426592	26.684345	26.949835	27.221401	27.499443	27.781088	28.065935	28.350025	28.632200	28.907679	29.174706	29.428101	29.665758	29.882608	30.076527	30.243092	30.380476	30.485416	30.556675	30.592522	30.592522	30.556671	30.485413	30.380476	30.243092	30.076529	29.882610	29.665756	29.428101	29.174707	28.907682	28.632204	28.350033	28.065941	27.781090	27.499447	27.221401	26.949835	26.684343	26.426594	26.175468	25.931450	25.692909	25.459305	25.228771	
25.227388	25.456169	25.688715	25.925102	26.168331	26.416906	26.674080	26.936649	27.207802	27.482626	27.763981	28.045422	28.329311	28.608036	28.883381	29.147099	29.400402	29.635090	29.851887	30.043369	30.209896	30.345554	30.450472	30.520832	30.556675	30.556673	30.520832	30.450470	30.345552	30.209898	30.043371	29.851889	29.635094	29.400404	29.147099	28.883383	28.608038	28.329317	28.045425	27.763987	27.482628	27.207808	26.936649	26.674080	26.416904	26.168333	25.925102	25.688713	25.456167	25.227388	
25.224291	25.450663	25.679346	25.913914	26.152485	26.399714	26.651461	26.913059	27.178108	27.452244	27.726997	28.007959	28.285015	28.563408	28.832012	29.095510	29.342550	29.577091	29.788490	29.979877	30.142246	30.277842	30.380135	30.450470	30.485413	30.485413	30.450470	30.380135	30.277842	30.142246	29.979877	29.788490	29.577093	29.342552	29.095510	28.832014	28.563412	28.285017	28.007963	27.727001	27.452246	27.178108	26.913063	26.651459	26.399715	26.152483	25.913914	25.679346	25.450661	25.224291	
25.220242	25.441484	25.667061	25.895344	26.131590	26.371365	26.621414	26.874472	27.138309	27.403023	27.676926	27.947910	28.224373	28.492680	28.760878	29.014702	29.261467	29.487331	29.698551	29.882820	30.045073	30.175613	30.277843	30.345551	30.380474	30.380474	30.345551	30.277840	30.175615	30.045073	29.882820	29.698547	29.487331	29.261469	29.014702	28.760881	28.492682	28.224377	27.947912	27.676929	27.403023	27.138313	26.874470	26.621414	26.371363	26.131590	25.895340	25.667061	25.441484	25.220240	
25.214272	25.430866	25.649010	25.873764	26.101048	26.338215	26.577812	26.828991	27.081070	27.344448	27.605637	27.875683	28.138983	28.406639	28.661860	28.915237	29.149944	29.375502	29.576336	29.760406	29.914652	30.045074	30.142246	30.209898	30.243088	30.243092	30.209896	30.142246	30.045071	29.914654	29.760403	29.576336	29.375504	29.149942	28.915237	28.661861	28.406639	28.138983	27.875687	27.605637	27.344448	27.081070	26.828991	26.577810	26.338219	26.101046	25.873768	25.649006	25.430866	25.214272	
25.207840	25.416309	25.629505	25.844303	26.067879	26.293232	26.530117	26.767759	27.017895	27.266344	27.526152	27.780394	28.042723	28.294394	28.548941	28.786995	29.021233	29.233047	29.433561	29.606365	29.760406	29.882822	29.979877	30.043369	30.076527	30.076527	30.043369	29.979876	29.882820	29.760403	29.606365	29.433561	29.233047	29.021233	28.786995	28.548943	28.294395	28.042725	27.780392	27.526154	27.266340	27.017895	26.767759	26.530117	26.293230	26.067879	25.844299	25.629505	25.416307	25.207840	
25.199421	25.401320	25.604038	25.813845	26.024790	26.246443	26.468601	26.703554	26.937134	27.183651	27.425564	27.678432	27.922232	28.172932	28.409210	28.646580	28.863848	29.075184	29.261082	29.433561	29.576334	29.698549	29.788492	29.851889	29.882612	29.882612	29.851887	29.788492	29.698544	29.576336	29.433561	29.261084	29.075184	28.863846	28.646584	28.409212	28.172932	27.922230	27.678434	27.425562	27.183651	26.937130	26.703556	26.468599	26.246443	26.024788	25.813845	25.604038	25.401318	25.199421	
25.191048	25.382376	25.578644	25.775509	25.981602	26.187912	26.406498	26.623884	26.854870	27.082018	27.322063	27.554428	27.796886	28.026855	28.262177	28.479673	28.696255	28.889767	29.075182	29.233047	29.375500	29.487331	29.577091	29.635094	29.665756	29.665756	29.635094	29.577089	29.487331	29.375500	29.233049	29.075184	28.889767	28.696257	28.479673	28.262177	28.026852	27.796890	27.554424	27.322065	27.082012	26.854874	26.623884	26.406502	26.187912	25.981602	25.775509	25.578646	25.382376	25.191048	
25.180740	25.364000	25.547461	25.738173	25.928835	26.130554	26.331161	26.545176	26.755955	26.980648	27.198854	27.429436	27.649288	27.877956	28.090996	28.307547	28.503429	28.696255	28.863846	29.021233	29.149944	29.261469	29.342552	29.400402	29.428101	29.428101	29.400402	29.342552	29.261465	29.149944	29.021233	28.863846	28.696259	28.503426	28.307550	28.090996	27.877956	27.649284	27.429438	27.198853	26.980648	26.755955	26.545177	26.331161	26.130556	25.928835	25.738173	25.547461	25.364000	25.180738	
25.170950	25.341892	25.517776	25.693424	25.878353	26.062229	26.258570	26.452164	26.659801	26.861980	27.077877	27.284634	27.502781	27.707365	27.919138	28.112608	28.307549	28.479675	28.646582	28.786997	28.915234	29.014702	29.095507	29.147097	29.174706	29.174704	29.147102	29.095509	29.014704	28.915236	28.786995	28.646582	28.479671	28.307552	28.112608	27.919140	27.707363	27.502781	27.284632	27.077879	26.861980	26.659801	26.452166	26.258572	26.062231	25.878353	25.693424	25.517778	25.341892	25.170950	
25.159382	25.321236	25.482782	25.651453	25.819138	25.997747	26.174019	26.363684	26.548773	26.748028	26.939564	27.144131	27.337061	27.539993	27.726921	27.919138	28.090996	28.262177	28.409214	28.548943	28.661861	28.760880	28.832014	28.883379	28.907681	28.907681	28.883381	28.832016	28.760880	28.661860	28.548939	28.409212	28.262177	28.090994	27.919140	27.726917	27.539995	27.337059	27.144131	26.939562	26.748030	26.548773	26.363684	26.174021	25.997749	25.819139	25.651451	25.482784	25.321236	25.159382	
25.148735	25.297241	25.450491	25.602882	25.764217	25.923580	26.095047	26.262705	26.444172	26.619177	26.807962	26.986877	27.177696	27.354700	27.539991	27.707363	27.877956	28.026854	28.172932	28.294395	28.406639	28.492680	28.563412	28.608036	28.632198	28.632198	28.608036	28.563412	28.492680	28.406639	28.294395	28.172932	28.026852	27.877956	27.707363	27.539997	27.354698	27.177700	26.986876	26.807964	26.619179	26.444172	26.262707	26.095047	25.923582	25.764219	25.602882	25.450491	25.297241	25.148735	
25.136534	25.275389	25.413586	25.558483	25.701759	25.855371	26.005850	26.169111	26.327023	26.498650	26.661999	26.838276	27.002777	27.177696	27.337063	27.502777	27.649288	27.796888	27.922230	28.042725	28.138981	28.224375	28.285015	28.329313	28.350027	28.350029	28.329315	28.285013	28.224373	28.138981	28.042725	27.922230	27.796886	27.649284	27.502781	27.337059	27.177700	27.002777	26.838278	26.661999	26.498650	26.327026	26.169113	26.005852	25.855373	25.701759	25.558481	25.413584	25.275387	25.136534	
25.125538	25.250706	25.380236	25.508516	25.645050	25.779060	25.924309	26.065193	26.219028	26.366020	26.526140	26.676369	26.838274	26.986877	27.144131	27.284634	27.429436	27.554426	27.678436	27.780394	27.875687	27.947910	28.007961	28.045422	28.065937	28.065937	28.045422	28.007961	27.947908	27.875685	27.780394	27.678432	27.554428	27.429436	27.284632	27.144131	26.986874	26.838276	26.676369	26.526142	26.366020	26.219028	26.065197	25.924309	25.779062	25.645050	25.508514	25.380236	25.250706	25.125538	
25.113258	25.228603	25.343088	25.463608	25.582169	25.710079	25.834494	25.970549	26.101038	26.244150	26.379087	26.526140	26.661999	26.807962	26.939564	27.077877	27.198853	27.322065	27.425560	27.526154	27.605637	27.676926	27.726997	27.763985	27.781090	27.781086	27.763985	27.726997	27.676928	27.605637	27.526154	27.425564	27.322063	27.198853	27.077875	26.939562	26.807964	26.661997	26.526140	26.379086	26.244150	26.101040	25.970551	25.834497	25.710075	25.582170	25.463604	25.343086	25.228603	25.113258	
25.102331	25.204224	25.309948	25.414249	25.525820	25.634676	25.753481	25.867844	25.993759	26.113029	26.244154	26.366020	26.498650	26.619179	26.748028	26.861980	26.980648	27.082016	27.183653	27.266340	27.344450	27.403023	27.452246	27.482628	27.499443	27.499445	27.482626	27.452248	27.403023	27.344448	27.266342	27.183651	27.082016	26.980644	26.861979	26.748028	26.619175	26.498650	26.366020	26.244152	26.113031	25.993755	25.867847	25.753481	25.634678	25.525818	25.414248	25.309946	25.204222	25.102329	
25.090397	25.182577	25.273838	25.370275	25.464689	25.567139	25.666138	25.775198	25.878979	25.993759	26.101042	26.219030	26.327026	26.444172	26.548775	26.659801	26.755955	26.854870	26.937132	27.017895	27.081070	27.138311	27.178108	27.207806	27.221401	27.221399	27.207806	27.178108	27.138309	27.081068	27.017895	26.937134	26.854872	26.755955	26.659801	26.548771	26.444172	26.327023	26.219027	26.101042	25.993755	25.878981	25.775198	25.666142	25.567135	25.464689	25.370274	25.273840	25.182575	25.090397	
25.079817	25.159197	25.241762	25.322929	25.410152	25.494793	25.587749	25.676620	25.775198	25.867847	25.970551	26.065195	26.169113	26.262705	26.363686	26.452166	26.545176	26.623886	26.703556	26.767757	26.828991	26.874472	26.913059	26.936649	26.949833	26.949833	26.936649	26.913059	26.874474	26.828987	26.767761	26.703556	26.623886	26.545176	26.452164	26.363684	26.262703	26.169113	26.065193	25.970551	25.867847	25.775196	25.676620	25.587746	25.494795	25.410151	25.322929	25.241760	25.159199	25.079817	
25.068495	25.138420	25.207493	25.280724	25.352121	25.429985	25.504803	25.587748	25.666142	25.753481	25.834496	25.924311	26.005852	26.095047	26.174021	26.258572	26.331163	26.406500	26.468601	26.530119	26.577810	26.621412	26.651459	26.674080	26.684345	26.684343	26.674078	26.651459	26.621412	26.577812	26.530119	26.468603	26.406500	26.331160	26.258570	26.174017	26.095047	26.005848	25.924309	25.834496	25.753481	25.666142	25.587746	25.504803	25.429983	25.352119	25.280720	25.207493	25.138416	25.068493	
25.058388	25.116402	25.176861	25.236122	25.300049	25.361809	25.429985	25.494795	25.567137	25.634678	25.710079	25.779060	25.855373	25.923580	25.997749	26.062229	26.130554	26.187912	26.246445	26.293230	26.338215	26.371361	26.399712	26.416906	26.426592	26.426592	26.416904	26.399712	26.371363	26.338215	26.293232	26.246445	26.187912	26.130556	26.062227	25.997749	25.923580	25.855373	25.779058	25.710077	25.634678	25.567135	25.494795	25.429983	25.361807	25.300049	25.236122	25.176859	25.116398	25.058390	
25.047771	25.096588	25.144722	25.195889	25.245605	25.300051	25.352121	25.410149	25.464691	25.525818	25.582170	25.645048	25.701759	25.764219	25.819138	25.878353	25.928835	25.981604	26.024788	26.067879	26.101044	26.131588	26.152483	26.168329	26.175468	26.175468	26.168327	26.152485	26.131588	26.101046	26.067879	26.024790	25.981604	25.928835	25.878353	25.819138	25.764217	25.701759	25.645050	25.582170	25.525818	25.464689	25.410149	25.352119	25.300049	25.245605	25.195887	25.144722	25.096586	25.047771	
25.038118	25.075960	25.115461	25.154091	25.195889	25.236122	25.280722	25.322929	25.370272	25.414248	25.463606	25.508514	25.558481	25.602882	25.651451	25.693424	25.738171	25.775509	25.813843	25.844299	25.873764	25.895340	25.913910	25.925104	25.931448	25.931450	25.925104	25.913910	25.895340	25.873764	25.844299	25.813843	25.775507	25.738173	25.693424	25.651453	25.602882	25.558481	25.508512	25.463608	25.414249	25.370274	25.322929	25.280720	25.236122	25.195887	25.154091	25.115461	25.075958	25.038118	
25.028149	25.056929	25.085274	25.115459	25.144724	25.176861	25.207493	25.241762	25.273840	25.309948	25.343086	25.380234	25.413582	25.450487	25.482784	25.517775	25.547459	25.578646	25.604038	25.629505	25.649006	25.667061	25.679344	25.688713	25.692909	25.692909	25.688713	25.679344	25.667061	25.649006	25.629507	25.604038	25.578648	25.547459	25.517776	25.482784	25.450491	25.413582	25.380236	25.343084	25.309948	25.273842	25.241760	25.207495	25.176857	25.144722	25.115461	25.085274	25.056931	25.028149	
25.018793	25.037443	25.056929	25.075962	25.096584	25.116400	25.138416	25.159197	25.182577	25.204224	25.228603	25.250704	25.275387	25.297239	25.321234	25.341892	25.364000	25.382378	25.401316	25.416306	25.430864	25.441484	25.450661	25.456167	25.459303	25.459303	25.456167	25.450661	25.441484	25.430866	25.416307	25.401318	25.382374	25.364002	25.341890	25.321236	25.297239	25.275387	25.250704	25.228601	25.204222	25.182575	25.159197	25.138416	25.116400	25.096586	25.075958	25.056931	25.037445	25.018795	
25.009293	25.018795	25.028149	25.038118	25.047773	25.058388	25.068493	25.079819	25.090397	25.102329	25.113258	25.125538	25.136536	25.148735	25.159382	25.170950	25.180738	25.191048	25.199423	25.207840	25.214272	25.220238	25.224291	25.227386	25.228771	25.228773	25.227386	25.224293	25.220240	25.214273	25.207840	25.199421	25.191050	25.180740	25.170952	25.159382	25.148735	25.136532	25.125538	25.113256	25.102329	25.090397	25.079819	25.068493	25.058388	25.047771	25.038118	25.028149	25.018797	25.009293	
