25.000336	25.000666	25.000996	25.001322	25.001642	25.001957	25.002266	25.002565	25.002853	25.003132	25.003399	25.003653	25.003893	25.004116	25.004326	25.004517	25.004694	25.004852	25.004993	25.005114	25.005215	25.005295	25.005358	25.005398	25.005421	25.005419	25.005398	25.005360	25.005295	25.005213	25.005112	25.004992	25.004852	25.004696	25.004519	25.004326	25.004116	25.003891	25.003651	25.003397	25.003132	25.002853	25.002563	25.002266	25.001959	25.001644	25.001324	25.000996	25.000668	25.000334	
25.000668	25.001329	25.001987	25.002638	25.003279	25.003908	25.004524	25.005119	25.005697	25.006252	25.006786	25.007290	25.007769	25.008221	25.008633	25.009022	25.009371	25.009687	25.009968	25.010206	25.010410	25.010571	25.010693	25.010777	25.010818	25.010817	25.010777	25.010695	25.010571	25.010406	25.010204	25.009964	25.009687	25.009369	25.009022	25.008635	25.008217	25.007767	25.007290	25.006783	25.006252	25.005695	25.005119	25.004524	25.003906	25.003283	25.002638	25.001991	25.001331	25.000668	
25.000996	25.001987	25.002972	25.003946	25.004906	25.005844	25.006762	25.007656	25.008518	25.009350	25.010143	25.010902	25.011618	25.012287	25.012913	25.013489	25.014011	25.014484	25.014900	25.015263	25.015560	25.015806	25.015989	25.016113	25.016172	25.016174	25.016113	25.015991	25.015804	25.015560	25.015259	25.014900	25.014482	25.014015	25.013489	25.012913	25.012285	25.011616	25.010899	25.010143	25.009346	25.008516	25.007654	25.006760	25.005844	25.004902	25.003950	25.002972	25.001991	25.000996	
25.001324	25.002640	25.003946	25.005238	25.006512	25.007759	25.008976	25.010160	25.011307	25.012409	25.013466	25.014471	25.015419	25.016312	25.017139	25.017902	25.018600	25.019224	25.019779	25.020256	25.020658	25.020979	25.021225	25.021385	25.021467	25.021469	25.021387	25.021223	25.020981	25.020657	25.020256	25.019775	25.019228	25.018599	25.017906	25.017139	25.016312	25.015419	25.014469	25.013466	25.012409	25.011307	25.010159	25.008976	25.007757	25.006512	25.005238	25.003950	25.002640	25.001324	
25.001642	25.003281	25.004906	25.006512	25.008091	25.009644	25.011158	25.012630	25.014053	25.015425	25.016737	25.017982	25.019165	25.020271	25.021303	25.022255	25.023117	25.023895	25.024582	25.025179	25.025673	25.026077	25.026379	25.026581	25.026680	25.026684	25.026581	25.026379	25.026073	25.025675	25.025177	25.024582	25.023895	25.023121	25.022249	25.021305	25.020271	25.019165	25.017982	25.016735	25.015423	25.014053	25.012629	25.011156	25.009644	25.008091	25.006512	25.004906	25.003281	25.001642	
25.001961	25.003910	25.005846	25.007759	25.009645	25.011490	25.013294	25.015049	25.016747	25.018379	25.019943	25.021431	25.022839	25.024158	25.025387	25.026516	25.027550	25.028473	25.029295	25.029999	25.030596	25.031073	25.031433	25.031673	25.031796	25.031792	25.031673	25.031433	25.031073	25.030594	25.030001	25.029291	25.028477	25.027546	25.026516	25.025383	25.024157	25.022835	25.021431	25.019939	25.018379	25.016747	25.015049	25.013296	25.011490	25.009644	25.007759	25.005848	25.003908	25.001957	
25.002266	25.004524	25.006763	25.008980	25.011158	25.013296	25.015381	25.017414	25.019375	25.021267	25.023073	25.024796	25.026421	25.027950	25.029369	25.030682	25.031872	25.032948	25.033892	25.034710	25.035397	25.035954	25.036369	25.036648	25.036785	25.036785	25.036646	25.036367	25.035950	25.035397	25.034710	25.033894	25.032944	25.031874	25.030680	25.029369	25.027946	25.026423	25.024792	25.023075	25.021263	25.019377	25.017414	25.015385	25.013296	25.011158	25.008978	25.006763	25.004524	25.002266	
25.002567	25.005119	25.007656	25.010162	25.012630	25.015049	25.017414	25.019709	25.021933	25.024071	25.026119	25.028065	25.029907	25.031635	25.033245	25.034725	25.036079	25.037289	25.038364	25.039291	25.040068	25.040693	25.041168	25.041481	25.041637	25.041636	25.041481	25.041164	25.040693	25.040066	25.039289	25.038363	25.037292	25.036076	25.034725	25.033243	25.031635	25.029905	25.028065	25.026112	25.024071	25.021929	25.019711	25.017414	25.015049	25.012630	25.010162	25.007654	25.005121	25.002563	
25.002853	25.005695	25.008518	25.011305	25.014053	25.016747	25.019375	25.021933	25.024403	25.026783	25.029060	25.031231	25.033279	25.035202	25.036991	25.038643	25.040144	25.041496	25.042688	25.043718	25.044586	25.045284	25.045807	25.046158	25.046331	25.046333	25.046156	25.045807	25.045280	25.044584	25.043718	25.042688	25.041496	25.040144	25.038643	25.036991	25.035202	25.033278	25.031227	25.029060	25.026779	25.024403	25.021929	25.019375	25.016747	25.014053	25.011307	25.008518	25.005695	25.002853	
25.003132	25.006252	25.009350	25.012409	25.015423	25.018379	25.021265	25.024069	25.026783	25.029392	25.031895	25.034275	25.036526	25.038635	25.040600	25.042410	25.044060	25.045540	25.046852	25.047981	25.048931	25.049698	25.050276	25.050659	25.050854	25.050850	25.050659	25.050272	25.049698	25.048931	25.047981	25.046852	25.045542	25.044060	25.042408	25.040600	25.038635	25.036524	25.034275	25.031893	25.029394	25.026779	25.024071	25.021261	25.018379	25.015423	25.012411	25.009348	25.006252	25.003132	
25.003397	25.006783	25.010143	25.013466	25.016737	25.019943	25.023075	25.026119	25.029060	25.031897	25.034609	25.037189	25.039631	25.041924	25.044052	25.046017	25.047808	25.049417	25.050835	25.052063	25.053097	25.053925	25.054550	25.054970	25.055176	25.055180	25.054970	25.054550	25.053925	25.053095	25.052063	25.050838	25.049416	25.047808	25.046019	25.044052	25.041920	25.039631	25.037189	25.034607	25.031893	25.029060	25.026115	25.023075	25.019939	25.016735	25.013466	25.010145	25.006783	25.003399	
25.003651	25.007290	25.010899	25.014471	25.017982	25.021431	25.024796	25.028067	25.031231	25.034275	25.037189	25.039963	25.042587	25.045048	25.047342	25.049450	25.051376	25.053101	25.054630	25.055948	25.057056	25.057949	25.058620	25.059067	25.059296	25.059294	25.059071	25.058620	25.057949	25.057056	25.055950	25.054628	25.053104	25.051374	25.049452	25.047340	25.045048	25.042587	25.039965	25.037189	25.034275	25.031227	25.028065	25.024794	25.021431	25.017982	25.014469	25.010902	25.007290	25.003651	
25.003891	25.007767	25.011618	25.015419	25.019165	25.022839	25.026424	25.029907	25.033279	25.036524	25.039631	25.042587	25.045382	25.048008	25.050446	25.052700	25.054745	25.056589	25.058212	25.059622	25.060802	25.061752	25.062468	25.062946	25.063187	25.063185	25.062944	25.062469	25.061750	25.060802	25.059620	25.058216	25.056587	25.054745	25.052698	25.050446	25.048004	25.045383	25.042587	25.039631	25.036522	25.033279	25.029907	25.026423	25.022837	25.019165	25.015419	25.011616	25.007769	25.003891	
25.004116	25.008221	25.012287	25.016312	25.020271	25.024155	25.027950	25.031637	25.035202	25.038635	25.041920	25.045048	25.048004	25.050781	25.053364	25.055740	25.057913	25.059856	25.061581	25.063066	25.064316	25.065323	25.066078	25.066584	25.066837	25.066837	25.066586	25.066076	25.065321	25.064316	25.063068	25.061577	25.059858	25.057911	25.055740	25.053364	25.050779	25.048004	25.045052	25.041920	25.038637	25.035200	25.031635	25.027946	25.024158	25.020271	25.016312	25.012287	25.008217	25.004116	
25.004328	25.008636	25.012913	25.017139	25.021301	25.025385	25.029371	25.033245	25.036991	25.040600	25.044052	25.047338	25.050446	25.053364	25.056076	25.058578	25.060852	25.062902	25.064711	25.066277	25.067585	25.068644	25.069439	25.069969	25.070236	25.070236	25.069969	25.069439	25.068642	25.067585	25.066273	25.064711	25.062901	25.060852	25.058578	25.056076	25.053360	25.050447	25.047338	25.044056	25.040596	25.036991	25.033243	25.029371	25.025383	25.021305	25.017139	25.012913	25.008635	25.004326	
25.004517	25.009022	25.013487	25.017904	25.022253	25.026516	25.030682	25.034725	25.038643	25.042410	25.046017	25.049450	25.052696	25.055740	25.058578	25.061190	25.063570	25.065708	25.067596	25.069229	25.070602	25.071701	25.072533	25.073090	25.073368	25.073368	25.073088	25.072533	25.071701	25.070601	25.069229	25.067596	25.065704	25.063568	25.061188	25.058577	25.055742	25.052696	25.049452	25.046015	25.042412	25.038639	25.034727	25.030678	25.026516	25.022251	25.017904	25.013485	25.009022	25.004519	
25.004696	25.009371	25.014011	25.018600	25.023117	25.027550	25.031872	25.036077	25.040146	25.044060	25.047806	25.051373	25.054745	25.057911	25.060856	25.063568	25.066040	25.068264	25.070227	25.071922	25.073345	25.074493	25.075356	25.075932	25.076220	25.076221	25.075932	25.075356	25.074492	25.073345	25.071922	25.070225	25.068264	25.066040	25.063568	25.060856	25.057909	25.054745	25.051373	25.047808	25.044060	25.040146	25.036074	25.031876	25.027546	25.023117	25.018599	25.014011	25.009369	25.004694	
25.004852	25.009686	25.014482	25.019226	25.023899	25.028473	25.032946	25.037289	25.041496	25.045542	25.049416	25.053101	25.056589	25.059860	25.062904	25.065708	25.068262	25.070560	25.072590	25.074343	25.075813	25.076996	25.077890	25.078487	25.078785	25.078785	25.078484	25.077888	25.076996	25.075813	25.074341	25.072588	25.070560	25.068260	25.065708	25.062901	25.059858	25.056585	25.053104	25.049412	25.045544	25.041494	25.037292	25.032944	25.028477	25.023891	25.019226	25.014482	25.009686	25.004852	
25.004993	25.009964	25.014898	25.019779	25.024582	25.029295	25.033890	25.038363	25.042686	25.046852	25.050835	25.054630	25.058216	25.061581	25.064713	25.067596	25.070225	25.072590	25.074677	25.076481	25.077993	25.079214	25.080128	25.080746	25.081051	25.081051	25.080742	25.080128	25.079212	25.077991	25.076477	25.074677	25.072590	25.070227	25.067596	25.064713	25.061577	25.058216	25.054626	25.050838	25.046850	25.042690	25.038361	25.033894	25.029291	25.024582	25.019775	25.014902	25.009964	25.004992	
25.005116	25.010206	25.015259	25.020256	25.025177	25.029999	25.034710	25.039288	25.043718	25.047983	25.052067	25.055950	25.059624	25.063068	25.066277	25.069231	25.071924	25.074341	25.076481	25.078327	25.079880	25.081125	25.082066	25.082695	25.083010	25.083008	25.082693	25.082066	25.081127	25.079878	25.078325	25.076481	25.074343	25.071922	25.069229	25.066273	25.063068	25.059620	25.055950	25.052063	25.047985	25.043720	25.039291	25.034710	25.030003	25.025177	25.020258	25.015259	25.010208	25.005114	
25.005215	25.010410	25.015560	25.020657	25.025673	25.030596	25.035397	25.040068	25.044586	25.048933	25.053093	25.057058	25.060801	25.064320	25.067589	25.070602	25.073345	25.075813	25.077995	25.079880	25.081459	25.082733	25.083691	25.084332	25.084652	25.084652	25.084332	25.083691	25.082733	25.081459	25.079878	25.077991	25.075813	25.073345	25.070599	25.067585	25.064316	25.060802	25.057056	25.053097	25.048933	25.044586	25.040066	25.035400	25.030594	25.025677	25.020657	25.015564	25.010408	25.005215	
25.005295	25.010571	25.015804	25.020979	25.026077	25.031071	25.035954	25.040691	25.045280	25.049698	25.053926	25.057947	25.061752	25.065319	25.068644	25.071701	25.074493	25.076996	25.079212	25.081123	25.082733	25.084023	25.084999	25.085648	25.085976	25.085972	25.085648	25.084997	25.084023	25.082733	25.081125	25.079212	25.076996	25.074493	25.071701	25.068642	25.065323	25.061752	25.057949	25.053925	25.049698	25.045280	25.040693	25.035950	25.031075	25.026077	25.020981	25.015804	25.010571	25.005297	
25.005356	25.010693	25.015989	25.021225	25.026375	25.031433	25.036367	25.041168	25.045807	25.050274	25.054550	25.058620	25.062466	25.066080	25.069435	25.072533	25.075352	25.077890	25.080130	25.082066	25.083691	25.084999	25.085983	25.086641	25.086969	25.086971	25.086639	25.085981	25.084999	25.083691	25.082067	25.080128	25.077890	25.075354	25.072533	25.069439	25.066078	25.062469	25.058620	25.054550	25.050272	25.045807	25.041164	25.036367	25.031433	25.026379	25.021225	25.015989	25.010693	25.005358	
25.005398	25.010777	25.016109	25.021385	25.026581	25.031673	25.036648	25.041479	25.046158	25.050659	25.054968	25.059067	25.062946	25.066582	25.069969	25.073090	25.075932	25.078485	25.080746	25.082695	25.084332	25.085648	25.086641	25.087303	25.087637	25.087635	25.087305	25.086643	25.085648	25.084332	25.082695	25.080744	25.078487	25.075932	25.073090	25.069969	25.066584	25.062946	25.059071	25.054966	25.050657	25.046156	25.041477	25.036646	25.031673	25.026581	25.021385	25.016111	25.010775	25.005398	
25.005417	25.010815	25.016172	25.021467	25.026680	25.031794	25.036785	25.041637	25.046333	25.050852	25.055176	25.059296	25.063185	25.066837	25.070236	25.073368	25.076221	25.078785	25.081051	25.083008	25.084652	25.085974	25.086967	25.087635	25.087969	25.087971	25.087637	25.086971	25.085976	25.084654	25.083010	25.081051	25.078785	25.076221	25.073368	25.070236	25.066837	25.063187	25.059294	25.055176	25.050850	25.046329	25.041637	25.036785	25.031792	25.026682	25.021469	25.016172	25.010815	25.005419	
25.005417	25.010815	25.016172	25.021467	25.026680	25.031794	25.036785	25.041637	25.046333	25.050852	25.055176	25.059296	25.063185	25.066837	25.070236	25.073368	25.076221	25.078785	25.081051	25.083008	25.084652	25.085974	25.086967	25.087635	25.087969	25.087971	25.087637	25.086971	25.085976	25.084654	25.083010	25.081051	25.078785	25.076221	25.073368	25.070236	25.066837	25.063187	25.059294	25.055176	25.050850	25.046329	25.041637	25.036785	25.031792	25.026682	25.021469	25.016172	25.010815	25.005419	
25.005398	25.010777	25.016109	25.021385	25.026581	25.031673	25.036648	25.041479	25.046158	25.050659	25.054968	25.059067	25.062946	25.066582	25.069969	25.073090	25.075932	25.078485	25.080746	25.082695	25.084332	25.085648	25.086641	25.087303	25.087637	25.087635	25.087305	25.086643	25.085648	25.084332	25.082695	25.080744	25.078487	25.075932	25.073090	25.069969	25.066584	25.062946	25.059071	25.054966	25.050657	25.046156	25.041477	25.036646	25.031673	25.026581	25.021385	25.016111	25.010775	25.005398	
25.005356	25.010693	25.015989	25.021225	25.026375	25.031433	25.036367	25.041168	25.045807	25.050274	25.054550	25.058620	25.062466	25.066080	25.069435	25.072533	25.075352	25.077890	25.080130	25.082066	25.083691	25.084999	25.085983	25.086641	25.086969	25.086971	25.086639	25.085981	25.084999	25.083691	25.082067	25.080128	25.077890	25.075354	25.072533	25.069439	25.066078	25.062469	25.058620	25.054550	25.050272	25.045807	25.041164	25.036367	25.031433	25.026379	25.021225	25.015989	25.010693	25.005358	
25.005295	25.010571	25.015804	25.020979	25.026077	25.031071	25.035954	25.040691	25.045280	25.049698	25.053926	25.057947	25.061752	25.065319	25.068644	25.071701	25.074493	25.076996	25.079212	25.081123	25.082733	25.084023	25.084999	25.085648	25.085976	25.085972	25.085648	25.084997	25.084023	25.082733	25.081125	25.079212	25.076996	25.074493	25.071701	25.068642	25.065323	25.061752	25.057949	25.053925	25.049698	25.045280	25.040693	25.035950	25.031075	25.026077	25.020981	25.015804	25.010571	25.005297	
25.005215	25.010410	25.015560	25.020657	25.025673	25.030596	25.035397	25.040068	25.044586	25.048933	25.053093	25.057058	25.060801	25.064320	25.067589	25.070602	25.073345	25.075813	25.077995	25.079880	25.081459	25.082733	25.083691	25.084332	25.084652	25.084652	25.084332	25.083691	25.082733	25.081459	25.079878	25.077991	25.075813	25.073345	25.070599	25.067585	25.064316	25.060802	25.057056	25.053097	25.048933	25.044586	25.040066	25.035400	25.030594	25.025677	25.020657	25.015564	25.010408	25.005215	
25.005116	25.010206	25.015259	25.020256	25.025177	25.029999	25.034710	25.039288	25.043718	25.047983	25.052067	25.055950	25.059624	25.063068	25.066277	25.069231	25.071924	25.074341	25.076481	25.078327	25.079880	25.081125	25.082066	25.082695	25.083010	25.083008	25.082693	25.082066	25.081127	25.079878	25.078325	25.076481	25.074343	25.071922	25.069229	25.066273	25.063068	25.059620	25.055950	25.052063	25.047985	25.043720	25.039291	25.034710	25.030003	25.025177	25.020258	25.015259	25.010208	25.005114	
25.004993	25.009964	25.014898	25.019779	25.024582	25.029295	25.033890	25.038363	25.042686	25.046852	25.050835	25.054630	25.058216	25.061581	25.064713	25.067596	25.070225	25.072590	25.074677	25.076481	25.077993	25.079214	25.080128	25.080746	25.081051	25.081051	25.080742	25.080128	25.079212	25.077991	25.076477	25.074677	25.072590	25.070227	25.067596	25.064713	25.061577	25.058216	25.054626	25.050838	25.046850	25.042690	25.038361	25.033894	25.029291	25.024582	25.019775	25.014902	25.009964	25.004992	
25.004852	25.009686	25.014482	25.019226	25.023899	25.028473	25.032946	25.037289	25.041496	25.045542	25.049416	25.053101	25.056589	25.059860	25.062904	25.065708	25.068262	25.070560	25.072590	25.074343	25.075813	25.076996	25.077890	25.078487	25.078785	25.078785	25.078484	25.077888	25.076996	25.075813	25.074341	25.072588	25.070560	25.068260	25.065708	25.062901	25.059858	25.056585	25.053104	25.049412	25.045544	25.041494	25.037292	25.032944	25.028477	25.023891	25.019226	25.014482	25.009686	25.004852	
25.004696	25.009371	25.014011	25.018600	25.023117	25.027550	25.031872	25.036077	25.040146	25.044060	25.047806	25.051373	25.054745	25.057911	25.060856	25.063568	25.066040	25.068264	25.070227	25.071922	25.073345	25.074493	25.075356	25.075932	25.076220	25.076221	25.075932	25.075356	25.074492	25.073345	25.071922	25.070225	25.068264	25.066040	25.063568	25.060856	25.057909	25.054745	25.051373	25.047808	25.044060	25.040146	25.036074	25.031876	25.027546	25.023117	25.018599	25.014011	25.009369	25.004694	
25.004517	25.009022	25.013487	25.017904	25.022253	25.026516	25.030682	25.034725	25.038643	25.042410	25.046017	25.049450	25.052696	25.055740	25.058578	25.061190	25.063570	25.065708	25.067596	25.069229	25.070602	25.071701	25.072533	25.073090	25.073368	25.073368	25.073088	25.072533	25.071701	25.070601	25.069229	25.067596	25.065704	25.063568	25.061188	25.058577	25.055742	25.052696	25.049452	25.046015	25.042412	25.038639	25.034727	25.030678	25.026516	25.022251	25.017904	25.013485	25.009022	25.004519	
25.004328	25.008636	25.012913	25.017139	25.021301	25.025385	25.029371	25.033245	25.036991	25.040600	25.044052	25.047338	25.050446	25.053364	25.056076	25.058578	25.060852	25.062902	25.064711	25.066277	25.067585	25.068644	25.069439	25.069969	25.070236	25.070236	25.069969	25.069439	25.068642	25.067585	25.066273	25.064711	25.062901	25.060852	25.058578	25.056076	25.053360	25.050447	25.047338	25.044056	25.040596	25.036991	25.033243	25.029371	25.025383	25.021305	25.017139	25.012913	25.008635	25.004326	
25.004116	25.008221	25.012287	25.016312	25.020271	25.024155	25.027950	25.031637	25.035202	25.038635	25.041920	25.045048	25.048004	25.050781	25.053364	25.055740	25.057913	25.059856	25.061581	25.063066	25.064316	25.065323	25.066078	25.066584	25.066837	25.066837	25.066586	25.066076	25.065321	25.064316	25.063068	25.061577	25.059858	25.057911	25.055740	25.053364	25.050779	25.048004	25.045052	25.041920	25.038637	25.035200	25.031635	25.027946	25.024158	25.020271	25.016312	25.012287	25.008217	25.004116	
25.003891	25.007767	25.011618	25.015419	25.019165	25.022839	25.026424	25.029907	25.033279	25.036524	25.039631	25.042587	25.045382	25.048008	25.050446	25.052700	25.054745	25.056589	25.058212	25.059622	25.060802	25.061752	25.062468	25.062946	25.063187	25.063185	25.062944	25.062469	25.061750	25.060802	25.059620	25.058216	25.056587	25.054745	25.052698	25.050446	25.048004	25.045383	25.042587	25.039631	25.036522	25.033279	25.029907	25.026423	25.022837	25.019165	25.015419	25.011616	25.007769	25.003891	
25.003651	25.007290	25.010899	25.014471	25.017982	25.021431	25.024796	25.028067	25.031231	25.034275	25.037189	25.039963	25.042587	25.045048	25.047342	25.049450	25.051376	25.053101	25.054630	25.055948	25.057056	25.057949	25.058620	25.059067	25.059296	25.059294	25.059071	25.058620	25.057949	25.057056	25.055950	25.054628	25.053104	25.051374	25.049452	25.047340	25.045048	25.042587	25.039965	25.037189	25.034275	25.031227	25.028065	25.024794	25.021431	25.017982	25.014469	25.010902	25.007290	25.003651	
25.003397	25.006783	25.010143	25.013466	25.016737	25.019943	25.023075	25.026119	25.029060	25.031897	25.034609	25.037189	25.039631	25.041924	25.044052	25.046017	25.047808	25.049417	25.050835	25.052063	25.053097	25.053925	25.054550	25.054970	25.055176	25.055180	25.054970	25.054550	25.053925	25.053095	25.052063	25.050838	25.049416	25.047808	25.046019	25.044052	25.041920	25.039631	25.037189	25.034607	25.031893	25.029060	25.026115	25.023075	25.019939	25.016735	25.013466	25.010145	25.006783	25.003399	
25.003132	25.006252	25.009350	25.012409	25.015423	25.018379	25.021265	25.024069	25.026783	25.029392	25.031895	25.034275	25.036526	25.038635	25.040600	25.042410	25.044060	25.045540	25.046852	25.047981	25.048931	25.049698	25.050276	25.050659	25.050854	25.050850	25.050659	25.050272	25.049698	25.048931	25.047981	25.046852	25.045542	25.044060	25.042408	25.040600	25.038635	25.036524	25.034275	25.031893	25.029394	25.026779	25.024071	25.021261	25.018379	25.015423	25.012411	25.009348	25.006252	25.003132	
25.002853	25.005695	25.008518	25.011305	25.014053	25.016747	25.019375	25.021933	25.024403	25.026783	25.029060	25.031231	25.033279	25.035202	25.036991	25.038643	25.040144	25.041496	25.042688	25.043718	25.044586	25.045284	25.045807	25.046158	25.046331	25.046333	25.046156	25.045807	25.045280	25.044584	25.043718	25.042688	25.041496	25.040144	25.038643	25.036991	25.035202	25.033278	25.031227	25.029060	25.026779	25.024403	25.021929	25.019375	25.016747	25.014053	25.011307	25.008518	25.005695	25.002853	
25.002567	25.005119	25.007656	25.010162	25.012630	25.015049	25.017414	25.019709	25.021933	25.024071	25.026119	25.028065	25.029907	25.031635	25.033245	25.034725	25.036079	25.037289	25.038364	25.039291	25.040068	25.040693	25.041168	25.041481	25.041637	25.041636	25.041481	25.041164	25.040693	25.040066	25.039289	25.038363	25.037292	25.036076	25.034725	25.033243	25.031635	25.029905	25.028065	25.026112	25.024071	25.021929	25.019711	25.017414	25.015049	25.012630	25.010162	25.007654	25.005121	25.002563	
25.002266	25.004524	25.006763	25.008980	25.011158	25.013296	25.015381	25.017414	25.019375	25.021267	25.023073	25.024796	25.026421	25.027950	25.029369	25.030682	25.031872	25.032948	25.033892	25.034710	25.035397	25.035954	25.036369	25.036648	25.036785	25.036785	25.036646	25.036367	25.035950	25.035397	25.034710	25.033894	25.032944	25.031874	25.030680	25.029369	25.027946	25.026423	25.024792	25.023075	25.021263	25.019377	25.017414	25.015385	25.013296	25.011158	25.008978	25.006763	25.004524	25.002266	
25.001961	25.003910	25.005846	25.007759	25.009645	25.011490	25.013294	25.015049	25.016747	25.018379	25.019943	25.021431	25.022839	25.024158	25.025387	25.026516	25.027550	25.028473	25.029295	25.029999	25.030596	25.031073	25.031433	25.031673	25.031796	25.031792	25.031673	25.031433	25.031073	25.030594	25.030001	25.029291	25.028477	25.027546	25.026516	25.025383	25.024157	25.022835	25.021431	25.019939	25.018379	25.016747	25.015049	25.013296	25.011490	25.009644	25.007759	25.005848	25.003908	25.001957	
25.001642	25.003281	25.004906	25.006512	25.008091	25.009644	25.011158	25.012630	25.014053	25.015425	25.016737	25.017982	25.019165	25.020271	25.021303	25.022255	25.023117	25.023895	25.024582	25.025179	25.025673	25.026077	25.026379	25.026581	25.026680	25.026684	25.026581	25.026379	25.026073	25.025675	25.025177	25.024582	25.023895	25.023121	25.022249	25.021305	25.020271	25.019165	25.017982	25.016735	25.015423	25.014053	25.012629	25.011156	25.009644	25.008091	25.006512	25.004906	25.003281	25.001642	
25.001324	25.002640	25.003946	25.005238	25.006512	25.007759	25.008976	25.010160	25.011307	25.012409	25.013466	25.014471	25.015419	25.016312	25.017139	25.017902	25.018600	25.019224	25.019779	25.020256	25.020658	25.020979	25.021225	25.021385	25.021467	25.021469	25.021387	25.021223	25.020981	25.020657	25.020256	25.019775	25.019228	25.018599	25.017906	25.017139	25.016312	25.015419	25.014469	25.013466	25.012409	25.011307	25.010159	25.008976	25.007757	25.006512	25.005238	25.003950	25.002640	25.001324	
25.000996	25.001987	25.002972	25.003946	25.004906	25.005844	25.006762	25.007656	25.008518	25.009350	25.010143	25.010902	25.011618	25.012287	25.012913	25.013489	25.014011	25.014484	25.014900	25.015263	25.015560	25.015806	25.015989	25.016113	25.016172	25.016174	25.016113	25.015991	25.015804	25.015560	25.015259	25.014900	25.014482	25.014015	25.013489	25.012913	25.012285	25.011616	25.010899	25.010143	25.009346	25.008516	25.007654	25.006760	25.005844	25.004902	25.003950	25.002972	25.001991	25.000996	
25.000668	25.001329	25.001987	25.002638	25.003279	25.003908	25.004524	25.005119	25.005697	25.006252	25.006786	25.007290	25.007769	25.008221	25.008633	25.009022	25.009371	25.009687	25.009968	25.010206	25.010410	25.010571	25.010693	25.010777	25.010818	25.010817	25.010777	25.010695	25.010571	25.010406	25.010204	25.009964	25.009687	25.009369	25.009022	25.008635	25.008217	25.007767	25.007290	25.006783	25.006252	25.005695	25.005119	25.004524	25.003906	25.003283	25.002638	25.001991	25.001331	25.000668	
25.000336	25.000666	25.000996	25.001322	25.001642	25.001957	25.002266	25.002565	25.002853	25.003132	25.003399	25.003653	25.003893	25.004116	25.004326	25.004517	25.004694	25.004852	25.004993	25.005114	25.005215	25.005295	25.005358	25.005398	25.005421	25.005419	25.005398	25.005360	25.005295	25.005213	25.005112	25.004992	25.004852	25.004696	25.004519	25.004326	25.004116	25.003891	25.003651	25.003397	25.003132	25.002853	25.002563	25.002266	25.001959	25.001644	25.001324	25.000996	25.000668	25.000334	
