25.002121	25.004232	25.006327	25.008400	25.010441	25.012440	25.014393	25.016294	25.018129	25.019901	25.021591	25.023203	25.024727	25.026157	25.027485	25.028711	25.029829	25.030832	25.031719	25.032486	25.033127	25.033646	25.034037	25.034296	25.034428	25.034428	25.034298	25.034035	25.033646	25.033129	25.032484	25.031719	25.030830	25.029829	25.028713	25.027485	25.026155	25.024727	25.023205	25.021591	25.019899	25.018131	25.016293	25.014395	25.012442	25.010441	25.008400	25.006329	25.004230	25.002121	
25.004234	25.008448	25.012632	25.016768	25.020844	25.024834	25.028734	25.032524	25.036194	25.039722	25.043102	25.046318	25.049358	25.052212	25.054867	25.057314	25.059544	25.061546	25.063316	25.064846	25.066132	25.067165	25.067944	25.068464	25.068724	25.068724	25.068462	25.067944	25.067165	25.066132	25.064848	25.063316	25.061550	25.059544	25.057314	25.054867	25.052212	25.049358	25.046318	25.043102	25.039722	25.036194	25.032528	25.028736	25.024836	25.020842	25.016768	25.012634	25.008448	25.004232	
25.006329	25.012634	25.018887	25.025074	25.031162	25.037136	25.042965	25.048634	25.054115	25.059399	25.064447	25.069258	25.073803	25.078072	25.082039	25.085699	25.089031	25.092030	25.094675	25.096962	25.098885	25.100428	25.101593	25.102371	25.102760	25.102758	25.102369	25.101593	25.100430	25.098885	25.096964	25.094677	25.092030	25.089033	25.085701	25.082039	25.078072	25.073803	25.069256	25.064449	25.059397	25.054119	25.048634	25.042965	25.037136	25.031162	25.025074	25.018887	25.012632	25.006329	
25.008400	25.016769	25.025074	25.033283	25.041370	25.049294	25.057034	25.064554	25.071838	25.078842	25.085552	25.091934	25.097969	25.103632	25.108902	25.113758	25.118183	25.122158	25.125675	25.128710	25.131260	25.133312	25.134855	25.135889	25.136406	25.136406	25.135887	25.134853	25.133310	25.131260	25.128712	25.125675	25.122162	25.118185	25.113758	25.108902	25.103630	25.097969	25.091936	25.085552	25.078846	25.071838	25.064560	25.057037	25.049294	25.041368	25.033283	25.025074	25.016768	25.008400	
25.010441	25.020844	25.031162	25.041368	25.051413	25.061268	25.070885	25.080238	25.089283	25.097992	25.106329	25.114264	25.121761	25.128799	25.135351	25.141388	25.146885	25.151831	25.156197	25.159973	25.163139	25.165688	25.167608	25.168892	25.169537	25.169535	25.168892	25.167606	25.165688	25.163139	25.159971	25.156197	25.151833	25.146887	25.141388	25.135351	25.128803	25.121763	25.114262	25.106331	25.097994	25.089285	25.080238	25.070889	25.061268	25.051414	25.041367	25.031162	25.020842	25.010441	
25.012444	25.024834	25.037136	25.049292	25.061268	25.073002	25.084469	25.095612	25.106392	25.116770	25.126705	25.136158	25.145096	25.153481	25.161287	25.168480	25.175034	25.180923	25.186129	25.190626	25.194401	25.197437	25.199724	25.201256	25.202023	25.202021	25.201254	25.199722	25.197437	25.194399	25.190624	25.186127	25.180923	25.175034	25.168480	25.161289	25.153481	25.145096	25.136156	25.126705	25.116772	25.106392	25.095612	25.084473	25.073006	25.061268	25.049294	25.037134	25.024836	25.012442	
25.014397	25.028736	25.042965	25.057035	25.070885	25.084469	25.097731	25.110626	25.123096	25.135103	25.146599	25.157536	25.167877	25.177580	25.186611	25.194935	25.202515	25.209332	25.215351	25.220556	25.224922	25.228436	25.231083	25.232853	25.233740	25.233742	25.232853	25.231083	25.228436	25.224924	25.220554	25.215351	25.209332	25.202517	25.194933	25.186611	25.177582	25.167877	25.157536	25.146599	25.135103	25.123096	25.110626	25.097733	25.084471	25.070885	25.057034	25.042965	25.028732	25.014397	
25.016296	25.032524	25.048634	25.064556	25.080238	25.095610	25.110624	25.125217	25.139336	25.152925	25.165936	25.178318	25.190022	25.201006	25.211227	25.220648	25.229233	25.236946	25.243759	25.249649	25.254593	25.258570	25.261566	25.263569	25.264572	25.264572	25.263569	25.261566	25.258568	25.254593	25.249651	25.243759	25.236944	25.229229	25.220650	25.211227	25.201008	25.190022	25.178316	25.165936	25.152927	25.139336	25.125217	25.110626	25.095613	25.080238	25.064556	25.048632	25.032526	25.016293	
25.018131	25.036194	25.054117	25.071836	25.089283	25.106392	25.123096	25.139336	25.155045	25.170166	25.184645	25.198421	25.211445	25.223667	25.235043	25.245525	25.255077	25.263660	25.271244	25.277798	25.283297	25.287724	25.291054	25.293283	25.294403	25.294403	25.293285	25.291058	25.287724	25.283298	25.277798	25.271242	25.263660	25.255075	25.245523	25.235043	25.223667	25.211447	25.198421	25.184647	25.170170	25.155046	25.139334	25.123096	25.106392	25.089283	25.071835	25.054117	25.036192	25.018131	
25.019897	25.039722	25.059395	25.078842	25.097992	25.116768	25.135101	25.152924	25.170166	25.186764	25.202652	25.217773	25.232069	25.245483	25.257965	25.269470	25.279953	25.289375	25.297695	25.304890	25.310926	25.315784	25.319439	25.321892	25.323116	25.323118	25.321890	25.319445	25.315784	25.310928	25.304890	25.297697	25.289371	25.279951	25.269470	25.257965	25.245483	25.232067	25.217775	25.202654	25.186768	25.170166	25.152927	25.135101	25.116768	25.097992	25.078842	25.059395	25.039722	25.019897	
25.021591	25.043100	25.064449	25.085548	25.106327	25.126701	25.146595	25.165936	25.184643	25.202652	25.219893	25.236300	25.251812	25.266365	25.279911	25.292395	25.303770	25.313992	25.323025	25.330826	25.337379	25.342648	25.346619	25.349274	25.350605	25.350603	25.349274	25.346619	25.342649	25.337376	25.330826	25.323021	25.313990	25.303768	25.292393	25.279913	25.266365	25.251812	25.236301	25.219896	25.202652	25.184645	25.165934	25.146595	25.126701	25.106327	25.085548	25.064449	25.043098	25.021591	
25.023201	25.046318	25.069256	25.091932	25.114260	25.136154	25.157532	25.178314	25.198418	25.217772	25.236298	25.253929	25.270597	25.286240	25.300793	25.314209	25.326431	25.337420	25.347122	25.355511	25.362547	25.368214	25.372478	25.375334	25.376759	25.376766	25.375332	25.372482	25.368214	25.362549	25.355511	25.347122	25.337418	25.326431	25.314211	25.300793	25.286240	25.270596	25.253933	25.236300	25.217775	25.198418	25.178318	25.157534	25.136156	25.114258	25.091932	25.069256	25.046318	25.023201	
25.024727	25.049355	25.073801	25.097965	25.121761	25.145090	25.167873	25.190018	25.211443	25.232063	25.251808	25.270596	25.288357	25.305025	25.320538	25.334833	25.347858	25.359562	25.369907	25.378841	25.386347	25.392380	25.396927	25.399967	25.401493	25.401489	25.399969	25.396927	25.392384	25.386345	25.378845	25.369905	25.359562	25.347858	25.334831	25.320538	25.305027	25.288359	25.270596	25.251812	25.232065	25.211445	25.190018	25.167873	25.145092	25.121761	25.097967	25.073803	25.049356	25.024725	
25.026154	25.052210	25.078064	25.103630	25.128798	25.153477	25.177574	25.201002	25.223663	25.245480	25.266363	25.286236	25.305027	25.322655	25.339064	25.354187	25.367962	25.380348	25.391285	25.400743	25.408674	25.415062	25.419868	25.423088	25.424698	25.424698	25.423086	25.419872	25.415062	25.408678	25.400742	25.391285	25.380348	25.367964	25.354187	25.339066	25.322659	25.305025	25.286240	25.266361	25.245481	25.223663	25.201004	25.177576	25.153481	25.128798	25.103630	25.078068	25.052212	25.026154	
25.027483	25.054863	25.082039	25.108898	25.135345	25.161282	25.186607	25.211222	25.235039	25.257961	25.279907	25.300791	25.320534	25.339062	25.356304	25.372194	25.386677	25.399687	25.411182	25.421116	25.429459	25.436163	25.441221	25.444599	25.446295	25.446293	25.444603	25.441219	25.436169	25.429459	25.421120	25.411182	25.399685	25.386677	25.372196	25.356308	25.339064	25.320538	25.300793	25.279911	25.257961	25.235039	25.211222	25.186607	25.161282	25.135349	25.108900	25.082039	25.054865	25.027485	
25.028709	25.057312	25.085693	25.113754	25.141382	25.168476	25.194927	25.220642	25.245518	25.269466	25.292389	25.314205	25.334827	25.354183	25.372192	25.388794	25.403917	25.417511	25.429520	25.439899	25.448608	25.455620	25.460896	25.464428	25.466194	25.466196	25.464428	25.460899	25.455618	25.448610	25.439899	25.429520	25.417511	25.403919	25.388798	25.372196	25.354187	25.334831	25.314207	25.292389	25.269466	25.245520	25.220642	25.194927	25.168476	25.141384	25.113756	25.085697	25.057312	25.028709	
25.029825	25.059540	25.089027	25.118179	25.146883	25.175028	25.202511	25.229223	25.255070	25.279945	25.303761	25.326426	25.347853	25.367958	25.386671	25.403915	25.419628	25.433750	25.446226	25.457008	25.466061	25.473339	25.478825	25.482491	25.484331	25.484327	25.482494	25.478825	25.473343	25.466059	25.457010	25.446228	25.433750	25.419632	25.403919	25.386677	25.367962	25.347857	25.326429	25.303764	25.279947	25.255070	25.229225	25.202511	25.175028	25.146885	25.118179	25.089029	25.059542	25.029827	
25.030830	25.061543	25.092022	25.122156	25.151823	25.180918	25.209324	25.236937	25.263649	25.289368	25.313984	25.337410	25.359554	25.380341	25.399681	25.417507	25.433748	25.448347	25.461241	25.472387	25.481739	25.489267	25.494934	25.498728	25.500628	25.500629	25.498726	25.494936	25.489267	25.481743	25.472389	25.461243	25.448349	25.433752	25.417511	25.399685	25.380344	25.359558	25.337412	25.313984	25.289368	25.263653	25.236938	25.209324	25.180920	25.151825	25.122156	25.092026	25.061543	25.030830	
25.031715	25.063313	25.094671	25.125668	25.156189	25.186119	25.215343	25.243748	25.271235	25.297688	25.323013	25.347113	25.369898	25.391277	25.411179	25.429512	25.446224	25.461239	25.474506	25.485973	25.495596	25.503338	25.509171	25.513069	25.515026	25.515024	25.513069	25.509171	25.503338	25.495598	25.485975	25.474508	25.461243	25.446228	25.429516	25.411179	25.391281	25.369900	25.347115	25.323015	25.297689	25.271236	25.243752	25.215343	25.186119	25.156191	25.125668	25.094669	25.063314	25.031715	
25.032482	25.064842	25.096958	25.128704	25.159964	25.190617	25.220547	25.249640	25.277786	25.304882	25.330818	25.355501	25.378836	25.400734	25.421112	25.439892	25.457005	25.472385	25.485970	25.497715	25.507570	25.515499	25.521473	25.525469	25.527468	25.527470	25.525467	25.521473	25.515501	25.507572	25.497719	25.485973	25.472387	25.457008	25.439896	25.421114	25.400738	25.378838	25.355503	25.330818	25.304882	25.277788	25.249641	25.220547	25.190617	25.159966	25.128704	25.096958	25.064844	25.032486	
25.033127	25.066124	25.098877	25.131252	25.163132	25.194389	25.224915	25.254581	25.283287	25.310917	25.337368	25.362541	25.386337	25.408669	25.429451	25.448601	25.466053	25.481737	25.495594	25.507568	25.517618	25.525705	25.531799	25.535870	25.537912	25.537910	25.535873	25.531799	25.525707	25.517622	25.507572	25.495596	25.481739	25.466057	25.448605	25.429451	25.408669	25.386337	25.362541	25.337368	25.310917	25.283287	25.254581	25.224915	25.194389	25.163132	25.131254	25.098877	25.066128	25.033127	
25.033642	25.067162	25.100422	25.133303	25.165678	25.197426	25.228426	25.258560	25.287712	25.315773	25.342638	25.368204	25.392370	25.415052	25.436157	25.455608	25.473335	25.489262	25.503334	25.515499	25.525703	25.533916	25.540104	25.544243	25.546314	25.546314	25.544241	25.540106	25.533920	25.525707	25.515501	25.503338	25.489265	25.473335	25.455612	25.436159	25.415054	25.392374	25.368202	25.342640	25.315775	25.287712	25.258560	25.228428	25.197428	25.165680	25.133305	25.100422	25.067162	25.033646	
25.034035	25.067936	25.101585	25.134848	25.167599	25.199715	25.231071	25.261555	25.291046	25.319433	25.346609	25.372471	25.396915	25.419861	25.441212	25.460890	25.478819	25.494932	25.509167	25.521469	25.531796	25.540104	25.546364	25.550549	25.552647	25.552643	25.550549	25.546362	25.540104	25.531799	25.521473	25.509169	25.494934	25.478821	25.460892	25.441216	25.419863	25.396919	25.372471	25.346607	25.319435	25.291046	25.261555	25.231073	25.199713	25.167599	25.134848	25.101585	25.067940	25.034035	
25.034294	25.068459	25.102364	25.135880	25.168880	25.201244	25.232841	25.263557	25.293274	25.321880	25.349264	25.375320	25.399958	25.423077	25.444592	25.464420	25.482487	25.498722	25.513065	25.525465	25.535870	25.544241	25.550549	25.554768	25.556879	25.556877	25.554764	25.550549	25.544241	25.535872	25.525467	25.513069	25.498726	25.482491	25.464422	25.444593	25.423080	25.399961	25.375324	25.349266	25.321880	25.293276	25.263557	25.232841	25.201244	25.168882	25.135880	25.102364	25.068460	25.034294	
25.034424	25.068718	25.102753	25.136398	25.169525	25.202011	25.233730	25.264561	25.294392	25.323105	25.350592	25.376751	25.401482	25.424688	25.446285	25.466190	25.484325	25.500622	25.515022	25.527466	25.537910	25.546314	25.552647	25.556877	25.558998	25.559000	25.556879	25.552645	25.546314	25.537910	25.527466	25.515022	25.500624	25.484325	25.466190	25.446287	25.424690	25.401485	25.376755	25.350594	25.323105	25.294392	25.264563	25.233730	25.202009	25.169525	25.136398	25.102753	25.068720	25.034428	
25.034424	25.068718	25.102753	25.136398	25.169525	25.202011	25.233730	25.264561	25.294392	25.323105	25.350592	25.376751	25.401482	25.424688	25.446285	25.466190	25.484325	25.500622	25.515022	25.527466	25.537910	25.546314	25.552647	25.556877	25.558998	25.559000	25.556879	25.552645	25.546314	25.537910	25.527466	25.515022	25.500624	25.484325	25.466190	25.446287	25.424690	25.401485	25.376755	25.350594	25.323105	25.294392	25.264563	25.233730	25.202009	25.169525	25.136398	25.102753	25.068720	25.034428	
25.034294	25.068459	25.102364	25.135880	25.168880	25.201244	25.232841	25.263557	25.293274	25.321880	25.349264	25.375320	25.399958	25.423077	25.444592	25.464420	25.482487	25.498722	25.513065	25.525465	25.535870	25.544241	25.550549	25.554768	25.556879	25.556877	25.554764	25.550549	25.544241	25.535872	25.525467	25.513069	25.498726	25.482491	25.464422	25.444593	25.423080	25.399961	25.375324	25.349266	25.321880	25.293276	25.263557	25.232841	25.201244	25.168882	25.135880	25.102364	25.068460	25.034294	
25.034035	25.067936	25.101585	25.134848	25.167599	25.199715	25.231071	25.261555	25.291046	25.319433	25.346609	25.372471	25.396915	25.419861	25.441212	25.460890	25.478819	25.494932	25.509167	25.521469	25.531796	25.540104	25.546364	25.550549	25.552647	25.552643	25.550549	25.546362	25.540104	25.531799	25.521473	25.509169	25.494934	25.478821	25.460892	25.441216	25.419863	25.396919	25.372471	25.346607	25.319435	25.291046	25.261555	25.231073	25.199713	25.167599	25.134848	25.101585	25.067940	25.034035	
25.033642	25.067162	25.100422	25.133303	25.165678	25.197426	25.228426	25.258560	25.287712	25.315773	25.342638	25.368204	25.392370	25.415052	25.436157	25.455608	25.473335	25.489262	25.503334	25.515499	25.525703	25.533916	25.540104	25.544243	25.546314	25.546314	25.544241	25.540106	25.533920	25.525707	25.515501	25.503338	25.489265	25.473335	25.455612	25.436159	25.415054	25.392374	25.368202	25.342640	25.315775	25.287712	25.258560	25.228428	25.197428	25.165680	25.133305	25.100422	25.067162	25.033646	
25.033127	25.066124	25.098877	25.131252	25.163132	25.194389	25.224915	25.254581	25.283287	25.310917	25.337368	25.362541	25.386337	25.408669	25.429451	25.448601	25.466053	25.481737	25.495594	25.507568	25.517618	25.525705	25.531799	25.535870	25.537912	25.537910	25.535873	25.531799	25.525707	25.517622	25.507572	25.495596	25.481739	25.466057	25.448605	25.429451	25.408669	25.386337	25.362541	25.337368	25.310917	25.283287	25.254581	25.224915	25.194389	25.163132	25.131254	25.098877	25.066128	25.033127	
25.032482	25.064842	25.096958	25.128704	25.159964	25.190617	25.220547	25.249640	25.277786	25.304882	25.330818	25.355501	25.378836	25.400734	25.421112	25.439892	25.457005	25.472385	25.485970	25.497715	25.507570	25.515499	25.521473	25.525469	25.527468	25.527470	25.525467	25.521473	25.515501	25.507572	25.497719	25.485973	25.472387	25.457008	25.439896	25.421114	25.400738	25.378838	25.355503	25.330818	25.304882	25.277788	25.249641	25.220547	25.190617	25.159966	25.128704	25.096958	25.064844	25.032486	
25.031715	25.063313	25.094671	25.125668	25.156189	25.186119	25.215343	25.243748	25.271235	25.297688	25.323013	25.347113	25.369898	25.391277	25.411179	25.429512	25.446224	25.461239	25.474506	25.485973	25.495596	25.503338	25.509171	25.513069	25.515026	25.515024	25.513069	25.509171	25.503338	25.495598	25.485975	25.474508	25.461243	25.446228	25.429516	25.411179	25.391281	25.369900	25.347115	25.323015	25.297689	25.271236	25.243752	25.215343	25.186119	25.156191	25.125668	25.094669	25.063314	25.031715	
25.030830	25.061543	25.092022	25.122156	25.151823	25.180918	25.209324	25.236937	25.263649	25.289368	25.313984	25.337410	25.359554	25.380341	25.399681	25.417507	25.433748	25.448347	25.461241	25.472387	25.481739	25.489267	25.494934	25.498728	25.500628	25.500629	25.498726	25.494936	25.489267	25.481743	25.472389	25.461243	25.448349	25.433752	25.417511	25.399685	25.380344	25.359558	25.337412	25.313984	25.289368	25.263653	25.236938	25.209324	25.180920	25.151825	25.122156	25.092026	25.061543	25.030830	
25.029825	25.059540	25.089027	25.118179	25.146883	25.175028	25.202511	25.229223	25.255070	25.279945	25.303761	25.326426	25.347853	25.367958	25.386671	25.403915	25.419628	25.433750	25.446226	25.457008	25.466061	25.473339	25.478825	25.482491	25.484331	25.484327	25.482494	25.478825	25.473343	25.466059	25.457010	25.446228	25.433750	25.419632	25.403919	25.386677	25.367962	25.347857	25.326429	25.303764	25.279947	25.255070	25.229225	25.202511	25.175028	25.146885	25.118179	25.089029	25.059542	25.029827	
25.028709	25.057312	25.085693	25.113754	25.141382	25.168476	25.194927	25.220642	25.245518	25.269466	25.292389	25.314205	25.334827	25.354183	25.372192	25.388794	25.403917	25.417511	25.429520	25.439899	25.448608	25.455620	25.460896	25.464428	25.466194	25.466196	25.464428	25.460899	25.455618	25.448610	25.439899	25.429520	25.417511	25.403919	25.388798	25.372196	25.354187	25.334831	25.314207	25.292389	25.269466	25.245520	25.220642	25.194927	25.168476	25.141384	25.113756	25.085697	25.057312	25.028709	
25.027483	25.054863	25.082039	25.108898	25.135345	25.161282	25.186607	25.211222	25.235039	25.257961	25.279907	25.300791	25.320534	25.339062	25.356304	25.372194	25.386677	25.399687	25.411182	25.421116	25.429459	25.436163	25.441221	25.444599	25.446295	25.446293	25.444603	25.441219	25.436169	25.429459	25.421120	25.411182	25.399685	25.386677	25.372196	25.356308	25.339064	25.320538	25.300793	25.279911	25.257961	25.235039	25.211222	25.186607	25.161282	25.135349	25.108900	25.082039	25.054865	25.027485	
25.026154	25.052210	25.078064	25.103630	25.128798	25.153477	25.177574	25.201002	25.223663	25.245480	25.266363	25.286236	25.305027	25.322655	25.339064	25.354187	25.367962	25.380348	25.391285	25.400743	25.408674	25.415062	25.419868	25.423088	25.424698	25.424698	25.423086	25.419872	25.415062	25.408678	25.400742	25.391285	25.380348	25.367964	25.354187	25.339066	25.322659	25.305025	25.286240	25.266361	25.245481	25.223663	25.201004	25.177576	25.153481	25.128798	25.103630	25.078068	25.052212	25.026154	
25.024727	25.049355	25.073801	25.097965	25.121761	25.145090	25.167873	25.190018	25.211443	25.232063	25.251808	25.270596	25.288357	25.305025	25.320538	25.334833	25.347858	25.359562	25.369907	25.378841	25.386347	25.392380	25.396927	25.399967	25.401493	25.401489	25.399969	25.396927	25.392384	25.386345	25.378845	25.369905	25.359562	25.347858	25.334831	25.320538	25.305027	25.288359	25.270596	25.251812	25.232065	25.211445	25.190018	25.167873	25.145092	25.121761	25.097967	25.073803	25.049356	25.024725	
25.023201	25.046318	25.069256	25.091932	25.114260	25.136154	25.157532	25.178314	25.198418	25.217772	25.236298	25.253929	25.270597	25.286240	25.300793	25.314209	25.326431	25.337420	25.347122	25.355511	25.362547	25.368214	25.372478	25.375334	25.376759	25.376766	25.375332	25.372482	25.368214	25.362549	25.355511	25.347122	25.337418	25.326431	25.314211	25.300793	25.286240	25.270596	25.253933	25.236300	25.217775	25.198418	25.178318	25.157534	25.136156	25.114258	25.091932	25.069256	25.046318	25.023201	
25.021591	25.043100	25.064449	25.085548	25.106327	25.126701	25.146595	25.165936	25.184643	25.202652	25.219893	25.236300	25.251812	25.266365	25.279911	25.292395	25.303770	25.313992	25.323025	25.330826	25.337379	25.342648	25.346619	25.349274	25.350605	25.350603	25.349274	25.346619	25.342649	25.337376	25.330826	25.323021	25.313990	25.303768	25.292393	25.279913	25.266365	25.251812	25.236301	25.219896	25.202652	25.184645	25.165934	25.146595	25.126701	25.106327	25.085548	25.064449	25.043098	25.021591	
25.019897	25.039722	25.059395	25.078842	25.097992	25.116768	25.135101	25.152924	25.170166	25.186764	25.202652	25.217773	25.232069	25.245483	25.257965	25.269470	25.279953	25.289375	25.297695	25.304890	25.310926	25.315784	25.319439	25.321892	25.323116	25.323118	25.321890	25.319445	25.315784	25.310928	25.304890	25.297697	25.289371	25.279951	25.269470	25.257965	25.245483	25.232067	25.217775	25.202654	25.186768	25.170166	25.152927	25.135101	25.116768	25.097992	25.078842	25.059395	25.039722	25.019897	
25.018131	25.036194	25.054117	25.071836	25.089283	25.106392	25.123096	25.139336	25.155045	25.170166	25.184645	25.198421	25.211445	25.223667	25.235043	25.245525	25.255077	25.263660	25.271244	25.277798	25.283297	25.287724	25.291054	25.293283	25.294403	25.294403	25.293285	25.291058	25.287724	25.283298	25.277798	25.271242	25.263660	25.255075	25.245523	25.235043	25.223667	25.211447	25.198421	25.184647	25.170170	25.155046	25.139334	25.123096	25.106392	25.089283	25.071835	25.054117	25.036192	25.018131	
25.016296	25.032524	25.048634	25.064556	25.080238	25.095610	25.110624	25.125217	25.139336	25.152925	25.165936	25.178318	25.190022	25.201006	25.211227	25.220648	25.229233	25.236946	25.243759	25.249649	25.254593	25.258570	25.261566	25.263569	25.264572	25.264572	25.263569	25.261566	25.258568	25.254593	25.249651	25.243759	25.236944	25.229229	25.220650	25.211227	25.201008	25.190022	25.178316	25.165936	25.152927	25.139336	25.125217	25.110626	25.095613	25.080238	25.064556	25.048632	25.032526	25.016293	
25.014397	25.028736	25.042965	25.057035	25.070885	25.084469	25.097731	25.110626	25.123096	25.135103	25.146599	25.157536	25.167877	25.177580	25.186611	25.194935	25.202515	25.209332	25.215351	25.220556	25.224922	25.228436	25.231083	25.232853	25.233740	25.233742	25.232853	25.231083	25.228436	25.224924	25.220554	25.215351	25.209332	25.202517	25.194933	25.186611	25.177582	25.167877	25.157536	25.146599	25.135103	25.123096	25.110626	25.097733	25.084471	25.070885	25.057034	25.042965	25.028732	25.014397	
25.012444	25.024834	25.037136	25.049292	25.061268	25.073002	25.084469	25.095612	25.106392	25.116770	25.126705	25.136158	25.145096	25.153481	25.161287	25.168480	25.175034	25.180923	25.186129	25.190626	25.194401	25.197437	25.199724	25.201256	25.202023	25.202021	25.201254	25.199722	25.197437	25.194399	25.190624	25.186127	25.180923	25.175034	25.168480	25.161289	25.153481	25.145096	25.136156	25.126705	25.116772	25.106392	25.095612	25.084473	25.073006	25.061268	25.049294	25.037134	25.024836	25.012442	
25.010441	25.020844	25.031162	25.041368	25.051413	25.061268	25.070885	25.080238	25.089283	25.097992	25.106329	25.114264	25.121761	25.128799	25.135351	25.141388	25.146885	25.151831	25.156197	25.159973	25.163139	25.165688	25.167608	25.168892	25.169537	25.169535	25.168892	25.167606	25.165688	25.163139	25.159971	25.156197	25.151833	25.146887	25.141388	25.135351	25.128803	25.121763	25.114262	25.106331	25.097994	25.089285	25.080238	25.070889	25.061268	25.051414	25.041367	25.031162	25.020842	25.010441	
25.008400	25.016769	25.025074	25.033283	25.041370	25.049294	25.057034	25.064554	25.071838	25.078842	25.085552	25.091934	25.097969	25.103632	25.108902	25.113758	25.118183	25.122158	25.125675	25.128710	25.131260	25.133312	25.134855	25.135889	25.136406	25.136406	25.135887	25.134853	25.133310	25.131260	25.128712	25.125675	25.122162	25.118185	25.113758	25.108902	25.103630	25.097969	25.091936	25.085552	25.078846	25.071838	25.064560	25.057037	25.049294	25.041368	25.033283	25.025074	25.016768	25.008400	
25.006329	25.012634	25.018887	25.025074	25.031162	25.037136	25.042965	25.048634	25.054115	25.059399	25.064447	25.069258	25.073803	25.078072	25.082039	25.085699	25.089031	25.092030	25.094675	25.096962	25.098885	25.100428	25.101593	25.102371	25.102760	25.102758	25.102369	25.101593	25.100430	25.098885	25.096964	25.094677	25.092030	25.089033	25.085701	25.082039	25.078072	25.073803	25.069256	25.064449	25.059397	25.054119	25.048634	25.042965	25.037136	25.031162	25.025074	25.018887	25.012632	25.006329	
25.004234	25.008448	25.012632	25.016768	25.020844	25.024834	25.028734	25.032524	25.036194	25.039722	25.043102	25.046318	25.049358	25.052212	25.054867	25.057314	25.059544	25.061546	25.063316	25.064846	25.066132	25.067165	25.067944	25.068464	25.068724	25.068724	25.068462	25.067944	25.067165	25.066132	25.064848	25.063316	25.061550	25.059544	25.057314	25.054867	25.052212	25.049358	25.046318	25.043102	25.039722	25.036194	25.032528	25.028736	25.024836	25.020842	25.016768	25.012634	25.008448	25.004232	
25.002121	25.004232	25.006327	25.008400	25.010441	25.012440	25.014393	25.016294	25.018129	25.019901	25.021591	25.023203	25.024727	25.026157	25.027485	25.028711	25.029829	25.030832	25.031719	25.032486	25.033127	25.033646	25.034037	25.034296	25.034428	25.034428	25.034298	25.034035	25.033646	25.033129	25.032484	25.031719	25.030830	25.029829	25.028713	25.027485	25.026155	25.024727	25.023205	25.021591	25.019899	25.018131	25.016293	25.014395	25.012442	25.010441	25.008400	25.006329	25.004230	25.002121	
