25.005848	25.011677	25.017462	25.023178	25.028816	25.034340	25.039745	25.044991	25.050083	25.054972	25.059675	25.064135	25.068373	25.072334	25.076042	25.079445	25.082563	25.085352	25.087831	25.089966	25.091764	25.093208	25.094299	25.095026	25.095392	25.095394	25.095028	25.094299	25.093208	25.091766	25.089966	25.087831	25.085354	25.082561	25.079447	25.076042	25.072338	25.068371	25.064135	25.059673	25.054974	25.050083	25.044991	25.039745	25.034338	25.028816	25.023178	25.017464	25.011675	25.005848	
25.011675	25.023312	25.034855	25.046280	25.057518	25.068562	25.079330	25.089830	25.099966	25.109760	25.119112	25.128052	25.136473	25.144417	25.151787	25.158611	25.164806	25.170403	25.175327	25.179607	25.183184	25.186075	25.188248	25.189705	25.190434	25.190434	25.189707	25.188248	25.186077	25.183186	25.179607	25.175331	25.170404	25.164806	25.158611	25.151789	25.144417	25.136477	25.128050	25.119110	25.109758	25.099966	25.089828	25.079330	25.068562	25.057518	25.046280	25.034851	25.023312	25.011675	
25.017460	25.034855	25.052128	25.069195	25.086025	25.102512	25.118649	25.134308	25.149508	25.164108	25.178141	25.191458	25.204105	25.215935	25.227001	25.237162	25.246468	25.254799	25.262199	25.268570	25.273941	25.278248	25.281507	25.283680	25.284771	25.284771	25.283676	25.281509	25.278248	25.273945	25.268570	25.262199	25.254801	25.246468	25.237164	25.227001	25.215939	25.204107	25.191460	25.178141	25.164108	25.149508	25.134308	25.118649	25.102509	25.086025	25.069193	25.052128	25.034851	25.017460	
25.023178	25.046280	25.069195	25.091877	25.114187	25.136112	25.157490	25.178333	25.198454	25.217897	25.236462	25.254208	25.270933	25.286705	25.301331	25.314880	25.327181	25.338293	25.348070	25.356567	25.363667	25.369408	25.373714	25.376610	25.378054	25.378052	25.376610	25.373714	25.369408	25.363665	25.356567	25.348070	25.338293	25.327183	25.314880	25.301332	25.286705	25.270933	25.254208	25.236462	25.217897	25.198454	25.178331	25.157492	25.136114	25.114185	25.091873	25.069191	25.046278	25.023178	
25.028816	25.057518	25.086025	25.114187	25.141964	25.169167	25.195801	25.221642	25.246729	25.270817	25.293976	25.315950	25.336826	25.356346	25.374607	25.391375	25.406738	25.420483	25.432697	25.443207	25.452074	25.459179	25.464556	25.468140	25.469940	25.469940	25.468136	25.464560	25.459177	25.452076	25.443207	25.432697	25.420485	25.406738	25.391376	25.374607	25.356348	25.336824	25.315952	25.293976	25.270817	25.246725	25.221642	25.195799	25.169168	25.141964	25.114185	25.086023	25.057518	25.028816	
25.034340	25.068562	25.102510	25.136114	25.169170	25.201653	25.233322	25.264198	25.294010	25.322817	25.350319	25.376610	25.401386	25.424753	25.446423	25.466496	25.484718	25.501181	25.515667	25.528252	25.538769	25.547276	25.553658	25.557943	25.560083	25.560081	25.557945	25.553654	25.547279	25.538769	25.528254	25.515663	25.501179	25.484715	25.466494	25.446421	25.424749	25.401386	25.376606	25.350321	25.322813	25.294014	25.264198	25.233322	25.201651	25.169167	25.136112	25.102509	25.068562	25.034340	
25.039745	25.079330	25.118649	25.157490	25.195801	25.233322	25.270052	25.305695	25.340294	25.373520	25.405460	25.435770	25.464558	25.491486	25.516670	25.539797	25.560980	25.579945	25.596785	25.611282	25.623512	25.633310	25.640730	25.645668	25.648151	25.648155	25.645664	25.640730	25.633308	25.623512	25.611280	25.596788	25.579941	25.560982	25.539795	25.516670	25.491484	25.464556	25.435772	25.405457	25.373524	25.340290	25.305695	25.270050	25.233320	25.195797	25.157490	25.118645	25.079330	25.039743	
25.044991	25.089828	25.134308	25.178333	25.221642	25.264198	25.305695	25.346146	25.385210	25.422943	25.458984	25.493423	25.525890	25.556501	25.584892	25.611193	25.635067	25.656635	25.675615	25.692104	25.705885	25.717030	25.725391	25.731009	25.733810	25.733810	25.731010	25.725389	25.717030	25.705885	25.692106	25.675613	25.656637	25.635065	25.611193	25.584892	25.556499	25.525890	25.493423	25.458984	25.422943	25.385208	25.346146	25.305693	25.264196	25.221642	25.178329	25.134306	25.089830	25.044991	
25.050083	25.099964	25.149509	25.198456	25.246727	25.294014	25.340290	25.385212	25.428802	25.470680	25.510918	25.549122	25.585388	25.619326	25.651056	25.680202	25.706892	25.730791	25.752010	25.770283	25.785690	25.798038	25.807384	25.813610	25.816742	25.816744	25.813608	25.807388	25.798037	25.785690	25.770281	25.752014	25.730789	25.706894	25.680202	25.651056	25.619328	25.585388	25.549118	25.510918	25.470678	25.428802	25.385208	25.340290	25.294010	25.246725	25.198454	25.149509	25.099964	25.050083	
25.054972	25.109758	25.164106	25.217899	25.270819	25.322815	25.373524	25.422943	25.470680	25.516781	25.560823	25.602898	25.642574	25.679970	25.714668	25.746796	25.775972	25.802319	25.825516	25.845661	25.862503	25.876118	25.886333	25.893198	25.896626	25.896622	25.893200	25.886333	25.876122	25.862501	25.845665	25.825516	25.802324	25.775970	25.746798	25.714668	25.679970	25.642574	25.602898	25.560822	25.516781	25.470676	25.422943	25.373522	25.322815	25.270819	25.217897	25.164106	25.109760	25.054972	
25.059673	25.119110	25.178143	25.236464	25.293978	25.350323	25.405458	25.458988	25.510918	25.560822	25.608763	25.654285	25.697495	25.737938	25.775738	25.810474	25.842268	25.870750	25.896030	25.917801	25.936159	25.950872	25.962008	25.969425	25.973158	25.973158	25.969425	25.962011	25.950871	25.936161	25.917801	25.896032	25.870747	25.842270	25.810472	25.775738	25.737938	25.697495	25.654285	25.608761	25.560822	25.510918	25.458984	25.405458	25.350321	25.293976	25.236465	25.178143	25.119108	25.059675	
25.064133	25.128050	25.191460	25.254208	25.315954	25.376610	25.435772	25.493423	25.549122	25.602898	25.654285	25.703365	25.749664	25.793282	25.833769	25.871243	25.905293	25.936024	25.963089	25.986588	26.006239	26.022121	26.034040	26.042046	26.046043	26.046040	26.042049	26.034039	26.022123	26.006241	25.986591	25.963089	25.936026	25.905289	25.871244	25.833771	25.793282	25.749664	25.703365	25.654285	25.602898	25.549118	25.493422	25.435772	25.376608	25.315956	25.254210	25.191456	25.128050	25.064133	
25.068371	25.136473	25.204105	25.270935	25.336826	25.401388	25.464558	25.525894	25.585390	25.642574	25.697495	25.749664	25.799156	25.845507	25.888809	25.928616	25.965034	25.997677	26.026636	26.051586	26.072615	26.089474	26.102232	26.110733	26.115005	26.115009	26.110731	26.102236	26.089474	26.072617	26.051586	26.026634	25.997673	25.965038	25.928614	25.888805	25.845507	25.799158	25.749660	25.697495	25.642572	25.585390	25.525890	25.464558	25.401386	25.336823	25.270933	25.204107	25.136473	25.068373	
25.072334	25.144421	25.215937	25.286705	25.356350	25.424751	25.491488	25.556503	25.619328	25.679970	25.737940	25.793282	25.845509	25.894691	25.940369	25.982624	26.021030	26.055687	26.086218	26.112715	26.134882	26.152790	26.166237	26.175266	26.179771	26.179771	26.175268	26.166235	26.152792	26.134880	26.112717	26.086216	26.055687	26.021030	25.982624	25.940369	25.894691	25.845509	25.793282	25.737938	25.679970	25.619324	25.556501	25.491484	25.424751	25.356348	25.286705	25.215935	25.144421	25.072334	
25.076040	25.151787	25.227001	25.301331	25.374609	25.446423	25.516670	25.584896	25.651058	25.714668	25.775738	25.833771	25.888809	25.940367	25.988516	26.032797	26.073296	26.109604	26.141806	26.169559	26.192944	26.211700	26.225887	26.235342	26.240097	26.240097	26.235340	26.225887	26.211700	26.192945	26.169559	26.141806	26.109604	26.073296	26.032797	25.988514	25.940365	25.888807	25.833767	25.775738	25.714666	25.651056	25.584892	25.516668	25.446419	25.374607	25.301331	25.227001	25.151787	25.076042	
25.079445	25.158613	25.237164	25.314884	25.391376	25.466496	25.539799	25.611193	25.680202	25.746796	25.810476	25.871244	25.928616	25.982624	26.032795	26.079197	26.121387	26.159443	26.192980	26.222076	26.246426	26.266094	26.280865	26.290777	26.295729	26.295727	26.290777	26.280865	26.266094	26.246426	26.222076	26.192980	26.159439	26.121387	26.079197	26.032799	25.982620	25.928612	25.871243	25.810472	25.746796	25.680201	25.611191	25.539795	25.466496	25.391376	25.314880	25.237160	25.158611	25.079445	
25.082563	25.164806	25.246471	25.327179	25.406738	25.484716	25.560982	25.635067	25.706894	25.775972	25.842270	25.905289	25.965038	26.021030	26.073299	26.121387	26.165352	26.204781	26.239737	26.269880	26.295261	26.315632	26.331032	26.341301	26.346462	26.346462	26.341299	26.331030	26.315632	26.295261	26.269878	26.239735	26.204781	26.165348	26.121387	26.073296	26.021030	25.965034	25.905289	25.842268	25.775972	25.706892	25.635067	25.560982	25.484716	25.406734	25.327179	25.246469	25.164806	25.082563	
25.085354	25.170406	25.254803	25.338295	25.420483	25.501181	25.579941	25.656635	25.730793	25.802322	25.870750	25.936024	25.997677	26.055687	26.109604	26.159443	26.204781	26.245655	26.281696	26.312946	26.339117	26.360237	26.376112	26.386761	26.392078	26.392078	26.386757	26.376110	26.360237	26.339115	26.312946	26.281696	26.245651	26.204781	26.159439	26.109604	26.055683	25.997675	25.936024	25.870747	25.802320	25.730789	25.656635	25.579943	25.501179	25.420483	25.338291	25.254799	25.170403	25.085354	
25.087833	25.175329	25.262201	25.348072	25.432697	25.515663	25.596786	25.675615	25.752012	25.825518	25.896030	25.963089	26.026636	26.086216	26.141808	26.192982	26.239737	26.281696	26.318872	26.350950	26.377943	26.399624	26.415998	26.426926	26.432415	26.432413	26.426926	26.415998	26.399622	26.377945	26.350948	26.318871	26.281696	26.239733	26.192980	26.141804	26.086214	26.026634	25.963087	25.896027	25.825516	25.752010	25.675613	25.596785	25.515667	25.432697	25.348072	25.262203	25.175329	25.087833	
25.089966	25.179611	25.268570	25.356567	25.443207	25.528254	25.611282	25.692104	25.770283	25.845661	25.917801	25.986588	26.051584	26.112717	26.169559	26.222076	26.269878	26.312946	26.350948	26.383877	26.411470	26.433723	26.450462	26.461681	26.467289	26.467291	26.461681	26.450462	26.433725	26.411470	26.383877	26.350948	26.312943	26.269878	26.222073	26.169559	26.112713	26.051584	25.986586	25.917799	25.845661	25.770281	25.692104	25.611282	25.528252	25.443207	25.356567	25.268570	25.179611	25.089966	
25.091768	25.183186	25.273945	25.363667	25.452076	25.538773	25.623512	25.705889	25.785690	25.862503	25.936157	26.006239	26.072615	26.134880	26.192947	26.246426	26.295261	26.339117	26.377943	26.411470	26.439663	26.462322	26.479424	26.490845	26.496580	26.496578	26.490849	26.479424	26.462322	26.439665	26.411470	26.377941	26.339115	26.295258	26.246426	26.192944	26.134880	26.072613	26.006237	25.936157	25.862501	25.785690	25.705883	25.623512	25.538767	25.452076	25.363665	25.273947	25.183184	25.091766	
25.093208	25.186077	25.278250	25.369410	25.459179	25.547277	25.633312	25.717030	25.798038	25.876118	25.950871	26.022121	26.089474	26.152794	26.211700	26.266092	26.315632	26.360237	26.399622	26.433723	26.462322	26.485371	26.502716	26.514339	26.520149	26.520151	26.514336	26.502720	26.485371	26.462322	26.433723	26.399622	26.360235	26.315632	26.266090	26.211700	26.152790	26.089474	26.022121	25.950871	25.876118	25.798037	25.717030	25.633308	25.547277	25.459175	25.369408	25.278250	25.186077	25.093208	
25.094301	25.188246	25.281507	25.373714	25.464558	25.553656	25.640728	25.725391	25.807384	25.886333	25.962009	26.034039	26.102236	26.166237	26.225891	26.280865	26.331034	26.376112	26.416000	26.450462	26.479424	26.502718	26.520285	26.532028	26.537916	26.537918	26.532028	26.520287	26.502718	26.479424	26.450462	26.415997	26.376110	26.331030	26.280861	26.225887	26.166237	26.102234	26.034039	25.962009	25.886333	25.807384	25.725389	25.640728	25.553658	25.464556	25.373714	25.281507	25.188246	25.094301	
25.095028	25.189707	25.283676	25.376610	25.468136	25.557945	25.645664	25.731007	25.813608	25.893198	25.969425	26.042049	26.110733	26.175268	26.235342	26.290779	26.341301	26.386765	26.426926	26.461685	26.490849	26.514334	26.532028	26.543869	26.549799	26.549801	26.543873	26.532030	26.514339	26.490849	26.461683	26.426926	26.386759	26.341301	26.290777	26.235342	26.175266	26.110733	26.042048	25.969423	25.893196	25.813610	25.731010	25.645668	25.557945	25.468140	25.376610	25.283680	25.189707	25.095028	
25.095394	25.190432	25.284771	25.378052	25.469940	25.560083	25.648151	25.733809	25.816740	25.896620	25.973158	26.046043	26.115009	26.179773	26.240097	26.295729	26.346464	26.392080	26.432419	26.467291	26.496580	26.520149	26.537914	26.549797	26.555754	26.555754	26.549799	26.537918	26.520151	26.496580	26.467291	26.432415	26.392080	26.346462	26.295729	26.240097	26.179771	26.115009	26.046041	25.973158	25.896622	25.816742	25.733810	25.648155	25.560083	25.469940	25.378052	25.284771	25.190432	25.095394	
25.095394	25.190432	25.284771	25.378052	25.469940	25.560083	25.648151	25.733809	25.816740	25.896620	25.973158	26.046043	26.115009	26.179773	26.240097	26.295729	26.346464	26.392080	26.432419	26.467291	26.496580	26.520149	26.537914	26.549797	26.555754	26.555754	26.549799	26.537918	26.520151	26.496580	26.467291	26.432415	26.392080	26.346462	26.295729	26.240097	26.179771	26.115009	26.046041	25.973158	25.896622	25.816742	25.733810	25.648155	25.560083	25.469940	25.378052	25.284771	25.190432	25.095394	
25.095028	25.189707	25.283676	25.376610	25.468136	25.557945	25.645664	25.731007	25.813608	25.893198	25.969425	26.042049	26.110733	26.175268	26.235342	26.290779	26.341301	26.386765	26.426926	26.461685	26.490849	26.514334	26.532028	26.543869	26.549799	26.549801	26.543873	26.532030	26.514339	26.490849	26.461683	26.426926	26.386759	26.341301	26.290777	26.235342	26.175266	26.110733	26.042048	25.969423	25.893196	25.813610	25.731010	25.645668	25.557945	25.468140	25.376610	25.283680	25.189707	25.095028	
25.094301	25.188246	25.281507	25.373714	25.464558	25.553656	25.640728	25.725391	25.807384	25.886333	25.962009	26.034039	26.102236	26.166237	26.225891	26.280865	26.331034	26.376112	26.416000	26.450462	26.479424	26.502718	26.520285	26.532028	26.537916	26.537918	26.532028	26.520287	26.502718	26.479424	26.450462	26.415997	26.376110	26.331030	26.280861	26.225887	26.166237	26.102234	26.034039	25.962009	25.886333	25.807384	25.725389	25.640728	25.553658	25.464556	25.373714	25.281507	25.188246	25.094301	
25.093208	25.186077	25.278250	25.369410	25.459179	25.547277	25.633312	25.717030	25.798038	25.876118	25.950871	26.022121	26.089474	26.152794	26.211700	26.266092	26.315632	26.360237	26.399622	26.433723	26.462322	26.485371	26.502716	26.514339	26.520149	26.520151	26.514336	26.502720	26.485371	26.462322	26.433723	26.399622	26.360235	26.315632	26.266090	26.211700	26.152790	26.089474	26.022121	25.950871	25.876118	25.798037	25.717030	25.633308	25.547277	25.459175	25.369408	25.278250	25.186077	25.093208	
25.091768	25.183186	25.273945	25.363667	25.452076	25.538773	25.623512	25.705889	25.785690	25.862503	25.936157	26.006239	26.072615	26.134880	26.192947	26.246426	26.295261	26.339117	26.377943	26.411470	26.439663	26.462322	26.479424	26.490845	26.496580	26.496578	26.490849	26.479424	26.462322	26.439665	26.411470	26.377941	26.339115	26.295258	26.246426	26.192944	26.134880	26.072613	26.006237	25.936157	25.862501	25.785690	25.705883	25.623512	25.538767	25.452076	25.363665	25.273947	25.183184	25.091766	
25.089966	25.179611	25.268570	25.356567	25.443207	25.528254	25.611282	25.692104	25.770283	25.845661	25.917801	25.986588	26.051584	26.112717	26.169559	26.222076	26.269878	26.312946	26.350948	26.383877	26.411470	26.433723	26.450462	26.461681	26.467289	26.467291	26.461681	26.450462	26.433725	26.411470	26.383877	26.350948	26.312943	26.269878	26.222073	26.169559	26.112713	26.051584	25.986586	25.917799	25.845661	25.770281	25.692104	25.611282	25.528252	25.443207	25.356567	25.268570	25.179611	25.089966	
25.087833	25.175329	25.262201	25.348072	25.432697	25.515663	25.596786	25.675615	25.752012	25.825518	25.896030	25.963089	26.026636	26.086216	26.141808	26.192982	26.239737	26.281696	26.318872	26.350950	26.377943	26.399624	26.415998	26.426926	26.432415	26.432413	26.426926	26.415998	26.399622	26.377945	26.350948	26.318871	26.281696	26.239733	26.192980	26.141804	26.086214	26.026634	25.963087	25.896027	25.825516	25.752010	25.675613	25.596785	25.515667	25.432697	25.348072	25.262203	25.175329	25.087833	
25.085354	25.170406	25.254803	25.338295	25.420483	25.501181	25.579941	25.656635	25.730793	25.802322	25.870750	25.936024	25.997677	26.055687	26.109604	26.159443	26.204781	26.245655	26.281696	26.312946	26.339117	26.360237	26.376112	26.386761	26.392078	26.392078	26.386757	26.376110	26.360237	26.339115	26.312946	26.281696	26.245651	26.204781	26.159439	26.109604	26.055683	25.997675	25.936024	25.870747	25.802320	25.730789	25.656635	25.579943	25.501179	25.420483	25.338291	25.254799	25.170403	25.085354	
25.082563	25.164806	25.246471	25.327179	25.406738	25.484716	25.560982	25.635067	25.706894	25.775972	25.842270	25.905289	25.965038	26.021030	26.073299	26.121387	26.165352	26.204781	26.239737	26.269880	26.295261	26.315632	26.331032	26.341301	26.346462	26.346462	26.341299	26.331030	26.315632	26.295261	26.269878	26.239735	26.204781	26.165348	26.121387	26.073296	26.021030	25.965034	25.905289	25.842268	25.775972	25.706892	25.635067	25.560982	25.484716	25.406734	25.327179	25.246469	25.164806	25.082563	
25.079445	25.158613	25.237164	25.314884	25.391376	25.466496	25.539799	25.611193	25.680202	25.746796	25.810476	25.871244	25.928616	25.982624	26.032795	26.079197	26.121387	26.159443	26.192980	26.222076	26.246426	26.266094	26.280865	26.290777	26.295729	26.295727	26.290777	26.280865	26.266094	26.246426	26.222076	26.192980	26.159439	26.121387	26.079197	26.032799	25.982620	25.928612	25.871243	25.810472	25.746796	25.680201	25.611191	25.539795	25.466496	25.391376	25.314880	25.237160	25.158611	25.079445	
25.076040	25.151787	25.227001	25.301331	25.374609	25.446423	25.516670	25.584896	25.651058	25.714668	25.775738	25.833771	25.888809	25.940367	25.988516	26.032797	26.073296	26.109604	26.141806	26.169559	26.192944	26.211700	26.225887	26.235342	26.240097	26.240097	26.235340	26.225887	26.211700	26.192945	26.169559	26.141806	26.109604	26.073296	26.032797	25.988514	25.940365	25.888807	25.833767	25.775738	25.714666	25.651056	25.584892	25.516668	25.446419	25.374607	25.301331	25.227001	25.151787	25.076042	
25.072334	25.144421	25.215937	25.286705	25.356350	25.424751	25.491488	25.556503	25.619328	25.679970	25.737940	25.793282	25.845509	25.894691	25.940369	25.982624	26.021030	26.055687	26.086218	26.112715	26.134882	26.152790	26.166237	26.175266	26.179771	26.179771	26.175268	26.166235	26.152792	26.134880	26.112717	26.086216	26.055687	26.021030	25.982624	25.940369	25.894691	25.845509	25.793282	25.737938	25.679970	25.619324	25.556501	25.491484	25.424751	25.356348	25.286705	25.215935	25.144421	25.072334	
25.068371	25.136473	25.204105	25.270935	25.336826	25.401388	25.464558	25.525894	25.585390	25.642574	25.697495	25.749664	25.799156	25.845507	25.888809	25.928616	25.965034	25.997677	26.026636	26.051586	26.072615	26.089474	26.102232	26.110733	26.115005	26.115009	26.110731	26.102236	26.089474	26.072617	26.051586	26.026634	25.997673	25.965038	25.928614	25.888805	25.845507	25.799158	25.749660	25.697495	25.642572	25.585390	25.525890	25.464558	25.401386	25.336823	25.270933	25.204107	25.136473	25.068373	
25.064133	25.128050	25.191460	25.254208	25.315954	25.376610	25.435772	25.493423	25.549122	25.602898	25.654285	25.703365	25.749664	25.793282	25.833769	25.871243	25.905293	25.936024	25.963089	25.986588	26.006239	26.022121	26.034040	26.042046	26.046043	26.046040	26.042049	26.034039	26.022123	26.006241	25.986591	25.963089	25.936026	25.905289	25.871244	25.833771	25.793282	25.749664	25.703365	25.654285	25.602898	25.549118	25.493422	25.435772	25.376608	25.315956	25.254210	25.191456	25.128050	25.064133	
25.059673	25.119110	25.178143	25.236464	25.293978	25.350323	25.405458	25.458988	25.510918	25.560822	25.608763	25.654285	25.697495	25.737938	25.775738	25.810474	25.842268	25.870750	25.896030	25.917801	25.936159	25.950872	25.962008	25.969425	25.973158	25.973158	25.969425	25.962011	25.950871	25.936161	25.917801	25.896032	25.870747	25.842270	25.810472	25.775738	25.737938	25.697495	25.654285	25.608761	25.560822	25.510918	25.458984	25.405458	25.350321	25.293976	25.236465	25.178143	25.119108	25.059675	
25.054972	25.109758	25.164106	25.217899	25.270819	25.322815	25.373524	25.422943	25.470680	25.516781	25.560823	25.602898	25.642574	25.679970	25.714668	25.746796	25.775972	25.802319	25.825516	25.845661	25.862503	25.876118	25.886333	25.893198	25.896626	25.896622	25.893200	25.886333	25.876122	25.862501	25.845665	25.825516	25.802324	25.775970	25.746798	25.714668	25.679970	25.642574	25.602898	25.560822	25.516781	25.470676	25.422943	25.373522	25.322815	25.270819	25.217897	25.164106	25.109760	25.054972	
25.050083	25.099964	25.149509	25.198456	25.246727	25.294014	25.340290	25.385212	25.428802	25.470680	25.510918	25.549122	25.585388	25.619326	25.651056	25.680202	25.706892	25.730791	25.752010	25.770283	25.785690	25.798038	25.807384	25.813610	25.816742	25.816744	25.813608	25.807388	25.798037	25.785690	25.770281	25.752014	25.730789	25.706894	25.680202	25.651056	25.619328	25.585388	25.549118	25.510918	25.470678	25.428802	25.385208	25.340290	25.294010	25.246725	25.198454	25.149509	25.099964	25.050083	
25.044991	25.089828	25.134308	25.178333	25.221642	25.264198	25.305695	25.346146	25.385210	25.422943	25.458984	25.493423	25.525890	25.556501	25.584892	25.611193	25.635067	25.656635	25.675615	25.692104	25.705885	25.717030	25.725391	25.731009	25.733810	25.733810	25.731010	25.725389	25.717030	25.705885	25.692106	25.675613	25.656637	25.635065	25.611193	25.584892	25.556499	25.525890	25.493423	25.458984	25.422943	25.385208	25.346146	25.305693	25.264196	25.221642	25.178329	25.134306	25.089830	25.044991	
25.039745	25.079330	25.118649	25.157490	25.195801	25.233322	25.270052	25.305695	25.340294	25.373520	25.405460	25.435770	25.464558	25.491486	25.516670	25.539797	25.560980	25.579945	25.596785	25.611282	25.623512	25.633310	25.640730	25.645668	25.648151	25.648155	25.645664	25.640730	25.633308	25.623512	25.611280	25.596788	25.579941	25.560982	25.539795	25.516670	25.491484	25.464556	25.435772	25.405457	25.373524	25.340290	25.305695	25.270050	25.233320	25.195797	25.157490	25.118645	25.079330	25.039743	
25.034340	25.068562	25.102510	25.136114	25.169170	25.201653	25.233322	25.264198	25.294010	25.322817	25.350319	25.376610	25.401386	25.424753	25.446423	25.466496	25.484718	25.501181	25.515667	25.528252	25.538769	25.547276	25.553658	25.557943	25.560083	25.560081	25.557945	25.553654	25.547279	25.538769	25.528254	25.515663	25.501179	25.484715	25.466494	25.446421	25.424749	25.401386	25.376606	25.350321	25.322813	25.294014	25.264198	25.233322	25.201651	25.169167	25.136112	25.102509	25.068562	25.034340	
25.028816	25.057518	25.086025	25.114187	25.141964	25.169167	25.195801	25.221642	25.246729	25.270817	25.293976	25.315950	25.336826	25.356346	25.374607	25.391375	25.406738	25.420483	25.432697	25.443207	25.452074	25.459179	25.464556	25.468140	25.469940	25.469940	25.468136	25.464560	25.459177	25.452076	25.443207	25.432697	25.420485	25.406738	25.391376	25.374607	25.356348	25.336824	25.315952	25.293976	25.270817	25.246725	25.221642	25.195799	25.169168	25.141964	25.114185	25.086023	25.057518	25.028816	
25.023178	25.046280	25.069195	25.091877	25.114187	25.136112	25.157490	25.178333	25.198454	25.217897	25.236462	25.254208	25.270933	25.286705	25.301331	25.314880	25.327181	25.338293	25.348070	25.356567	25.363667	25.369408	25.373714	25.376610	25.378054	25.378052	25.376610	25.373714	25.369408	25.363665	25.356567	25.348070	25.338293	25.327183	25.314880	25.301332	25.286705	25.270933	25.254208	25.236462	25.217897	25.198454	25.178331	25.157492	25.136114	25.114185	25.091873	25.069191	25.046278	25.023178	
25.017460	25.034855	25.052128	25.069195	25.086025	25.102512	25.118649	25.134308	25.149508	25.164108	25.178141	25.191458	25.204105	25.215935	25.227001	25.237162	25.246468	25.254799	25.262199	25.268570	25.273941	25.278248	25.281507	25.283680	25.284771	25.284771	25.283676	25.281509	25.278248	25.273945	25.268570	25.262199	25.254801	25.246468	25.237164	25.227001	25.215939	25.204107	25.191460	25.178141	25.164108	25.149508	25.134308	25.118649	25.102509	25.086025	25.069193	25.052128	25.034851	25.017460	
25.011675	25.023312	25.034855	25.046280	25.057518	25.068562	25.079330	25.089830	25.099966	25.109760	25.119112	25.128052	25.136473	25.144417	25.151787	25.158611	25.164806	25.170403	25.175327	25.179607	25.183184	25.186075	25.188248	25.189705	25.190434	25.190434	25.189707	25.188248	25.186077	25.183186	25.179607	25.175331	25.170404	25.164806	25.158611	25.151789	25.144417	25.136477	25.128050	25.119110	25.109758	25.099966	25.089828	25.079330	25.068562	25.057518	25.046280	25.034851	25.023312	25.011675	
25.005848	25.011677	25.017462	25.023178	25.028816	25.034340	25.039745	25.044991	25.050083	25.054972	25.059675	25.064135	25.068373	25.072334	25.076042	25.079445	25.082563	25.085352	25.087831	25.089966	25.091764	25.093208	25.094299	25.095026	25.095392	25.095394	25.095028	25.094299	25.093208	25.091766	25.089966	25.087831	25.085354	25.082561	25.079447	25.076042	25.072338	25.068371	25.064135	25.059673	25.054974	25.050083	25.044991	25.039745	25.034338	25.028816	25.023178	25.017464	25.011675	25.005848	
