25.004589	25.009159	25.013699	25.018185	25.022602	25.026932	25.031168	25.035278	25.039265	25.043093	25.046768	25.050259	25.053566	25.056664	25.059555	25.062212	25.064642	25.066820	25.068750	25.070412	25.071812	25.072935	25.073784	25.074350	25.074635	25.074635	25.074350	25.073784	25.072935	25.071814	25.070412	25.068748	25.066818	25.064642	25.062212	25.059553	25.056664	25.053564	25.050259	25.046768	25.043095	25.039263	25.035278	25.031168	25.026934	25.022602	25.018185	25.013699	25.009159	25.004589	
25.009159	25.018288	25.027346	25.036301	25.045116	25.053768	25.062214	25.070433	25.078375	25.086033	25.093353	25.100334	25.106922	25.113121	25.118877	25.124199	25.129032	25.133392	25.137234	25.140562	25.143349	25.145599	25.147285	25.148424	25.148991	25.148987	25.148422	25.147289	25.145603	25.143349	25.140564	25.137232	25.133392	25.129032	25.124197	25.118877	25.113121	25.106924	25.100334	25.093353	25.086029	25.078373	25.070431	25.062214	25.053770	25.045118	25.036301	25.027344	25.018288	25.009159	
25.013699	25.027342	25.040890	25.054279	25.067467	25.080397	25.093035	25.105309	25.117203	25.128633	25.139599	25.150021	25.159889	25.169138	25.177769	25.185701	25.192955	25.199451	25.205214	25.210176	25.214355	25.217709	25.220245	25.221933	25.222782	25.222784	25.221931	25.220247	25.217710	25.214359	25.210178	25.205215	25.199451	25.192955	25.185703	25.177765	25.169144	25.159893	25.150021	25.139597	25.128635	25.117199	25.105309	25.093033	25.080399	25.067471	25.054279	25.040890	25.027346	25.013699	
25.018181	25.036301	25.054277	25.072058	25.089560	25.106731	25.123493	25.139805	25.155571	25.170773	25.185303	25.199160	25.212240	25.224543	25.235970	25.246527	25.256126	25.264782	25.272406	25.279015	25.284546	25.289013	25.292362	25.294617	25.295738	25.295738	25.294617	25.292366	25.289013	25.284548	25.279016	25.272404	25.264782	25.256126	25.246527	25.235973	25.224543	25.212242	25.199162	25.185305	25.170769	25.155571	25.139805	25.123493	25.106735	25.089558	25.072058	25.054276	25.036301	25.018185	
25.022602	25.045116	25.067471	25.089558	25.111322	25.132652	25.153503	25.173756	25.193378	25.212240	25.230335	25.247526	25.263817	25.279078	25.293310	25.306404	25.318365	25.329090	25.338593	25.346786	25.353683	25.359215	25.363398	25.366182	25.367588	25.367586	25.366186	25.363400	25.359219	25.353683	25.346788	25.338594	25.329092	25.318365	25.306406	25.293310	25.279079	25.263817	25.247532	25.230335	25.212242	25.193377	25.173758	25.153505	25.132652	25.111324	25.089556	25.067469	25.045116	25.022602	
25.026932	25.053768	25.080397	25.106733	25.132654	25.158092	25.182919	25.207077	25.230431	25.252945	25.274469	25.294996	25.314369	25.332590	25.349518	25.365156	25.379375	25.392189	25.403486	25.413275	25.421471	25.428085	25.433052	25.436384	25.438047	25.438049	25.436386	25.433052	25.428083	25.421471	25.413277	25.403488	25.392193	25.379375	25.365156	25.349520	25.332592	25.314373	25.294998	25.274471	25.252945	25.230431	25.207077	25.182917	25.158094	25.132652	25.106731	25.080395	25.053770	25.026934	
25.031166	25.062212	25.093033	25.123493	25.153503	25.182915	25.211666	25.239594	25.266647	25.292660	25.317608	25.341316	25.363775	25.384817	25.404446	25.422501	25.438993	25.453785	25.466885	25.478188	25.487692	25.495323	25.501087	25.504932	25.506866	25.506863	25.504932	25.501091	25.495323	25.487694	25.478188	25.466888	25.453785	25.438995	25.422504	25.404449	25.384819	25.363777	25.341316	25.317608	25.292660	25.266645	25.239592	25.211666	25.182915	25.153503	25.123489	25.093033	25.062210	25.031166	
25.035278	25.070427	25.105305	25.139801	25.173754	25.207075	25.239590	25.271236	25.301825	25.331314	25.359509	25.386396	25.411772	25.435638	25.457809	25.478294	25.496920	25.513704	25.528502	25.541321	25.552059	25.560717	25.567228	25.571589	25.573771	25.573771	25.571590	25.567226	25.560719	25.552057	25.541325	25.528503	25.513708	25.496923	25.478296	25.457813	25.435640	25.411772	25.386395	25.359510	25.331314	25.301823	25.271235	25.239590	25.207073	25.173752	25.139801	25.105305	25.070429	25.035278	
25.039261	25.078371	25.117195	25.155567	25.193375	25.230425	25.266644	25.301823	25.335903	25.368675	25.400103	25.429970	25.458265	25.484772	25.509497	25.532242	25.553017	25.571651	25.588158	25.602388	25.614367	25.623980	25.631241	25.636086	25.638519	25.638519	25.636087	25.631243	25.623981	25.614368	25.602392	25.588160	25.571655	25.553022	25.532242	25.509499	25.484774	25.458263	25.429970	25.400105	25.368675	25.335903	25.301823	25.266644	25.230427	25.193371	25.155567	25.117195	25.078373	25.039261	
25.043091	25.086029	25.128632	25.170765	25.212238	25.252939	25.292658	25.331308	25.368675	25.404696	25.439137	25.471977	25.502974	25.532129	25.559212	25.584230	25.606987	25.627487	25.645561	25.661221	25.674335	25.684912	25.692863	25.698193	25.700857	25.700857	25.698193	25.692863	25.684912	25.674335	25.661221	25.645561	25.627487	25.606987	25.584232	25.559214	25.532127	25.502979	25.471975	25.439138	25.404694	25.368675	25.331310	25.292656	25.252939	25.212236	25.170765	25.128628	25.086027	25.043091	
25.046764	25.093349	25.139597	25.185301	25.230330	25.274466	25.317602	25.359509	25.400101	25.439137	25.476570	25.512146	25.545847	25.577423	25.606871	25.633966	25.658710	25.680908	25.700567	25.717522	25.731787	25.743238	25.751886	25.757656	25.760555	25.760555	25.757658	25.751886	25.743237	25.731785	25.717522	25.700565	25.680908	25.658710	25.633966	25.606871	25.577425	25.545845	25.512150	25.476566	25.439137	25.400099	25.359507	25.317604	25.274466	25.230330	25.185297	25.139595	25.093349	25.046764	
25.050255	25.100330	25.150017	25.199156	25.247524	25.294991	25.341312	25.386391	25.429966	25.471975	25.512146	25.550442	25.586597	25.620594	25.652185	25.681360	25.707901	25.731804	25.752888	25.771151	25.786446	25.798782	25.808054	25.814270	25.817379	25.817377	25.814272	25.808054	25.798782	25.786446	25.771149	25.752888	25.731806	25.707901	25.681360	25.652185	25.620594	25.586597	25.550438	25.512146	25.471970	25.429970	25.386391	25.341314	25.294991	25.247524	25.199156	25.150013	25.100330	25.050255	
25.053562	25.106922	25.159885	25.212238	25.263813	25.314365	25.363773	25.411770	25.458260	25.502975	25.545845	25.586597	25.625191	25.661364	25.695087	25.726128	25.754465	25.779892	25.802406	25.821827	25.838163	25.851282	25.861187	25.867798	25.871117	25.871119	25.867796	25.861187	25.851280	25.838165	25.821827	25.802404	25.779892	25.754465	25.726128	25.695089	25.661366	25.625191	25.586597	25.545843	25.502975	25.458260	25.411770	25.363775	25.314367	25.263813	25.212236	25.159889	25.106918	25.053564	
25.056664	25.113117	25.169138	25.224539	25.279074	25.332590	25.384815	25.435637	25.484772	25.532127	25.577423	25.620594	25.661362	25.699690	25.735310	25.768200	25.798128	25.825075	25.848846	25.869434	25.886683	25.900589	25.911045	25.918053	25.921556	25.921556	25.918053	25.911045	25.900589	25.886681	25.869434	25.848846	25.825075	25.798126	25.768202	25.735310	25.699688	25.661364	25.620594	25.577423	25.532125	25.484772	25.435637	25.384817	25.332590	25.279074	25.224541	25.169138	25.113121	25.056662	
25.059551	25.118876	25.177765	25.235970	25.293310	25.349518	25.404446	25.457811	25.509495	25.559214	25.606869	25.652185	25.695089	25.735310	25.772800	25.807314	25.838816	25.867090	25.892115	25.913713	25.931873	25.946461	25.957470	25.964821	25.968512	25.968513	25.964821	25.957474	25.946461	25.931873	25.913713	25.892117	25.867090	25.838818	25.807316	25.772802	25.735310	25.695089	25.652185	25.606873	25.559214	25.509495	25.457811	25.404444	25.349516	25.293310	25.235968	25.177765	25.118876	25.059553	
25.062210	25.124195	25.185703	25.246527	25.306404	25.365158	25.422503	25.478292	25.532246	25.584230	25.633968	25.681360	25.726130	25.768198	25.807316	25.843418	25.876282	25.905863	25.931967	25.954567	25.973507	25.988773	26.000254	26.007946	26.011795	26.011795	26.007948	26.000256	25.988773	25.973509	25.954567	25.931969	25.905865	25.876282	25.843422	25.807314	25.768202	25.726128	25.681360	25.633968	25.584230	25.532244	25.478294	25.422501	25.365156	25.306402	25.246529	25.185699	25.124195	25.062210	
25.064640	25.129032	25.192951	25.256130	25.318365	25.379379	25.438995	25.496923	25.553017	25.606991	25.658709	25.707905	25.754463	25.798128	25.838816	25.876282	25.910471	25.941164	25.968323	25.991770	26.011478	26.027313	26.039263	26.047243	26.051247	26.051247	26.047241	26.039261	26.027315	26.011478	25.991770	25.968327	25.941166	25.910473	25.876284	25.838818	25.798128	25.754465	25.707903	25.658712	25.606987	25.553020	25.496922	25.438995	25.379375	25.318367	25.256128	25.192953	25.129032	25.064640	
25.066818	25.133390	25.199451	25.264778	25.329092	25.392193	25.453789	25.513704	25.571653	25.627483	25.680912	25.731804	25.779894	25.825073	25.867090	25.905865	25.941162	25.972933	26.000971	26.025240	26.045586	26.061977	26.074316	26.082573	26.086708	26.086710	26.082573	26.074314	26.061977	26.045586	26.025242	26.000973	25.972931	25.941166	25.905865	25.867088	25.825075	25.779892	25.731808	25.680908	25.627487	25.571651	25.513706	25.453785	25.392191	25.329090	25.264780	25.199451	25.133390	25.066818	
25.068748	25.137234	25.205212	25.272406	25.338593	25.403488	25.466887	25.528500	25.588154	25.645561	25.700562	25.752888	25.802402	25.848846	25.892113	25.931967	25.968323	26.000969	26.029850	26.054794	26.075748	26.092594	26.105299	26.113792	26.118048	26.118048	26.113791	26.105299	26.092594	26.075748	26.054794	26.029852	26.000973	25.968323	25.931967	25.892117	25.848846	25.802402	25.752888	25.700567	25.645557	25.588158	25.528500	25.466888	25.403484	25.338593	25.272408	25.205212	25.137234	25.068748	
25.070412	25.140562	25.210178	25.279015	25.346790	25.413277	25.478188	25.541321	25.602392	25.661217	25.717525	25.771147	25.821827	25.869431	25.913713	25.954565	25.991770	26.025238	26.054790	26.080360	26.101805	26.119076	26.132078	26.140781	26.145138	26.145138	26.140779	26.132076	26.119076	26.101807	26.080360	26.054794	26.025238	25.991770	25.954565	25.913715	25.869434	25.821827	25.771149	25.717522	25.661221	25.602390	25.541323	25.478184	25.413277	25.346786	25.279015	25.210178	25.140562	25.070412	
25.071810	25.143351	25.214355	25.284550	25.353682	25.421473	25.487694	25.552059	25.614365	25.674337	25.731783	25.786446	25.838161	25.886681	25.931870	25.973507	26.011477	26.045586	26.075747	26.101805	26.123692	26.141289	26.154560	26.163429	26.167877	26.167877	26.163433	26.154560	26.141293	26.123692	26.101807	26.075748	26.045586	26.011477	25.973507	25.931873	25.886681	25.838163	25.786446	25.731787	25.674334	25.614367	25.552057	25.487694	25.421473	25.353683	25.284550	25.214357	25.143351	25.071812	
25.072935	25.145599	25.217712	25.289011	25.359217	25.428082	25.495325	25.560719	25.623983	25.684912	25.743238	25.798779	25.851280	25.900585	25.946459	25.988770	26.027313	26.061977	26.092594	26.119074	26.141289	26.159176	26.172646	26.181662	26.186174	26.186176	26.181660	26.172649	26.159178	26.141293	26.119076	26.092592	26.061977	26.027313	25.988770	25.946461	25.900587	25.851282	25.798780	25.743238	25.684912	25.623981	25.560719	25.495325	25.428083	25.359219	25.289013	25.217712	25.145599	25.072935	
25.073784	25.147287	25.220245	25.292366	25.363396	25.433052	25.501087	25.567226	25.631241	25.692863	25.751888	25.808052	25.861183	25.911043	25.957470	26.000252	26.039261	26.074312	26.105299	26.132076	26.154560	26.172646	26.186279	26.195393	26.199961	26.199963	26.195396	26.186279	26.172649	26.154562	26.132078	26.105299	26.074314	26.039261	26.000254	25.957470	25.911045	25.861183	25.808054	25.751884	25.692863	25.631245	25.567226	25.501089	25.433054	25.363396	25.292366	25.220245	25.147289	25.073784	
25.074348	25.148424	25.221933	25.294617	25.366186	25.436382	25.504936	25.571590	25.636087	25.698195	25.757658	25.814270	25.867794	25.918049	25.964821	26.007946	26.047241	26.082575	26.113789	26.140779	26.163429	26.181660	26.195393	26.204580	26.209183	26.209183	26.204582	26.195396	26.181662	26.163431	26.140779	26.113789	26.082573	26.047241	26.007946	25.964823	25.918049	25.867798	25.814270	25.757658	25.698195	25.636087	25.571590	25.504934	25.436382	25.366186	25.294619	25.221935	25.148424	25.074350	
25.074635	25.148989	25.222784	25.295738	25.367586	25.438049	25.506866	25.573774	25.638523	25.700859	25.760555	25.817379	25.871115	25.921555	25.968510	26.011795	26.051247	26.086708	26.118046	26.145138	26.167877	26.186174	26.199961	26.209183	26.213802	26.213802	26.209183	26.199965	26.186176	26.167875	26.145138	26.118046	26.086706	26.051247	26.011795	25.968510	25.921556	25.871115	25.817379	25.760555	25.700859	25.638519	25.573772	25.506865	25.438049	25.367586	25.295742	25.222786	25.148989	25.074635	
25.074635	25.148989	25.222784	25.295738	25.367586	25.438049	25.506866	25.573774	25.638523	25.700859	25.760555	25.817379	25.871115	25.921555	25.968510	26.011795	26.051247	26.086708	26.118046	26.145138	26.167877	26.186174	26.199961	26.209183	26.213802	26.213802	26.209183	26.199965	26.186176	26.167875	26.145138	26.118046	26.086706	26.051247	26.011795	25.968510	25.921556	25.871115	25.817379	25.760555	25.700859	25.638519	25.573772	25.506865	25.438049	25.367586	25.295742	25.222786	25.148989	25.074635	
25.074348	25.148424	25.221933	25.294617	25.366186	25.436382	25.504936	25.571590	25.636087	25.698195	25.757658	25.814270	25.867794	25.918049	25.964821	26.007946	26.047241	26.082575	26.113789	26.140779	26.163429	26.181660	26.195393	26.204580	26.209183	26.209183	26.204582	26.195396	26.181662	26.163431	26.140779	26.113789	26.082573	26.047241	26.007946	25.964823	25.918049	25.867798	25.814270	25.757658	25.698195	25.636087	25.571590	25.504934	25.436382	25.366186	25.294619	25.221935	25.148424	25.074350	
25.073784	25.147287	25.220245	25.292366	25.363396	25.433052	25.501087	25.567226	25.631241	25.692863	25.751888	25.808052	25.861183	25.911043	25.957470	26.000252	26.039261	26.074312	26.105299	26.132076	26.154560	26.172646	26.186279	26.195393	26.199961	26.199963	26.195396	26.186279	26.172649	26.154562	26.132078	26.105299	26.074314	26.039261	26.000254	25.957470	25.911045	25.861183	25.808054	25.751884	25.692863	25.631245	25.567226	25.501089	25.433054	25.363396	25.292366	25.220245	25.147289	25.073784	
25.072935	25.145599	25.217712	25.289011	25.359217	25.428082	25.495325	25.560719	25.623983	25.684912	25.743238	25.798779	25.851280	25.900585	25.946459	25.988770	26.027313	26.061977	26.092594	26.119074	26.141289	26.159176	26.172646	26.181662	26.186174	26.186176	26.181660	26.172649	26.159178	26.141293	26.119076	26.092592	26.061977	26.027313	25.988770	25.946461	25.900587	25.851282	25.798780	25.743238	25.684912	25.623981	25.560719	25.495325	25.428083	25.359219	25.289013	25.217712	25.145599	25.072935	
25.071810	25.143351	25.214355	25.284550	25.353682	25.421473	25.487694	25.552059	25.614365	25.674337	25.731783	25.786446	25.838161	25.886681	25.931870	25.973507	26.011477	26.045586	26.075747	26.101805	26.123692	26.141289	26.154560	26.163429	26.167877	26.167877	26.163433	26.154560	26.141293	26.123692	26.101807	26.075748	26.045586	26.011477	25.973507	25.931873	25.886681	25.838163	25.786446	25.731787	25.674334	25.614367	25.552057	25.487694	25.421473	25.353683	25.284550	25.214357	25.143351	25.071812	
25.070412	25.140562	25.210178	25.279015	25.346790	25.413277	25.478188	25.541321	25.602392	25.661217	25.717525	25.771147	25.821827	25.869431	25.913713	25.954565	25.991770	26.025238	26.054790	26.080360	26.101805	26.119076	26.132078	26.140781	26.145138	26.145138	26.140779	26.132076	26.119076	26.101807	26.080360	26.054794	26.025238	25.991770	25.954565	25.913715	25.869434	25.821827	25.771149	25.717522	25.661221	25.602390	25.541323	25.478184	25.413277	25.346786	25.279015	25.210178	25.140562	25.070412	
25.068748	25.137234	25.205212	25.272406	25.338593	25.403488	25.466887	25.528500	25.588154	25.645561	25.700562	25.752888	25.802402	25.848846	25.892113	25.931967	25.968323	26.000969	26.029850	26.054794	26.075748	26.092594	26.105299	26.113792	26.118048	26.118048	26.113791	26.105299	26.092594	26.075748	26.054794	26.029852	26.000973	25.968323	25.931967	25.892117	25.848846	25.802402	25.752888	25.700567	25.645557	25.588158	25.528500	25.466888	25.403484	25.338593	25.272408	25.205212	25.137234	25.068748	
25.066818	25.133390	25.199451	25.264778	25.329092	25.392193	25.453789	25.513704	25.571653	25.627483	25.680912	25.731804	25.779894	25.825073	25.867090	25.905865	25.941162	25.972933	26.000971	26.025240	26.045586	26.061977	26.074316	26.082573	26.086708	26.086710	26.082573	26.074314	26.061977	26.045586	26.025242	26.000973	25.972931	25.941166	25.905865	25.867088	25.825075	25.779892	25.731808	25.680908	25.627487	25.571651	25.513706	25.453785	25.392191	25.329090	25.264780	25.199451	25.133390	25.066818	
25.064640	25.129032	25.192951	25.256130	25.318365	25.379379	25.438995	25.496923	25.553017	25.606991	25.658709	25.707905	25.754463	25.798128	25.838816	25.876282	25.910471	25.941164	25.968323	25.991770	26.011478	26.027313	26.039263	26.047243	26.051247	26.051247	26.047241	26.039261	26.027315	26.011478	25.991770	25.968327	25.941166	25.910473	25.876284	25.838818	25.798128	25.754465	25.707903	25.658712	25.606987	25.553020	25.496922	25.438995	25.379375	25.318367	25.256128	25.192953	25.129032	25.064640	
25.062210	25.124195	25.185703	25.246527	25.306404	25.365158	25.422503	25.478292	25.532246	25.584230	25.633968	25.681360	25.726130	25.768198	25.807316	25.843418	25.876282	25.905863	25.931967	25.954567	25.973507	25.988773	26.000254	26.007946	26.011795	26.011795	26.007948	26.000256	25.988773	25.973509	25.954567	25.931969	25.905865	25.876282	25.843422	25.807314	25.768202	25.726128	25.681360	25.633968	25.584230	25.532244	25.478294	25.422501	25.365156	25.306402	25.246529	25.185699	25.124195	25.062210	
25.059551	25.118876	25.177765	25.235970	25.293310	25.349518	25.404446	25.457811	25.509495	25.559214	25.606869	25.652185	25.695089	25.735310	25.772800	25.807314	25.838816	25.867090	25.892115	25.913713	25.931873	25.946461	25.957470	25.964821	25.968512	25.968513	25.964821	25.957474	25.946461	25.931873	25.913713	25.892117	25.867090	25.838818	25.807316	25.772802	25.735310	25.695089	25.652185	25.606873	25.559214	25.509495	25.457811	25.404444	25.349516	25.293310	25.235968	25.177765	25.118876	25.059553	
25.056664	25.113117	25.169138	25.224539	25.279074	25.332590	25.384815	25.435637	25.484772	25.532127	25.577423	25.620594	25.661362	25.699690	25.735310	25.768200	25.798128	25.825075	25.848846	25.869434	25.886683	25.900589	25.911045	25.918053	25.921556	25.921556	25.918053	25.911045	25.900589	25.886681	25.869434	25.848846	25.825075	25.798126	25.768202	25.735310	25.699688	25.661364	25.620594	25.577423	25.532125	25.484772	25.435637	25.384817	25.332590	25.279074	25.224541	25.169138	25.113121	25.056662	
25.053562	25.106922	25.159885	25.212238	25.263813	25.314365	25.363773	25.411770	25.458260	25.502975	25.545845	25.586597	25.625191	25.661364	25.695087	25.726128	25.754465	25.779892	25.802406	25.821827	25.838163	25.851282	25.861187	25.867798	25.871117	25.871119	25.867796	25.861187	25.851280	25.838165	25.821827	25.802404	25.779892	25.754465	25.726128	25.695089	25.661366	25.625191	25.586597	25.545843	25.502975	25.458260	25.411770	25.363775	25.314367	25.263813	25.212236	25.159889	25.106918	25.053564	
25.050255	25.100330	25.150017	25.199156	25.247524	25.294991	25.341312	25.386391	25.429966	25.471975	25.512146	25.550442	25.586597	25.620594	25.652185	25.681360	25.707901	25.731804	25.752888	25.771151	25.786446	25.798782	25.808054	25.814270	25.817379	25.817377	25.814272	25.808054	25.798782	25.786446	25.771149	25.752888	25.731806	25.707901	25.681360	25.652185	25.620594	25.586597	25.550438	25.512146	25.471970	25.429970	25.386391	25.341314	25.294991	25.247524	25.199156	25.150013	25.100330	25.050255	
25.046764	25.093349	25.139597	25.185301	25.230330	25.274466	25.317602	25.359509	25.400101	25.439137	25.476570	25.512146	25.545847	25.577423	25.606871	25.633966	25.658710	25.680908	25.700567	25.717522	25.731787	25.743238	25.751886	25.757656	25.760555	25.760555	25.757658	25.751886	25.743237	25.731785	25.717522	25.700565	25.680908	25.658710	25.633966	25.606871	25.577425	25.545845	25.512150	25.476566	25.439137	25.400099	25.359507	25.317604	25.274466	25.230330	25.185297	25.139595	25.093349	25.046764	
25.043091	25.086029	25.128632	25.170765	25.212238	25.252939	25.292658	25.331308	25.368675	25.404696	25.439137	25.471977	25.502974	25.532129	25.559212	25.584230	25.606987	25.627487	25.645561	25.661221	25.674335	25.684912	25.692863	25.698193	25.700857	25.700857	25.698193	25.692863	25.684912	25.674335	25.661221	25.645561	25.627487	25.606987	25.584232	25.559214	25.532127	25.502979	25.471975	25.439138	25.404694	25.368675	25.331310	25.292656	25.252939	25.212236	25.170765	25.128628	25.086027	25.043091	
25.039261	25.078371	25.117195	25.155567	25.193375	25.230425	25.266644	25.301823	25.335903	25.368675	25.400103	25.429970	25.458265	25.484772	25.509497	25.532242	25.553017	25.571651	25.588158	25.602388	25.614367	25.623980	25.631241	25.636086	25.638519	25.638519	25.636087	25.631243	25.623981	25.614368	25.602392	25.588160	25.571655	25.553022	25.532242	25.509499	25.484774	25.458263	25.429970	25.400105	25.368675	25.335903	25.301823	25.266644	25.230427	25.193371	25.155567	25.117195	25.078373	25.039261	
25.035278	25.070427	25.105305	25.139801	25.173754	25.207075	25.239590	25.271236	25.301825	25.331314	25.359509	25.386396	25.411772	25.435638	25.457809	25.478294	25.496920	25.513704	25.528502	25.541321	25.552059	25.560717	25.567228	25.571589	25.573771	25.573771	25.571590	25.567226	25.560719	25.552057	25.541325	25.528503	25.513708	25.496923	25.478296	25.457813	25.435640	25.411772	25.386395	25.359510	25.331314	25.301823	25.271235	25.239590	25.207073	25.173752	25.139801	25.105305	25.070429	25.035278	
25.031166	25.062212	25.093033	25.123493	25.153503	25.182915	25.211666	25.239594	25.266647	25.292660	25.317608	25.341316	25.363775	25.384817	25.404446	25.422501	25.438993	25.453785	25.466885	25.478188	25.487692	25.495323	25.501087	25.504932	25.506866	25.506863	25.504932	25.501091	25.495323	25.487694	25.478188	25.466888	25.453785	25.438995	25.422504	25.404449	25.384819	25.363777	25.341316	25.317608	25.292660	25.266645	25.239592	25.211666	25.182915	25.153503	25.123489	25.093033	25.062210	25.031166	
25.026932	25.053768	25.080397	25.106733	25.132654	25.158092	25.182919	25.207077	25.230431	25.252945	25.274469	25.294996	25.314369	25.332590	25.349518	25.365156	25.379375	25.392189	25.403486	25.413275	25.421471	25.428085	25.433052	25.436384	25.438047	25.438049	25.436386	25.433052	25.428083	25.421471	25.413277	25.403488	25.392193	25.379375	25.365156	25.349520	25.332592	25.314373	25.294998	25.274471	25.252945	25.230431	25.207077	25.182917	25.158094	25.132652	25.106731	25.080395	25.053770	25.026934	
25.022602	25.045116	25.067471	25.089558	25.111322	25.132652	25.153503	25.173756	25.193378	25.212240	25.230335	25.247526	25.263817	25.279078	25.293310	25.306404	25.318365	25.329090	25.338593	25.346786	25.353683	25.359215	25.363398	25.366182	25.367588	25.367586	25.366186	25.363400	25.359219	25.353683	25.346788	25.338594	25.329092	25.318365	25.306406	25.293310	25.279079	25.263817	25.247532	25.230335	25.212242	25.193377	25.173758	25.153505	25.132652	25.111324	25.089556	25.067469	25.045116	25.022602	
25.018181	25.036301	25.054277	25.072058	25.089560	25.106731	25.123493	25.139805	25.155571	25.170773	25.185303	25.199160	25.212240	25.224543	25.235970	25.246527	25.256126	25.264782	25.272406	25.279015	25.284546	25.289013	25.292362	25.294617	25.295738	25.295738	25.294617	25.292366	25.289013	25.284548	25.279016	25.272404	25.264782	25.256126	25.246527	25.235973	25.224543	25.212242	25.199162	25.185305	25.170769	25.155571	25.139805	25.123493	25.106735	25.089558	25.072058	25.054276	25.036301	25.018185	
25.013699	25.027342	25.040890	25.054279	25.067467	25.080397	25.093035	25.105309	25.117203	25.128633	25.139599	25.150021	25.159889	25.169138	25.177769	25.185701	25.192955	25.199451	25.205214	25.210176	25.214355	25.217709	25.220245	25.221933	25.222782	25.222784	25.221931	25.220247	25.217710	25.214359	25.210178	25.205215	25.199451	25.192955	25.185703	25.177765	25.169144	25.159893	25.150021	25.139597	25.128635	25.117199	25.105309	25.093033	25.080399	25.067471	25.054279	25.040890	25.027346	25.013699	
25.009159	25.018288	25.027346	25.036301	25.045116	25.053768	25.062214	25.070433	25.078375	25.086033	25.093353	25.100334	25.106922	25.113121	25.118877	25.124199	25.129032	25.133392	25.137234	25.140562	25.143349	25.145599	25.147285	25.148424	25.148991	25.148987	25.148422	25.147289	25.145603	25.143349	25.140564	25.137232	25.133392	25.129032	25.124197	25.118877	25.113121	25.106924	25.100334	25.093353	25.086029	25.078373	25.070431	25.062214	25.053770	25.045118	25.036301	25.027344	25.018288	25.009159	
25.004589	25.009159	25.013699	25.018185	25.022602	25.026932	25.031168	25.035278	25.039265	25.043093	25.046768	25.050259	25.053566	25.056664	25.059555	25.062212	25.064642	25.066820	25.068750	25.070412	25.071812	25.072935	25.073784	25.074350	25.074635	25.074635	25.074350	25.073784	25.072935	25.071814	25.070412	25.068748	25.066818	25.064642	25.062212	25.059553	25.056664	25.053564	25.050259	25.046768	25.043095	25.039263	25.035278	25.031168	25.026934	25.022602	25.018185	25.013699	25.009159	25.004589	
