25.001492	25.002979	25.004456	25.005913	25.007349	25.008759	25.010132	25.011469	25.012764	25.014008	25.015200	25.016331	25.017403	25.018410	25.019346	25.020208	25.020996	25.021702	25.022324	25.022865	25.023317	25.023682	25.023956	25.024139	25.024231	25.024231	25.024139	25.023956	25.023682	25.023315	25.022865	25.022324	25.021702	25.020994	25.020210	25.019344	25.018410	25.017403	25.016333	25.015196	25.014006	25.012760	25.011467	25.010132	25.008757	25.007347	25.005913	25.004456	25.002979	25.001492	
25.002979	25.005947	25.008892	25.011803	25.014671	25.017481	25.020226	25.022896	25.025476	25.027960	25.030338	25.032600	25.034742	25.036751	25.038616	25.040340	25.041910	25.043320	25.044567	25.045643	25.046545	25.047274	25.047821	25.048187	25.048370	25.048370	25.048187	25.047821	25.047272	25.046547	25.045643	25.044567	25.043320	25.041912	25.040339	25.038618	25.036749	25.034740	25.032600	25.030338	25.027958	25.025475	25.022892	25.020226	25.017479	25.014669	25.011803	25.008892	25.005945	25.002979	
25.004456	25.008892	25.013296	25.017647	25.021935	25.026138	25.030243	25.034233	25.038092	25.041807	25.045364	25.048748	25.051949	25.054949	25.057745	25.060318	25.062664	25.064774	25.066635	25.068245	25.069599	25.070686	25.071505	25.072052	25.072327	25.072327	25.072052	25.071503	25.070686	25.069599	25.068247	25.066639	25.064775	25.062664	25.060318	25.057743	25.054949	25.051949	25.048748	25.045364	25.041805	25.038092	25.034233	25.030243	25.026138	25.021935	25.017649	25.013296	25.008892	25.004456	
25.005913	25.011803	25.017651	25.023430	25.029118	25.034698	25.040146	25.045441	25.050566	25.055496	25.060219	25.064709	25.068958	25.072941	25.076649	25.080070	25.083181	25.085981	25.088455	25.090591	25.092386	25.093830	25.094917	25.095644	25.096008	25.096008	25.095642	25.094917	25.093830	25.092388	25.090595	25.088455	25.085983	25.083185	25.080067	25.076649	25.072941	25.068954	25.064709	25.060217	25.055496	25.050564	25.045441	25.040146	25.034698	25.029118	25.023430	25.017649	25.011803	25.005913	
25.007347	25.014671	25.021935	25.029118	25.036190	25.043123	25.049896	25.056477	25.062843	25.068974	25.074841	25.080427	25.085703	25.090656	25.095268	25.099514	25.103386	25.106863	25.109938	25.112595	25.114822	25.116619	25.117970	25.118874	25.119324	25.119328	25.118874	25.117970	25.116619	25.114826	25.112595	25.109940	25.106865	25.103386	25.099514	25.095266	25.090656	25.085705	25.080425	25.074841	25.068974	25.062845	25.056477	25.049896	25.043125	25.036190	25.029118	25.021935	25.014669	25.007349	
25.008759	25.017479	25.026138	25.034697	25.043123	25.051388	25.059456	25.067299	25.074886	25.082191	25.089184	25.095837	25.102127	25.108028	25.113522	25.118584	25.123196	25.127342	25.131004	25.134169	25.136827	25.138962	25.140575	25.141649	25.142191	25.142189	25.141651	25.140575	25.138966	25.136829	25.134171	25.131006	25.127342	25.123196	25.118584	25.113522	25.108028	25.102125	25.095837	25.089182	25.082190	25.074886	25.067299	25.059456	25.051388	25.043123	25.034698	25.026138	25.017483	25.008757	
25.010132	25.020226	25.030243	25.040144	25.049896	25.059456	25.068790	25.077866	25.086643	25.095097	25.103184	25.110884	25.118160	25.124992	25.131344	25.137203	25.142538	25.147335	25.151573	25.155235	25.158308	25.160784	25.162643	25.163895	25.164513	25.164516	25.163893	25.162647	25.160782	25.158310	25.155237	25.151573	25.147335	25.142540	25.137203	25.131348	25.124990	25.118160	25.110882	25.103184	25.095097	25.086643	25.077866	25.068792	25.059456	25.049896	25.040142	25.030243	25.020226	25.010132	
25.011471	25.022896	25.034231	25.045441	25.056477	25.067299	25.077866	25.088137	25.098074	25.107639	25.116798	25.125507	25.133749	25.141476	25.148674	25.155300	25.161343	25.166769	25.171566	25.175713	25.179192	25.181990	25.184101	25.185509	25.186218	25.186214	25.185511	25.184099	25.181992	25.179192	25.175713	25.171566	25.166771	25.161343	25.155302	25.148672	25.141479	25.133747	25.125511	25.116798	25.107639	25.098076	25.088139	25.077866	25.067301	25.056475	25.045441	25.034229	25.022896	25.011469	
25.012760	25.025475	25.038092	25.050564	25.062843	25.074884	25.086645	25.098072	25.109131	25.119774	25.129963	25.139662	25.148827	25.157429	25.165432	25.172810	25.179531	25.185574	25.190908	25.195522	25.199394	25.202511	25.204855	25.206429	25.207211	25.207214	25.206425	25.204857	25.202509	25.199394	25.195522	25.190910	25.185574	25.179535	25.172812	25.165436	25.157429	25.148827	25.139660	25.129965	25.119778	25.109131	25.098076	25.086647	25.074886	25.062847	25.050562	25.038094	25.025475	25.012764	
25.014008	25.027958	25.041805	25.055496	25.068972	25.082191	25.095093	25.107637	25.119774	25.131454	25.142639	25.153280	25.163342	25.172783	25.181568	25.189663	25.197041	25.203671	25.209530	25.214590	25.218842	25.222260	25.224838	25.226557	25.227425	25.227421	25.226559	25.224833	25.222260	25.218842	25.214592	25.209530	25.203674	25.197042	25.189667	25.181568	25.172783	25.163342	25.153282	25.142639	25.131456	25.119778	25.107639	25.095095	25.082191	25.068974	25.055496	25.041805	25.027962	25.014008	
25.015198	25.030338	25.045364	25.060215	25.074841	25.089180	25.103184	25.116795	25.129963	25.142639	25.154772	25.166321	25.177235	25.187481	25.197014	25.205799	25.213802	25.220997	25.227352	25.232847	25.237457	25.241169	25.243959	25.245832	25.246765	25.246769	25.245829	25.243961	25.241165	25.237459	25.232845	25.227354	25.220997	25.213806	25.205799	25.197014	25.187481	25.177238	25.166321	25.154774	25.142639	25.129965	25.116795	25.103188	25.089180	25.074842	25.060215	25.045364	25.030338	25.015200	
25.016335	25.032600	25.048748	25.064707	25.080423	25.095835	25.110882	25.125507	25.139660	25.153280	25.166321	25.178726	25.190460	25.201466	25.211712	25.221153	25.229755	25.237484	25.244320	25.250217	25.255177	25.259157	25.262165	25.264168	25.265179	25.265175	25.264172	25.262161	25.259161	25.255173	25.250221	25.244314	25.237488	25.229755	25.221153	25.211714	25.201469	25.190460	25.178730	25.166321	25.153282	25.139660	25.125511	25.110882	25.095837	25.080425	25.064711	25.048746	25.032604	25.016331	
25.017405	25.034740	25.051947	25.068956	25.085701	25.102125	25.118160	25.133747	25.148825	25.163342	25.177235	25.190460	25.202959	25.214693	25.225605	25.235668	25.244835	25.253075	25.260349	25.266644	25.271919	25.276173	25.279366	25.281511	25.282578	25.282581	25.281507	25.279371	25.276167	25.271923	25.266640	25.260353	25.253073	25.244835	25.235668	25.225609	25.214693	25.202959	25.190460	25.177238	25.163342	25.148827	25.133747	25.118164	25.102123	25.085705	25.068954	25.051949	25.034740	25.017406	
25.018410	25.036749	25.054947	25.072941	25.090656	25.108025	25.124990	25.141476	25.157429	25.172781	25.187481	25.201466	25.214691	25.227098	25.238647	25.249289	25.258986	25.267700	25.275402	25.282053	25.287640	25.292130	25.295519	25.297775	25.298916	25.298912	25.297783	25.295513	25.292131	25.287636	25.282055	25.275400	25.267700	25.258987	25.249290	25.238649	25.227100	25.214691	25.201468	25.187481	25.172783	25.157429	25.141479	25.124989	25.108028	25.090656	25.072943	25.054949	25.036751	25.018410	
25.019346	25.038618	25.057743	25.076649	25.095264	25.113522	25.131344	25.148672	25.165432	25.181568	25.197012	25.211712	25.225609	25.238647	25.250782	25.261967	25.272152	25.281313	25.289402	25.296394	25.302261	25.306986	25.310539	25.312923	25.314108	25.314112	25.312920	25.310543	25.306984	25.302265	25.296394	25.289406	25.281311	25.272156	25.261967	25.250782	25.238647	25.225609	25.211712	25.197014	25.181568	25.165432	25.148670	25.131344	25.113522	25.095268	25.076651	25.057743	25.038616	25.019348	
25.020210	25.040340	25.060318	25.080067	25.099514	25.118580	25.137203	25.155298	25.172812	25.189663	25.205799	25.221151	25.235668	25.249290	25.261967	25.273645	25.284290	25.293856	25.302307	25.309608	25.315742	25.320673	25.324390	25.326870	25.328119	25.328115	25.326874	25.324389	25.320675	25.315742	25.309612	25.302307	25.293858	25.284290	25.273647	25.261967	25.249290	25.235668	25.221153	25.205799	25.189663	25.172810	25.155300	25.137203	25.118584	25.099514	25.080069	25.060318	25.040340	25.020208	
25.020996	25.041908	25.062664	25.083179	25.103382	25.123196	25.142534	25.161343	25.179527	25.197042	25.213802	25.229755	25.244833	25.258987	25.272154	25.284290	25.295345	25.305286	25.314064	25.321655	25.328022	25.333149	25.337006	25.339588	25.340878	25.340881	25.339588	25.337006	25.333145	25.328022	25.321655	25.314068	25.305286	25.295349	25.284290	25.272156	25.258987	25.244835	25.229753	25.213802	25.197041	25.179531	25.161343	25.142538	25.123196	25.103386	25.083181	25.062664	25.041908	25.020996	
25.021698	25.043320	25.064772	25.085979	25.106861	25.127338	25.147335	25.166765	25.185574	25.203667	25.220999	25.237484	25.253071	25.267698	25.281311	25.293854	25.305286	25.315557	25.324633	25.332478	25.339060	25.344355	25.348347	25.351013	25.352350	25.352348	25.351013	25.348347	25.344357	25.339062	25.332476	25.324635	25.315559	25.305286	25.293858	25.281313	25.267700	25.253071	25.237484	25.220997	25.203671	25.185574	25.166769	25.147335	25.127342	25.106863	25.085981	25.064772	25.043320	25.021700	
25.022326	25.044563	25.066635	25.088453	25.109934	25.131001	25.151569	25.171566	25.190905	25.209530	25.227352	25.244316	25.260349	25.275398	25.289400	25.302307	25.314064	25.324633	25.333967	25.342037	25.348808	25.354259	25.358362	25.361107	25.362484	25.362482	25.361109	25.358364	25.354259	25.348810	25.342041	25.333969	25.324635	25.314068	25.302307	25.289402	25.275398	25.260349	25.244314	25.227352	25.209526	25.190908	25.171566	25.151573	25.131002	25.109936	25.088451	25.066635	25.044563	25.022324	
25.022865	25.045641	25.068245	25.090591	25.112593	25.134165	25.155231	25.175709	25.195522	25.214586	25.232847	25.250217	25.266640	25.282051	25.296394	25.309608	25.321653	25.332474	25.342037	25.350300	25.357239	25.362816	25.367020	25.369831	25.371239	25.371241	25.369831	25.367020	25.362818	25.357237	25.350304	25.342041	25.332478	25.321655	25.309612	25.296394	25.282051	25.266642	25.250217	25.232845	25.214590	25.195522	25.175713	25.155233	25.134167	25.112591	25.090591	25.068245	25.045643	25.022863	
25.023317	25.046543	25.069595	25.092384	25.114822	25.136824	25.158304	25.179188	25.199390	25.218840	25.237452	25.255173	25.271915	25.287634	25.302259	25.315741	25.328020	25.339058	25.348808	25.357235	25.364307	25.369999	25.374287	25.377151	25.378590	25.378588	25.377151	25.374287	25.369999	25.364309	25.357237	25.348808	25.339058	25.328022	25.315742	25.302263	25.287638	25.271919	25.255173	25.237455	25.218838	25.199394	25.179190	25.158306	25.136822	25.114822	25.092384	25.069599	25.046545	25.023317	
25.023682	25.047272	25.070683	25.093826	25.116615	25.138958	25.160780	25.181986	25.202507	25.222256	25.241165	25.259153	25.276167	25.292128	25.306982	25.320669	25.333145	25.344353	25.354256	25.362816	25.369999	25.375778	25.380131	25.383043	25.384501	25.384502	25.383045	25.380131	25.375778	25.369999	25.362814	25.354258	25.344353	25.333147	25.320675	25.306984	25.292130	25.276167	25.259157	25.241163	25.222256	25.202507	25.181988	25.160778	25.138960	25.116615	25.093826	25.070684	25.047272	25.023682	
25.023956	25.047821	25.071503	25.094913	25.117966	25.140572	25.162640	25.184095	25.204851	25.224831	25.243954	25.262161	25.279364	25.295513	25.310535	25.324387	25.337002	25.348343	25.358358	25.367020	25.374283	25.380131	25.384535	25.387480	25.388956	25.388954	25.387482	25.384535	25.380131	25.374287	25.367020	25.358362	25.348345	25.337006	25.324387	25.310539	25.295513	25.279366	25.262159	25.243958	25.224831	25.204853	25.184095	25.162642	25.140572	25.117966	25.094915	25.071505	25.047821	25.023956	
25.024139	25.048187	25.072052	25.095642	25.118868	25.141647	25.163887	25.185505	25.206421	25.226553	25.245827	25.264164	25.281506	25.297775	25.312918	25.326872	25.339586	25.351009	25.361103	25.369829	25.377151	25.383041	25.387480	25.390448	25.391937	25.391935	25.390450	25.387482	25.383043	25.377153	25.369831	25.361107	25.351011	25.339586	25.326870	25.312918	25.297775	25.281506	25.264166	25.245825	25.226551	25.206421	25.185505	25.163887	25.141647	25.118870	25.095642	25.072052	25.048187	25.024139	
25.024231	25.048370	25.072327	25.096004	25.119322	25.142185	25.164509	25.186211	25.207207	25.227415	25.246761	25.265171	25.282576	25.298910	25.314106	25.328114	25.340878	25.352346	25.362478	25.371239	25.378586	25.384501	25.388958	25.391937	25.393427	25.393429	25.391935	25.388956	25.384502	25.378590	25.371239	25.362482	25.352348	25.340878	25.328115	25.314108	25.298908	25.282578	25.265171	25.246761	25.227413	25.207207	25.186211	25.164511	25.142185	25.119324	25.096006	25.072327	25.048370	25.024231	
25.024231	25.048370	25.072327	25.096004	25.119322	25.142185	25.164509	25.186211	25.207207	25.227415	25.246761	25.265171	25.282576	25.298910	25.314106	25.328114	25.340878	25.352346	25.362478	25.371239	25.378586	25.384501	25.388958	25.391937	25.393427	25.393429	25.391935	25.388956	25.384502	25.378590	25.371239	25.362482	25.352348	25.340878	25.328115	25.314108	25.298908	25.282578	25.265171	25.246761	25.227413	25.207207	25.186211	25.164511	25.142185	25.119324	25.096006	25.072327	25.048370	25.024231	
25.024139	25.048187	25.072052	25.095642	25.118868	25.141647	25.163887	25.185505	25.206421	25.226553	25.245827	25.264164	25.281506	25.297775	25.312918	25.326872	25.339586	25.351009	25.361103	25.369829	25.377151	25.383041	25.387480	25.390448	25.391937	25.391935	25.390450	25.387482	25.383043	25.377153	25.369831	25.361107	25.351011	25.339586	25.326870	25.312918	25.297775	25.281506	25.264166	25.245825	25.226551	25.206421	25.185505	25.163887	25.141647	25.118870	25.095642	25.072052	25.048187	25.024139	
25.023956	25.047821	25.071503	25.094913	25.117966	25.140572	25.162640	25.184095	25.204851	25.224831	25.243954	25.262161	25.279364	25.295513	25.310535	25.324387	25.337002	25.348343	25.358358	25.367020	25.374283	25.380131	25.384535	25.387480	25.388956	25.388954	25.387482	25.384535	25.380131	25.374287	25.367020	25.358362	25.348345	25.337006	25.324387	25.310539	25.295513	25.279366	25.262159	25.243958	25.224831	25.204853	25.184095	25.162642	25.140572	25.117966	25.094915	25.071505	25.047821	25.023956	
25.023682	25.047272	25.070683	25.093826	25.116615	25.138958	25.160780	25.181986	25.202507	25.222256	25.241165	25.259153	25.276167	25.292128	25.306982	25.320669	25.333145	25.344353	25.354256	25.362816	25.369999	25.375778	25.380131	25.383043	25.384501	25.384502	25.383045	25.380131	25.375778	25.369999	25.362814	25.354258	25.344353	25.333147	25.320675	25.306984	25.292130	25.276167	25.259157	25.241163	25.222256	25.202507	25.181988	25.160778	25.138960	25.116615	25.093826	25.070684	25.047272	25.023682	
25.023317	25.046543	25.069595	25.092384	25.114822	25.136824	25.158304	25.179188	25.199390	25.218840	25.237452	25.255173	25.271915	25.287634	25.302259	25.315741	25.328020	25.339058	25.348808	25.357235	25.364307	25.369999	25.374287	25.377151	25.378590	25.378588	25.377151	25.374287	25.369999	25.364309	25.357237	25.348808	25.339058	25.328022	25.315742	25.302263	25.287638	25.271919	25.255173	25.237455	25.218838	25.199394	25.179190	25.158306	25.136822	25.114822	25.092384	25.069599	25.046545	25.023317	
25.022865	25.045641	25.068245	25.090591	25.112593	25.134165	25.155231	25.175709	25.195522	25.214586	25.232847	25.250217	25.266640	25.282051	25.296394	25.309608	25.321653	25.332474	25.342037	25.350300	25.357239	25.362816	25.367020	25.369831	25.371239	25.371241	25.369831	25.367020	25.362818	25.357237	25.350304	25.342041	25.332478	25.321655	25.309612	25.296394	25.282051	25.266642	25.250217	25.232845	25.214590	25.195522	25.175713	25.155233	25.134167	25.112591	25.090591	25.068245	25.045643	25.022863	
25.022326	25.044563	25.066635	25.088453	25.109934	25.131001	25.151569	25.171566	25.190905	25.209530	25.227352	25.244316	25.260349	25.275398	25.289400	25.302307	25.314064	25.324633	25.333967	25.342037	25.348808	25.354259	25.358362	25.361107	25.362484	25.362482	25.361109	25.358364	25.354259	25.348810	25.342041	25.333969	25.324635	25.314068	25.302307	25.289402	25.275398	25.260349	25.244314	25.227352	25.209526	25.190908	25.171566	25.151573	25.131002	25.109936	25.088451	25.066635	25.044563	25.022324	
25.021698	25.043320	25.064772	25.085979	25.106861	25.127338	25.147335	25.166765	25.185574	25.203667	25.220999	25.237484	25.253071	25.267698	25.281311	25.293854	25.305286	25.315557	25.324633	25.332478	25.339060	25.344355	25.348347	25.351013	25.352350	25.352348	25.351013	25.348347	25.344357	25.339062	25.332476	25.324635	25.315559	25.305286	25.293858	25.281313	25.267700	25.253071	25.237484	25.220997	25.203671	25.185574	25.166769	25.147335	25.127342	25.106863	25.085981	25.064772	25.043320	25.021700	
25.020996	25.041908	25.062664	25.083179	25.103382	25.123196	25.142534	25.161343	25.179527	25.197042	25.213802	25.229755	25.244833	25.258987	25.272154	25.284290	25.295345	25.305286	25.314064	25.321655	25.328022	25.333149	25.337006	25.339588	25.340878	25.340881	25.339588	25.337006	25.333145	25.328022	25.321655	25.314068	25.305286	25.295349	25.284290	25.272156	25.258987	25.244835	25.229753	25.213802	25.197041	25.179531	25.161343	25.142538	25.123196	25.103386	25.083181	25.062664	25.041908	25.020996	
25.020210	25.040340	25.060318	25.080067	25.099514	25.118580	25.137203	25.155298	25.172812	25.189663	25.205799	25.221151	25.235668	25.249290	25.261967	25.273645	25.284290	25.293856	25.302307	25.309608	25.315742	25.320673	25.324390	25.326870	25.328119	25.328115	25.326874	25.324389	25.320675	25.315742	25.309612	25.302307	25.293858	25.284290	25.273647	25.261967	25.249290	25.235668	25.221153	25.205799	25.189663	25.172810	25.155300	25.137203	25.118584	25.099514	25.080069	25.060318	25.040340	25.020208	
25.019346	25.038618	25.057743	25.076649	25.095264	25.113522	25.131344	25.148672	25.165432	25.181568	25.197012	25.211712	25.225609	25.238647	25.250782	25.261967	25.272152	25.281313	25.289402	25.296394	25.302261	25.306986	25.310539	25.312923	25.314108	25.314112	25.312920	25.310543	25.306984	25.302265	25.296394	25.289406	25.281311	25.272156	25.261967	25.250782	25.238647	25.225609	25.211712	25.197014	25.181568	25.165432	25.148670	25.131344	25.113522	25.095268	25.076651	25.057743	25.038616	25.019348	
25.018410	25.036749	25.054947	25.072941	25.090656	25.108025	25.124990	25.141476	25.157429	25.172781	25.187481	25.201466	25.214691	25.227098	25.238647	25.249289	25.258986	25.267700	25.275402	25.282053	25.287640	25.292130	25.295519	25.297775	25.298916	25.298912	25.297783	25.295513	25.292131	25.287636	25.282055	25.275400	25.267700	25.258987	25.249290	25.238649	25.227100	25.214691	25.201468	25.187481	25.172783	25.157429	25.141479	25.124989	25.108028	25.090656	25.072943	25.054949	25.036751	25.018410	
25.017405	25.034740	25.051947	25.068956	25.085701	25.102125	25.118160	25.133747	25.148825	25.163342	25.177235	25.190460	25.202959	25.214693	25.225605	25.235668	25.244835	25.253075	25.260349	25.266644	25.271919	25.276173	25.279366	25.281511	25.282578	25.282581	25.281507	25.279371	25.276167	25.271923	25.266640	25.260353	25.253073	25.244835	25.235668	25.225609	25.214693	25.202959	25.190460	25.177238	25.163342	25.148827	25.133747	25.118164	25.102123	25.085705	25.068954	25.051949	25.034740	25.017406	
25.016335	25.032600	25.048748	25.064707	25.080423	25.095835	25.110882	25.125507	25.139660	25.153280	25.166321	25.178726	25.190460	25.201466	25.211712	25.221153	25.229755	25.237484	25.244320	25.250217	25.255177	25.259157	25.262165	25.264168	25.265179	25.265175	25.264172	25.262161	25.259161	25.255173	25.250221	25.244314	25.237488	25.229755	25.221153	25.211714	25.201469	25.190460	25.178730	25.166321	25.153282	25.139660	25.125511	25.110882	25.095837	25.080425	25.064711	25.048746	25.032604	25.016331	
25.015198	25.030338	25.045364	25.060215	25.074841	25.089180	25.103184	25.116795	25.129963	25.142639	25.154772	25.166321	25.177235	25.187481	25.197014	25.205799	25.213802	25.220997	25.227352	25.232847	25.237457	25.241169	25.243959	25.245832	25.246765	25.246769	25.245829	25.243961	25.241165	25.237459	25.232845	25.227354	25.220997	25.213806	25.205799	25.197014	25.187481	25.177238	25.166321	25.154774	25.142639	25.129965	25.116795	25.103188	25.089180	25.074842	25.060215	25.045364	25.030338	25.015200	
25.014008	25.027958	25.041805	25.055496	25.068972	25.082191	25.095093	25.107637	25.119774	25.131454	25.142639	25.153280	25.163342	25.172783	25.181568	25.189663	25.197041	25.203671	25.209530	25.214590	25.218842	25.222260	25.224838	25.226557	25.227425	25.227421	25.226559	25.224833	25.222260	25.218842	25.214592	25.209530	25.203674	25.197042	25.189667	25.181568	25.172783	25.163342	25.153282	25.142639	25.131456	25.119778	25.107639	25.095095	25.082191	25.068974	25.055496	25.041805	25.027962	25.014008	
25.012760	25.025475	25.038092	25.050564	25.062843	25.074884	25.086645	25.098072	25.109131	25.119774	25.129963	25.139662	25.148827	25.157429	25.165432	25.172810	25.179531	25.185574	25.190908	25.195522	25.199394	25.202511	25.204855	25.206429	25.207211	25.207214	25.206425	25.204857	25.202509	25.199394	25.195522	25.190910	25.185574	25.179535	25.172812	25.165436	25.157429	25.148827	25.139660	25.129965	25.119778	25.109131	25.098076	25.086647	25.074886	25.062847	25.050562	25.038094	25.025475	25.012764	
25.011471	25.022896	25.034231	25.045441	25.056477	25.067299	25.077866	25.088137	25.098074	25.107639	25.116798	25.125507	25.133749	25.141476	25.148674	25.155300	25.161343	25.166769	25.171566	25.175713	25.179192	25.181990	25.184101	25.185509	25.186218	25.186214	25.185511	25.184099	25.181992	25.179192	25.175713	25.171566	25.166771	25.161343	25.155302	25.148672	25.141479	25.133747	25.125511	25.116798	25.107639	25.098076	25.088139	25.077866	25.067301	25.056475	25.045441	25.034229	25.022896	25.011469	
25.010132	25.020226	25.030243	25.040144	25.049896	25.059456	25.068790	25.077866	25.086643	25.095097	25.103184	25.110884	25.118160	25.124992	25.131344	25.137203	25.142538	25.147335	25.151573	25.155235	25.158308	25.160784	25.162643	25.163895	25.164513	25.164516	25.163893	25.162647	25.160782	25.158310	25.155237	25.151573	25.147335	25.142540	25.137203	25.131348	25.124990	25.118160	25.110882	25.103184	25.095097	25.086643	25.077866	25.068792	25.059456	25.049896	25.040142	25.030243	25.020226	25.010132	
25.008759	25.017479	25.026138	25.034697	25.043123	25.051388	25.059456	25.067299	25.074886	25.082191	25.089184	25.095837	25.102127	25.108028	25.113522	25.118584	25.123196	25.127342	25.131004	25.134169	25.136827	25.138962	25.140575	25.141649	25.142191	25.142189	25.141651	25.140575	25.138966	25.136829	25.134171	25.131006	25.127342	25.123196	25.118584	25.113522	25.108028	25.102125	25.095837	25.089182	25.082190	25.074886	25.067299	25.059456	25.051388	25.043123	25.034698	25.026138	25.017483	25.008757	
25.007347	25.014671	25.021935	25.029118	25.036190	25.043123	25.049896	25.056477	25.062843	25.068974	25.074841	25.080427	25.085703	25.090656	25.095268	25.099514	25.103386	25.106863	25.109938	25.112595	25.114822	25.116619	25.117970	25.118874	25.119324	25.119328	25.118874	25.117970	25.116619	25.114826	25.112595	25.109940	25.106865	25.103386	25.099514	25.095266	25.090656	25.085705	25.080425	25.074841	25.068974	25.062845	25.056477	25.049896	25.043125	25.036190	25.029118	25.021935	25.014669	25.007349	
25.005913	25.011803	25.017651	25.023430	25.029118	25.034698	25.040146	25.045441	25.050566	25.055496	25.060219	25.064709	25.068958	25.072941	25.076649	25.080070	25.083181	25.085981	25.088455	25.090591	25.092386	25.093830	25.094917	25.095644	25.096008	25.096008	25.095642	25.094917	25.093830	25.092388	25.090595	25.088455	25.085983	25.083185	25.080067	25.076649	25.072941	25.068954	25.064709	25.060217	25.055496	25.050564	25.045441	25.040146	25.034698	25.029118	25.023430	25.017649	25.011803	25.005913	
25.004456	25.008892	25.013296	25.017647	25.021935	25.026138	25.030243	25.034233	25.038092	25.041807	25.045364	25.048748	25.051949	25.054949	25.057745	25.060318	25.062664	25.064774	25.066635	25.068245	25.069599	25.070686	25.071505	25.072052	25.072327	25.072327	25.072052	25.071503	25.070686	25.069599	25.068247	25.066639	25.064775	25.062664	25.060318	25.057743	25.054949	25.051949	25.048748	25.045364	25.041805	25.038092	25.034233	25.030243	25.026138	25.021935	25.017649	25.013296	25.008892	25.004456	
25.002979	25.005947	25.008892	25.011803	25.014671	25.017481	25.020226	25.022896	25.025476	25.027960	25.030338	25.032600	25.034742	25.036751	25.038616	25.040340	25.041910	25.043320	25.044567	25.045643	25.046545	25.047274	25.047821	25.048187	25.048370	25.048370	25.048187	25.047821	25.047272	25.046547	25.045643	25.044567	25.043320	25.041912	25.040339	25.038618	25.036749	25.034740	25.032600	25.030338	25.027958	25.025475	25.022892	25.020226	25.017479	25.014669	25.011803	25.008892	25.005945	25.002979	
25.001492	25.002979	25.004456	25.005913	25.007349	25.008759	25.010132	25.011469	25.012764	25.014008	25.015200	25.016331	25.017403	25.018410	25.019346	25.020208	25.020996	25.021702	25.022324	25.022865	25.023317	25.023682	25.023956	25.024139	25.024231	25.024231	25.024139	25.023956	25.023682	25.023315	25.022865	25.022324	25.021702	25.020994	25.020210	25.019344	25.018410	25.017403	25.016333	25.015196	25.014006	25.012760	25.011467	25.010132	25.008757	25.007347	25.005913	25.004456	25.002979	25.001492	
