25.000397	25.000793	25.001183	25.001572	25.001953	25.002327	25.002693	25.003048	25.003391	25.003723	25.004040	25.004341	25.004623	25.004892	25.005140	25.005371	25.005581	25.005768	25.005934	25.006077	25.006199	25.006294	25.006367	25.006416	25.006439	25.006439	25.006416	25.006365	25.006294	25.006197	25.006077	25.005932	25.005768	25.005579	25.005371	25.005142	25.004894	25.004625	25.004341	25.004040	25.003723	25.003391	25.003048	25.002693	25.002329	25.001953	25.001572	25.001183	25.000792	25.000397	
25.000793	25.001579	25.002363	25.003138	25.003899	25.004646	25.005375	25.006084	25.006771	25.007431	25.008064	25.008663	25.009232	25.009768	25.010262	25.010723	25.011139	25.011513	25.011843	25.012133	25.012371	25.012564	25.012711	25.012806	25.012856	25.012856	25.012806	25.012709	25.012562	25.012371	25.012129	25.011845	25.011513	25.011139	25.010719	25.010265	25.009766	25.009233	25.008665	25.008064	25.007431	25.006771	25.006086	25.005375	25.004646	25.003899	25.003136	25.002365	25.001581	25.000792	
25.001183	25.002363	25.003532	25.004692	25.005829	25.006947	25.008038	25.009098	25.010122	25.011112	25.012058	25.012957	25.013805	25.014603	25.015350	25.016031	25.016657	25.017216	25.017712	25.018137	25.018499	25.018787	25.019003	25.019150	25.019222	25.019222	25.019150	25.019001	25.018785	25.018497	25.018139	25.017708	25.017216	25.016653	25.016033	25.015347	25.014605	25.013805	25.012955	25.012056	25.011112	25.010124	25.009098	25.008038	25.006947	25.005829	25.004690	25.003532	25.002365	25.001184	
25.001572	25.003136	25.004692	25.006226	25.007740	25.009220	25.010670	25.012077	25.013439	25.014748	25.016003	25.017199	25.018326	25.019386	25.020370	25.021282	25.022108	25.022854	25.023508	25.024080	25.024553	25.024937	25.025225	25.025419	25.025513	25.025517	25.025417	25.025227	25.024933	25.024555	25.024075	25.023510	25.022850	25.022106	25.021278	25.020372	25.019384	25.018326	25.017197	25.016005	25.014750	25.013439	25.012077	25.010670	25.009222	25.007740	25.006226	25.004692	25.003136	25.001572	
25.001953	25.003899	25.005829	25.007738	25.009619	25.011463	25.013260	25.015011	25.016701	25.018332	25.019890	25.021374	25.022778	25.024094	25.025322	25.026447	25.027479	25.028400	25.029221	25.029922	25.030518	25.030993	25.031353	25.031591	25.031713	25.031712	25.031593	25.031351	25.030994	25.030514	25.029924	25.029217	25.028400	25.027475	25.026449	25.025318	25.024094	25.022778	25.021374	25.019890	25.018333	25.016703	25.015011	25.013262	25.011461	25.009619	25.007740	25.005831	25.003899	25.001953	
25.002327	25.004646	25.006947	25.009222	25.011463	25.013657	25.015802	25.017887	25.019901	25.021843	25.023703	25.025471	25.027142	25.028709	25.030170	25.031517	25.032740	25.033844	25.034817	25.035660	25.036366	25.036934	25.037361	25.037643	25.037788	25.037790	25.037643	25.037361	25.036930	25.036364	25.035656	25.034817	25.033844	25.032743	25.031515	25.030170	25.028709	25.027142	25.025471	25.023703	25.021843	25.019905	25.017885	25.015804	25.013657	25.011461	25.009224	25.006947	25.004646	25.002327	
25.002693	25.005375	25.008038	25.010670	25.013260	25.015802	25.018284	25.020695	25.023027	25.025276	25.027424	25.029470	25.031403	25.033218	25.034908	25.036461	25.037884	25.039158	25.040283	25.041256	25.042076	25.042732	25.043224	25.043556	25.043722	25.043720	25.043556	25.043224	25.042730	25.042072	25.041258	25.040283	25.039158	25.037880	25.036465	25.034908	25.033218	25.031403	25.029469	25.027424	25.025276	25.023029	25.020695	25.018282	25.015800	25.013264	25.010670	25.008039	25.005375	25.002693	
25.003048	25.006084	25.009098	25.012077	25.015011	25.017887	25.020695	25.023424	25.026068	25.028606	25.031044	25.033356	25.035547	25.037601	25.039513	25.041275	25.042877	25.044323	25.045597	25.046700	25.047623	25.048367	25.048927	25.049299	25.049490	25.049492	25.049301	25.048929	25.048367	25.047625	25.046700	25.045597	25.044321	25.042881	25.041275	25.039513	25.037601	25.035545	25.033356	25.031042	25.028608	25.026066	25.023426	25.020695	25.017887	25.015011	25.012079	25.009098	25.006084	25.003048	
25.003389	25.006771	25.010124	25.013439	25.016701	25.019905	25.023027	25.026068	25.029003	25.031834	25.034538	25.037121	25.039551	25.041840	25.043968	25.045929	25.047716	25.049320	25.050739	25.051964	25.052994	25.053822	25.054443	25.054861	25.055069	25.055069	25.054863	25.054443	25.053822	25.052990	25.051966	25.050739	25.049320	25.047712	25.045929	25.043968	25.041840	25.039555	25.037117	25.034540	25.031834	25.029003	25.026066	25.023029	25.019901	25.016703	25.013439	25.010124	25.006771	25.003393	
25.003723	25.007429	25.011112	25.014750	25.018332	25.021843	25.025274	25.028606	25.031834	25.034935	25.037910	25.040735	25.043411	25.045921	25.048256	25.050409	25.052370	25.054131	25.055687	25.057034	25.058161	25.059071	25.059753	25.060209	25.060440	25.060442	25.060211	25.059755	25.059067	25.058163	25.057032	25.055687	25.054129	25.052368	25.050407	25.048256	25.045919	25.043413	25.040737	25.037910	25.034935	25.031834	25.028608	25.025272	25.021843	25.018332	25.014750	25.011112	25.007433	25.003723	
25.004036	25.008064	25.012054	25.016005	25.019890	25.023703	25.027424	25.031042	25.034538	25.037910	25.041130	25.044205	25.047102	25.049828	25.052361	25.054695	25.056824	25.058735	25.060425	25.061882	25.063108	25.064095	25.064835	25.065332	25.065582	25.065582	25.065336	25.064837	25.064095	25.063107	25.061884	25.060423	25.058735	25.056820	25.054695	25.052359	25.049828	25.047104	25.044205	25.041134	25.037910	25.034542	25.031040	25.027424	25.023701	25.019890	25.016005	25.012056	25.008064	25.004040	
25.004341	25.008663	25.012955	25.017197	25.021376	25.025469	25.029469	25.033356	25.037117	25.040737	25.044205	25.047499	25.050619	25.053543	25.056267	25.058779	25.061062	25.063116	25.064932	25.066502	25.067818	25.068874	25.069672	25.070206	25.070475	25.070475	25.070206	25.069675	25.068874	25.067818	25.066500	25.064930	25.063114	25.061062	25.058775	25.056267	25.053543	25.050619	25.047501	25.044205	25.040737	25.037117	25.033358	25.029470	25.025471	25.021374	25.017197	25.012957	25.008665	25.004341	
25.004623	25.009233	25.013805	25.018326	25.022776	25.027142	25.031403	25.035545	25.039555	25.043411	25.047104	25.050617	25.053940	25.057056	25.059959	25.062634	25.065071	25.067257	25.069193	25.070864	25.072266	25.073395	25.074247	25.074814	25.075098	25.075100	25.074814	25.074245	25.073399	25.072268	25.070866	25.069195	25.067259	25.065069	25.062634	25.059959	25.057060	25.053940	25.050619	25.047106	25.043411	25.039555	25.035545	25.031403	25.027142	25.022778	25.018328	25.013805	25.009232	25.004625	
25.004890	25.009766	25.014605	25.019386	25.024094	25.028709	25.033218	25.037601	25.041840	25.045921	25.049826	25.053545	25.057056	25.060356	25.063423	25.066256	25.068830	25.071148	25.073193	25.074961	25.076443	25.077637	25.078537	25.079138	25.079441	25.079437	25.079140	25.078537	25.077639	25.076447	25.074963	25.073193	25.071146	25.068832	25.066254	25.063427	25.060356	25.057060	25.053545	25.049828	25.045921	25.041840	25.037601	25.033218	25.028709	25.024094	25.019386	25.014606	25.009766	25.004892	
25.005142	25.010262	25.015345	25.020372	25.025318	25.030170	25.034906	25.039513	25.043968	25.048254	25.052362	25.056267	25.059959	25.063423	25.066650	25.069622	25.072330	25.074762	25.076912	25.078770	25.080330	25.081585	25.082531	25.083160	25.083477	25.083479	25.083162	25.082531	25.081589	25.080330	25.078773	25.076916	25.074764	25.072330	25.069624	25.066650	25.063427	25.059959	25.056267	25.052361	25.048256	25.043968	25.039511	25.034908	25.030170	25.025318	25.020374	25.015347	25.010263	25.005142	
25.005371	25.010719	25.016029	25.021280	25.026447	25.031517	25.036465	25.041275	25.045925	25.050409	25.054695	25.058777	25.062632	25.066254	25.069622	25.072727	25.075554	25.078100	25.080341	25.082283	25.083912	25.085224	25.086210	25.086870	25.087200	25.087202	25.086870	25.086212	25.085224	25.083916	25.082285	25.080345	25.078098	25.075558	25.072727	25.069624	25.066254	25.062634	25.058773	25.054695	25.050407	25.045927	25.041275	25.036463	25.031515	25.026447	25.021278	25.016031	25.010719	25.005371	
25.005577	25.011137	25.016653	25.022106	25.027477	25.032740	25.037882	25.042877	25.047714	25.052366	25.056824	25.061062	25.065071	25.068829	25.072330	25.075554	25.078497	25.081133	25.083469	25.085484	25.087177	25.088539	25.089565	25.090250	25.090593	25.090595	25.090252	25.089563	25.088539	25.087177	25.085487	25.083469	25.081137	25.078495	25.075558	25.072330	25.068832	25.065067	25.061062	25.056822	25.052368	25.047714	25.042877	25.037884	25.032742	25.027475	25.022106	25.016651	25.011139	25.005579	
25.005768	25.011513	25.017216	25.022850	25.028399	25.033844	25.039156	25.044323	25.049316	25.054129	25.058733	25.063118	25.067259	25.071148	25.074762	25.078100	25.081135	25.083866	25.086277	25.088360	25.090109	25.091518	25.092575	25.093287	25.093641	25.093643	25.093285	25.092579	25.091518	25.090111	25.088362	25.086279	25.083866	25.081137	25.078098	25.074764	25.071148	25.067261	25.063116	25.058735	25.054127	25.049320	25.044323	25.039158	25.033844	25.028402	25.022850	25.017214	25.011511	25.005768	
25.005932	25.011845	25.017710	25.023506	25.029217	25.034815	25.040283	25.045597	25.050737	25.055685	25.060423	25.064930	25.069195	25.073191	25.076916	25.080341	25.083469	25.086277	25.088757	25.090900	25.092701	25.094147	25.095240	25.095966	25.096334	25.096334	25.095970	25.095238	25.094151	25.092701	25.090904	25.088758	25.086277	25.083469	25.080345	25.076916	25.073195	25.069191	25.064932	25.060421	25.055687	25.050735	25.045597	25.040281	25.034817	25.029217	25.023506	25.017708	25.011843	25.005932	
25.006077	25.012131	25.018139	25.024075	25.029922	25.035660	25.041256	25.046700	25.051962	25.057030	25.061882	25.066500	25.070866	25.074963	25.078770	25.082285	25.085484	25.088360	25.090902	25.093098	25.094940	25.096422	25.097538	25.098286	25.098660	25.098663	25.098288	25.097542	25.096424	25.094940	25.093098	25.090904	25.088360	25.085487	25.082287	25.078773	25.074963	25.070866	25.066498	25.061886	25.057030	25.051964	25.046696	25.041258	25.035656	25.029922	25.024076	25.018137	25.012129	25.006077	
25.006199	25.012371	25.018497	25.024555	25.030518	25.036364	25.042074	25.047623	25.052994	25.058159	25.063107	25.067816	25.072268	25.076443	25.080334	25.083912	25.087175	25.090111	25.092701	25.094940	25.096819	25.098331	25.099468	25.100233	25.100615	25.100616	25.100235	25.099472	25.098331	25.096821	25.094940	25.092701	25.090111	25.087177	25.083916	25.080332	25.076447	25.072269	25.067818	25.063107	25.058161	25.052990	25.047623	25.042072	25.036364	25.030514	25.024551	25.018496	25.012371	25.006197	
25.006294	25.012564	25.018785	25.024937	25.030994	25.036934	25.042732	25.048367	25.053820	25.059071	25.064095	25.068874	25.073395	25.077641	25.081585	25.085224	25.088537	25.091518	25.094151	25.096422	25.098333	25.099865	25.101025	25.101797	25.102184	25.102188	25.101801	25.101027	25.099869	25.098331	25.096424	25.094151	25.091518	25.088539	25.085224	25.081589	25.077637	25.073397	25.068876	25.064095	25.059067	25.053822	25.048365	25.042730	25.036930	25.030991	25.024937	25.018784	25.012562	25.006294	
25.006369	25.012711	25.019003	25.025227	25.031353	25.037361	25.043226	25.048927	25.054445	25.059753	25.064837	25.069674	25.074249	25.078537	25.082535	25.086212	25.089565	25.092577	25.095240	25.097542	25.099468	25.101025	25.102194	25.102978	25.103371	25.103371	25.102978	25.102198	25.101027	25.099472	25.097542	25.095242	25.092579	25.089565	25.086212	25.082531	25.078537	25.074245	25.069675	25.064837	25.059753	25.054441	25.048927	25.043224	25.037359	25.031349	25.025223	25.019003	25.012707	25.006367	
25.006416	25.012806	25.019150	25.025419	25.031593	25.037647	25.043556	25.049301	25.054861	25.060211	25.065334	25.070208	25.074816	25.079144	25.083164	25.086872	25.090248	25.093288	25.095970	25.098286	25.100233	25.101797	25.102978	25.103767	25.104162	25.104164	25.103767	25.102978	25.101801	25.100235	25.098289	25.095970	25.093288	25.090252	25.086872	25.083164	25.079140	25.074814	25.070206	25.065334	25.060211	25.054859	25.049301	25.043556	25.037643	25.031591	25.025417	25.019146	25.012806	25.006414	
25.006441	25.012856	25.019222	25.025517	25.031713	25.037790	25.043724	25.049492	25.055071	25.060440	25.065582	25.070477	25.075104	25.079443	25.083481	25.087202	25.090593	25.093643	25.096333	25.098663	25.100615	25.102186	25.103371	25.104164	25.104561	25.104561	25.104164	25.103371	25.102188	25.100616	25.098663	25.096336	25.093643	25.090595	25.087204	25.083481	25.079441	25.075100	25.070473	25.065580	25.060440	25.055069	25.049492	25.043720	25.037788	25.031712	25.025513	25.019218	25.012852	25.006439	
25.006441	25.012856	25.019222	25.025517	25.031713	25.037790	25.043724	25.049492	25.055071	25.060440	25.065582	25.070477	25.075104	25.079443	25.083481	25.087202	25.090593	25.093643	25.096333	25.098663	25.100615	25.102186	25.103371	25.104164	25.104561	25.104561	25.104164	25.103371	25.102188	25.100616	25.098663	25.096336	25.093643	25.090595	25.087204	25.083481	25.079441	25.075100	25.070473	25.065580	25.060440	25.055069	25.049492	25.043720	25.037788	25.031712	25.025513	25.019218	25.012852	25.006439	
25.006416	25.012806	25.019150	25.025419	25.031593	25.037647	25.043556	25.049301	25.054861	25.060211	25.065334	25.070208	25.074816	25.079144	25.083164	25.086872	25.090248	25.093288	25.095970	25.098286	25.100233	25.101797	25.102978	25.103767	25.104162	25.104164	25.103767	25.102978	25.101801	25.100235	25.098289	25.095970	25.093288	25.090252	25.086872	25.083164	25.079140	25.074814	25.070206	25.065334	25.060211	25.054859	25.049301	25.043556	25.037643	25.031591	25.025417	25.019146	25.012806	25.006414	
25.006369	25.012711	25.019003	25.025227	25.031353	25.037361	25.043226	25.048927	25.054445	25.059753	25.064837	25.069674	25.074249	25.078537	25.082535	25.086212	25.089565	25.092577	25.095240	25.097542	25.099468	25.101025	25.102194	25.102978	25.103371	25.103371	25.102978	25.102198	25.101027	25.099472	25.097542	25.095242	25.092579	25.089565	25.086212	25.082531	25.078537	25.074245	25.069675	25.064837	25.059753	25.054441	25.048927	25.043224	25.037359	25.031349	25.025223	25.019003	25.012707	25.006367	
25.006294	25.012564	25.018785	25.024937	25.030994	25.036934	25.042732	25.048367	25.053820	25.059071	25.064095	25.068874	25.073395	25.077641	25.081585	25.085224	25.088537	25.091518	25.094151	25.096422	25.098333	25.099865	25.101025	25.101797	25.102184	25.102188	25.101801	25.101027	25.099869	25.098331	25.096424	25.094151	25.091518	25.088539	25.085224	25.081589	25.077637	25.073397	25.068876	25.064095	25.059067	25.053822	25.048365	25.042730	25.036930	25.030991	25.024937	25.018784	25.012562	25.006294	
25.006199	25.012371	25.018497	25.024555	25.030518	25.036364	25.042074	25.047623	25.052994	25.058159	25.063107	25.067816	25.072268	25.076443	25.080334	25.083912	25.087175	25.090111	25.092701	25.094940	25.096819	25.098331	25.099468	25.100233	25.100615	25.100616	25.100235	25.099472	25.098331	25.096821	25.094940	25.092701	25.090111	25.087177	25.083916	25.080332	25.076447	25.072269	25.067818	25.063107	25.058161	25.052990	25.047623	25.042072	25.036364	25.030514	25.024551	25.018496	25.012371	25.006197	
25.006077	25.012131	25.018139	25.024075	25.029922	25.035660	25.041256	25.046700	25.051962	25.057030	25.061882	25.066500	25.070866	25.074963	25.078770	25.082285	25.085484	25.088360	25.090902	25.093098	25.094940	25.096422	25.097538	25.098286	25.098660	25.098663	25.098288	25.097542	25.096424	25.094940	25.093098	25.090904	25.088360	25.085487	25.082287	25.078773	25.074963	25.070866	25.066498	25.061886	25.057030	25.051964	25.046696	25.041258	25.035656	25.029922	25.024076	25.018137	25.012129	25.006077	
25.005932	25.011845	25.017710	25.023506	25.029217	25.034815	25.040283	25.045597	25.050737	25.055685	25.060423	25.064930	25.069195	25.073191	25.076916	25.080341	25.083469	25.086277	25.088757	25.090900	25.092701	25.094147	25.095240	25.095966	25.096334	25.096334	25.095970	25.095238	25.094151	25.092701	25.090904	25.088758	25.086277	25.083469	25.080345	25.076916	25.073195	25.069191	25.064932	25.060421	25.055687	25.050735	25.045597	25.040281	25.034817	25.029217	25.023506	25.017708	25.011843	25.005932	
25.005768	25.011513	25.017216	25.022850	25.028399	25.033844	25.039156	25.044323	25.049316	25.054129	25.058733	25.063118	25.067259	25.071148	25.074762	25.078100	25.081135	25.083866	25.086277	25.088360	25.090109	25.091518	25.092575	25.093287	25.093641	25.093643	25.093285	25.092579	25.091518	25.090111	25.088362	25.086279	25.083866	25.081137	25.078098	25.074764	25.071148	25.067261	25.063116	25.058735	25.054127	25.049320	25.044323	25.039158	25.033844	25.028402	25.022850	25.017214	25.011511	25.005768	
25.005577	25.011137	25.016653	25.022106	25.027477	25.032740	25.037882	25.042877	25.047714	25.052366	25.056824	25.061062	25.065071	25.068829	25.072330	25.075554	25.078497	25.081133	25.083469	25.085484	25.087177	25.088539	25.089565	25.090250	25.090593	25.090595	25.090252	25.089563	25.088539	25.087177	25.085487	25.083469	25.081137	25.078495	25.075558	25.072330	25.068832	25.065067	25.061062	25.056822	25.052368	25.047714	25.042877	25.037884	25.032742	25.027475	25.022106	25.016651	25.011139	25.005579	
25.005371	25.010719	25.016029	25.021280	25.026447	25.031517	25.036465	25.041275	25.045925	25.050409	25.054695	25.058777	25.062632	25.066254	25.069622	25.072727	25.075554	25.078100	25.080341	25.082283	25.083912	25.085224	25.086210	25.086870	25.087200	25.087202	25.086870	25.086212	25.085224	25.083916	25.082285	25.080345	25.078098	25.075558	25.072727	25.069624	25.066254	25.062634	25.058773	25.054695	25.050407	25.045927	25.041275	25.036463	25.031515	25.026447	25.021278	25.016031	25.010719	25.005371	
25.005142	25.010262	25.015345	25.020372	25.025318	25.030170	25.034906	25.039513	25.043968	25.048254	25.052362	25.056267	25.059959	25.063423	25.066650	25.069622	25.072330	25.074762	25.076912	25.078770	25.080330	25.081585	25.082531	25.083160	25.083477	25.083479	25.083162	25.082531	25.081589	25.080330	25.078773	25.076916	25.074764	25.072330	25.069624	25.066650	25.063427	25.059959	25.056267	25.052361	25.048256	25.043968	25.039511	25.034908	25.030170	25.025318	25.020374	25.015347	25.010263	25.005142	
25.004890	25.009766	25.014605	25.019386	25.024094	25.028709	25.033218	25.037601	25.041840	25.045921	25.049826	25.053545	25.057056	25.060356	25.063423	25.066256	25.068830	25.071148	25.073193	25.074961	25.076443	25.077637	25.078537	25.079138	25.079441	25.079437	25.079140	25.078537	25.077639	25.076447	25.074963	25.073193	25.071146	25.068832	25.066254	25.063427	25.060356	25.057060	25.053545	25.049828	25.045921	25.041840	25.037601	25.033218	25.028709	25.024094	25.019386	25.014606	25.009766	25.004892	
25.004623	25.009233	25.013805	25.018326	25.022776	25.027142	25.031403	25.035545	25.039555	25.043411	25.047104	25.050617	25.053940	25.057056	25.059959	25.062634	25.065071	25.067257	25.069193	25.070864	25.072266	25.073395	25.074247	25.074814	25.075098	25.075100	25.074814	25.074245	25.073399	25.072268	25.070866	25.069195	25.067259	25.065069	25.062634	25.059959	25.057060	25.053940	25.050619	25.047106	25.043411	25.039555	25.035545	25.031403	25.027142	25.022778	25.018328	25.013805	25.009232	25.004625	
25.004341	25.008663	25.012955	25.017197	25.021376	25.025469	25.029469	25.033356	25.037117	25.040737	25.044205	25.047499	25.050619	25.053543	25.056267	25.058779	25.061062	25.063116	25.064932	25.066502	25.067818	25.068874	25.069672	25.070206	25.070475	25.070475	25.070206	25.069675	25.068874	25.067818	25.066500	25.064930	25.063114	25.061062	25.058775	25.056267	25.053543	25.050619	25.047501	25.044205	25.040737	25.037117	25.033358	25.029470	25.025471	25.021374	25.017197	25.012957	25.008665	25.004341	
25.004036	25.008064	25.012054	25.016005	25.019890	25.023703	25.027424	25.031042	25.034538	25.037910	25.041130	25.044205	25.047102	25.049828	25.052361	25.054695	25.056824	25.058735	25.060425	25.061882	25.063108	25.064095	25.064835	25.065332	25.065582	25.065582	25.065336	25.064837	25.064095	25.063107	25.061884	25.060423	25.058735	25.056820	25.054695	25.052359	25.049828	25.047104	25.044205	25.041134	25.037910	25.034542	25.031040	25.027424	25.023701	25.019890	25.016005	25.012056	25.008064	25.004040	
25.003723	25.007429	25.011112	25.014750	25.018332	25.021843	25.025274	25.028606	25.031834	25.034935	25.037910	25.040735	25.043411	25.045921	25.048256	25.050409	25.052370	25.054131	25.055687	25.057034	25.058161	25.059071	25.059753	25.060209	25.060440	25.060442	25.060211	25.059755	25.059067	25.058163	25.057032	25.055687	25.054129	25.052368	25.050407	25.048256	25.045919	25.043413	25.040737	25.037910	25.034935	25.031834	25.028608	25.025272	25.021843	25.018332	25.014750	25.011112	25.007433	25.003723	
25.003389	25.006771	25.010124	25.013439	25.016701	25.019905	25.023027	25.026068	25.029003	25.031834	25.034538	25.037121	25.039551	25.041840	25.043968	25.045929	25.047716	25.049320	25.050739	25.051964	25.052994	25.053822	25.054443	25.054861	25.055069	25.055069	25.054863	25.054443	25.053822	25.052990	25.051966	25.050739	25.049320	25.047712	25.045929	25.043968	25.041840	25.039555	25.037117	25.034540	25.031834	25.029003	25.026066	25.023029	25.019901	25.016703	25.013439	25.010124	25.006771	25.003393	
25.003048	25.006084	25.009098	25.012077	25.015011	25.017887	25.020695	25.023424	25.026068	25.028606	25.031044	25.033356	25.035547	25.037601	25.039513	25.041275	25.042877	25.044323	25.045597	25.046700	25.047623	25.048367	25.048927	25.049299	25.049490	25.049492	25.049301	25.048929	25.048367	25.047625	25.046700	25.045597	25.044321	25.042881	25.041275	25.039513	25.037601	25.035545	25.033356	25.031042	25.028608	25.026066	25.023426	25.020695	25.017887	25.015011	25.012079	25.009098	25.006084	25.003048	
25.002693	25.005375	25.008038	25.010670	25.013260	25.015802	25.018284	25.020695	25.023027	25.025276	25.027424	25.029470	25.031403	25.033218	25.034908	25.036461	25.037884	25.039158	25.040283	25.041256	25.042076	25.042732	25.043224	25.043556	25.043722	25.043720	25.043556	25.043224	25.042730	25.042072	25.041258	25.040283	25.039158	25.037880	25.036465	25.034908	25.033218	25.031403	25.029469	25.027424	25.025276	25.023029	25.020695	25.018282	25.015800	25.013264	25.010670	25.008039	25.005375	25.002693	
25.002327	25.004646	25.006947	25.009222	25.011463	25.013657	25.015802	25.017887	25.019901	25.021843	25.023703	25.025471	25.027142	25.028709	25.030170	25.031517	25.032740	25.033844	25.034817	25.035660	25.036366	25.036934	25.037361	25.037643	25.037788	25.037790	25.037643	25.037361	25.036930	25.036364	25.035656	25.034817	25.033844	25.032743	25.031515	25.030170	25.028709	25.027142	25.025471	25.023703	25.021843	25.019905	25.017885	25.015804	25.013657	25.011461	25.009224	25.006947	25.004646	25.002327	
25.001953	25.003899	25.005829	25.007738	25.009619	25.011463	25.013260	25.015011	25.016701	25.018332	25.019890	25.021374	25.022778	25.024094	25.025322	25.026447	25.027479	25.028400	25.029221	25.029922	25.030518	25.030993	25.031353	25.031591	25.031713	25.031712	25.031593	25.031351	25.030994	25.030514	25.029924	25.029217	25.028400	25.027475	25.026449	25.025318	25.024094	25.022778	25.021374	25.019890	25.018333	25.016703	25.015011	25.013262	25.011461	25.009619	25.007740	25.005831	25.003899	25.001953	
25.001572	25.003136	25.004692	25.006226	25.007740	25.009220	25.010670	25.012077	25.013439	25.014748	25.016003	25.017199	25.018326	25.019386	25.020370	25.021282	25.022108	25.022854	25.023508	25.024080	25.024553	25.024937	25.025225	25.025419	25.025513	25.025517	25.025417	25.025227	25.024933	25.024555	25.024075	25.023510	25.022850	25.022106	25.021278	25.020372	25.019384	25.018326	25.017197	25.016005	25.014750	25.013439	25.012077	25.010670	25.009222	25.007740	25.006226	25.004692	25.003136	25.001572	
25.001183	25.002363	25.003532	25.004692	25.005829	25.006947	25.008038	25.009098	25.010122	25.011112	25.012058	25.012957	25.013805	25.014603	25.015350	25.016031	25.016657	25.017216	25.017712	25.018137	25.018499	25.018787	25.019003	25.019150	25.019222	25.019222	25.019150	25.019001	25.018785	25.018497	25.018139	25.017708	25.017216	25.016653	25.016033	25.015347	25.014605	25.013805	25.012955	25.012056	25.011112	25.010124	25.009098	25.008038	25.006947	25.005829	25.004690	25.003532	25.002365	25.001184	
25.000793	25.001579	25.002363	25.003138	25.003899	25.004646	25.005375	25.006084	25.006771	25.007431	25.008064	25.008663	25.009232	25.009768	25.010262	25.010723	25.011139	25.011513	25.011843	25.012133	25.012371	25.012564	25.012711	25.012806	25.012856	25.012856	25.012806	25.012709	25.012562	25.012371	25.012129	25.011845	25.011513	25.011139	25.010719	25.010265	25.009766	25.009233	25.008665	25.008064	25.007431	25.006771	25.006086	25.005375	25.004646	25.003899	25.003136	25.002365	25.001581	25.000792	
25.000397	25.000793	25.001183	25.001572	25.001953	25.002327	25.002693	25.003048	25.003391	25.003723	25.004040	25.004341	25.004623	25.004892	25.005140	25.005371	25.005581	25.005768	25.005934	25.006077	25.006199	25.006294	25.006367	25.006416	25.006439	25.006439	25.006416	25.006365	25.006294	25.006197	25.006077	25.005932	25.005768	25.005579	25.005371	25.005142	25.004894	25.004625	25.004341	25.004040	25.003723	25.003391	25.003048	25.002693	25.002329	25.001953	25.001572	25.001183	25.000792	25.000397	
