25.001144	25.002285	25.003414	25.004532	25.005634	25.006714	25.007767	25.008793	25.009783	25.010738	25.011650	25.012520	25.013342	25.014114	25.014832	25.015491	25.016096	25.016636	25.017115	25.017527	25.017876	25.018154	25.018364	25.018505	25.018578	25.018576	25.018505	25.018364	25.018152	25.017876	25.017529	25.017113	25.016636	25.016094	25.015491	25.014832	25.014114	25.013342	25.012520	25.011650	25.010738	25.009785	25.008793	25.007767	25.006714	25.005632	25.004532	25.003414	25.002283	25.001144	
25.002285	25.004559	25.006817	25.009048	25.011246	25.013401	25.015507	25.017551	25.019529	25.021433	25.023258	25.024994	25.026634	25.028172	25.029604	25.030926	25.032127	25.033207	25.034164	25.034988	25.035681	25.036240	25.036659	25.036942	25.037083	25.037083	25.036940	25.036659	25.036240	25.035683	25.034988	25.034164	25.033209	25.032127	25.030926	25.029606	25.028175	25.026634	25.024994	25.023260	25.021435	25.019529	25.017551	25.015505	25.013401	25.011246	25.009048	25.006817	25.004559	25.002285	
25.003414	25.006817	25.010193	25.013531	25.016815	25.020039	25.023186	25.026245	25.029202	25.032051	25.034775	25.037373	25.039822	25.042124	25.044266	25.046242	25.048040	25.049656	25.051083	25.052319	25.053352	25.054188	25.054815	25.055235	25.055447	25.055447	25.055235	25.054815	25.054188	25.053356	25.052319	25.051085	25.049656	25.048042	25.046242	25.044270	25.042126	25.039825	25.037373	25.034777	25.032051	25.029202	25.026241	25.023186	25.020039	25.016817	25.013531	25.010191	25.006817	25.003414	
25.004532	25.009048	25.013533	25.017960	25.022322	25.026600	25.030777	25.034836	25.038763	25.042542	25.046162	25.049606	25.052862	25.055918	25.058758	25.061382	25.063770	25.065914	25.067810	25.069447	25.070824	25.071928	25.072762	25.073322	25.073599	25.073601	25.073322	25.072762	25.071932	25.070822	25.069450	25.067810	25.065918	25.063766	25.061384	25.058762	25.055920	25.052866	25.049606	25.046165	25.042545	25.038765	25.034836	25.030775	25.026598	25.022320	25.017960	25.013531	25.009047	25.004534	
25.005632	25.011246	25.016815	25.022324	25.027744	25.033060	25.038250	25.043297	25.048176	25.052876	25.057373	25.061657	25.065701	25.069496	25.073032	25.076288	25.079256	25.081924	25.084280	25.086315	25.088024	25.089399	25.090435	25.091129	25.091476	25.091475	25.091127	25.090437	25.089397	25.088026	25.086315	25.084282	25.081921	25.079258	25.076288	25.073034	25.069500	25.065704	25.061657	25.057375	25.052877	25.048176	25.043297	25.038248	25.033060	25.027742	25.022320	25.016815	25.011246	25.005632	
25.006714	25.013401	25.020039	25.026600	25.033060	25.039394	25.045582	25.051592	25.057411	25.063007	25.068369	25.073467	25.078293	25.082813	25.087025	25.090908	25.094444	25.097622	25.100430	25.102854	25.104893	25.106529	25.107763	25.108589	25.109005	25.109001	25.108591	25.107765	25.106529	25.104891	25.102856	25.100430	25.097624	25.094442	25.090910	25.087029	25.082821	25.078291	25.073471	25.068371	25.063009	25.057409	25.051594	25.045582	25.039394	25.033060	25.026598	25.020037	25.013401	25.006714	
25.007767	25.015507	25.023186	25.030775	25.038248	25.045582	25.052734	25.059694	25.066422	25.072903	25.079102	25.085007	25.090582	25.095818	25.100689	25.105181	25.109272	25.112949	25.116196	25.119005	25.121361	25.123257	25.124681	25.125641	25.126118	25.126118	25.125637	25.124685	25.123255	25.121361	25.119003	25.116198	25.112949	25.109276	25.105181	25.100693	25.095818	25.090586	25.085003	25.079105	25.072903	25.066423	25.059692	25.052738	25.045580	25.038250	25.030773	25.023184	25.015505	25.007767	
25.008793	25.017551	25.026241	25.034836	25.043297	25.051590	25.059694	25.067564	25.075188	25.082516	25.089539	25.096214	25.102533	25.108458	25.113972	25.119053	25.123686	25.127848	25.131523	25.134701	25.137371	25.139513	25.141132	25.142212	25.142756	25.142752	25.142212	25.141130	25.139515	25.137367	25.134705	25.131523	25.127850	25.123684	25.119057	25.113974	25.108461	25.102531	25.096218	25.089539	25.082520	25.075186	25.067568	25.059694	25.051594	25.043297	25.034836	25.026243	25.017551	25.008793	
25.009781	25.019529	25.029202	25.038763	25.048176	25.057411	25.066420	25.075186	25.083660	25.091822	25.099628	25.107067	25.114090	25.120686	25.126822	25.132479	25.137630	25.142262	25.146351	25.149891	25.152857	25.155245	25.157042	25.158245	25.158848	25.158850	25.158243	25.157043	25.155243	25.152859	25.149887	25.146355	25.142262	25.137634	25.132477	25.126825	25.120686	25.114094	25.107063	25.099632	25.091820	25.083664	25.075186	25.066423	25.057409	25.048176	25.038765	25.029202	25.019529	25.009783	
25.010738	25.021431	25.032051	25.042542	25.052876	25.063005	25.072903	25.082516	25.091822	25.100773	25.109352	25.117508	25.125221	25.132454	25.139193	25.145397	25.151054	25.156136	25.160629	25.164507	25.167767	25.170383	25.172359	25.173679	25.174343	25.174339	25.173679	25.172358	25.170385	25.167763	25.164509	25.160625	25.156136	25.151054	25.145399	25.139191	25.132458	25.125219	25.117508	25.109348	25.100777	25.091820	25.082520	25.072903	25.063007	25.052877	25.042543	25.032051	25.021435	25.010738	
25.011650	25.023258	25.034775	25.046162	25.057373	25.068369	25.079098	25.089539	25.099628	25.109348	25.118650	25.127504	25.135872	25.143726	25.151030	25.157768	25.163902	25.169418	25.174290	25.178503	25.182034	25.184881	25.187021	25.188454	25.189171	25.189175	25.188454	25.187023	25.184877	25.182035	25.178499	25.174290	25.169418	25.163906	25.157768	25.151035	25.143724	25.135872	25.127502	25.118652	25.109350	25.099632	25.089539	25.079102	25.068367	25.057373	25.046164	25.034775	25.023258	25.011650	
25.012520	25.024994	25.037373	25.049606	25.061655	25.073463	25.085007	25.096214	25.107067	25.117508	25.127506	25.137016	25.146011	25.154446	25.162302	25.169537	25.176132	25.182056	25.187294	25.191818	25.195618	25.198673	25.200974	25.202511	25.203285	25.203285	25.202515	25.200974	25.198675	25.195614	25.191818	25.187294	25.182058	25.176132	25.169540	25.162300	25.154449	25.146009	25.137016	25.127506	25.117508	25.107067	25.096216	25.085005	25.073469	25.061657	25.049606	25.037373	25.024994	25.012520	
25.013340	25.026634	25.039822	25.052862	25.065701	25.078293	25.090580	25.102533	25.114090	25.125221	25.135872	25.146011	25.155590	25.164585	25.172951	25.180666	25.187691	25.194008	25.199585	25.204411	25.208454	25.211712	25.214165	25.215805	25.216625	25.216629	25.215805	25.214165	25.211712	25.208458	25.204407	25.199587	25.194008	25.187695	25.180664	25.172955	25.164585	25.155592	25.146011	25.135872	25.125221	25.114090	25.102535	25.090582	25.078293	25.065701	25.052864	25.039825	25.026634	25.013344	
25.014114	25.028172	25.042126	25.055916	25.069500	25.082813	25.095819	25.108456	25.120686	25.132456	25.143726	25.154446	25.164587	25.174095	25.182949	25.191105	25.198540	25.205219	25.211123	25.216223	25.220505	25.223946	25.226543	25.228275	25.229149	25.229145	25.228279	25.226542	25.223949	25.220501	25.216225	25.211123	25.205219	25.198540	25.191107	25.182949	25.174099	25.164585	25.154448	25.143728	25.132458	25.120689	25.108458	25.095821	25.082813	25.069500	25.055918	25.042126	25.028172	25.014114	
25.014828	25.029604	25.044266	25.058758	25.073029	25.087027	25.100685	25.113972	25.126820	25.139193	25.151030	25.162300	25.172951	25.182949	25.192249	25.200825	25.208633	25.215656	25.221855	25.227219	25.231714	25.235336	25.238060	25.239885	25.240795	25.240799	25.239883	25.238064	25.235334	25.231716	25.227215	25.221859	25.215656	25.208635	25.200825	25.192253	25.182949	25.172955	25.162304	25.151033	25.139194	25.126823	25.113976	25.100689	25.087029	25.073032	25.058762	25.044266	25.029606	25.014832	
25.015491	25.030922	25.046238	25.061378	25.076288	25.090904	25.105183	25.119053	25.132477	25.145397	25.157768	25.169537	25.180664	25.191105	25.200821	25.209778	25.217939	25.225269	25.231750	25.237347	25.242050	25.245827	25.248678	25.250580	25.251537	25.251534	25.250584	25.248676	25.245831	25.242048	25.237350	25.231750	25.225271	25.217937	25.209782	25.200825	25.191107	25.180666	25.169537	25.157768	25.145399	25.132481	25.119053	25.105183	25.090904	25.076292	25.061378	25.046242	25.030926	25.015491	
25.016092	25.032127	25.048037	25.063768	25.079254	25.094444	25.109268	25.123688	25.137629	25.151054	25.163902	25.176132	25.187689	25.198540	25.208633	25.217939	25.226414	25.234035	25.240763	25.246582	25.251461	25.255392	25.258347	25.260328	25.261318	25.261320	25.260326	25.258350	25.255390	25.251465	25.246582	25.240765	25.234034	25.226416	25.217937	25.208633	25.198542	25.187693	25.176132	25.163906	25.151054	25.137630	25.123688	25.109272	25.094444	25.079254	25.063770	25.048038	25.032127	25.016094	
25.016636	25.033207	25.049656	25.065910	25.081924	25.097618	25.112949	25.127846	25.142262	25.156132	25.169418	25.182056	25.194008	25.205219	25.215654	25.225273	25.234035	25.241907	25.248865	25.254875	25.259924	25.263981	25.267042	25.269085	25.270111	25.270111	25.269089	25.267040	25.263985	25.259924	25.254877	25.248867	25.241909	25.234034	25.225271	25.215656	25.205219	25.194008	25.182058	25.169418	25.156136	25.142263	25.127846	25.112949	25.097618	25.081923	25.065914	25.049656	25.033207	25.016636	
25.017113	25.034164	25.051083	25.067810	25.084274	25.100428	25.116196	25.131523	25.146349	25.160627	25.174290	25.187294	25.199585	25.211121	25.221855	25.231749	25.240763	25.248863	25.256020	25.262209	25.267397	25.271576	25.274719	25.276825	25.277876	25.277880	25.276825	25.274719	25.271574	25.267397	25.262207	25.256020	25.248867	25.240765	25.231750	25.221857	25.211123	25.199585	25.187294	25.174290	25.160629	25.146351	25.131525	25.116196	25.100430	25.084278	25.067810	25.051083	25.034164	25.017113	
25.017529	25.034988	25.052319	25.069447	25.086313	25.102852	25.119003	25.134699	25.149891	25.164505	25.178501	25.191818	25.204407	25.216221	25.227217	25.237347	25.246580	25.254877	25.262207	25.268539	25.273859	25.278133	25.281357	25.283510	25.284594	25.284592	25.283512	25.281357	25.278135	25.273859	25.268539	25.262207	25.254875	25.246582	25.237347	25.227215	25.216221	25.204409	25.191818	25.178501	25.164505	25.149889	25.134701	25.119003	25.102854	25.086315	25.069447	25.052319	25.034990	25.017529	
25.017876	25.035683	25.053352	25.070822	25.088020	25.104891	25.121359	25.137367	25.152855	25.167765	25.182034	25.195618	25.208456	25.220503	25.231714	25.242046	25.251461	25.259922	25.267397	25.273861	25.279278	25.283642	25.286926	25.289125	25.290226	25.290226	25.289125	25.286926	25.283642	25.279278	25.273859	25.267395	25.259922	25.251461	25.242048	25.231712	25.220501	25.208454	25.195616	25.182034	25.167763	25.152855	25.137369	25.121361	25.104891	25.088024	25.070824	25.053354	25.035681	25.017876	
25.018154	25.036240	25.054188	25.071926	25.089397	25.106529	25.123255	25.139511	25.155243	25.170383	25.184879	25.198671	25.211712	25.223946	25.235332	25.245827	25.255388	25.263985	25.271574	25.278133	25.283642	25.288071	25.291409	25.293640	25.294760	25.294760	25.293640	25.291409	25.288071	25.283642	25.278133	25.271572	25.263981	25.255390	25.245827	25.235334	25.223946	25.211712	25.198669	25.184879	25.170383	25.155245	25.139515	25.123257	25.106529	25.089397	25.071930	25.054188	25.036240	25.018154	
25.018364	25.036659	25.054815	25.072762	25.090431	25.107765	25.124681	25.141130	25.157040	25.172358	25.187019	25.200974	25.214165	25.226543	25.238060	25.248676	25.258348	25.267040	25.274719	25.281357	25.286926	25.291409	25.294785	25.297043	25.298172	25.298172	25.297043	25.294785	25.291409	25.286926	25.281357	25.274719	25.267040	25.258347	25.248676	25.238060	25.226542	25.214163	25.200974	25.187019	25.172358	25.157043	25.141132	25.124683	25.107763	25.090433	25.072762	25.054813	25.036659	25.018364	
25.018505	25.036938	25.055233	25.073320	25.091127	25.108589	25.125637	25.142210	25.158245	25.173677	25.188454	25.202515	25.215805	25.228275	25.239883	25.250580	25.260326	25.269085	25.276823	25.283512	25.289125	25.293640	25.297043	25.299316	25.300457	25.300457	25.299316	25.297043	25.293640	25.289124	25.283508	25.276821	25.269085	25.260326	25.250582	25.239883	25.228279	25.215803	25.202511	25.188454	25.173679	25.158243	25.142212	25.125637	25.108589	25.091125	25.073318	25.055233	25.036938	25.018505	
25.018576	25.037081	25.055445	25.073597	25.091473	25.109001	25.126114	25.142750	25.158846	25.174339	25.189171	25.203285	25.216625	25.229145	25.240795	25.251534	25.261318	25.270109	25.277878	25.284592	25.290226	25.294758	25.298172	25.300457	25.301601	25.301601	25.300457	25.298174	25.294758	25.290222	25.284590	25.277876	25.270107	25.261318	25.251535	25.240799	25.229145	25.216625	25.203285	25.189171	25.174339	25.158848	25.142754	25.126116	25.109001	25.091473	25.073597	25.055443	25.037079	25.018574	
25.018576	25.037081	25.055445	25.073597	25.091473	25.109001	25.126114	25.142750	25.158846	25.174339	25.189171	25.203285	25.216625	25.229145	25.240795	25.251534	25.261318	25.270109	25.277878	25.284592	25.290226	25.294758	25.298172	25.300457	25.301601	25.301601	25.300457	25.298174	25.294758	25.290222	25.284590	25.277876	25.270107	25.261318	25.251535	25.240799	25.229145	25.216625	25.203285	25.189171	25.174339	25.158848	25.142754	25.126116	25.109001	25.091473	25.073597	25.055443	25.037079	25.018574	
25.018505	25.036938	25.055233	25.073320	25.091127	25.108589	25.125637	25.142210	25.158245	25.173677	25.188454	25.202515	25.215805	25.228275	25.239883	25.250580	25.260326	25.269085	25.276823	25.283512	25.289125	25.293640	25.297043	25.299316	25.300457	25.300457	25.299316	25.297043	25.293640	25.289124	25.283508	25.276821	25.269085	25.260326	25.250582	25.239883	25.228279	25.215803	25.202511	25.188454	25.173679	25.158243	25.142212	25.125637	25.108589	25.091125	25.073318	25.055233	25.036938	25.018505	
25.018364	25.036659	25.054815	25.072762	25.090431	25.107765	25.124681	25.141130	25.157040	25.172358	25.187019	25.200974	25.214165	25.226543	25.238060	25.248676	25.258348	25.267040	25.274719	25.281357	25.286926	25.291409	25.294785	25.297043	25.298172	25.298172	25.297043	25.294785	25.291409	25.286926	25.281357	25.274719	25.267040	25.258347	25.248676	25.238060	25.226542	25.214163	25.200974	25.187019	25.172358	25.157043	25.141132	25.124683	25.107763	25.090433	25.072762	25.054813	25.036659	25.018364	
25.018154	25.036240	25.054188	25.071926	25.089397	25.106529	25.123255	25.139511	25.155243	25.170383	25.184879	25.198671	25.211712	25.223946	25.235332	25.245827	25.255388	25.263985	25.271574	25.278133	25.283642	25.288071	25.291409	25.293640	25.294760	25.294760	25.293640	25.291409	25.288071	25.283642	25.278133	25.271572	25.263981	25.255390	25.245827	25.235334	25.223946	25.211712	25.198669	25.184879	25.170383	25.155245	25.139515	25.123257	25.106529	25.089397	25.071930	25.054188	25.036240	25.018154	
25.017876	25.035683	25.053352	25.070822	25.088020	25.104891	25.121359	25.137367	25.152855	25.167765	25.182034	25.195618	25.208456	25.220503	25.231714	25.242046	25.251461	25.259922	25.267397	25.273861	25.279278	25.283642	25.286926	25.289125	25.290226	25.290226	25.289125	25.286926	25.283642	25.279278	25.273859	25.267395	25.259922	25.251461	25.242048	25.231712	25.220501	25.208454	25.195616	25.182034	25.167763	25.152855	25.137369	25.121361	25.104891	25.088024	25.070824	25.053354	25.035681	25.017876	
25.017529	25.034988	25.052319	25.069447	25.086313	25.102852	25.119003	25.134699	25.149891	25.164505	25.178501	25.191818	25.204407	25.216221	25.227217	25.237347	25.246580	25.254877	25.262207	25.268539	25.273859	25.278133	25.281357	25.283510	25.284594	25.284592	25.283512	25.281357	25.278135	25.273859	25.268539	25.262207	25.254875	25.246582	25.237347	25.227215	25.216221	25.204409	25.191818	25.178501	25.164505	25.149889	25.134701	25.119003	25.102854	25.086315	25.069447	25.052319	25.034990	25.017529	
25.017113	25.034164	25.051083	25.067810	25.084274	25.100428	25.116196	25.131523	25.146349	25.160627	25.174290	25.187294	25.199585	25.211121	25.221855	25.231749	25.240763	25.248863	25.256020	25.262209	25.267397	25.271576	25.274719	25.276825	25.277876	25.277880	25.276825	25.274719	25.271574	25.267397	25.262207	25.256020	25.248867	25.240765	25.231750	25.221857	25.211123	25.199585	25.187294	25.174290	25.160629	25.146351	25.131525	25.116196	25.100430	25.084278	25.067810	25.051083	25.034164	25.017113	
25.016636	25.033207	25.049656	25.065910	25.081924	25.097618	25.112949	25.127846	25.142262	25.156132	25.169418	25.182056	25.194008	25.205219	25.215654	25.225273	25.234035	25.241907	25.248865	25.254875	25.259924	25.263981	25.267042	25.269085	25.270111	25.270111	25.269089	25.267040	25.263985	25.259924	25.254877	25.248867	25.241909	25.234034	25.225271	25.215656	25.205219	25.194008	25.182058	25.169418	25.156136	25.142263	25.127846	25.112949	25.097618	25.081923	25.065914	25.049656	25.033207	25.016636	
25.016092	25.032127	25.048037	25.063768	25.079254	25.094444	25.109268	25.123688	25.137629	25.151054	25.163902	25.176132	25.187689	25.198540	25.208633	25.217939	25.226414	25.234035	25.240763	25.246582	25.251461	25.255392	25.258347	25.260328	25.261318	25.261320	25.260326	25.258350	25.255390	25.251465	25.246582	25.240765	25.234034	25.226416	25.217937	25.208633	25.198542	25.187693	25.176132	25.163906	25.151054	25.137630	25.123688	25.109272	25.094444	25.079254	25.063770	25.048038	25.032127	25.016094	
25.015491	25.030922	25.046238	25.061378	25.076288	25.090904	25.105183	25.119053	25.132477	25.145397	25.157768	25.169537	25.180664	25.191105	25.200821	25.209778	25.217939	25.225269	25.231750	25.237347	25.242050	25.245827	25.248678	25.250580	25.251537	25.251534	25.250584	25.248676	25.245831	25.242048	25.237350	25.231750	25.225271	25.217937	25.209782	25.200825	25.191107	25.180666	25.169537	25.157768	25.145399	25.132481	25.119053	25.105183	25.090904	25.076292	25.061378	25.046242	25.030926	25.015491	
25.014828	25.029604	25.044266	25.058758	25.073029	25.087027	25.100685	25.113972	25.126820	25.139193	25.151030	25.162300	25.172951	25.182949	25.192249	25.200825	25.208633	25.215656	25.221855	25.227219	25.231714	25.235336	25.238060	25.239885	25.240795	25.240799	25.239883	25.238064	25.235334	25.231716	25.227215	25.221859	25.215656	25.208635	25.200825	25.192253	25.182949	25.172955	25.162304	25.151033	25.139194	25.126823	25.113976	25.100689	25.087029	25.073032	25.058762	25.044266	25.029606	25.014832	
25.014114	25.028172	25.042126	25.055916	25.069500	25.082813	25.095819	25.108456	25.120686	25.132456	25.143726	25.154446	25.164587	25.174095	25.182949	25.191105	25.198540	25.205219	25.211123	25.216223	25.220505	25.223946	25.226543	25.228275	25.229149	25.229145	25.228279	25.226542	25.223949	25.220501	25.216225	25.211123	25.205219	25.198540	25.191107	25.182949	25.174099	25.164585	25.154448	25.143728	25.132458	25.120689	25.108458	25.095821	25.082813	25.069500	25.055918	25.042126	25.028172	25.014114	
25.013340	25.026634	25.039822	25.052862	25.065701	25.078293	25.090580	25.102533	25.114090	25.125221	25.135872	25.146011	25.155590	25.164585	25.172951	25.180666	25.187691	25.194008	25.199585	25.204411	25.208454	25.211712	25.214165	25.215805	25.216625	25.216629	25.215805	25.214165	25.211712	25.208458	25.204407	25.199587	25.194008	25.187695	25.180664	25.172955	25.164585	25.155592	25.146011	25.135872	25.125221	25.114090	25.102535	25.090582	25.078293	25.065701	25.052864	25.039825	25.026634	25.013344	
25.012520	25.024994	25.037373	25.049606	25.061655	25.073463	25.085007	25.096214	25.107067	25.117508	25.127506	25.137016	25.146011	25.154446	25.162302	25.169537	25.176132	25.182056	25.187294	25.191818	25.195618	25.198673	25.200974	25.202511	25.203285	25.203285	25.202515	25.200974	25.198675	25.195614	25.191818	25.187294	25.182058	25.176132	25.169540	25.162300	25.154449	25.146009	25.137016	25.127506	25.117508	25.107067	25.096216	25.085005	25.073469	25.061657	25.049606	25.037373	25.024994	25.012520	
25.011650	25.023258	25.034775	25.046162	25.057373	25.068369	25.079098	25.089539	25.099628	25.109348	25.118650	25.127504	25.135872	25.143726	25.151030	25.157768	25.163902	25.169418	25.174290	25.178503	25.182034	25.184881	25.187021	25.188454	25.189171	25.189175	25.188454	25.187023	25.184877	25.182035	25.178499	25.174290	25.169418	25.163906	25.157768	25.151035	25.143724	25.135872	25.127502	25.118652	25.109350	25.099632	25.089539	25.079102	25.068367	25.057373	25.046164	25.034775	25.023258	25.011650	
25.010738	25.021431	25.032051	25.042542	25.052876	25.063005	25.072903	25.082516	25.091822	25.100773	25.109352	25.117508	25.125221	25.132454	25.139193	25.145397	25.151054	25.156136	25.160629	25.164507	25.167767	25.170383	25.172359	25.173679	25.174343	25.174339	25.173679	25.172358	25.170385	25.167763	25.164509	25.160625	25.156136	25.151054	25.145399	25.139191	25.132458	25.125219	25.117508	25.109348	25.100777	25.091820	25.082520	25.072903	25.063007	25.052877	25.042543	25.032051	25.021435	25.010738	
25.009781	25.019529	25.029202	25.038763	25.048176	25.057411	25.066420	25.075186	25.083660	25.091822	25.099628	25.107067	25.114090	25.120686	25.126822	25.132479	25.137630	25.142262	25.146351	25.149891	25.152857	25.155245	25.157042	25.158245	25.158848	25.158850	25.158243	25.157043	25.155243	25.152859	25.149887	25.146355	25.142262	25.137634	25.132477	25.126825	25.120686	25.114094	25.107063	25.099632	25.091820	25.083664	25.075186	25.066423	25.057409	25.048176	25.038765	25.029202	25.019529	25.009783	
25.008793	25.017551	25.026241	25.034836	25.043297	25.051590	25.059694	25.067564	25.075188	25.082516	25.089539	25.096214	25.102533	25.108458	25.113972	25.119053	25.123686	25.127848	25.131523	25.134701	25.137371	25.139513	25.141132	25.142212	25.142756	25.142752	25.142212	25.141130	25.139515	25.137367	25.134705	25.131523	25.127850	25.123684	25.119057	25.113974	25.108461	25.102531	25.096218	25.089539	25.082520	25.075186	25.067568	25.059694	25.051594	25.043297	25.034836	25.026243	25.017551	25.008793	
25.007767	25.015507	25.023186	25.030775	25.038248	25.045582	25.052734	25.059694	25.066422	25.072903	25.079102	25.085007	25.090582	25.095818	25.100689	25.105181	25.109272	25.112949	25.116196	25.119005	25.121361	25.123257	25.124681	25.125641	25.126118	25.126118	25.125637	25.124685	25.123255	25.121361	25.119003	25.116198	25.112949	25.109276	25.105181	25.100693	25.095818	25.090586	25.085003	25.079105	25.072903	25.066423	25.059692	25.052738	25.045580	25.038250	25.030773	25.023184	25.015505	25.007767	
25.006714	25.013401	25.020039	25.026600	25.033060	25.039394	25.045582	25.051592	25.057411	25.063007	25.068369	25.073467	25.078293	25.082813	25.087025	25.090908	25.094444	25.097622	25.100430	25.102854	25.104893	25.106529	25.107763	25.108589	25.109005	25.109001	25.108591	25.107765	25.106529	25.104891	25.102856	25.100430	25.097624	25.094442	25.090910	25.087029	25.082821	25.078291	25.073471	25.068371	25.063009	25.057409	25.051594	25.045582	25.039394	25.033060	25.026598	25.020037	25.013401	25.006714	
25.005632	25.011246	25.016815	25.022324	25.027744	25.033060	25.038250	25.043297	25.048176	25.052876	25.057373	25.061657	25.065701	25.069496	25.073032	25.076288	25.079256	25.081924	25.084280	25.086315	25.088024	25.089399	25.090435	25.091129	25.091476	25.091475	25.091127	25.090437	25.089397	25.088026	25.086315	25.084282	25.081921	25.079258	25.076288	25.073034	25.069500	25.065704	25.061657	25.057375	25.052877	25.048176	25.043297	25.038248	25.033060	25.027742	25.022320	25.016815	25.011246	25.005632	
25.004532	25.009048	25.013533	25.017960	25.022322	25.026600	25.030777	25.034836	25.038763	25.042542	25.046162	25.049606	25.052862	25.055918	25.058758	25.061382	25.063770	25.065914	25.067810	25.069447	25.070824	25.071928	25.072762	25.073322	25.073599	25.073601	25.073322	25.072762	25.071932	25.070822	25.069450	25.067810	25.065918	25.063766	25.061384	25.058762	25.055920	25.052866	25.049606	25.046165	25.042545	25.038765	25.034836	25.030775	25.026598	25.022320	25.017960	25.013531	25.009047	25.004534	
25.003414	25.006817	25.010193	25.013531	25.016815	25.020039	25.023186	25.026245	25.029202	25.032051	25.034775	25.037373	25.039822	25.042124	25.044266	25.046242	25.048040	25.049656	25.051083	25.052319	25.053352	25.054188	25.054815	25.055235	25.055447	25.055447	25.055235	25.054815	25.054188	25.053356	25.052319	25.051085	25.049656	25.048042	25.046242	25.044270	25.042126	25.039825	25.037373	25.034777	25.032051	25.029202	25.026241	25.023186	25.020039	25.016817	25.013531	25.010191	25.006817	25.003414	
25.002285	25.004559	25.006817	25.009048	25.011246	25.013401	25.015507	25.017551	25.019529	25.021433	25.023258	25.024994	25.026634	25.028172	25.029604	25.030926	25.032127	25.033207	25.034164	25.034988	25.035681	25.036240	25.036659	25.036942	25.037083	25.037083	25.036940	25.036659	25.036240	25.035683	25.034988	25.034164	25.033209	25.032127	25.030926	25.029606	25.028175	25.026634	25.024994	25.023260	25.021435	25.019529	25.017551	25.015505	25.013401	25.011246	25.009048	25.006817	25.004559	25.002285	
25.001144	25.002285	25.003414	25.004532	25.005634	25.006714	25.007767	25.008793	25.009783	25.010738	25.011650	25.012520	25.013342	25.014114	25.014832	25.015491	25.016096	25.016636	25.017115	25.017527	25.017876	25.018154	25.018364	25.018505	25.018578	25.018576	25.018505	25.018364	25.018152	25.017876	25.017529	25.017113	25.016636	25.016094	25.015491	25.014832	25.014114	25.013342	25.012520	25.011650	25.010738	25.009785	25.008793	25.007767	25.006714	25.005632	25.004532	25.003414	25.002283	25.001144	
