25.003445	25.006874	25.010281	25.013649	25.016964	25.020214	25.023390	25.026476	25.029461	25.032335	25.035089	25.037704	25.040184	25.042505	25.044670	25.046661	25.048479	25.050110	25.051552	25.052803	25.053846	25.054689	25.055321	25.055748	25.055958	25.055960	25.055746	25.055321	25.054688	25.053848	25.052799	25.051552	25.050110	25.048479	25.046661	25.044670	25.042505	25.040184	25.037704	25.035088	25.032335	25.029463	25.026474	25.023388	25.020214	25.016962	25.013649	25.010281	25.006876	25.003445	
25.006874	25.013727	25.020523	25.027245	25.033861	25.040356	25.046688	25.052853	25.058807	25.064552	25.070042	25.075272	25.080212	25.084854	25.089167	25.093151	25.096773	25.100033	25.102913	25.105400	25.107491	25.109169	25.110435	25.111280	25.111706	25.111706	25.111282	25.110435	25.109169	25.107489	25.105400	25.102911	25.100033	25.096771	25.093149	25.089169	25.084854	25.080212	25.075272	25.070042	25.064552	25.058809	25.052851	25.046690	25.040352	25.033863	25.027243	25.020523	25.013725	25.006874	
25.010284	25.020523	25.030689	25.040737	25.050634	25.060337	25.069817	25.079021	25.087942	25.096516	25.104736	25.112547	25.119942	25.126873	25.133333	25.139278	25.144703	25.149574	25.153881	25.157604	25.160725	25.163239	25.165131	25.166397	25.167030	25.167034	25.166395	25.165133	25.163239	25.160728	25.157604	25.153883	25.149574	25.144705	25.139280	25.133335	25.126873	25.119942	25.112547	25.104734	25.096516	25.087940	25.079025	25.069813	25.060337	25.050632	25.040741	25.030689	25.020523	25.010283	
25.013649	25.027246	25.040737	25.054077	25.067211	25.080097	25.092670	25.104904	25.116730	25.128128	25.139023	25.149406	25.159210	25.168425	25.176985	25.184891	25.192081	25.198555	25.204268	25.209209	25.213354	25.216690	25.219204	25.220884	25.221724	25.221722	25.220882	25.219202	25.216690	25.213352	25.209209	25.204268	25.198555	25.192085	25.184891	25.176989	25.168423	25.159212	25.149405	25.139023	25.128124	25.116730	25.104904	25.092674	25.080093	25.067215	25.054077	25.040739	25.027245	25.013649	
25.016964	25.033861	25.050632	25.067211	25.083540	25.099548	25.115185	25.130379	25.145088	25.159237	25.172798	25.185688	25.197887	25.209324	25.219982	25.229792	25.238743	25.246777	25.253883	25.260021	25.265175	25.269321	25.272446	25.274530	25.275578	25.275578	25.274530	25.272446	25.269320	25.265175	25.260021	25.253887	25.246780	25.238741	25.229794	25.219982	25.209328	25.197887	25.185688	25.172798	25.159237	25.145088	25.130379	25.115185	25.099548	25.083538	25.067213	25.050634	25.033863	25.016964	
25.020212	25.040354	25.060337	25.080095	25.099546	25.118629	25.137253	25.155369	25.172888	25.189762	25.205906	25.221281	25.235802	25.249447	25.262131	25.273836	25.284489	25.294075	25.302534	25.309853	25.315990	25.320932	25.324654	25.327143	25.328388	25.328388	25.327143	25.324652	25.320934	25.315990	25.309856	25.302536	25.294075	25.284492	25.273838	25.262135	25.249449	25.235806	25.221279	25.205904	25.189762	25.172888	25.155371	25.137257	25.118628	25.099548	25.080097	25.060337	25.040354	25.020214	
25.023392	25.046688	25.069813	25.092670	25.115183	25.137255	25.158813	25.179760	25.200045	25.219553	25.238247	25.256020	25.272842	25.288610	25.303303	25.316830	25.329170	25.340248	25.350048	25.358509	25.365616	25.371326	25.375635	25.378513	25.379959	25.379957	25.378515	25.375637	25.371330	25.365616	25.358509	25.350050	25.340252	25.329174	25.316833	25.303307	25.288612	25.272842	25.256020	25.238247	25.219555	25.200045	25.179764	25.158813	25.137257	25.115185	25.092670	25.069813	25.046688	25.023392	
25.026474	25.052853	25.079021	25.104900	25.130377	25.155367	25.179762	25.203487	25.226429	25.248528	25.269672	25.289808	25.308830	25.326700	25.343313	25.358641	25.372595	25.385147	25.396225	25.405815	25.413851	25.420322	25.425194	25.428455	25.430088	25.430086	25.428455	25.425196	25.420322	25.413853	25.405815	25.396227	25.385149	25.372595	25.358643	25.343315	25.326700	25.308830	25.289810	25.269672	25.248529	25.226429	25.203487	25.179764	25.155369	25.130377	25.104900	25.079023	25.052851	25.026474	
25.029461	25.058807	25.087936	25.116730	25.145084	25.172886	25.200039	25.226427	25.251972	25.276546	25.300091	25.322483	25.343668	25.363533	25.382038	25.399078	25.414621	25.428574	25.440918	25.451572	25.460526	25.467720	25.473148	25.476772	25.478590	25.478592	25.476774	25.473148	25.467722	25.460526	25.451574	25.440918	25.428577	25.414623	25.399078	25.382040	25.363533	25.343670	25.322481	25.300091	25.276546	25.251972	25.226429	25.200041	25.172886	25.145084	25.116730	25.087938	25.058809	25.029461	
25.032333	25.064548	25.096512	25.128119	25.159237	25.189754	25.219551	25.248524	25.276546	25.303535	25.329357	25.353951	25.377186	25.399010	25.419300	25.438021	25.455063	25.470394	25.483925	25.495632	25.505447	25.513355	25.519306	25.523289	25.525280	25.525280	25.523289	25.519306	25.513355	25.505451	25.495632	25.483929	25.470394	25.455063	25.438021	25.419302	25.399010	25.377186	25.353952	25.329361	25.303535	25.276546	25.248528	25.219551	25.189758	25.159237	25.128120	25.096516	25.064548	25.032333	
25.035088	25.070038	25.104729	25.139019	25.172791	25.205900	25.238239	25.269667	25.300087	25.329357	25.357397	25.384064	25.409294	25.432953	25.454990	25.475285	25.493797	25.510414	25.525116	25.537804	25.548468	25.557035	25.563501	25.567820	25.569984	25.569984	25.567820	25.563501	25.557039	25.548468	25.537807	25.525114	25.510418	25.493797	25.475290	25.454992	25.432957	25.409294	25.384064	25.357395	25.329359	25.300091	25.269667	25.238243	25.205898	25.172791	25.139021	25.104729	25.070042	25.035088	
25.037704	25.075268	25.112541	25.149401	25.185682	25.221273	25.256016	25.289801	25.322479	25.353947	25.384062	25.412739	25.439833	25.465279	25.488941	25.510769	25.530642	25.548519	25.564301	25.577953	25.589397	25.598619	25.605556	25.610203	25.612526	25.612530	25.610203	25.605558	25.598621	25.589403	25.577953	25.564302	25.548521	25.530645	25.510773	25.488945	25.465279	25.439831	25.412739	25.384060	25.353951	25.322479	25.289804	25.256016	25.221275	25.185684	25.149401	25.112545	25.075272	25.037704	
25.040182	25.080208	25.119938	25.159204	25.197880	25.235798	25.272833	25.308825	25.343662	25.377182	25.409290	25.439831	25.468723	25.495819	25.521059	25.544300	25.565496	25.584532	25.601364	25.615898	25.628109	25.637924	25.645325	25.650270	25.652752	25.652752	25.650272	25.645329	25.637928	25.628109	25.615900	25.601364	25.584534	25.565498	25.544304	25.521059	25.495819	25.468723	25.439829	25.409290	25.377180	25.343662	25.308826	25.272835	25.235798	25.197882	25.159208	25.119940	25.080208	25.040182	
25.042503	25.084850	25.126869	25.168419	25.209320	25.249439	25.288605	25.326693	25.363529	25.399002	25.432951	25.465277	25.495821	25.524504	25.551182	25.575787	25.598190	25.618340	25.636135	25.651522	25.664429	25.674820	25.682640	25.687878	25.690496	25.690500	25.687880	25.682644	25.674820	25.664429	25.651524	25.636135	25.618343	25.598194	25.575788	25.551182	25.524506	25.495819	25.465277	25.432949	25.399004	25.363529	25.326694	25.288607	25.249441	25.209320	25.168419	25.126871	25.084850	25.042503	
25.044670	25.089163	25.133327	25.176979	25.219975	25.262125	25.303295	25.343307	25.382030	25.419296	25.454987	25.488937	25.521053	25.551182	25.579233	25.605072	25.628632	25.649796	25.668503	25.684666	25.698236	25.709148	25.717377	25.722874	25.725632	25.725630	25.722878	25.717379	25.709150	25.698238	25.684666	25.668505	25.649796	25.628635	25.605072	25.579233	25.551178	25.521057	25.488937	25.454990	25.419294	25.382034	25.343307	25.303297	25.262129	25.219975	25.176983	25.133331	25.089165	25.044668	
25.046661	25.093145	25.139271	25.184883	25.229786	25.273827	25.316824	25.358631	25.399071	25.438015	25.475281	25.510767	25.544300	25.575783	25.605072	25.632080	25.656677	25.678799	25.698328	25.715221	25.729389	25.740799	25.749386	25.755133	25.758011	25.758013	25.755135	25.749386	25.740797	25.729391	25.715221	25.698330	25.678799	25.656677	25.632082	25.605070	25.575787	25.544296	25.510767	25.475279	25.438015	25.399071	25.358635	25.316826	25.273827	25.229786	25.184883	25.139275	25.093147	25.046659	
25.048477	25.096767	25.144699	25.192074	25.238735	25.284479	25.329163	25.372585	25.414612	25.455055	25.493790	25.530638	25.565491	25.598190	25.628632	25.656677	25.682245	25.705214	25.725517	25.743055	25.757784	25.769627	25.778557	25.784523	25.787518	25.787516	25.784527	25.778557	25.769630	25.757786	25.743055	25.725515	25.705212	25.682243	25.656677	25.628632	25.598186	25.565493	25.530640	25.493790	25.455055	25.414612	25.372589	25.329163	25.284481	25.238735	25.192078	25.144699	25.096769	25.048477	
25.050110	25.100029	25.149569	25.198547	25.246767	25.294067	25.340240	25.385139	25.428566	25.470387	25.510406	25.548515	25.584526	25.618336	25.649792	25.678795	25.705212	25.728966	25.749939	25.768080	25.783298	25.795547	25.804771	25.810944	25.814034	25.814034	25.810944	25.804771	25.795547	25.783295	25.768082	25.749939	25.728966	25.705212	25.678795	25.649792	25.618340	25.584526	25.548515	25.510408	25.470385	25.428568	25.385139	25.340240	25.294067	25.246771	25.198549	25.149570	25.100029	25.050108	
25.051552	25.102905	25.153877	25.204258	25.253876	25.302525	25.350040	25.396217	25.440910	25.483917	25.525106	25.564293	25.601358	25.636126	25.668499	25.698326	25.725513	25.749939	25.771530	25.790182	25.805843	25.818441	25.827936	25.834282	25.837463	25.837461	25.834282	25.827936	25.818441	25.805845	25.790184	25.771530	25.749939	25.725515	25.698326	25.668501	25.636127	25.601357	25.564295	25.525106	25.483919	25.440907	25.396219	25.350040	25.302526	25.253878	25.204260	25.153877	25.102905	25.051552	
25.052795	25.105396	25.157593	25.209202	25.260010	25.309847	25.358498	25.405806	25.451565	25.495626	25.537796	25.577946	25.615892	25.651518	25.684658	25.715216	25.743052	25.768078	25.790180	25.809292	25.825329	25.838234	25.847954	25.854458	25.857714	25.857716	25.854458	25.847954	25.838238	25.825329	25.809296	25.790180	25.768078	25.743053	25.715218	25.684660	25.651516	25.615892	25.577948	25.537800	25.495625	25.451565	25.405806	25.358501	25.309847	25.260014	25.209204	25.157597	25.105400	25.052795	
25.053844	25.107483	25.160719	25.213345	25.265167	25.315981	25.365604	25.413841	25.460518	25.505442	25.548462	25.589392	25.628103	25.664419	25.698231	25.729383	25.757778	25.783293	25.805841	25.825325	25.841682	25.854841	25.864758	25.871387	25.874710	25.874710	25.871389	25.864761	25.854843	25.841686	25.825327	25.805843	25.783295	25.757778	25.729385	25.698231	25.664421	25.628101	25.589394	25.548462	25.505442	25.460520	25.413845	25.365608	25.315983	25.265169	25.213346	25.160721	25.107485	25.053844	
25.054688	25.109165	25.163231	25.216682	25.269310	25.320923	25.371319	25.420315	25.467714	25.513348	25.557032	25.598614	25.637917	25.674812	25.709143	25.740789	25.769623	25.795540	25.818436	25.838232	25.854839	25.868206	25.878277	25.885012	25.888386	25.888386	25.885012	25.878277	25.868210	25.854843	25.838234	25.818439	25.795542	25.769625	25.740791	25.709143	25.674814	25.637918	25.598614	25.557034	25.513350	25.467716	25.420315	25.371323	25.320927	25.269314	25.216684	25.163233	25.109169	25.054686	
25.055321	25.110430	25.165125	25.219193	25.272434	25.324642	25.375626	25.425188	25.473145	25.519299	25.563496	25.605551	25.645319	25.682634	25.717369	25.749378	25.778551	25.804764	25.827930	25.847950	25.864758	25.878275	25.888462	25.895275	25.898687	25.898689	25.895275	25.888466	25.878277	25.864758	25.847952	25.827932	25.804768	25.778551	25.749380	25.717371	25.682638	25.645321	25.605555	25.563496	25.519302	25.473141	25.425190	25.375629	25.324648	25.272438	25.219196	25.165127	25.110434	25.055321	
25.055742	25.111279	25.166389	25.220877	25.274521	25.327135	25.378506	25.428452	25.476765	25.523283	25.567812	25.610197	25.650265	25.687872	25.722866	25.755125	25.784517	25.810936	25.834278	25.854454	25.871384	25.885010	25.895273	25.902138	25.905579	25.905579	25.902142	25.895275	25.885014	25.871386	25.854456	25.834278	25.810938	25.784519	25.755127	25.722870	25.687874	25.650267	25.610199	25.567816	25.523285	25.476770	25.428450	25.378511	25.327137	25.274527	25.220879	25.166393	25.111279	25.055744	
25.055956	25.111702	25.167027	25.221716	25.275570	25.328381	25.379951	25.430080	25.478584	25.525274	25.569979	25.612520	25.652744	25.690491	25.725624	25.758003	25.787508	25.814028	25.837456	25.857708	25.874706	25.888382	25.898685	25.905577	25.909029	25.909031	25.905579	25.898689	25.888386	25.874708	25.857712	25.837460	25.814030	25.787510	25.758005	25.725624	25.690495	25.652748	25.612522	25.569981	25.525276	25.478586	25.430084	25.379953	25.328384	25.275574	25.221720	25.167028	25.111706	25.055958	
25.055956	25.111702	25.167027	25.221716	25.275570	25.328381	25.379951	25.430080	25.478584	25.525274	25.569979	25.612520	25.652744	25.690491	25.725624	25.758003	25.787508	25.814028	25.837456	25.857708	25.874706	25.888382	25.898685	25.905577	25.909029	25.909031	25.905579	25.898689	25.888386	25.874708	25.857712	25.837460	25.814030	25.787510	25.758005	25.725624	25.690495	25.652748	25.612522	25.569981	25.525276	25.478586	25.430084	25.379953	25.328384	25.275574	25.221720	25.167028	25.111706	25.055958	
25.055742	25.111279	25.166389	25.220877	25.274521	25.327135	25.378506	25.428452	25.476765	25.523283	25.567812	25.610197	25.650265	25.687872	25.722866	25.755125	25.784517	25.810936	25.834278	25.854454	25.871384	25.885010	25.895273	25.902138	25.905579	25.905579	25.902142	25.895275	25.885014	25.871386	25.854456	25.834278	25.810938	25.784519	25.755127	25.722870	25.687874	25.650267	25.610199	25.567816	25.523285	25.476770	25.428450	25.378511	25.327137	25.274527	25.220879	25.166393	25.111279	25.055744	
25.055321	25.110430	25.165125	25.219193	25.272434	25.324642	25.375626	25.425188	25.473145	25.519299	25.563496	25.605551	25.645319	25.682634	25.717369	25.749378	25.778551	25.804764	25.827930	25.847950	25.864758	25.878275	25.888462	25.895275	25.898687	25.898689	25.895275	25.888466	25.878277	25.864758	25.847952	25.827932	25.804768	25.778551	25.749380	25.717371	25.682638	25.645321	25.605555	25.563496	25.519302	25.473141	25.425190	25.375629	25.324648	25.272438	25.219196	25.165127	25.110434	25.055321	
25.054688	25.109165	25.163231	25.216682	25.269310	25.320923	25.371319	25.420315	25.467714	25.513348	25.557032	25.598614	25.637917	25.674812	25.709143	25.740789	25.769623	25.795540	25.818436	25.838232	25.854839	25.868206	25.878277	25.885012	25.888386	25.888386	25.885012	25.878277	25.868210	25.854843	25.838234	25.818439	25.795542	25.769625	25.740791	25.709143	25.674814	25.637918	25.598614	25.557034	25.513350	25.467716	25.420315	25.371323	25.320927	25.269314	25.216684	25.163233	25.109169	25.054686	
25.053844	25.107483	25.160719	25.213345	25.265167	25.315981	25.365604	25.413841	25.460518	25.505442	25.548462	25.589392	25.628103	25.664419	25.698231	25.729383	25.757778	25.783293	25.805841	25.825325	25.841682	25.854841	25.864758	25.871387	25.874710	25.874710	25.871389	25.864761	25.854843	25.841686	25.825327	25.805843	25.783295	25.757778	25.729385	25.698231	25.664421	25.628101	25.589394	25.548462	25.505442	25.460520	25.413845	25.365608	25.315983	25.265169	25.213346	25.160721	25.107485	25.053844	
25.052795	25.105396	25.157593	25.209202	25.260010	25.309847	25.358498	25.405806	25.451565	25.495626	25.537796	25.577946	25.615892	25.651518	25.684658	25.715216	25.743052	25.768078	25.790180	25.809292	25.825329	25.838234	25.847954	25.854458	25.857714	25.857716	25.854458	25.847954	25.838238	25.825329	25.809296	25.790180	25.768078	25.743053	25.715218	25.684660	25.651516	25.615892	25.577948	25.537800	25.495625	25.451565	25.405806	25.358501	25.309847	25.260014	25.209204	25.157597	25.105400	25.052795	
25.051552	25.102905	25.153877	25.204258	25.253876	25.302525	25.350040	25.396217	25.440910	25.483917	25.525106	25.564293	25.601358	25.636126	25.668499	25.698326	25.725513	25.749939	25.771530	25.790182	25.805843	25.818441	25.827936	25.834282	25.837463	25.837461	25.834282	25.827936	25.818441	25.805845	25.790184	25.771530	25.749939	25.725515	25.698326	25.668501	25.636127	25.601357	25.564295	25.525106	25.483919	25.440907	25.396219	25.350040	25.302526	25.253878	25.204260	25.153877	25.102905	25.051552	
25.050110	25.100029	25.149569	25.198547	25.246767	25.294067	25.340240	25.385139	25.428566	25.470387	25.510406	25.548515	25.584526	25.618336	25.649792	25.678795	25.705212	25.728966	25.749939	25.768080	25.783298	25.795547	25.804771	25.810944	25.814034	25.814034	25.810944	25.804771	25.795547	25.783295	25.768082	25.749939	25.728966	25.705212	25.678795	25.649792	25.618340	25.584526	25.548515	25.510408	25.470385	25.428568	25.385139	25.340240	25.294067	25.246771	25.198549	25.149570	25.100029	25.050108	
25.048477	25.096767	25.144699	25.192074	25.238735	25.284479	25.329163	25.372585	25.414612	25.455055	25.493790	25.530638	25.565491	25.598190	25.628632	25.656677	25.682245	25.705214	25.725517	25.743055	25.757784	25.769627	25.778557	25.784523	25.787518	25.787516	25.784527	25.778557	25.769630	25.757786	25.743055	25.725515	25.705212	25.682243	25.656677	25.628632	25.598186	25.565493	25.530640	25.493790	25.455055	25.414612	25.372589	25.329163	25.284481	25.238735	25.192078	25.144699	25.096769	25.048477	
25.046661	25.093145	25.139271	25.184883	25.229786	25.273827	25.316824	25.358631	25.399071	25.438015	25.475281	25.510767	25.544300	25.575783	25.605072	25.632080	25.656677	25.678799	25.698328	25.715221	25.729389	25.740799	25.749386	25.755133	25.758011	25.758013	25.755135	25.749386	25.740797	25.729391	25.715221	25.698330	25.678799	25.656677	25.632082	25.605070	25.575787	25.544296	25.510767	25.475279	25.438015	25.399071	25.358635	25.316826	25.273827	25.229786	25.184883	25.139275	25.093147	25.046659	
25.044670	25.089163	25.133327	25.176979	25.219975	25.262125	25.303295	25.343307	25.382030	25.419296	25.454987	25.488937	25.521053	25.551182	25.579233	25.605072	25.628632	25.649796	25.668503	25.684666	25.698236	25.709148	25.717377	25.722874	25.725632	25.725630	25.722878	25.717379	25.709150	25.698238	25.684666	25.668505	25.649796	25.628635	25.605072	25.579233	25.551178	25.521057	25.488937	25.454990	25.419294	25.382034	25.343307	25.303297	25.262129	25.219975	25.176983	25.133331	25.089165	25.044668	
25.042503	25.084850	25.126869	25.168419	25.209320	25.249439	25.288605	25.326693	25.363529	25.399002	25.432951	25.465277	25.495821	25.524504	25.551182	25.575787	25.598190	25.618340	25.636135	25.651522	25.664429	25.674820	25.682640	25.687878	25.690496	25.690500	25.687880	25.682644	25.674820	25.664429	25.651524	25.636135	25.618343	25.598194	25.575788	25.551182	25.524506	25.495819	25.465277	25.432949	25.399004	25.363529	25.326694	25.288607	25.249441	25.209320	25.168419	25.126871	25.084850	25.042503	
25.040182	25.080208	25.119938	25.159204	25.197880	25.235798	25.272833	25.308825	25.343662	25.377182	25.409290	25.439831	25.468723	25.495819	25.521059	25.544300	25.565496	25.584532	25.601364	25.615898	25.628109	25.637924	25.645325	25.650270	25.652752	25.652752	25.650272	25.645329	25.637928	25.628109	25.615900	25.601364	25.584534	25.565498	25.544304	25.521059	25.495819	25.468723	25.439829	25.409290	25.377180	25.343662	25.308826	25.272835	25.235798	25.197882	25.159208	25.119940	25.080208	25.040182	
25.037704	25.075268	25.112541	25.149401	25.185682	25.221273	25.256016	25.289801	25.322479	25.353947	25.384062	25.412739	25.439833	25.465279	25.488941	25.510769	25.530642	25.548519	25.564301	25.577953	25.589397	25.598619	25.605556	25.610203	25.612526	25.612530	25.610203	25.605558	25.598621	25.589403	25.577953	25.564302	25.548521	25.530645	25.510773	25.488945	25.465279	25.439831	25.412739	25.384060	25.353951	25.322479	25.289804	25.256016	25.221275	25.185684	25.149401	25.112545	25.075272	25.037704	
25.035088	25.070038	25.104729	25.139019	25.172791	25.205900	25.238239	25.269667	25.300087	25.329357	25.357397	25.384064	25.409294	25.432953	25.454990	25.475285	25.493797	25.510414	25.525116	25.537804	25.548468	25.557035	25.563501	25.567820	25.569984	25.569984	25.567820	25.563501	25.557039	25.548468	25.537807	25.525114	25.510418	25.493797	25.475290	25.454992	25.432957	25.409294	25.384064	25.357395	25.329359	25.300091	25.269667	25.238243	25.205898	25.172791	25.139021	25.104729	25.070042	25.035088	
25.032333	25.064548	25.096512	25.128119	25.159237	25.189754	25.219551	25.248524	25.276546	25.303535	25.329357	25.353951	25.377186	25.399010	25.419300	25.438021	25.455063	25.470394	25.483925	25.495632	25.505447	25.513355	25.519306	25.523289	25.525280	25.525280	25.523289	25.519306	25.513355	25.505451	25.495632	25.483929	25.470394	25.455063	25.438021	25.419302	25.399010	25.377186	25.353952	25.329361	25.303535	25.276546	25.248528	25.219551	25.189758	25.159237	25.128120	25.096516	25.064548	25.032333	
25.029461	25.058807	25.087936	25.116730	25.145084	25.172886	25.200039	25.226427	25.251972	25.276546	25.300091	25.322483	25.343668	25.363533	25.382038	25.399078	25.414621	25.428574	25.440918	25.451572	25.460526	25.467720	25.473148	25.476772	25.478590	25.478592	25.476774	25.473148	25.467722	25.460526	25.451574	25.440918	25.428577	25.414623	25.399078	25.382040	25.363533	25.343670	25.322481	25.300091	25.276546	25.251972	25.226429	25.200041	25.172886	25.145084	25.116730	25.087938	25.058809	25.029461	
25.026474	25.052853	25.079021	25.104900	25.130377	25.155367	25.179762	25.203487	25.226429	25.248528	25.269672	25.289808	25.308830	25.326700	25.343313	25.358641	25.372595	25.385147	25.396225	25.405815	25.413851	25.420322	25.425194	25.428455	25.430088	25.430086	25.428455	25.425196	25.420322	25.413853	25.405815	25.396227	25.385149	25.372595	25.358643	25.343315	25.326700	25.308830	25.289810	25.269672	25.248529	25.226429	25.203487	25.179764	25.155369	25.130377	25.104900	25.079023	25.052851	25.026474	
25.023392	25.046688	25.069813	25.092670	25.115183	25.137255	25.158813	25.179760	25.200045	25.219553	25.238247	25.256020	25.272842	25.288610	25.303303	25.316830	25.329170	25.340248	25.350048	25.358509	25.365616	25.371326	25.375635	25.378513	25.379959	25.379957	25.378515	25.375637	25.371330	25.365616	25.358509	25.350050	25.340252	25.329174	25.316833	25.303307	25.288612	25.272842	25.256020	25.238247	25.219555	25.200045	25.179764	25.158813	25.137257	25.115185	25.092670	25.069813	25.046688	25.023392	
25.020212	25.040354	25.060337	25.080095	25.099546	25.118629	25.137253	25.155369	25.172888	25.189762	25.205906	25.221281	25.235802	25.249447	25.262131	25.273836	25.284489	25.294075	25.302534	25.309853	25.315990	25.320932	25.324654	25.327143	25.328388	25.328388	25.327143	25.324652	25.320934	25.315990	25.309856	25.302536	25.294075	25.284492	25.273838	25.262135	25.249449	25.235806	25.221279	25.205904	25.189762	25.172888	25.155371	25.137257	25.118628	25.099548	25.080097	25.060337	25.040354	25.020214	
25.016964	25.033861	25.050632	25.067211	25.083540	25.099548	25.115185	25.130379	25.145088	25.159237	25.172798	25.185688	25.197887	25.209324	25.219982	25.229792	25.238743	25.246777	25.253883	25.260021	25.265175	25.269321	25.272446	25.274530	25.275578	25.275578	25.274530	25.272446	25.269320	25.265175	25.260021	25.253887	25.246780	25.238741	25.229794	25.219982	25.209328	25.197887	25.185688	25.172798	25.159237	25.145088	25.130379	25.115185	25.099548	25.083538	25.067213	25.050634	25.033863	25.016964	
25.013649	25.027246	25.040737	25.054077	25.067211	25.080097	25.092670	25.104904	25.116730	25.128128	25.139023	25.149406	25.159210	25.168425	25.176985	25.184891	25.192081	25.198555	25.204268	25.209209	25.213354	25.216690	25.219204	25.220884	25.221724	25.221722	25.220882	25.219202	25.216690	25.213352	25.209209	25.204268	25.198555	25.192085	25.184891	25.176989	25.168423	25.159212	25.149405	25.139023	25.128124	25.116730	25.104904	25.092674	25.080093	25.067215	25.054077	25.040739	25.027245	25.013649	
25.010284	25.020523	25.030689	25.040737	25.050634	25.060337	25.069817	25.079021	25.087942	25.096516	25.104736	25.112547	25.119942	25.126873	25.133333	25.139278	25.144703	25.149574	25.153881	25.157604	25.160725	25.163239	25.165131	25.166397	25.167030	25.167034	25.166395	25.165133	25.163239	25.160728	25.157604	25.153883	25.149574	25.144705	25.139280	25.133335	25.126873	25.119942	25.112547	25.104734	25.096516	25.087940	25.079025	25.069813	25.060337	25.050632	25.040741	25.030689	25.020523	25.010283	
25.006874	25.013727	25.020523	25.027245	25.033861	25.040356	25.046688	25.052853	25.058807	25.064552	25.070042	25.075272	25.080212	25.084854	25.089167	25.093151	25.096773	25.100033	25.102913	25.105400	25.107491	25.109169	25.110435	25.111280	25.111706	25.111706	25.111282	25.110435	25.109169	25.107489	25.105400	25.102911	25.100033	25.096771	25.093149	25.089169	25.084854	25.080212	25.075272	25.070042	25.064552	25.058809	25.052851	25.046690	25.040352	25.033863	25.027243	25.020523	25.013725	25.006874	
25.003445	25.006874	25.010281	25.013649	25.016964	25.020214	25.023390	25.026476	25.029461	25.032335	25.035089	25.037704	25.040184	25.042505	25.044670	25.046661	25.048479	25.050110	25.051552	25.052803	25.053846	25.054689	25.055321	25.055748	25.055958	25.055960	25.055746	25.055321	25.054688	25.053848	25.052799	25.051552	25.050110	25.048479	25.046661	25.044670	25.042505	25.040184	25.037704	25.035088	25.032335	25.029463	25.026474	25.023388	25.020214	25.016962	25.013649	25.010281	25.006876	25.003445	
