49.998371	69.762085	79.056503	84.144684	87.280731	89.389801	90.901337	92.036942	92.921402	93.630035	94.210938	94.696289	95.108322	95.463043	95.772110	96.044388	96.286591	96.503998	96.700768	96.880257	97.045181	97.197762	97.339859	97.473022	97.598557	97.717575	97.831017	97.939697	98.044312	98.145485	98.243729	98.339508	98.433228	98.525200	98.615768	98.705170	98.793625	98.881348	98.968475	99.055161	99.141525	99.227646	99.313606	99.399467	99.485275	99.571045	99.656822	99.742599	99.828384	99.914192	
30.231411	49.993515	62.319252	70.241577	75.588486	79.377228	82.178680	84.325134	86.018715	87.387894	88.517609	89.465988	90.274147	90.971832	91.581215	92.119011	92.598160	93.028809	93.419014	93.775269	94.102890	94.406197	94.688858	94.953873	95.203842	95.440918	95.666992	95.883652	96.092285	96.294090	96.490120	96.681274	96.868340	97.052002	97.232857	97.411423	97.588150	97.763397	97.937531	98.110779	98.283401	98.455566	98.627411	98.799072	98.970642	99.142159	99.313683	99.485229	99.656799	99.828384	
20.933784	37.661350	49.985500	58.913975	65.454529	70.352097	74.111206	77.066368	79.440659	81.385468	83.005814	84.376205	85.550690	86.569290	87.462204	88.252609	88.958588	89.594421	90.171570	90.699326	91.185265	91.635704	92.055870	92.450195	92.822388	93.175690	93.512772	93.836006	94.147461	94.448853	94.741760	95.027481	95.307213	95.581947	95.852585	96.119858	96.384445	96.646904	96.907722	97.167290	97.425964	97.683990	97.941597	98.198959	98.456192	98.713409	98.970619	99.227898	99.485222	99.742599	
15.842413	29.732677	41.047531	49.974453	56.963726	62.465633	66.847931	70.388763	73.292389	75.707855	77.744354	79.482719	80.983551	82.292870	83.446175	84.471138	85.389664	86.219254	86.974091	87.665726	88.303741	88.896049	89.449326	89.969208	90.460480	90.927223	91.372978	91.800781	92.213242	92.612709	93.001122	93.380264	93.751625	94.116539	94.476143	94.831451	95.183311	95.532471	95.879562	96.225098	96.569489	96.913147	97.256302	97.599205	97.942001	98.284790	98.627670	98.970627	99.313690	99.656815	
12.703241	24.379517	34.497635	42.972771	49.960537	55.699059	60.426472	64.348709	67.632706	70.409653	72.781532	74.827324	76.608482	78.173096	79.559113	80.796768	81.910355	82.919571	83.840515	84.686539	85.468658	86.196198	86.876968	87.517632	88.123871	88.700562	89.251938	89.781631	90.292862	90.788345	91.270554	91.741539	92.203194	92.657097	93.104675	93.547119	93.985504	94.420700	94.853485	95.284500	95.714264	96.143204	96.571671	96.999901	97.428093	97.856369	98.284798	98.713409	99.142166	99.571053	
10.591092	20.584641	29.590897	37.458694	44.206886	49.943962	54.810581	58.947407	62.480564	65.517120	68.145401	70.437225	72.450668	74.232651	75.821213	77.247307	78.536278	79.709000	80.782822	81.772148	82.689148	83.544083	84.345711	85.101463	85.817787	86.500214	87.153542	87.781975	88.389145	88.978256	89.552078	90.113083	90.663376	91.204865	91.739159	92.267654	92.791611	93.312042	93.829849	94.345779	94.860413	95.374268	95.887711	96.401047	96.914459	97.428093	97.942009	98.456192	98.970650	99.485268	
9.076564	17.777201	25.822830	33.064510	39.464706	45.059742	49.924980	54.150314	57.825645	61.033546	63.846474	66.326302	68.525146	70.486519	72.246712	73.835938	75.279465	76.598434	77.810669	78.931198	79.972824	80.946457	81.861465	82.725906	83.546776	84.330116	85.081238	85.804733	86.504662	87.184578	87.847572	88.496399	89.133453	89.760849	90.380394	90.993698	91.602135	92.206863	92.808899	93.409065	94.008034	94.606354	95.204437	95.802597	96.401047	96.999908	97.599213	98.198967	98.799080	99.399475	
7.938044	15.624937	22.858973	29.512135	35.528103	40.905811	45.679852	49.903881	53.638859	56.945736	59.881485	62.497292	64.838058	66.942612	68.844254	70.571426	72.148384	73.595840	74.931465	76.170441	77.325790	78.408783	79.429123	80.395294	81.314636	82.193634	83.037895	83.852409	84.641525	85.409096	86.158508	86.892738	87.614410	88.325836	89.029022	89.725693	90.417389	91.105377	91.790741	92.474411	93.157089	93.839386	94.521729	95.204437	95.887718	96.571671	97.256317	97.941605	98.627411	99.313614	
7.050770	13.925722	20.476265	26.597332	32.230232	37.356106	41.985378	46.147236	49.880985	53.229946	56.237404	58.944355	61.388294	63.602783	65.617500	67.458405	69.148163	70.706429	72.150345	73.494751	74.752625	75.935242	77.052490	78.113014	79.124420	80.093399	81.025864	81.927002	82.801445	83.653275	84.486084	85.303055	86.107010	86.900406	87.685410	88.463913	89.237511	90.007599	90.775345	91.541702	92.307442	93.073204	93.839394	94.606354	95.374268	96.143211	96.913147	97.683990	98.455559	99.227646	
6.339421	12.551123	18.523352	24.171108	29.439907	34.303616	38.759045	42.819496	46.508816	49.856640	52.894917	55.655594	58.169189	60.464039	62.565910	64.497978	66.280876	67.932938	69.470291	70.907242	72.256355	73.528763	74.734268	75.881577	76.978340	78.031418	79.046829	80.029991	80.985672	81.918114	82.831100	83.727966	84.611694	85.484856	86.349762	87.208389	88.062454	88.913406	89.762482	90.610672	91.458786	92.307449	93.157097	94.008041	94.860413	95.714264	96.569511	97.425964	98.283401	99.141525	
5.755907	11.416233	16.895248	22.124311	27.055237	31.660086	35.928478	39.863773	43.479130	46.793972	49.831211	52.615177	55.170204	57.519695	59.685638	61.688278	63.546112	65.275795	66.892395	68.409317	69.838615	71.191017	72.476135	73.702515	74.877853	76.008942	77.101959	78.162331	79.194954	80.204224	81.194000	82.167770	83.128601	84.079208	85.021965	85.958954	86.891937	87.822464	88.751762	89.680901	90.610672	91.541702	92.474411	93.409073	94.345779	95.284500	96.225090	97.167297	98.110779	99.055161	
5.268098	10.462906	15.517477	20.376143	24.997265	29.353752	33.431854	37.228966	40.751030	44.010086	47.022057	49.805088	52.378212	54.760468	56.970280	59.025108	60.941216	62.733620	64.416031	66.000961	67.499710	68.922562	70.278717	71.576576	72.823608	74.026634	75.191742	76.324417	77.429626	78.511765	79.574852	80.622398	81.657578	82.683182	83.701653	84.715134	85.725456	86.734177	87.742599	88.751755	89.762482	90.775345	91.790749	92.808914	93.829865	94.853500	95.879562	96.907722	97.937531	98.968475	
4.853714	9.650087	14.336014	18.866055	23.204597	27.326593	31.217144	34.870228	38.287109	41.474541	44.443230	47.206379	49.778664	52.175339	54.411667	56.502483	58.461948	60.303383	62.039188	63.680832	65.238853	66.722908	68.141815	69.503609	70.815598	72.084427	73.316132	74.516174	75.689468	76.840515	77.973289	79.091423	80.198090	81.296173	82.388153	83.476219	84.562233	85.647797	86.734177	87.822464	88.913406	90.007607	91.105377	92.206879	93.312057	94.420700	95.532478	96.646904	97.763412	98.881348	
4.496813	8.948005	13.310863	17.548035	21.629179	25.531734	29.240868	32.748817	36.053848	39.159107	42.071388	44.800117	47.356400	49.752342	52.000427	54.113159	56.102734	57.980865	59.758659	61.446533	63.054207	64.590698	66.064331	67.482788	68.853081	70.181702	71.474533	72.736954	73.973885	75.189758	76.388603	77.574036	78.749313	79.917290	81.080528	82.241219	83.401260	84.562233	85.725464	86.891937	88.062454	89.237511	90.417389	91.602142	92.791618	93.985504	95.183319	96.384445	97.588150	98.793625	
4.185687	8.334558	12.411855	16.386646	20.233101	23.931190	27.466816	30.831478	34.021683	37.038071	39.884659	42.567955	45.096268	47.479069	49.726517	51.849045	53.857105	55.760910	57.570328	59.294773	60.943130	62.523766	64.044479	65.512566	66.934738	68.317230	69.665794	70.985687	72.281754	73.558411	74.819649	76.069107	77.310020	78.545303	79.777496	81.008842	82.241211	83.476219	84.715118	85.958946	87.208389	88.463913	89.725693	90.993690	92.267670	93.547127	94.831451	96.119858	97.411438	98.705170	
3.911535	7.793005	11.615831	15.354225	18.986176	22.494053	25.864803	29.089851	32.164673	35.088348	37.862854	40.492538	42.983509	45.343124	47.579590	49.701580	51.717979	53.637672	55.469372	57.221535	58.902275	60.519279	62.079853	63.590843	65.058662	66.489304	67.888306	69.260818	70.611603	71.944977	73.264954	74.575104	75.878716	77.178658	78.477524	79.777496	81.080528	82.388145	83.701645	85.021957	86.349762	87.685410	89.029015	90.380386	91.739143	93.104675	94.476143	95.852577	97.232857	98.615768	
3.667615	7.310430	10.904737	14.428909	17.864151	21.195019	24.409643	27.499708	30.460270	33.289349	35.987572	38.557667	41.004051	43.332405	45.549313	47.661972	49.677917	51.604843	53.450451	55.222298	56.927750	58.573883	60.167488	61.714993	63.222496	64.695709	66.140007	67.560387	68.961479	70.347580	71.722610	73.090172	74.453484	75.815460	77.178658	78.545319	79.917282	81.296173	82.683167	84.079201	85.484848	86.900406	88.325829	89.760834	91.204857	92.657097	94.116531	95.581955	97.052002	98.525200	
3.448669	6.876706	10.264301	13.593210	16.847355	20.013247	23.080208	26.040424	28.888817	31.622845	34.242180	36.748413	39.144653	41.435268	43.625538	45.721420	47.729313	49.655880	51.507889	53.292130	55.015251	56.683784	58.304001	59.881958	61.423424	62.933868	64.418442	65.882019	67.329124	68.763954	70.190430	71.612061	73.032120	74.453476	75.878716	77.310028	78.749313	80.198090	81.657570	83.128593	84.611679	86.106995	87.614403	89.133446	90.663383	92.203186	93.751617	95.307213	96.868332	98.433220	
3.250535	6.483785	9.683087	12.832984	15.919695	18.931454	21.858742	24.694336	27.433273	30.072712	32.611740	35.051102	37.392975	39.640686	41.798477	43.871288	45.864559	47.784069	49.635803	51.425812	53.160168	54.844833	56.485657	58.088326	59.658295	61.200794	62.720795	64.223007	65.711868	67.191521	68.665802	70.138245	71.612061	73.090164	74.575104	76.069107	77.574036	79.091415	80.622391	82.167755	83.727959	85.303047	86.892723	88.496384	90.113075	91.741547	93.380257	95.027489	96.681274	98.339508	
3.069872	6.125176	9.151829	12.136680	15.067890	17.935223	20.730225	23.446321	26.078796	28.624729	31.082832	33.453308	35.737614	37.938301	40.058788	42.103191	44.076164	45.982735	47.828190	49.617992	51.357643	53.052647	54.708450	56.330383	57.923637	59.493214	61.043915	62.580322	64.106766	65.627342	67.145844	68.665794	70.190422	71.722610	73.264946	74.819656	76.388596	77.973289	79.574837	81.193993	82.831085	84.486069	86.158493	87.847565	89.552078	91.270538	93.001122	94.741753	96.490120	98.243729	
2.903966	5.795598	8.662937	11.494764	14.280895	17.012428	19.681900	22.283382	24.812487	27.266346	29.643488	31.943745	34.168083	36.318451	38.397636	40.409092	42.356827	44.245255	46.079079	47.863220	49.602722	51.302666	52.968143	54.604191	56.215729	57.807587	59.384392	60.950626	62.510548	64.068192	65.627335	67.191528	68.763954	70.347580	71.944977	73.558411	75.189758	76.840500	78.511765	80.204208	81.918106	83.653259	85.409096	87.184563	88.978256	90.788345	92.612701	94.448853	96.294090	98.145485	
2.750590	5.490695	8.210134	10.899307	13.549450	16.152824	18.702875	21.194294	23.623077	25.986485	28.282997	30.512215	32.674759	34.772160	36.806702	38.781330	40.699524	42.565178	44.382530	46.156048	47.890366	49.590214	51.260376	52.905605	54.530647	56.140121	57.738564	59.330338	60.919666	62.510544	64.106773	65.711868	67.329124	68.961479	70.611603	72.281761	73.973877	75.689468	77.429611	79.194954	80.985664	82.801445	84.641525	86.504662	88.389145	90.292862	92.213249	94.147446	96.092270	98.044312	
2.607893	5.206851	7.788179	10.343657	12.865734	15.347700	17.783806	20.169352	22.500717	24.775360	26.991791	29.149496	31.248875	33.291145	35.278221	37.212658	39.097504	40.936260	42.732750	44.491081	46.215538	47.910568	49.580666	51.230400	52.864300	54.486881	56.102554	57.715652	59.330334	60.950630	62.580322	64.223007	65.882019	67.560387	69.260818	70.985687	72.736954	74.516159	76.324417	78.162323	80.029984	81.926994	83.852409	85.804733	87.781967	89.781631	91.800766	93.835999	95.883636	97.939690	
2.474330	4.941030	7.392668	9.822194	12.223106	14.589594	16.916641	19.200111	21.436769	23.624310	25.761324	27.847271	29.882420	31.867758	33.804958	35.696243	37.544373	39.352478	41.124100	42.863010	44.573250	46.258976	47.924511	49.574215	51.212502	52.843758	54.472355	56.102558	57.738564	59.384388	61.043919	62.720795	64.418449	66.140015	67.888306	69.665794	71.474533	73.316132	75.191734	77.101952	79.046829	81.025856	83.037888	85.081238	87.153542	89.251930	91.372963	93.512756	95.666977	97.831009	
2.348595	4.690670	7.019865	9.330134	11.615885	13.872099	16.094418	18.279217	20.423649	22.525654	24.583958	26.598034	28.568087	30.494984	32.380184	34.225712	36.034046	37.808105	39.551128	41.266693	42.958569	44.630756	46.287384	47.932686	49.570965	51.206551	52.843758	54.486881	56.140118	57.807579	59.493210	61.200790	62.933865	64.695709	66.489296	68.317230	70.181702	72.084427	74.026634	76.008949	78.031410	80.093399	82.193634	84.330116	86.500214	88.700546	90.927216	93.175659	95.440903	97.717575	
2.229582	4.453589	6.666584	8.863386	11.039191	13.189674	15.311069	17.400229	19.454670	21.472584	23.452850	25.395012	27.299257	29.166367	30.997690	32.795071	34.560829	36.297661	38.008640	39.697113	41.366722	43.021282	44.664806	46.301430	47.935387	49.570965	51.212502	52.864296	54.530647	56.215725	57.923637	59.658295	61.423424	63.222492	65.058662	66.934738	68.853081	70.815598	72.823608	74.877846	76.978340	79.124428	81.314644	83.546783	85.817780	88.123871	90.460472	92.822388	95.203827	97.598557	
2.116341	4.227922	6.330094	8.418427	10.488804	12.537515	14.561316	16.557503	18.523928	20.459042	22.361889	24.232103	26.069893	27.876015	29.651726	31.398785	33.119347	34.816002	36.491631	38.149490	39.793041	41.426025	43.052345	44.676079	46.301426	47.932690	49.574207	51.230396	52.905602	54.604187	56.330383	58.088326	59.881958	61.714993	63.590839	65.512566	67.482788	69.503601	71.576569	73.702515	75.881577	78.113014	80.395302	82.725906	85.101479	87.517624	89.969215	92.450180	94.953873	97.473022	
2.008061	4.012063	6.008041	7.992214	9.961068	11.911431	13.840536	15.746068	17.626205	19.479641	21.305592	23.103802	24.874527	26.618521	28.337019	30.031681	31.704605	33.358238	34.995407	36.619209	38.233063	39.840591	41.445675	43.052338	44.664810	46.287384	47.924507	49.580658	51.260368	52.968143	54.708450	56.485657	58.304001	60.167484	62.079853	64.044487	66.064331	68.141815	70.278717	72.476135	74.734268	77.052498	79.429123	81.861481	84.345703	86.876976	89.449326	92.055870	94.688850	97.339859	
1.904037	3.804622	5.698383	7.582105	9.452797	11.307770	13.144670	14.961552	16.756878	18.529585	20.279053	22.005154	23.708199	25.388981	27.048702	28.689013	30.311924	31.919840	33.515488	35.101929	36.682480	38.260761	39.840591	41.426022	43.021275	44.630760	46.258972	47.910561	49.590218	51.302666	53.052643	54.844833	56.683781	58.573883	60.519283	62.523758	64.590698	66.722900	68.922562	71.191010	73.528763	75.935242	78.408783	80.946457	83.544098	86.196205	88.896057	91.635696	94.406204	97.197762	
1.803661	3.604396	5.399350	7.185798	8.961216	10.723325	12.470160	14.200084	15.911851	17.604595	19.277885	20.931692	22.566429	24.182899	25.782351	27.366381	28.937000	30.496548	32.047722	33.593517	35.137253	36.682480	38.233055	39.793037	41.366718	42.958565	44.573246	46.215534	47.890366	49.602722	51.357639	53.160164	55.015251	56.927750	58.902267	60.943130	63.054207	65.238861	67.499710	69.838615	72.256355	74.752632	77.325798	79.972832	82.689156	85.468674	88.303741	91.185272	94.102882	97.045174	
1.706403	3.410338	5.109396	6.801288	8.483885	10.155293	11.813861	13.458265	15.087484	16.700880	18.298153	19.879421	21.445156	22.996239	24.533901	26.059786	27.575851	29.084442	30.588207	32.090141	33.593521	35.101929	36.619202	38.149483	39.697109	41.266689	42.863007	44.491081	46.156044	47.863224	49.617996	51.425816	53.292126	55.222305	57.221542	59.294769	61.446537	63.680832	66.000961	68.409317	70.907242	73.494766	76.170448	78.931206	81.772156	84.686546	87.665733	90.699326	93.775284	96.880257	
1.611801	3.221532	4.827177	6.426815	8.018682	9.601197	11.173023	12.733072	14.280572	15.815043	17.336365	18.844742	20.340752	21.825306	23.299702	24.765553	26.224850	27.679901	29.133368	30.588207	32.047722	33.515488	34.995399	36.491631	38.008633	39.551128	41.124096	42.732746	44.382538	46.079079	47.828197	49.635803	51.507896	53.450455	55.469376	57.570335	59.758659	62.039192	64.416039	66.892395	69.470291	72.150345	74.931473	77.810669	80.782822	83.840530	86.974091	90.171585	93.419014	96.700775	
1.519453	3.037184	4.551512	6.060849	7.563734	9.058882	10.545203	12.021858	13.488254	14.944099	16.389391	17.824463	19.249945	20.666832	22.076424	23.480383	24.880678	26.279640	27.679899	29.084442	30.496548	31.919838	33.358234	34.815994	36.297657	37.808098	39.352478	40.936256	42.565178	44.245255	45.982735	47.784077	49.655884	51.604855	53.637672	55.760914	57.980873	60.303383	62.733627	65.275803	67.932938	70.706436	73.595840	76.598450	79.709015	82.919571	86.219261	89.594421	93.028809	96.503998	
1.429009	2.856594	4.281374	5.702042	7.117411	8.526439	9.928276	11.322272	12.708027	14.085383	15.454479	16.815720	18.169838	19.517849	20.861118	22.201290	23.540379	24.880678	26.224850	27.575851	28.937000	30.311920	31.704601	33.119347	34.560829	36.034042	37.544365	39.097500	40.699516	42.356831	44.076160	45.864563	47.729313	49.677917	51.717987	53.857109	56.102737	58.461960	60.941223	63.546120	66.280884	69.148163	72.148392	75.279472	78.536285	81.910362	85.389664	88.958588	92.598167	96.286591	
1.340160	2.679158	4.015864	5.349224	6.678278	8.002212	9.320362	10.632269	11.937674	13.236567	14.529175	15.816011	17.097847	18.375771	19.651138	20.925653	22.201290	23.480383	24.765553	26.059784	27.366383	28.689011	30.031679	31.398783	32.795074	34.225708	35.696243	37.212650	38.781326	40.409088	42.103195	43.871288	45.721420	47.661972	49.701584	51.849052	54.113159	56.502487	59.025116	61.688286	64.497986	67.458405	70.571426	73.835945	77.247307	80.796768	84.471130	88.252609	92.119003	96.044388	
1.252642	2.504345	3.754203	5.001369	6.245094	7.484741	8.719831	9.950045	11.175270	12.395595	13.611357	14.823117	16.031731	17.238285	18.444199	19.651138	20.861118	22.076424	23.299702	24.533903	25.782349	27.048702	28.337017	29.651726	30.997688	32.380184	33.804951	35.278221	36.806698	38.397636	40.058788	41.798477	43.625538	45.549316	47.579597	49.726517	52.000427	54.411667	56.970291	59.685646	62.565918	65.617508	68.844254	72.246704	75.821213	79.559105	83.446175	87.462196	91.581223	95.772110	
1.166222	2.331697	3.495708	4.657593	5.816770	6.972772	8.125256	9.274044	10.419125	11.560696	12.699152	13.835137	14.969516	16.103436	17.238287	18.375771	19.517851	20.666832	21.825310	22.996239	24.182901	25.388979	26.618523	27.876011	29.166365	30.494980	31.867756	33.291138	34.772160	36.318447	37.938305	39.640686	41.435272	43.332413	45.343132	47.479076	49.752342	52.175346	54.760468	57.519703	60.464043	63.602783	66.942612	70.486519	74.232635	78.173088	82.292870	86.569290	90.971832	95.463036	
1.080700	2.160817	3.239795	4.317124	5.392375	6.465209	7.535413	8.602913	9.667798	10.730330	11.790981	12.850416	13.909550	14.969517	16.031729	17.097847	18.169838	19.249945	20.340752	21.445156	22.566425	23.708199	24.874527	26.069891	27.299255	28.568085	29.882412	31.248878	32.674759	34.168083	35.737617	37.392979	39.144657	41.004059	42.983517	45.096275	47.356411	49.778664	52.378216	55.170204	58.169197	61.388290	64.838043	68.525131	72.450653	76.608467	80.983543	85.550674	90.274139	95.108322	
0.995905	1.991365	2.985957	3.979307	4.971102	5.961121	6.949250	7.935506	8.920048	9.903206	10.885480	11.867581	12.850416	13.835136	14.823118	15.816010	16.815720	17.824461	18.844742	19.879421	20.931690	22.005152	23.103798	24.232101	25.395010	26.598030	27.847271	29.149494	30.512215	31.943745	33.453308	35.051105	36.748413	38.557678	40.492546	42.567966	44.800125	47.206387	49.805092	52.615181	55.655594	58.944351	62.497288	66.326294	70.437210	74.827309	79.482719	84.376198	89.465988	94.696281	
0.911689	1.823048	2.733768	3.643577	4.552270	5.459713	6.365879	7.270848	8.174842	9.078224	9.981534	10.885480	11.790981	12.699152	13.611356	14.529175	15.454477	16.389393	17.336365	18.298153	19.277884	20.279053	21.305592	22.361885	23.452848	24.583952	25.761322	26.991791	28.282995	29.643490	31.082836	32.611740	34.242191	35.987579	37.862862	39.884666	42.071396	44.443233	47.022064	49.831211	52.894917	56.237408	59.881481	63.846466	68.145393	72.781525	77.744347	83.005814	88.517593	94.210945	
0.827929	1.655622	2.482861	3.309464	4.135303	4.960323	5.784554	6.608133	7.431316	8.254499	9.078224	9.903206	10.730330	11.560696	12.395595	13.236567	14.085383	14.944099	15.815043	16.700876	17.604595	18.529581	19.479639	20.459042	21.472580	22.525654	23.624308	24.775360	25.986486	27.266348	28.624731	30.072718	31.622852	33.289356	35.088356	37.038078	39.159111	41.474548	44.010086	46.793972	49.856644	53.229942	56.945740	61.033539	65.517120	70.409653	75.707848	81.385468	87.387894	93.630035	
0.744521	1.488880	2.232935	2.976572	3.719728	4.462399	5.204667	5.946701	6.688785	7.431316	8.174841	8.920048	9.667797	10.419125	11.175268	11.937675	12.708027	13.488254	14.280571	15.087484	15.911849	16.756876	17.626205	18.523926	19.454670	20.423649	21.436769	22.500715	23.623077	24.812489	26.078800	27.433273	28.888823	30.460274	32.164680	34.021683	36.053856	38.287109	40.751038	43.479134	46.508820	49.880989	53.638863	57.825642	62.480560	67.632698	73.292381	79.440651	86.018723	92.921402	
0.661378	1.322655	1.983742	2.644581	3.305153	3.965500	4.625729	5.286034	5.946701	6.608133	7.270848	7.935506	8.602913	9.274043	9.950045	10.632269	11.322272	12.021856	12.733072	13.458263	14.200083	14.961549	15.746066	16.557501	17.400230	18.279219	19.200111	20.169352	21.194296	22.283382	23.446323	24.694340	26.040426	27.499714	29.089851	30.831482	32.748817	34.870232	37.228966	39.863773	42.819500	46.147232	49.903885	54.150314	58.947403	64.348709	70.388756	77.066368	84.325134	92.036942	
0.578433	1.156808	1.735080	2.313230	2.891272	3.469273	4.047359	4.625729	5.204667	5.784554	6.365878	6.949250	7.535413	8.125256	8.719831	9.320362	9.928276	10.545203	11.173020	11.813862	12.470158	13.144670	13.840534	14.561316	15.311069	16.094418	16.916645	17.783806	18.702875	19.681900	20.730228	21.858746	23.080212	24.409643	25.864807	27.466816	29.240871	31.217144	33.431854	35.928478	38.759041	41.985378	45.679852	49.924980	54.810577	60.426468	66.847931	74.111206	82.178680	90.901337	
0.495628	0.991231	1.486792	1.982318	2.477844	2.973453	3.469273	3.965499	4.462399	4.960322	5.459713	5.961121	6.465209	6.972771	7.484741	8.002211	8.526439	9.058881	9.601196	10.155290	10.723325	11.307768	11.911430	12.537513	13.189673	13.872100	14.589593	15.347701	16.152824	17.012430	17.935223	18.931458	20.013247	21.195019	22.494053	23.931194	25.531738	27.326597	29.353754	31.660086	34.303616	37.356102	40.905807	45.059738	49.943962	55.699055	62.465637	70.352097	79.377228	89.389809	
0.412922	0.825839	1.238755	1.651690	2.064693	2.477844	2.891272	3.305153	3.719727	4.135303	4.552269	4.971101	5.392374	5.816771	6.245093	6.678278	7.117410	7.563733	8.018681	8.483885	8.961214	9.452797	9.961067	10.488804	11.039190	11.615885	12.223106	12.865734	13.549451	14.280895	15.067892	15.919695	16.847355	17.864151	18.986179	20.233101	21.629181	23.204597	24.997265	27.055237	29.439903	32.230228	35.528103	39.464706	44.206879	49.960533	56.963726	65.454529	75.588486	87.280731	
0.330282	0.660570	0.990879	1.321236	1.651690	1.982317	2.313230	2.644580	2.976572	3.309464	3.643577	3.979306	4.317124	4.657592	5.001369	5.349223	5.702041	6.060848	6.426814	6.801286	7.185797	7.582104	7.992213	8.418427	8.863385	9.330133	9.822194	10.343658	10.899307	11.494765	12.136681	12.832986	13.593210	14.428910	15.354225	16.386648	17.548037	18.866053	20.376143	22.124310	24.171106	26.597328	29.512131	33.064507	37.458687	42.972763	49.974449	58.913979	70.241577	84.144684	
0.247684	0.495379	0.743102	0.990879	1.238755	1.486792	1.735080	1.983742	2.232935	2.482860	2.733767	2.985957	3.239794	3.495708	3.754202	4.015864	4.281373	4.551511	4.827176	5.109396	5.399349	5.698382	6.008040	6.330094	6.666584	7.019865	7.392668	7.788180	8.210135	8.662937	9.151830	9.683087	10.264302	10.904737	11.615831	12.411855	13.310863	14.336013	15.517476	16.895248	18.523348	20.476261	22.858967	25.822828	29.590891	34.497627	41.047531	49.985504	62.319252	79.056503	
0.165111	0.330233	0.495379	0.660570	0.825839	0.991231	1.156808	1.322655	1.488880	1.655622	1.823048	1.991364	2.160817	2.331697	2.504345	2.679157	2.856594	3.037183	3.221532	3.410337	3.604396	3.804622	4.012062	4.227922	4.453589	4.690670	4.941030	5.206851	5.490695	5.795599	6.125176	6.483785	6.876707	7.310430	7.793005	8.334558	8.948004	9.650087	10.462906	11.416233	12.551123	13.925720	15.624934	17.777199	20.584639	24.379517	29.732677	37.661350	49.993515	69.762085	
0.082552	0.165111	0.247684	0.330282	0.412922	0.495628	0.578433	0.661378	0.744521	0.827929	0.911689	0.995904	1.080700	1.166221	1.252642	1.340160	1.429008	1.519453	1.611801	1.706402	1.803661	1.904037	2.008060	2.116341	2.229581	2.348595	2.474329	2.607893	2.750590	2.903967	3.069873	3.250535	3.448670	3.667615	3.911535	4.185686	4.496813	4.853713	5.268098	5.755906	6.339421	7.050769	7.938044	9.076563	10.591092	12.703239	15.842414	20.933784	30.231411	49.998375	
