49.881226	69.528076	78.706161	83.678848	86.700500	88.696571	90.096756	91.122955	91.900238	92.504234	92.983322	93.369934	93.686691	93.949814	94.171379	94.360474	94.524216	94.668167	94.796860	94.913971	95.022575	95.125259	95.224205	95.321327	95.418251	95.516418	95.617104	95.721390	95.830276	95.944580	96.065056	96.192299	96.326881	96.469154	96.619492	96.778053	96.944984	97.120285	97.303879	97.495575	97.695099	97.902077	98.116051	98.336464	98.562721	98.794113	99.029884	99.269226	99.511292	99.755180	
29.997864	49.526970	61.620800	69.312866	74.431717	77.995163	80.574631	82.502960	83.982880	85.143410	86.070084	86.821655	87.439774	87.954887	88.389725	88.761673	89.084335	89.368515	89.622940	89.854805	90.070091	90.273865	90.470444	90.663551	90.856430	91.051903	91.252480	91.460350	91.677422	91.905396	92.145699	92.399612	92.668091	92.952049	93.252029	93.568520	93.901672	94.251595	94.618027	95.000679	95.398941	95.812103	96.239212	96.679222	97.130859	97.592773	98.063416	98.541206	99.024414	99.511292	
20.585323	36.965240	48.943375	57.528297	63.728561	68.289955	71.717827	74.347534	76.402977	78.036453	79.353806	80.430450	81.321350	82.067429	82.699829	83.242699	83.715073	84.132256	84.506699	84.848724	85.166962	85.468735	85.760345	86.047241	86.334137	86.625229	86.924164	87.234184	87.558136	87.898468	88.257378	88.636642	89.037857	89.462166	89.910568	90.383606	90.881683	91.404755	91.952637	92.524704	93.120193	93.737915	94.376572	95.034470	95.709793	96.400452	97.104218	97.818649	98.541206	99.269226	
15.381246	28.811420	39.668343	48.140572	54.679482	59.736443	63.680336	66.790359	69.271973	71.275291	72.910706	74.260208	75.385582	76.334091	77.142448	77.839615	78.448792	78.988792	79.475143	79.920753	80.336571	80.731903	81.114792	81.492249	81.870384	82.254601	82.649651	83.059738	83.488579	83.939423	84.415039	84.917900	85.449936	86.012794	86.607628	87.235313	87.896217	88.590439	89.317543	90.076874	90.867233	91.687225	92.534943	93.408272	94.304733	95.221588	96.155807	97.104218	98.063416	99.029877	
12.132270	23.238909	32.790047	40.702217	47.132347	52.319954	56.504478	59.893291	62.654636	64.921204	66.796310	68.360458	69.676544	70.794189	71.752876	72.584396	73.314651	73.964989	74.553169	75.094208	75.600861	76.084145	76.553566	77.017509	77.483299	77.957443	78.445702	78.953171	79.484352	80.043205	80.633171	81.257156	81.917641	82.616539	83.355370	84.135071	84.956223	85.818771	86.722351	87.665939	88.648232	89.667313	90.720963	91.806435	92.920715	94.060318	95.221588	96.400467	97.592773	98.794113	
9.913887	19.231800	27.565575	34.765617	40.852386	45.935951	50.158592	53.662582	56.575714	59.006695	61.045563	62.765839	64.227371	65.478851	66.560181	67.504143	68.338013	69.084595	69.763199	70.390259	70.979996	71.544662	72.095055	72.640656	73.189857	73.750122	74.328102	74.929703	75.560135	76.224030	76.925362	77.667603	78.453537	79.285522	80.165222	81.093842	82.071907	83.099510	84.176003	85.300354	86.470810	87.685257	88.940872	90.234512	91.562477	92.920715	94.304733	95.709801	97.130875	98.562721	
8.297308	16.220497	23.492283	29.965553	35.604580	40.447536	44.571609	48.068584	51.030212	53.541031	55.675381	57.497177	59.060501	60.410973	61.586945	62.620823	63.540024	64.367973	65.124741	65.827690	66.491974	67.130836	67.755997	68.377861	69.005692	69.647766	70.311493	71.003479	71.729622	72.495071	73.304398	74.161423	75.069427	76.030937	77.047966	78.121742	79.252991	80.441605	81.687042	82.987869	84.342232	85.747498	87.200554	88.697632	90.234528	91.806442	93.408279	95.034470	96.679230	98.336472	
7.061503	13.873876	20.237440	26.026201	31.185898	35.717491	39.657677	43.062168	45.994072	48.516464	50.688530	52.563637	54.189011	55.605751	56.849560	57.951279	58.937656	59.831909	60.654312	61.422638	62.152565	62.858006	63.551334	64.243652	64.944908	65.664070	66.409157	67.187424	68.005280	68.868454	69.781891	70.749908	71.776024	72.863159	74.013382	75.228203	76.508209	77.853485	79.263123	80.735741	82.269012	83.860100	85.505341	87.200562	88.940872	90.720963	92.534943	94.376564	96.239220	98.116043	
6.082229	11.990864	17.579535	22.745419	27.432055	31.622864	35.330528	38.586552	41.432571	43.914276	46.077358	47.965282	49.618023	51.071747	52.358711	53.507584	54.543743	55.489689	56.365368	57.188560	57.975140	58.739349	59.494030	60.250732	61.019966	61.811176	62.632969	63.493034	64.398331	65.354965	66.368378	67.443108	68.583122	69.791428	71.070427	72.421555	73.845642	75.342499	76.911346	78.550354	80.257172	82.028389	83.860107	85.747482	87.685249	89.667313	91.687210	93.737915	95.812096	97.902069	
5.284634	10.443953	15.368619	19.976048	24.214197	28.059368	31.510864	34.584457	37.306564	39.709366	41.827454	43.695415	45.346535	46.811901	48.120178	49.297440	50.367325	51.351200	52.268356	53.136230	53.970627	54.785873	55.595024	56.409969	57.241535	58.099621	58.993183	59.930393	60.918533	61.964172	63.072979	64.249969	65.499176	66.823990	68.226807	69.709312	71.272171	72.915352	74.637718	76.437500	78.311821	80.257172	82.269005	84.342232	86.470810	88.648232	90.867233	93.120186	95.398941	97.695099	
4.621027	9.149051	13.500910	17.610565	21.432419	24.941174	28.129070	31.002182	33.576347	35.873787	37.920200	39.742809	41.368851	42.824776	44.135605	45.324787	46.413990	47.423237	48.370895	49.273842	50.147575	51.006340	51.863224	52.730259	53.618530	54.538170	55.498505	56.507961	57.574226	58.704086	59.903633	61.177971	62.531555	63.967758	65.489281	67.097702	68.793884	70.577515	72.447594	74.401894	76.437500	78.550362	80.735741	82.987862	85.300354	87.665939	90.076866	92.524704	95.000687	97.495575	
4.059628	8.048688	11.902966	15.569519	19.009483	22.198519	25.125713	27.791264	30.204039	32.378963	34.334999	36.093296	37.676060	39.105476	40.403313	41.590340	42.686310	43.709724	44.677948	45.607105	46.512257	47.407387	48.305489	49.218636	50.157986	51.133919	52.155899	53.232697	54.372143	55.581402	56.866669	58.233440	59.686157	61.228554	62.863228	64.592018	66.415558	68.333733	70.345131	72.447594	74.637718	76.911346	79.263123	81.687035	84.175995	86.722336	89.317543	91.952637	94.618034	97.303879	
3.578432	7.102379	10.521582	13.793490	16.885355	19.775072	22.450642	24.909082	27.154631	29.197180	31.050528	32.731155	34.256977	35.646675	36.918934	38.092194	39.184227	40.212124	41.192074	42.139450	43.068737	43.993553	44.926712	45.880180	46.865196	47.892159	48.970764	50.109852	51.317581	52.601173	53.967178	55.421104	56.967743	58.610741	60.353001	62.196175	64.141129	66.187393	68.333733	70.577522	72.915352	75.342499	77.853485	80.441605	83.099503	85.818771	88.590439	91.404755	94.251587	97.120285	
3.161716	6.280768	9.317427	12.237302	15.013077	17.625193	20.061909	22.318535	24.396549	26.302250	28.045780	29.639877	31.099148	32.439178	33.676147	34.826248	35.905548	36.929653	37.913712	38.872223	39.819061	40.767441	41.729874	42.718227	43.743629	44.816559	45.946735	47.143204	48.414154	49.767113	51.208618	52.744507	54.379517	56.117599	57.961491	59.913132	61.973091	64.141121	66.415558	68.793884	71.272171	73.845642	76.508209	79.252991	82.071907	84.956223	87.896217	90.881683	93.901680	96.944992	
2.797916	5.562074	8.260763	10.866142	13.355461	15.711838	17.924307	19.987625	21.901506	23.669998	25.300455	26.802937	28.189272	29.472679	30.667040	31.786743	32.846180	33.859711	34.841370	35.804863	36.763424	37.729805	38.716217	39.734295	40.795105	41.909061	43.085960	44.334846	45.664124	47.081303	48.593204	50.205612	51.923561	53.750877	55.690590	57.744400	59.913132	62.196175	64.592010	67.097702	69.709305	72.421555	75.228203	78.121742	81.093849	84.135071	87.235321	90.383614	93.568520	96.778053	
2.478330	4.929716	7.328720	9.652687	11.882799	14.004602	16.008326	17.888641	19.644451	21.278187	22.795406	24.203999	25.513823	26.735987	27.882664	28.966511	30.000603	30.998037	31.971930	32.935143	33.900330	34.879745	35.885277	36.928329	38.019814	39.170105	40.388939	41.685490	43.068119	44.544556	46.121567	47.805214	49.600418	51.511303	53.540714	55.690594	57.961494	60.352997	62.863228	65.489273	68.226807	71.070419	74.013382	77.047966	80.165222	83.355377	86.607635	89.910568	93.252029	96.619492	
2.196237	4.370854	6.503319	8.575218	10.570967	12.478413	14.288958	15.997698	17.603058	19.106630	20.512573	21.827358	23.059147	24.217571	25.313202	26.357428	27.362015	28.339094	29.300812	30.259365	31.226763	32.214836	33.235100	34.298721	35.416466	36.598572	37.854816	39.194283	40.625504	42.156128	43.793171	45.542587	47.409580	49.398117	51.511307	53.750877	56.117596	58.610741	61.228554	63.967758	66.823997	69.791428	72.863167	76.030937	79.285530	82.616547	86.012794	89.462173	92.952049	96.469162	
1.946362	3.875299	5.770228	7.616125	9.400206	11.112249	12.744973	14.293925	15.757564	17.136856	18.435186	19.657841	20.811869	21.905567	22.948395	23.950504	24.922720	25.876167	26.822281	27.772522	28.738403	29.731276	30.762339	31.842506	32.982349	34.192051	35.481262	36.859158	38.334164	39.914146	41.606003	43.415955	45.349064	47.409580	49.600426	51.923561	54.379517	56.967747	59.686157	62.531555	65.499176	68.583130	71.776031	75.069427	78.453537	81.917656	85.449936	89.037872	92.668091	96.326881	
1.724458	3.434857	5.117763	6.760988	8.354012	9.888429	11.358057	12.759154	14.090237	15.352113	16.547516	17.681065	18.758801	19.788170	20.777554	21.736275	22.674187	23.601717	24.529530	25.468552	26.429741	27.424080	28.462421	29.555443	30.713554	31.946785	33.264797	34.676647	36.190903	37.815323	39.557034	41.422134	43.415955	45.542587	47.805214	50.205620	52.744514	55.421108	58.233444	61.177975	64.249969	67.443115	70.749924	74.161423	77.667603	81.257156	84.917908	88.636650	92.399612	96.192307	
1.527064	3.042779	4.536306	5.997731	7.418529	8.791760	10.112398	11.377275	12.585258	13.737001	14.835001	15.883247	16.887226	17.853539	18.789902	19.704773	20.607388	21.507408	22.414972	23.340422	24.294306	25.287205	26.329693	27.432205	28.604975	29.857956	31.200684	32.642281	34.191216	35.855415	37.641914	39.557037	41.606003	43.793167	46.121567	48.593212	51.208626	53.967182	56.866673	59.903633	63.072983	66.368378	69.781891	73.304405	76.925369	80.633179	84.415054	88.257378	92.145706	96.065056	
1.351294	2.693460	4.017747	5.316190	6.581857	7.809190	8.994073	10.134062	11.228269	12.277488	13.283952	14.251394	15.184729	16.090088	16.974491	17.845882	18.712795	19.584419	20.470301	21.380379	22.324762	23.313728	24.357552	25.466471	26.650564	27.919653	29.283258	30.750416	32.329704	34.028961	35.855415	37.815323	39.914146	42.156128	44.544556	47.081306	49.767120	52.601177	55.581409	58.704090	61.964176	65.354965	68.868462	72.495071	76.224045	80.043205	83.939423	87.898460	91.905396	95.944572	
1.194719	2.382121	3.555216	4.707596	5.833760	6.929236	7.990851	9.016696	10.006318	10.960556	11.881664	12.773066	13.639424	14.486361	15.320512	16.149237	16.980671	17.823442	18.686731	19.580021	20.513119	21.495964	22.538616	23.651106	24.843365	26.125141	27.505865	28.994608	30.599892	32.329704	34.191216	36.190903	38.334164	40.625500	43.068119	45.664127	48.414158	51.317581	54.372143	57.574234	60.918533	64.398346	68.005280	71.729630	75.560135	79.484367	83.488579	87.558136	91.677422	95.830276	
1.055248	2.104686	3.142747	4.164385	5.165226	6.141836	7.091752	8.013700	8.907508	9.774267	10.616153	11.436544	12.239782	13.031260	13.817160	14.604532	15.401024	16.214951	17.055050	17.930515	18.850811	19.825647	20.864840	21.978264	23.175724	24.466873	25.861122	27.367500	28.994608	30.750418	32.642281	34.676647	36.859158	39.194283	41.685493	44.334846	47.143204	50.109848	53.232697	56.507957	59.930397	63.493034	67.187439	71.003479	74.929718	78.953171	83.059753	87.234177	91.460350	95.721390	
0.931076	1.857581	2.775166	3.679866	4.568343	5.437953	6.286976	7.114578	7.921006	8.707463	9.476259	10.230619	10.974812	11.713907	12.453893	13.201414	13.963871	14.749178	15.565819	16.422642	17.328890	18.294010	19.327660	20.439541	21.639360	22.936703	24.340935	25.861122	27.505863	29.283260	31.200684	33.264793	35.481262	37.854816	40.388939	43.085960	45.946735	48.970764	52.155899	55.498508	58.993183	62.632973	66.409157	70.311508	74.328110	78.445717	82.649643	86.924171	91.252480	95.617104	
0.820606	1.637684	2.447866	3.248152	4.036001	4.809542	5.567587	6.309827	7.036757	7.749852	8.451416	9.144737	9.833886	10.523851	11.220306	11.929731	12.659176	13.416348	14.209403	15.046995	15.938088	16.891975	17.918108	19.026094	20.225525	21.525944	22.936701	24.466873	26.125141	27.919651	29.857956	31.946785	34.192051	36.598572	39.170105	41.909061	44.816559	47.892159	51.133919	54.538170	58.099625	61.811176	65.664078	69.647766	73.750137	77.957443	82.254608	86.625221	91.051910	95.516418	
0.722436	1.442201	2.156782	2.863933	3.561861	4.249263	4.925520	5.590662	6.245549	6.891763	7.531780	8.168806	8.806927	9.450914	10.106357	10.779438	11.477066	12.206646	12.976168	13.794014	14.668997	15.610196	16.626963	17.728748	18.925110	20.225525	21.639359	23.175724	24.843361	26.650562	28.604973	30.713554	32.982346	35.416462	38.019814	40.795109	43.743629	46.865196	50.157990	53.618534	57.241535	61.019966	64.944908	69.005699	73.189857	77.483315	81.870392	86.334137	90.856422	95.418251	
0.635299	1.268653	1.898231	2.522470	3.140139	3.750505	4.353335	4.949073	5.538768	6.124252	6.708012	7.293353	7.884231	8.485401	9.102225	9.740806	10.407776	11.110422	11.856464	12.654161	13.512098	14.439251	15.444799	16.538147	17.728748	19.026094	20.439539	21.978262	23.651104	25.466467	27.432205	29.555443	31.842506	34.298721	36.928329	39.734295	42.718227	45.880180	49.218636	52.730263	56.409973	60.250732	64.243660	68.377853	72.640671	77.017502	81.492256	86.047226	90.663559	95.321320	
0.558067	1.114783	1.668917	2.219431	2.765630	3.307178	3.844273	4.377599	4.908501	5.438893	5.971423	6.509339	7.056644	7.617932	8.198532	8.804316	9.441839	10.118132	10.840822	11.617926	12.457941	13.369652	14.362179	15.444798	16.626961	17.918108	19.327660	20.864838	22.538614	24.357552	26.329689	28.462421	30.762335	33.235100	35.885277	38.716217	41.729874	44.926712	48.305489	51.863228	55.595020	59.494030	63.551327	67.756004	72.095047	76.553581	81.114792	85.760361	90.470444	95.224213	
0.489709	0.978571	1.465825	1.950917	2.433535	2.913762	3.392057	3.869421	4.347330	4.827899	5.313779	5.808313	6.315401	6.839645	7.386191	7.960869	8.570003	9.220551	9.919907	10.676006	11.497143	12.392035	13.369652	14.439251	15.610196	16.891975	18.294008	19.825645	21.495962	23.313725	25.287205	27.424076	29.731276	32.214836	34.879745	37.729805	40.767441	43.993557	47.407387	51.006340	54.785873	58.739346	62.858006	67.130829	71.544662	76.084129	80.731903	85.468735	90.273880	95.125259	
0.429300	0.858161	1.286238	1.713333	2.139516	2.565138	2.990970	3.418170	3.848439	4.283937	4.727445	5.182247	5.652290	6.142035	6.656613	7.201653	7.783429	8.408674	9.084713	9.819265	10.620562	11.497141	12.457942	13.512096	14.668997	15.938086	17.328888	18.850807	20.513117	22.324759	24.294302	26.429737	28.738400	31.226761	33.900326	36.763424	39.819061	43.068737	46.512260	50.147579	53.970619	57.975136	62.152561	66.491974	70.979980	75.600868	80.336563	85.166962	90.070091	95.022583	
0.375988	0.751882	1.127652	1.503435	1.879558	2.256661	2.635689	3.018025	3.405444	3.800253	4.205213	4.623682	5.059498	5.517136	6.001554	6.518347	7.073579	7.673925	8.326487	9.038925	9.819265	10.676008	11.617924	12.654161	13.794011	15.046995	16.422638	17.930515	19.580019	21.380375	23.340416	25.468548	27.772518	30.259361	32.935143	35.804863	38.872215	42.139458	45.607101	49.273842	53.136230	57.188557	61.422638	65.827690	70.390266	75.094200	79.920761	84.848724	89.854797	94.913971	
0.329008	0.658194	0.987809	1.318223	1.650023	1.984020	2.321373	2.663555	3.012495	3.370505	3.740436	4.125567	4.529769	4.957369	5.413305	5.902980	6.432407	7.008039	7.636920	8.326487	9.084713	9.919905	10.840822	11.856462	12.976170	14.209400	15.565818	17.055046	18.686731	20.470295	22.414970	24.529524	26.822277	29.300808	31.971924	34.841366	37.913712	41.192070	44.677944	48.370888	52.268360	56.365364	60.654312	65.124741	69.763191	74.553177	79.475143	84.506699	89.622940	94.796860	
0.287652	0.575708	0.864623	1.154987	1.447546	1.743306	2.043519	2.349811	2.664129	2.988885	3.326871	3.681410	4.056248	4.455705	4.884543	5.348119	5.852229	6.403267	7.008040	7.673925	8.408673	9.220551	10.118132	11.110422	12.206644	13.416349	14.749174	16.214951	17.823439	19.584417	21.507404	23.601715	25.876163	28.339090	30.998037	33.859711	36.929653	40.212120	43.709724	47.423241	51.351200	55.489689	59.831909	64.367966	69.084595	73.964989	78.988800	84.132256	89.368515	94.668167	
0.251286	0.503146	0.756215	1.011223	1.269085	1.530897	1.798048	2.072193	2.355376	2.649966	2.958806	3.285112	3.632632	4.005520	4.408500	4.846720	5.325912	5.852229	6.432406	7.073578	7.783429	8.570002	9.441839	10.407775	11.477067	12.659173	13.963872	15.401020	16.980669	18.712791	20.607386	22.674183	24.922718	27.362015	30.000603	32.846180	35.905548	39.184227	42.686310	46.413994	50.367332	54.543743	58.937656	63.540024	68.338013	73.314651	78.448792	83.715073	89.084335	94.524208	
0.219323	0.439356	0.660853	0.884680	1.111832	1.343525	1.581179	1.826536	2.081609	2.348818	2.630912	2.931112	3.253016	3.600741	3.978811	4.392306	4.846720	5.348119	5.902980	6.518347	7.201653	7.960869	8.804316	9.740807	10.779437	11.929732	13.201411	14.604532	16.149235	17.845881	19.704771	21.736271	23.950502	26.357426	28.966511	31.786741	34.826248	38.092194	41.590340	45.324791	49.297436	53.507587	57.951279	62.620819	67.504135	72.584396	77.839615	83.242691	88.761673	94.360474	
0.191239	0.383281	0.576984	0.773281	0.973263	1.178174	1.389507	1.608982	1.838654	2.080863	2.338359	2.614230	2.912033	3.235698	3.589676	3.978811	4.408500	4.884542	5.413305	6.001554	6.656613	7.386191	8.198532	9.102224	10.106358	11.220304	12.453894	13.817159	15.320513	16.974491	18.789900	20.777554	22.948395	25.313200	27.882662	30.667042	33.676147	36.918938	40.403313	44.135605	48.120182	52.358704	56.849564	61.586945	66.560181	71.752869	77.142448	82.699829	88.389717	94.171371	
0.166551	0.333975	0.503180	0.675169	0.851056	1.032139	1.219894	1.416070	1.622653	1.841979	2.076676	2.329791	2.604702	2.905264	3.235698	3.600741	4.005520	4.455706	4.957368	5.517136	6.142035	6.839645	7.617932	8.485402	9.450914	10.523852	11.713906	13.031260	14.486359	16.090088	17.853539	19.788170	21.905567	24.217571	26.735987	29.472675	32.439178	35.646675	39.105480	42.824776	46.811905	51.071751	55.605751	60.410973	65.478851	70.794189	76.334091	82.067429	87.954895	93.949814	
0.144832	0.290571	0.438168	0.588641	0.743137	0.902937	1.069534	1.244613	1.430151	1.628371	1.841855	2.073483	2.326554	2.604702	2.912033	3.253015	3.632632	4.056248	4.529769	5.059497	5.652290	6.315400	7.056644	7.884230	8.806928	9.833885	10.974813	12.239781	13.639423	15.184727	16.887226	18.758801	20.811869	23.059145	25.513821	28.189270	31.099148	34.256977	37.676056	41.368855	45.346539	49.618027	54.189011	59.060501	64.227371	69.676552	75.385582	81.321350	87.439774	93.686691	
0.125688	0.252299	0.380786	0.512182	0.647612	0.788360	0.935859	1.091777	1.257984	1.436655	1.630216	1.841462	2.073483	2.329791	2.614229	2.931112	3.285112	3.681410	4.125566	4.623682	5.182246	5.808314	6.509337	7.293353	8.168805	9.144737	10.230618	11.436546	12.773064	14.251394	15.883245	17.681065	19.657841	21.827358	24.203999	26.802935	29.639875	32.731155	36.093296	39.742809	43.695415	47.965286	52.563641	57.497177	62.765839	68.360458	74.260216	80.430450	86.821655	93.369942	
0.108773	0.218457	0.330002	0.444411	0.562799	0.686391	0.816592	0.954971	1.103345	1.263741	1.438499	1.630216	1.841855	2.076676	2.338359	2.630911	2.958806	3.326870	3.740436	4.205212	4.727445	5.313778	5.971423	6.708011	7.531780	8.451415	9.476259	10.616152	11.881665	13.283951	14.835002	16.547518	18.435186	20.512573	22.795406	25.300457	28.045782	31.050529	34.334999	37.920200	41.827454	46.077366	50.688522	55.675388	61.045563	66.796318	72.910706	79.353806	86.070084	92.983322	
0.093770	0.188426	0.284880	0.384111	0.487173	0.595253	0.709663	0.831912	0.963680	1.106905	1.263741	1.436655	1.628370	1.841979	2.080862	2.348818	2.649966	2.988885	3.370504	3.800254	4.283937	4.827899	5.438892	6.124252	6.891762	7.749853	8.707461	9.774268	10.960554	12.277488	13.737002	15.352113	17.136856	19.106630	21.278187	23.670000	26.302250	29.197184	32.378967	35.873791	39.709366	43.914276	48.516464	53.541023	59.006699	64.921196	71.275299	78.036446	85.143417	92.504234	
0.080402	0.161644	0.244597	0.330176	0.419388	0.513331	0.613250	0.720527	0.836749	0.963680	1.103345	1.257984	1.430151	1.622653	1.838654	2.081609	2.355376	2.664129	3.012495	3.405442	3.848440	4.347329	4.908502	5.538767	6.245550	7.036757	7.921008	8.907507	10.006319	11.228269	12.585258	14.090238	15.757564	17.603058	19.644451	21.901506	24.396549	27.154631	30.204041	33.576351	37.306564	41.432571	45.994072	51.030212	56.575710	62.654648	69.271973	76.402985	83.982880	91.900253	
0.068417	0.137617	0.208404	0.281635	0.358229	0.439211	0.525707	0.619004	0.720527	0.831912	0.954971	1.091777	1.244613	1.416070	1.608982	1.826536	2.072193	2.349812	2.663554	3.018026	3.418170	3.869421	4.377599	4.949073	5.590662	6.309828	7.114577	8.013700	9.016695	10.134063	11.377275	12.759154	14.293926	15.997698	17.888643	19.987625	22.318539	24.909088	27.791264	31.002184	34.584461	38.586552	43.062168	48.068581	53.662586	59.893291	66.790375	74.347534	82.502960	91.122955	
0.057594	0.115899	0.175648	0.237611	0.302629	0.371614	0.445594	0.525707	0.613250	0.709663	0.816593	0.935859	1.069534	1.219894	1.389508	1.581179	1.798048	2.043519	2.321373	2.635688	2.990970	3.392057	3.844274	4.353335	4.925521	5.567586	6.286977	7.091751	7.990852	8.994072	10.112397	11.358055	12.744973	14.288958	16.008327	17.924305	20.061913	22.450645	25.125713	28.129072	31.510864	35.330528	39.657677	44.571609	50.158592	56.504482	63.680332	71.717834	80.574623	90.096756	
0.047734	0.096098	0.145737	0.197336	0.251627	0.309423	0.371614	0.439211	0.513331	0.595253	0.686391	0.788360	0.902937	1.032139	1.178174	1.343525	1.530896	1.743306	1.984020	2.256661	2.565137	2.913762	3.307178	3.750506	4.249262	4.809543	5.437953	6.141836	6.929236	7.809189	8.791759	9.888428	11.112249	12.478413	14.004601	15.711839	17.625191	19.775072	22.198521	24.941175	28.059366	31.622864	35.717495	40.447536	45.935951	52.319946	59.736450	68.289963	77.995163	88.696571	
0.038662	0.077861	0.118151	0.160113	0.204377	0.251627	0.302629	0.358229	0.419388	0.487173	0.562799	0.647611	0.743137	0.851056	0.973263	1.111832	1.269085	1.447546	1.650023	1.879557	2.139517	2.433535	2.765630	3.140139	3.561861	4.036001	4.568343	5.165225	5.833760	6.581856	7.418529	8.354011	9.400205	10.570967	11.882801	13.355460	15.013078	16.885355	19.009485	21.432419	24.214199	27.432056	31.185900	35.604584	40.852386	47.132355	54.679485	63.728565	74.431725	86.700500	
0.030216	0.060871	0.092416	0.125327	0.160113	0.197336	0.237611	0.281635	0.330176	0.384111	0.444411	0.512182	0.588640	0.675169	0.773281	0.884680	1.011223	1.154987	1.318223	1.503436	1.713333	1.950917	2.219431	2.522471	2.863933	3.248152	3.679866	4.164385	4.707595	5.316190	5.997731	6.760988	7.616126	8.575218	9.652687	10.866143	12.237302	13.793490	15.569519	17.610565	19.976049	22.745419	26.026203	29.965553	34.765621	40.702217	48.140572	57.528305	69.312866	83.678856	
0.022255	0.044843	0.068110	0.092416	0.118151	0.145737	0.175648	0.208404	0.244597	0.284880	0.330002	0.380786	0.438168	0.503179	0.576984	0.660853	0.756215	0.864623	0.987809	1.127652	1.286238	1.465825	1.668917	1.898231	2.156782	2.447866	2.775166	3.142747	3.555216	4.017746	4.536306	5.117763	5.770227	6.503318	7.328721	8.260763	9.317428	10.521582	11.902966	13.500910	15.368620	17.579535	20.237440	23.492287	27.565577	32.790047	39.668343	48.943382	61.620808	78.706154	
0.014645	0.029516	0.044843	0.060871	0.077861	0.096098	0.115899	0.137617	0.161644	0.188426	0.218457	0.252299	0.290571	0.333975	0.383281	0.439356	0.503146	0.575708	0.658193	0.751882	0.858161	0.978571	1.114783	1.268653	1.442201	1.637684	1.857580	2.104686	2.382121	2.693460	3.042779	3.434857	3.875299	4.370854	4.929715	5.562074	6.280769	7.102380	8.048688	9.149052	10.443953	11.990866	13.873875	16.220497	19.231800	23.238911	28.811419	36.965248	49.526970	69.528076	
0.007266	0.014645	0.022255	0.030216	0.038662	0.047734	0.057594	0.068417	0.080402	0.093770	0.108773	0.125688	0.144832	0.166551	0.191239	0.219323	0.251286	0.287652	0.329008	0.375988	0.429300	0.489709	0.558067	0.635299	0.722436	0.820606	0.931076	1.055248	1.194719	1.351294	1.527064	1.724457	1.946362	2.196237	2.478330	2.797916	3.161716	3.578432	4.059629	4.621027	5.284634	6.082229	7.061504	8.297308	9.913887	12.132270	15.381247	20.585323	29.997866	49.881226	
