25.009689	25.019325	25.028954	25.038437	25.047888	25.057106	25.066261	25.075092	25.083830	25.092152	25.100332	25.108017	25.115499	25.122410	25.129051	25.135059	25.140720	25.145702	25.150257	25.154100	25.157436	25.160053	25.162088	25.163414	25.164099	25.164099	25.163414	25.162088	25.160049	25.157434	25.154097	25.150253	25.145700	25.140720	25.135061	25.129051	25.122410	25.115499	25.108017	25.100334	25.092152	25.083832	25.075096	25.066263	25.057106	25.047890	25.038437	25.028954	25.019327	25.009687	
25.019325	25.038641	25.057766	25.076845	25.095547	25.114162	25.132215	25.150116	25.167278	25.184206	25.200222	25.215897	25.230507	25.244642	25.257580	25.269894	25.280901	25.291130	25.299971	25.307873	25.314342	25.319725	25.323673	25.326399	25.327728	25.327728	25.326397	25.323673	25.319725	25.314341	25.307873	25.299969	25.291130	25.280903	25.269896	25.257580	25.244644	25.230507	25.215897	25.200222	25.184204	25.167278	25.150116	25.132214	25.114162	25.095547	25.076845	25.057766	25.038643	25.019325	
25.028954	25.057766	25.086533	25.114883	25.143129	25.170677	25.198044	25.224442	25.250549	25.275429	25.299871	25.322842	25.345198	25.365862	25.385702	25.403667	25.420580	25.435474	25.449078	25.460569	25.470537	25.478359	25.484444	25.488405	25.490452	25.490450	25.488407	25.484444	25.478357	25.470537	25.460567	25.449078	25.435472	25.420580	25.403667	25.385702	25.365860	25.345200	25.322838	25.299871	25.275427	25.250547	25.224442	25.198044	25.170673	25.143127	25.114882	25.086535	25.057764	25.028954	
25.038437	25.076843	25.114883	25.152822	25.190022	25.227034	25.262941	25.298536	25.332674	25.366329	25.398191	25.429356	25.458420	25.486521	25.512259	25.536743	25.558638	25.578970	25.596558	25.612265	25.625141	25.635839	25.643696	25.649115	25.651752	25.651756	25.649113	25.643696	25.635838	25.625137	25.612265	25.596554	25.578970	25.558638	25.536743	25.512257	25.486523	25.458414	25.429356	25.398190	25.366329	25.332674	25.298534	25.262939	25.227034	25.190022	25.152821	25.114880	25.076843	25.038437	
25.047890	25.095547	25.143129	25.190022	25.236736	25.282307	25.327568	25.371239	25.414413	25.455570	25.495991	25.533995	25.570961	25.605152	25.637959	25.667683	25.695646	25.720289	25.742781	25.761799	25.778280	25.791222	25.801287	25.807837	25.811220	25.811218	25.807837	25.801281	25.791220	25.778276	25.761795	25.742779	25.720287	25.695644	25.667683	25.637955	25.605148	25.570961	25.533991	25.495991	25.455570	25.414412	25.371239	25.327566	25.282307	25.236736	25.190018	25.143127	25.095545	25.047888	
25.057106	25.114162	25.170677	25.227034	25.282310	25.337284	25.390644	25.443508	25.494240	25.544224	25.591576	25.637856	25.681051	25.722786	25.761036	25.797396	25.829941	25.860130	25.886272	25.909595	25.928734	25.944622	25.956295	25.964346	25.968269	25.968267	25.964342	25.956295	25.944618	25.928730	25.909594	25.886269	25.860130	25.829937	25.797394	25.761036	25.722786	25.681049	25.637856	25.591574	25.544224	25.494240	25.443510	25.390640	25.337282	25.282307	25.227034	25.170673	25.114162	25.057104	
25.066265	25.132215	25.198048	25.262943	25.327568	25.390642	25.453251	25.513699	25.573416	25.630394	25.686298	25.738911	25.790031	25.837368	25.882736	25.923891	25.962561	25.996683	26.027784	26.054115	26.076908	26.094828	26.108742	26.117813	26.122494	26.122492	26.117813	26.108740	26.094826	26.076906	26.054111	26.027784	25.996679	25.962561	25.923889	25.882734	25.837364	25.790031	25.738907	25.686296	25.630394	25.573418	25.513699	25.453249	25.390640	25.327566	25.262939	25.198044	25.132214	25.066261	
25.075094	25.150118	25.224443	25.298538	25.371239	25.443510	25.513699	25.583193	25.649933	25.715628	25.777927	25.838749	25.895584	25.950432	26.000763	26.048540	26.091368	26.131041	26.165436	26.196087	26.221268	26.242146	26.257507	26.268084	26.273249	26.273249	26.268082	26.257507	26.242144	26.221266	26.196087	26.165434	26.131039	26.091362	26.048538	26.000759	25.950428	25.895580	25.838749	25.777924	25.715626	25.649931	25.583191	25.513697	25.443510	25.371237	25.298534	25.224442	25.150116	25.075094	
25.083832	25.167278	25.250551	25.332672	25.414413	25.494240	25.573418	25.649933	25.725447	25.797569	25.868256	25.934858	25.999493	26.059425	26.116777	26.168890	26.217773	26.260979	26.300297	26.333635	26.362444	26.385136	26.402725	26.414213	26.420130	26.420126	26.414213	26.402723	26.385136	26.362446	26.333632	26.300293	26.260975	26.217773	26.168884	26.116779	26.059422	25.999493	25.934858	25.868254	25.797569	25.725445	25.649929	25.573418	25.494238	25.414413	25.332670	25.250551	25.167278	25.083832	
25.092154	25.184204	25.275427	25.366329	25.455570	25.544222	25.630394	25.715626	25.797569	25.878136	25.954636	26.029221	26.099016	26.166264	26.228081	26.286655	26.339260	26.387897	26.430149	26.467722	26.498657	26.524248	26.543121	26.556084	26.562428	26.562428	26.556082	26.543118	26.524248	26.498652	26.467722	26.430145	26.387897	26.339256	26.286659	26.228079	26.166264	26.099014	26.029219	25.954636	25.878136	25.797569	25.715626	25.630390	25.544224	25.455570	25.366329	25.275425	25.184208	25.092154	
25.100332	25.200222	25.299871	25.398190	25.495991	25.591576	25.686295	25.777927	25.868254	25.954636	26.039177	26.118958	26.196255	26.268047	26.336634	26.399061	26.457512	26.509277	26.556284	26.596233	26.630676	26.657869	26.678894	26.692663	26.699732	26.699734	26.692661	26.678896	26.657864	26.630680	26.596230	26.556288	26.509274	26.457514	26.399059	26.336634	26.268047	26.196255	26.118956	26.039177	25.954636	25.868256	25.777925	25.686295	25.591574	25.495991	25.398190	25.299871	25.200222	25.100334	
25.108017	25.215897	25.322842	25.429356	25.533993	25.637856	25.738907	25.838749	25.934860	26.029219	26.118958	26.206303	26.288181	26.366930	26.439457	26.508041	26.569763	26.626705	26.676285	26.720274	26.756573	26.786531	26.808681	26.823856	26.831303	26.831301	26.823858	26.808680	26.786537	26.756569	26.720276	26.676285	26.626707	26.569759	26.508043	26.439455	26.366930	26.288181	26.206303	26.118958	26.029221	25.934856	25.838749	25.738907	25.637856	25.533991	25.429356	25.322838	25.215899	25.108017	
25.115498	25.230509	25.345196	25.458418	25.570959	25.681049	25.790031	25.895582	25.999493	26.099016	26.196255	26.288185	26.377083	26.459812	26.538685	26.610632	26.677841	26.737505	26.791553	26.837597	26.877203	26.908541	26.932716	26.948587	26.956717	26.956718	26.948586	26.932718	26.908541	26.877205	26.837597	26.791557	26.737503	26.677843	26.610630	26.538687	26.459812	26.377083	26.288181	26.196257	26.099014	25.999496	25.895580	25.790030	25.681046	25.570959	25.458414	25.345196	25.230507	25.115498	
25.122412	25.244644	25.365864	25.486521	25.605150	25.722784	25.837368	25.950428	26.059425	26.166264	26.268047	26.366932	26.459814	26.548954	26.631233	26.708864	26.778889	26.843338	26.899590	26.949373	26.990562	27.024469	27.049599	27.066772	27.075222	27.075220	27.066776	27.049599	27.024471	26.990559	26.949375	26.899590	26.843338	26.778885	26.708864	26.631229	26.548954	26.459812	26.366934	26.268045	26.166267	26.059422	25.950430	25.837364	25.722784	25.605148	25.486523	25.365860	25.244644	25.122410	
25.129049	25.257582	25.385702	25.512260	25.637955	25.761040	25.882736	26.000765	26.116779	26.228083	26.336632	26.439459	26.538685	26.631235	26.719261	26.799753	26.874758	26.941513	27.001823	27.053343	27.097534	27.132603	27.159578	27.177336	27.186405	27.186407	27.177334	27.159580	27.132603	27.097534	27.053339	27.001825	26.941509	26.874760	26.799747	26.719261	26.631229	26.538685	26.439457	26.336637	26.228079	26.116783	26.000759	25.882736	25.761036	25.637957	25.512257	25.385704	25.257580	25.129051	
25.135059	25.269897	25.403669	25.536739	25.667683	25.797394	25.923893	26.048538	26.168894	26.286655	26.399063	26.508043	26.610636	26.708862	26.799751	26.885290	26.962648	27.033657	27.095808	27.150652	27.196159	27.233513	27.261282	27.280201	27.289536	27.289532	27.280201	27.261278	27.233513	27.196159	27.150654	27.095806	27.033657	26.962646	26.885292	26.799747	26.708864	26.610630	26.508043	26.399061	26.286659	26.168886	26.048538	25.923889	25.797394	25.667681	25.536743	25.403666	25.269897	25.135059	
25.140720	25.280903	25.420578	25.558640	25.695644	25.829941	25.962561	26.091370	26.217773	26.339262	26.457514	26.569765	26.677845	26.778891	26.874758	26.962650	27.044327	27.117224	27.182898	27.239162	27.287277	27.325581	27.354950	27.374348	27.384216	27.384220	27.374342	27.354952	27.325579	27.287279	27.239161	27.182899	27.117222	27.044331	26.962646	26.874760	26.778885	26.677845	26.569761	26.457514	26.339256	26.217773	26.091366	25.962563	25.829941	25.695646	25.558636	25.420582	25.280901	25.140720	
25.145702	25.291130	25.435476	25.578970	25.720291	25.860130	25.996685	26.131039	26.260981	26.387897	26.509281	26.626705	26.737507	26.843338	26.941511	27.033657	27.117226	27.193710	27.260857	27.319925	27.369097	27.409325	27.439327	27.459698	27.469790	27.469786	27.459703	27.439325	27.409325	27.369093	27.319929	27.260853	27.193712	27.117224	27.033659	26.941509	26.843338	26.737503	26.626705	26.509277	26.387897	26.260979	26.131037	25.996685	25.860130	25.720287	25.578972	25.435472	25.291130	25.145702	
25.150255	25.299971	25.449078	25.596556	25.742781	25.886271	26.027784	26.165438	26.300295	26.430151	26.556286	26.676289	26.791553	26.899593	27.001823	27.095810	27.182896	27.260857	27.330872	27.391052	27.442345	27.483315	27.514620	27.535368	27.545891	27.545895	27.535364	27.514622	27.483309	27.442345	27.391047	27.330877	27.260853	27.182901	27.095806	27.001825	26.899591	26.791555	26.676285	26.556286	26.430149	26.300293	26.165438	26.027784	25.886271	25.742781	25.596554	25.449080	25.299967	25.150257	
25.154099	25.307871	25.460567	25.612265	25.761799	25.909595	26.054115	26.196087	26.333637	26.467722	26.596235	26.720272	26.837601	26.949371	27.053345	27.150652	27.239164	27.319925	27.391050	27.453419	27.505507	27.547977	27.579763	27.601271	27.611961	27.611956	27.601273	27.579758	27.547977	27.505503	27.453423	27.391048	27.319927	27.239162	27.150654	27.053341	26.949375	26.837597	26.720276	26.596231	26.467724	26.333633	26.196085	26.054115	25.909594	25.761793	25.612265	25.460566	25.307873	25.154099	
25.157436	25.314342	25.470539	25.625137	25.778280	25.928734	26.076908	26.221270	26.362446	26.498655	26.630678	26.756573	26.877201	26.990562	27.097532	27.196163	27.287279	27.369099	27.442345	27.505505	27.559162	27.602165	27.634912	27.656693	27.667700	27.667700	27.656689	27.634916	27.602163	27.559166	27.505503	27.442348	27.369095	27.287281	27.196161	27.097536	26.990562	26.877205	26.756573	26.630680	26.498655	26.362446	26.221268	26.076904	25.928730	25.778278	25.625135	25.470539	25.314339	25.157436	
25.160053	25.319725	25.478359	25.635839	25.791222	25.944622	26.094826	26.242147	26.385138	26.524246	26.657869	26.786531	26.908541	27.024467	27.132603	27.233513	27.325581	27.409325	27.483311	27.547977	27.602165	27.646196	27.679266	27.701565	27.712685	27.712681	27.701567	27.679262	27.646200	27.602161	27.547979	27.483313	27.409325	27.325581	27.233513	27.132603	27.024469	26.908543	26.786537	26.657867	26.524248	26.385136	26.242146	26.094826	25.944620	25.791220	25.635839	25.478355	25.319725	25.160049	
25.162090	25.323673	25.484447	25.643692	25.801285	25.956297	26.108742	26.257511	26.402725	26.543121	26.678894	26.808681	26.932718	27.049599	27.159576	27.261280	27.354950	27.439325	27.514620	27.579760	27.634912	27.679264	27.712925	27.735388	27.746702	27.746704	27.735384	27.712925	27.679264	27.634914	27.579762	27.514622	27.439327	27.354952	27.261282	27.159580	27.049599	26.932720	26.808681	26.678896	26.543119	26.402725	26.257509	26.108742	25.956295	25.801285	25.643690	25.484444	25.323669	25.162088	
25.163414	25.326401	25.488407	25.649115	25.807837	25.964344	26.117817	26.268085	26.414217	26.556084	26.692665	26.823856	26.948586	27.066776	27.177336	27.280201	27.374346	27.459703	27.535366	27.601273	27.656691	27.701565	27.735386	27.758114	27.769485	27.769482	27.758114	27.735386	27.701567	27.656689	27.601273	27.535364	27.459702	27.374348	27.280201	27.177336	27.066776	26.948587	26.823860	26.692661	26.556084	26.414215	26.268085	26.117813	25.964344	25.807835	25.649111	25.488403	25.326397	25.163412	
25.164097	25.327728	25.490454	25.651752	25.811222	25.968269	26.122494	26.273251	26.420130	26.562429	26.699734	26.831301	26.956718	27.075222	27.186405	27.289536	27.384220	27.469790	27.545891	27.611958	27.667698	27.712681	27.746702	27.769485	27.780922	27.780922	27.769482	27.746702	27.712683	27.667702	27.611958	27.545893	27.469790	27.384222	27.289536	27.186405	27.075222	26.956717	26.831303	26.699732	26.562428	26.420128	26.273251	26.122494	25.968267	25.811218	25.651752	25.490450	25.327724	25.164097	
25.164097	25.327728	25.490454	25.651752	25.811222	25.968269	26.122494	26.273251	26.420130	26.562429	26.699734	26.831301	26.956718	27.075222	27.186405	27.289536	27.384220	27.469790	27.545891	27.611958	27.667698	27.712681	27.746702	27.769485	27.780922	27.780922	27.769482	27.746702	27.712683	27.667702	27.611958	27.545893	27.469790	27.384222	27.289536	27.186405	27.075222	26.956717	26.831303	26.699732	26.562428	26.420128	26.273251	26.122494	25.968267	25.811218	25.651752	25.490450	25.327724	25.164097	
25.163414	25.326401	25.488407	25.649115	25.807837	25.964344	26.117817	26.268085	26.414217	26.556084	26.692665	26.823856	26.948586	27.066776	27.177336	27.280201	27.374346	27.459703	27.535366	27.601273	27.656691	27.701565	27.735386	27.758114	27.769485	27.769482	27.758114	27.735386	27.701567	27.656689	27.601273	27.535364	27.459702	27.374348	27.280201	27.177336	27.066776	26.948587	26.823860	26.692661	26.556084	26.414215	26.268085	26.117813	25.964344	25.807835	25.649111	25.488403	25.326397	25.163412	
25.162090	25.323673	25.484447	25.643692	25.801285	25.956297	26.108742	26.257511	26.402725	26.543121	26.678894	26.808681	26.932718	27.049599	27.159576	27.261280	27.354950	27.439325	27.514620	27.579760	27.634912	27.679264	27.712925	27.735388	27.746702	27.746704	27.735384	27.712925	27.679264	27.634914	27.579762	27.514622	27.439327	27.354952	27.261282	27.159580	27.049599	26.932720	26.808681	26.678896	26.543119	26.402725	26.257509	26.108742	25.956295	25.801285	25.643690	25.484444	25.323669	25.162088	
25.160053	25.319725	25.478359	25.635839	25.791222	25.944622	26.094826	26.242147	26.385138	26.524246	26.657869	26.786531	26.908541	27.024467	27.132603	27.233513	27.325581	27.409325	27.483311	27.547977	27.602165	27.646196	27.679266	27.701565	27.712685	27.712681	27.701567	27.679262	27.646200	27.602161	27.547979	27.483313	27.409325	27.325581	27.233513	27.132603	27.024469	26.908543	26.786537	26.657867	26.524248	26.385136	26.242146	26.094826	25.944620	25.791220	25.635839	25.478355	25.319725	25.160049	
25.157436	25.314342	25.470539	25.625137	25.778280	25.928734	26.076908	26.221270	26.362446	26.498655	26.630678	26.756573	26.877201	26.990562	27.097532	27.196163	27.287279	27.369099	27.442345	27.505505	27.559162	27.602165	27.634912	27.656693	27.667700	27.667700	27.656689	27.634916	27.602163	27.559166	27.505503	27.442348	27.369095	27.287281	27.196161	27.097536	26.990562	26.877205	26.756573	26.630680	26.498655	26.362446	26.221268	26.076904	25.928730	25.778278	25.625135	25.470539	25.314339	25.157436	
25.154099	25.307871	25.460567	25.612265	25.761799	25.909595	26.054115	26.196087	26.333637	26.467722	26.596235	26.720272	26.837601	26.949371	27.053345	27.150652	27.239164	27.319925	27.391050	27.453419	27.505507	27.547977	27.579763	27.601271	27.611961	27.611956	27.601273	27.579758	27.547977	27.505503	27.453423	27.391048	27.319927	27.239162	27.150654	27.053341	26.949375	26.837597	26.720276	26.596231	26.467724	26.333633	26.196085	26.054115	25.909594	25.761793	25.612265	25.460566	25.307873	25.154099	
25.150255	25.299971	25.449078	25.596556	25.742781	25.886271	26.027784	26.165438	26.300295	26.430151	26.556286	26.676289	26.791553	26.899593	27.001823	27.095810	27.182896	27.260857	27.330872	27.391052	27.442345	27.483315	27.514620	27.535368	27.545891	27.545895	27.535364	27.514622	27.483309	27.442345	27.391047	27.330877	27.260853	27.182901	27.095806	27.001825	26.899591	26.791555	26.676285	26.556286	26.430149	26.300293	26.165438	26.027784	25.886271	25.742781	25.596554	25.449080	25.299967	25.150257	
25.145702	25.291130	25.435476	25.578970	25.720291	25.860130	25.996685	26.131039	26.260981	26.387897	26.509281	26.626705	26.737507	26.843338	26.941511	27.033657	27.117226	27.193710	27.260857	27.319925	27.369097	27.409325	27.439327	27.459698	27.469790	27.469786	27.459703	27.439325	27.409325	27.369093	27.319929	27.260853	27.193712	27.117224	27.033659	26.941509	26.843338	26.737503	26.626705	26.509277	26.387897	26.260979	26.131037	25.996685	25.860130	25.720287	25.578972	25.435472	25.291130	25.145702	
25.140720	25.280903	25.420578	25.558640	25.695644	25.829941	25.962561	26.091370	26.217773	26.339262	26.457514	26.569765	26.677845	26.778891	26.874758	26.962650	27.044327	27.117224	27.182898	27.239162	27.287277	27.325581	27.354950	27.374348	27.384216	27.384220	27.374342	27.354952	27.325579	27.287279	27.239161	27.182899	27.117222	27.044331	26.962646	26.874760	26.778885	26.677845	26.569761	26.457514	26.339256	26.217773	26.091366	25.962563	25.829941	25.695646	25.558636	25.420582	25.280901	25.140720	
25.135059	25.269897	25.403669	25.536739	25.667683	25.797394	25.923893	26.048538	26.168894	26.286655	26.399063	26.508043	26.610636	26.708862	26.799751	26.885290	26.962648	27.033657	27.095808	27.150652	27.196159	27.233513	27.261282	27.280201	27.289536	27.289532	27.280201	27.261278	27.233513	27.196159	27.150654	27.095806	27.033657	26.962646	26.885292	26.799747	26.708864	26.610630	26.508043	26.399061	26.286659	26.168886	26.048538	25.923889	25.797394	25.667681	25.536743	25.403666	25.269897	25.135059	
25.129049	25.257582	25.385702	25.512260	25.637955	25.761040	25.882736	26.000765	26.116779	26.228083	26.336632	26.439459	26.538685	26.631235	26.719261	26.799753	26.874758	26.941513	27.001823	27.053343	27.097534	27.132603	27.159578	27.177336	27.186405	27.186407	27.177334	27.159580	27.132603	27.097534	27.053339	27.001825	26.941509	26.874760	26.799747	26.719261	26.631229	26.538685	26.439457	26.336637	26.228079	26.116783	26.000759	25.882736	25.761036	25.637957	25.512257	25.385704	25.257580	25.129051	
25.122412	25.244644	25.365864	25.486521	25.605150	25.722784	25.837368	25.950428	26.059425	26.166264	26.268047	26.366932	26.459814	26.548954	26.631233	26.708864	26.778889	26.843338	26.899590	26.949373	26.990562	27.024469	27.049599	27.066772	27.075222	27.075220	27.066776	27.049599	27.024471	26.990559	26.949375	26.899590	26.843338	26.778885	26.708864	26.631229	26.548954	26.459812	26.366934	26.268045	26.166267	26.059422	25.950430	25.837364	25.722784	25.605148	25.486523	25.365860	25.244644	25.122410	
25.115498	25.230509	25.345196	25.458418	25.570959	25.681049	25.790031	25.895582	25.999493	26.099016	26.196255	26.288185	26.377083	26.459812	26.538685	26.610632	26.677841	26.737505	26.791553	26.837597	26.877203	26.908541	26.932716	26.948587	26.956717	26.956718	26.948586	26.932718	26.908541	26.877205	26.837597	26.791557	26.737503	26.677843	26.610630	26.538687	26.459812	26.377083	26.288181	26.196257	26.099014	25.999496	25.895580	25.790030	25.681046	25.570959	25.458414	25.345196	25.230507	25.115498	
25.108017	25.215897	25.322842	25.429356	25.533993	25.637856	25.738907	25.838749	25.934860	26.029219	26.118958	26.206303	26.288181	26.366930	26.439457	26.508041	26.569763	26.626705	26.676285	26.720274	26.756573	26.786531	26.808681	26.823856	26.831303	26.831301	26.823858	26.808680	26.786537	26.756569	26.720276	26.676285	26.626707	26.569759	26.508043	26.439455	26.366930	26.288181	26.206303	26.118958	26.029221	25.934856	25.838749	25.738907	25.637856	25.533991	25.429356	25.322838	25.215899	25.108017	
25.100332	25.200222	25.299871	25.398190	25.495991	25.591576	25.686295	25.777927	25.868254	25.954636	26.039177	26.118958	26.196255	26.268047	26.336634	26.399061	26.457512	26.509277	26.556284	26.596233	26.630676	26.657869	26.678894	26.692663	26.699732	26.699734	26.692661	26.678896	26.657864	26.630680	26.596230	26.556288	26.509274	26.457514	26.399059	26.336634	26.268047	26.196255	26.118956	26.039177	25.954636	25.868256	25.777925	25.686295	25.591574	25.495991	25.398190	25.299871	25.200222	25.100334	
25.092154	25.184204	25.275427	25.366329	25.455570	25.544222	25.630394	25.715626	25.797569	25.878136	25.954636	26.029221	26.099016	26.166264	26.228081	26.286655	26.339260	26.387897	26.430149	26.467722	26.498657	26.524248	26.543121	26.556084	26.562428	26.562428	26.556082	26.543118	26.524248	26.498652	26.467722	26.430145	26.387897	26.339256	26.286659	26.228079	26.166264	26.099014	26.029219	25.954636	25.878136	25.797569	25.715626	25.630390	25.544224	25.455570	25.366329	25.275425	25.184208	25.092154	
25.083832	25.167278	25.250551	25.332672	25.414413	25.494240	25.573418	25.649933	25.725447	25.797569	25.868256	25.934858	25.999493	26.059425	26.116777	26.168890	26.217773	26.260979	26.300297	26.333635	26.362444	26.385136	26.402725	26.414213	26.420130	26.420126	26.414213	26.402723	26.385136	26.362446	26.333632	26.300293	26.260975	26.217773	26.168884	26.116779	26.059422	25.999493	25.934858	25.868254	25.797569	25.725445	25.649929	25.573418	25.494238	25.414413	25.332670	25.250551	25.167278	25.083832	
25.075094	25.150118	25.224443	25.298538	25.371239	25.443510	25.513699	25.583193	25.649933	25.715628	25.777927	25.838749	25.895584	25.950432	26.000763	26.048540	26.091368	26.131041	26.165436	26.196087	26.221268	26.242146	26.257507	26.268084	26.273249	26.273249	26.268082	26.257507	26.242144	26.221266	26.196087	26.165434	26.131039	26.091362	26.048538	26.000759	25.950428	25.895580	25.838749	25.777924	25.715626	25.649931	25.583191	25.513697	25.443510	25.371237	25.298534	25.224442	25.150116	25.075094	
25.066265	25.132215	25.198048	25.262943	25.327568	25.390642	25.453251	25.513699	25.573416	25.630394	25.686298	25.738911	25.790031	25.837368	25.882736	25.923891	25.962561	25.996683	26.027784	26.054115	26.076908	26.094828	26.108742	26.117813	26.122494	26.122492	26.117813	26.108740	26.094826	26.076906	26.054111	26.027784	25.996679	25.962561	25.923889	25.882734	25.837364	25.790031	25.738907	25.686296	25.630394	25.573418	25.513699	25.453249	25.390640	25.327566	25.262939	25.198044	25.132214	25.066261	
25.057106	25.114162	25.170677	25.227034	25.282310	25.337284	25.390644	25.443508	25.494240	25.544224	25.591576	25.637856	25.681051	25.722786	25.761036	25.797396	25.829941	25.860130	25.886272	25.909595	25.928734	25.944622	25.956295	25.964346	25.968269	25.968267	25.964342	25.956295	25.944618	25.928730	25.909594	25.886269	25.860130	25.829937	25.797394	25.761036	25.722786	25.681049	25.637856	25.591574	25.544224	25.494240	25.443510	25.390640	25.337282	25.282307	25.227034	25.170673	25.114162	25.057104	
25.047890	25.095547	25.143129	25.190022	25.236736	25.282307	25.327568	25.371239	25.414413	25.455570	25.495991	25.533995	25.570961	25.605152	25.637959	25.667683	25.695646	25.720289	25.742781	25.761799	25.778280	25.791222	25.801287	25.807837	25.811220	25.811218	25.807837	25.801281	25.791220	25.778276	25.761795	25.742779	25.720287	25.695644	25.667683	25.637955	25.605148	25.570961	25.533991	25.495991	25.455570	25.414412	25.371239	25.327566	25.282307	25.236736	25.190018	25.143127	25.095545	25.047888	
25.038437	25.076843	25.114883	25.152822	25.190022	25.227034	25.262941	25.298536	25.332674	25.366329	25.398191	25.429356	25.458420	25.486521	25.512259	25.536743	25.558638	25.578970	25.596558	25.612265	25.625141	25.635839	25.643696	25.649115	25.651752	25.651756	25.649113	25.643696	25.635838	25.625137	25.612265	25.596554	25.578970	25.558638	25.536743	25.512257	25.486523	25.458414	25.429356	25.398190	25.366329	25.332674	25.298534	25.262939	25.227034	25.190022	25.152821	25.114880	25.076843	25.038437	
25.028954	25.057766	25.086533	25.114883	25.143129	25.170677	25.198044	25.224442	25.250549	25.275429	25.299871	25.322842	25.345198	25.365862	25.385702	25.403667	25.420580	25.435474	25.449078	25.460569	25.470537	25.478359	25.484444	25.488405	25.490452	25.490450	25.488407	25.484444	25.478357	25.470537	25.460567	25.449078	25.435472	25.420580	25.403667	25.385702	25.365860	25.345200	25.322838	25.299871	25.275427	25.250547	25.224442	25.198044	25.170673	25.143127	25.114882	25.086535	25.057764	25.028954	
25.019325	25.038641	25.057766	25.076845	25.095547	25.114162	25.132215	25.150116	25.167278	25.184206	25.200222	25.215897	25.230507	25.244642	25.257580	25.269894	25.280901	25.291130	25.299971	25.307873	25.314342	25.319725	25.323673	25.326399	25.327728	25.327728	25.326397	25.323673	25.319725	25.314341	25.307873	25.299969	25.291130	25.280903	25.269896	25.257580	25.244644	25.230507	25.215897	25.200222	25.184204	25.167278	25.150116	25.132214	25.114162	25.095547	25.076845	25.057766	25.038643	25.019325	
25.009689	25.019325	25.028954	25.038437	25.047888	25.057106	25.066261	25.075092	25.083830	25.092152	25.100332	25.108017	25.115499	25.122410	25.129051	25.135059	25.140720	25.145702	25.150257	25.154100	25.157436	25.160053	25.162088	25.163414	25.164099	25.164099	25.163414	25.162088	25.160049	25.157434	25.154097	25.150253	25.145700	25.140720	25.135061	25.129051	25.122410	25.115499	25.108017	25.100334	25.092152	25.083832	25.075096	25.066263	25.057106	25.047890	25.038437	25.028954	25.019327	25.009687	
