25.002586	25.005165	25.007723	25.010254	25.012741	25.015184	25.017567	25.019886	25.022127	25.024286	25.026352	25.028320	25.030178	25.031921	25.033546	25.035042	25.036406	25.037632	25.038713	25.039650	25.040432	25.041065	25.041540	25.041861	25.042019	25.042019	25.041861	25.041542	25.041065	25.040434	25.039650	25.038715	25.037632	25.036406	25.035042	25.033546	25.031921	25.030178	25.028320	25.026356	25.024288	25.022129	25.019886	25.017569	25.015186	25.012741	25.010254	25.007725	25.005165	25.002588	
25.005165	25.010311	25.015419	25.020464	25.025436	25.030310	25.035070	25.039696	25.044170	25.048481	25.052605	25.056528	25.060242	25.063725	25.066963	25.069950	25.072674	25.075119	25.077282	25.079147	25.080715	25.081974	25.082928	25.083561	25.083879	25.083881	25.083561	25.082926	25.081978	25.080715	25.079147	25.077280	25.075119	25.072674	25.069952	25.066963	25.063725	25.060242	25.056530	25.052608	25.048483	25.044174	25.039696	25.035072	25.030312	25.025436	25.020466	25.015419	25.010311	25.005165	
25.007721	25.015419	25.023052	25.030603	25.038033	25.045322	25.052437	25.059357	25.066048	25.072491	25.078657	25.084528	25.090076	25.095284	25.100128	25.104595	25.108665	25.112324	25.115553	25.118347	25.120689	25.122576	25.123995	25.124947	25.125420	25.125422	25.124947	25.123997	25.122576	25.120689	25.118347	25.115555	25.112324	25.108665	25.104595	25.100130	25.095284	25.090076	25.084530	25.078659	25.072495	25.066048	25.059357	25.052439	25.045324	25.038033	25.030602	25.023052	25.015417	25.007725	
25.010250	25.020466	25.030603	25.040619	25.050488	25.060158	25.069609	25.078789	25.087673	25.096226	25.104414	25.112204	25.119572	25.126480	25.132915	25.138844	25.144245	25.149099	25.153391	25.157097	25.160210	25.162710	25.164597	25.165855	25.166489	25.166489	25.165857	25.164597	25.162712	25.160210	25.157095	25.153389	25.149101	25.144245	25.138844	25.132915	25.126484	25.119572	25.112206	25.104416	25.096226	25.087677	25.078791	25.069611	25.060162	25.050488	25.040619	25.030602	25.020466	25.010252	
25.012741	25.025436	25.038033	25.050488	25.062746	25.074774	25.086512	25.097927	25.108967	25.119596	25.129772	25.139458	25.148609	25.157204	25.165195	25.172565	25.179279	25.185314	25.190643	25.195251	25.199118	25.202230	25.204571	25.206139	25.206924	25.206924	25.206141	25.204573	25.202229	25.199116	25.195251	25.190643	25.185312	25.179279	25.172565	25.165197	25.157204	25.148613	25.139458	25.129776	25.119598	25.108969	25.097931	25.086514	25.074776	25.062748	25.050488	25.038033	25.025434	25.012741	
25.015182	25.030312	25.045322	25.060160	25.074774	25.089100	25.103092	25.116692	25.129848	25.142513	25.154640	25.166180	25.177090	25.187326	25.196854	25.205631	25.213634	25.220823	25.227179	25.232666	25.237274	25.240982	25.243774	25.245642	25.246576	25.246576	25.245640	25.243774	25.240980	25.237274	25.232666	25.227177	25.220821	25.213634	25.205633	25.196854	25.187328	25.177090	25.166180	25.154640	25.142515	25.129848	25.116692	25.103094	25.089100	25.074772	25.060162	25.045322	25.030310	25.015182	
25.017567	25.035069	25.052437	25.069607	25.086512	25.103092	25.119278	25.135014	25.150238	25.164892	25.178921	25.192274	25.204895	25.216740	25.227762	25.237923	25.247177	25.255501	25.262844	25.269199	25.274530	25.278818	25.282051	25.284212	25.285294	25.285294	25.284212	25.282051	25.278820	25.274529	25.269199	25.262846	25.255499	25.247177	25.237923	25.227764	25.216740	25.204895	25.192272	25.178923	25.164894	25.150238	25.135017	25.119278	25.103092	25.086512	25.069607	25.052441	25.035070	25.017569	
25.019886	25.039696	25.059353	25.078789	25.097925	25.116692	25.135015	25.152824	25.170055	25.186646	25.202526	25.217636	25.231926	25.245331	25.257809	25.269306	25.279785	25.289200	25.297522	25.304710	25.310745	25.315601	25.319256	25.321705	25.322929	25.322929	25.321705	25.319258	25.315599	25.310745	25.304710	25.297520	25.289202	25.279787	25.269310	25.257809	25.245331	25.231922	25.217636	25.202528	25.186644	25.170059	25.152824	25.135015	25.116692	25.097927	25.078791	25.059357	25.039696	25.019886	
25.022125	25.044170	25.066046	25.087673	25.108967	25.129848	25.150236	25.170057	25.189232	25.207691	25.225361	25.242176	25.258072	25.272993	25.286875	25.299675	25.311329	25.321812	25.331066	25.339071	25.345783	25.351185	25.355255	25.357977	25.359343	25.359341	25.357975	25.355255	25.351185	25.345783	25.339069	25.331066	25.321812	25.311333	25.299673	25.286877	25.272991	25.258076	25.242176	25.225361	25.207691	25.189232	25.170059	25.150238	25.129850	25.108967	25.087677	25.066050	25.044172	25.022129	
25.024288	25.048479	25.072491	25.096222	25.119595	25.142513	25.164890	25.186642	25.207687	25.227947	25.247341	25.265797	25.283245	25.299618	25.314859	25.328899	25.341698	25.353195	25.363359	25.372139	25.379509	25.385439	25.389906	25.392895	25.394390	25.394390	25.392895	25.389904	25.385441	25.379509	25.372139	25.363358	25.353199	25.341700	25.328903	25.314857	25.299622	25.283247	25.265797	25.247341	25.227947	25.207693	25.186646	25.164894	25.142513	25.119598	25.096226	25.072491	25.048481	25.024286	
25.026352	25.052605	25.078655	25.104412	25.129768	25.154636	25.178917	25.202522	25.225357	25.247341	25.268383	25.288410	25.307343	25.325111	25.341644	25.356886	25.370766	25.383247	25.394272	25.403801	25.411797	25.418232	25.423079	25.426319	25.427944	25.427946	25.426319	25.423080	25.418232	25.411797	25.403801	25.394272	25.383247	25.370770	25.356884	25.341646	25.325111	25.307343	25.288412	25.268383	25.247341	25.225361	25.202526	25.178919	25.154640	25.129772	25.104412	25.078657	25.052605	25.026352	
25.028318	25.056530	25.084526	25.112200	25.139454	25.166172	25.192270	25.217632	25.242172	25.265793	25.288410	25.309929	25.330276	25.349365	25.367138	25.383509	25.398434	25.411840	25.423689	25.433926	25.442524	25.449436	25.454647	25.458128	25.459877	25.459873	25.458132	25.454643	25.449436	25.442524	25.433929	25.423691	25.411844	25.398434	25.383514	25.367138	25.349369	25.330276	25.309929	25.288410	25.265793	25.242176	25.217634	25.192272	25.166176	25.139454	25.112202	25.084526	25.056530	25.028318	
25.030178	25.060238	25.090073	25.119566	25.148605	25.177082	25.204887	25.231920	25.258068	25.283241	25.307339	25.330275	25.351954	25.372303	25.391233	25.408686	25.424583	25.438877	25.451498	25.462412	25.471569	25.478939	25.484488	25.488201	25.490061	25.490061	25.488201	25.484489	25.478939	25.471569	25.462416	25.451502	25.438879	25.424587	25.408689	25.391235	25.372303	25.351955	25.330273	25.307339	25.283241	25.258072	25.231922	25.204891	25.177086	25.148609	25.119568	25.090075	25.060240	25.030178	
25.031921	25.063721	25.095280	25.126476	25.157196	25.187321	25.216732	25.245325	25.272987	25.299614	25.325108	25.349361	25.372299	25.393820	25.413853	25.432308	25.449129	25.464245	25.477600	25.489140	25.498829	25.506622	25.512495	25.516422	25.518391	25.518389	25.516422	25.512493	25.506624	25.498831	25.489143	25.477604	25.464245	25.449133	25.432310	25.413853	25.393822	25.372301	25.349363	25.325108	25.299614	25.272987	25.245327	25.216734	25.187325	25.157200	25.126480	25.095282	25.063723	25.031921	
25.033546	25.066959	25.100124	25.132910	25.165190	25.196846	25.227753	25.257801	25.286869	25.314854	25.341639	25.367132	25.391232	25.413849	25.434895	25.454296	25.471970	25.487854	25.501886	25.514019	25.524197	25.532389	25.538557	25.542686	25.544752	25.544754	25.542685	25.538559	25.532387	25.524197	25.514021	25.501888	25.487858	25.471970	25.454300	25.434896	25.413851	25.391232	25.367134	25.341637	25.314854	25.286871	25.257805	25.227757	25.196848	25.165194	25.132912	25.100128	25.066963	25.033545	
25.035042	25.069948	25.104591	25.138836	25.172560	25.205626	25.237911	25.269299	25.299664	25.328892	25.356876	25.383507	25.408682	25.432306	25.454292	25.474556	25.493019	25.509613	25.524273	25.536942	25.547577	25.556129	25.562580	25.566887	25.569050	25.569046	25.566891	25.562578	25.556133	25.547579	25.536943	25.524277	25.509613	25.493025	25.474556	25.454296	25.432308	25.408684	25.383505	25.356878	25.328896	25.299667	25.269300	25.237915	25.205627	25.172562	25.138840	25.104595	25.069950	25.035042	
25.036402	25.072668	25.108662	25.144238	25.179270	25.213623	25.247169	25.279774	25.311323	25.341686	25.370758	25.398426	25.424580	25.449125	25.471966	25.493019	25.512199	25.529438	25.544668	25.557833	25.568878	25.577768	25.584461	25.588943	25.591185	25.591187	25.588943	25.584465	25.577770	25.568880	25.557835	25.544670	25.529442	25.512201	25.493023	25.471966	25.449127	25.424580	25.398428	25.370760	25.341690	25.311321	25.279779	25.247169	25.213627	25.179274	25.144241	25.108662	25.072672	25.036404	
25.037628	25.075115	25.112314	25.149092	25.185303	25.220814	25.255487	25.289192	25.321796	25.353186	25.383236	25.411831	25.438869	25.464239	25.487850	25.509609	25.529436	25.547256	25.563000	25.576603	25.588024	25.597210	25.604134	25.608761	25.611082	25.611080	25.608765	25.604136	25.597214	25.588024	25.576607	25.563002	25.547256	25.529442	25.509611	25.487852	25.464237	25.438871	25.411833	25.383240	25.353188	25.321800	25.289192	25.255489	25.220814	25.185307	25.149096	25.112320	25.075115	25.037630	
25.038708	25.077274	25.115547	25.153381	25.190632	25.227165	25.262835	25.297508	25.331055	25.363346	25.394258	25.423679	25.451490	25.477592	25.501881	25.524267	25.544662	25.562996	25.579191	25.593191	25.604937	25.614391	25.621510	25.626274	25.628656	25.628658	25.626274	25.621510	25.614389	25.604939	25.593189	25.579193	25.563000	25.544666	25.524271	25.501883	25.477592	25.451492	25.423681	25.394260	25.363346	25.331055	25.297510	25.262836	25.227169	25.190636	25.153383	25.115549	25.077278	25.038712	
25.039646	25.079140	25.118338	25.157085	25.195240	25.232655	25.269188	25.304699	25.339054	25.372124	25.403786	25.433916	25.462402	25.489132	25.514009	25.536934	25.557827	25.576599	25.593187	25.607525	25.619556	25.629234	25.636530	25.641405	25.643848	25.643848	25.641407	25.636528	25.629238	25.619556	25.607525	25.593189	25.576603	25.557831	25.536938	25.514011	25.489134	25.462402	25.433918	25.403790	25.372128	25.339054	25.304699	25.269190	25.232658	25.195244	25.157091	25.118340	25.079144	25.039646	
25.040428	25.080709	25.120680	25.160198	25.199108	25.237263	25.274517	25.310730	25.345768	25.379494	25.411783	25.442509	25.471558	25.498819	25.524187	25.547567	25.568871	25.588017	25.604931	25.619556	25.631824	25.641699	25.649132	25.654108	25.656599	25.656599	25.654106	25.649136	25.641697	25.631826	25.619556	25.604935	25.588024	25.568874	25.547571	25.524189	25.498821	25.471560	25.442509	25.411783	25.379496	25.345768	25.310734	25.274517	25.237267	25.199108	25.160200	25.120684	25.080711	25.040432	
25.041061	25.081970	25.122566	25.162701	25.202217	25.240969	25.278805	25.315586	25.351170	25.385422	25.418213	25.449423	25.478926	25.506611	25.532375	25.556122	25.577759	25.597206	25.614386	25.629232	25.641697	25.651722	25.659275	25.664326	25.666859	25.666857	25.664328	25.659275	25.651722	25.641695	25.629234	25.614388	25.597206	25.577763	25.556126	25.532379	25.506613	25.478926	25.449425	25.418217	25.385426	25.351173	25.315586	25.278809	25.240971	25.202221	25.162703	25.122572	25.081970	25.041063	
25.041540	25.082920	25.123989	25.164585	25.204561	25.243759	25.282036	25.319244	25.355240	25.389891	25.423061	25.454628	25.484474	25.512482	25.538546	25.562567	25.584454	25.604126	25.621504	25.636528	25.649128	25.659275	25.666914	25.672028	25.674585	25.674585	25.672024	25.666916	25.659271	25.649132	25.636526	25.621508	25.604130	25.584457	25.562571	25.538548	25.512486	25.484478	25.454632	25.423063	25.389893	25.355240	25.319244	25.282038	25.243763	25.204563	25.164589	25.123989	25.082922	25.041540	
25.041859	25.083557	25.124937	25.165848	25.206127	25.245628	25.284195	25.321688	25.357962	25.392876	25.426304	25.458113	25.488186	25.516407	25.542671	25.566875	25.588932	25.608755	25.626266	25.641403	25.654106	25.664324	25.672024	25.677174	25.679754	25.679752	25.677174	25.672024	25.664326	25.654104	25.641403	25.626266	25.608757	25.588936	25.566879	25.542675	25.516411	25.488188	25.458117	25.426304	25.392879	25.357965	25.321690	25.284199	25.245628	25.206131	25.165848	25.124941	25.083557	25.041859	
25.042019	25.083874	25.125414	25.166477	25.206913	25.246563	25.285278	25.322912	25.359325	25.394375	25.427927	25.459858	25.490044	25.518375	25.544739	25.569036	25.591177	25.611074	25.628651	25.643845	25.656595	25.666855	25.674583	25.679752	25.682343	25.682343	25.679752	25.674583	25.666855	25.656597	25.643848	25.628653	25.611074	25.591179	25.569040	25.544743	25.518379	25.490047	25.459858	25.427929	25.394375	25.359325	25.322914	25.285280	25.246567	25.206913	25.166481	25.125416	25.083878	25.042019	
25.042019	25.083874	25.125414	25.166477	25.206913	25.246563	25.285278	25.322912	25.359325	25.394375	25.427927	25.459858	25.490044	25.518375	25.544739	25.569036	25.591177	25.611074	25.628651	25.643845	25.656595	25.666855	25.674583	25.679752	25.682343	25.682343	25.679752	25.674583	25.666855	25.656597	25.643848	25.628653	25.611074	25.591179	25.569040	25.544743	25.518379	25.490047	25.459858	25.427929	25.394375	25.359325	25.322914	25.285280	25.246567	25.206913	25.166481	25.125416	25.083878	25.042019	
25.041859	25.083557	25.124937	25.165848	25.206127	25.245628	25.284195	25.321688	25.357962	25.392876	25.426304	25.458113	25.488186	25.516407	25.542671	25.566875	25.588932	25.608755	25.626266	25.641403	25.654106	25.664324	25.672024	25.677174	25.679754	25.679752	25.677174	25.672024	25.664326	25.654104	25.641403	25.626266	25.608757	25.588936	25.566879	25.542675	25.516411	25.488188	25.458117	25.426304	25.392879	25.357965	25.321690	25.284199	25.245628	25.206131	25.165848	25.124941	25.083557	25.041859	
25.041540	25.082920	25.123989	25.164585	25.204561	25.243759	25.282036	25.319244	25.355240	25.389891	25.423061	25.454628	25.484474	25.512482	25.538546	25.562567	25.584454	25.604126	25.621504	25.636528	25.649128	25.659275	25.666914	25.672028	25.674585	25.674585	25.672024	25.666916	25.659271	25.649132	25.636526	25.621508	25.604130	25.584457	25.562571	25.538548	25.512486	25.484478	25.454632	25.423063	25.389893	25.355240	25.319244	25.282038	25.243763	25.204563	25.164589	25.123989	25.082922	25.041540	
25.041061	25.081970	25.122566	25.162701	25.202217	25.240969	25.278805	25.315586	25.351170	25.385422	25.418213	25.449423	25.478926	25.506611	25.532375	25.556122	25.577759	25.597206	25.614386	25.629232	25.641697	25.651722	25.659275	25.664326	25.666859	25.666857	25.664328	25.659275	25.651722	25.641695	25.629234	25.614388	25.597206	25.577763	25.556126	25.532379	25.506613	25.478926	25.449425	25.418217	25.385426	25.351173	25.315586	25.278809	25.240971	25.202221	25.162703	25.122572	25.081970	25.041063	
25.040428	25.080709	25.120680	25.160198	25.199108	25.237263	25.274517	25.310730	25.345768	25.379494	25.411783	25.442509	25.471558	25.498819	25.524187	25.547567	25.568871	25.588017	25.604931	25.619556	25.631824	25.641699	25.649132	25.654108	25.656599	25.656599	25.654106	25.649136	25.641697	25.631826	25.619556	25.604935	25.588024	25.568874	25.547571	25.524189	25.498821	25.471560	25.442509	25.411783	25.379496	25.345768	25.310734	25.274517	25.237267	25.199108	25.160200	25.120684	25.080711	25.040432	
25.039646	25.079140	25.118338	25.157085	25.195240	25.232655	25.269188	25.304699	25.339054	25.372124	25.403786	25.433916	25.462402	25.489132	25.514009	25.536934	25.557827	25.576599	25.593187	25.607525	25.619556	25.629234	25.636530	25.641405	25.643848	25.643848	25.641407	25.636528	25.629238	25.619556	25.607525	25.593189	25.576603	25.557831	25.536938	25.514011	25.489134	25.462402	25.433918	25.403790	25.372128	25.339054	25.304699	25.269190	25.232658	25.195244	25.157091	25.118340	25.079144	25.039646	
25.038708	25.077274	25.115547	25.153381	25.190632	25.227165	25.262835	25.297508	25.331055	25.363346	25.394258	25.423679	25.451490	25.477592	25.501881	25.524267	25.544662	25.562996	25.579191	25.593191	25.604937	25.614391	25.621510	25.626274	25.628656	25.628658	25.626274	25.621510	25.614389	25.604939	25.593189	25.579193	25.563000	25.544666	25.524271	25.501883	25.477592	25.451492	25.423681	25.394260	25.363346	25.331055	25.297510	25.262836	25.227169	25.190636	25.153383	25.115549	25.077278	25.038712	
25.037628	25.075115	25.112314	25.149092	25.185303	25.220814	25.255487	25.289192	25.321796	25.353186	25.383236	25.411831	25.438869	25.464239	25.487850	25.509609	25.529436	25.547256	25.563000	25.576603	25.588024	25.597210	25.604134	25.608761	25.611082	25.611080	25.608765	25.604136	25.597214	25.588024	25.576607	25.563002	25.547256	25.529442	25.509611	25.487852	25.464237	25.438871	25.411833	25.383240	25.353188	25.321800	25.289192	25.255489	25.220814	25.185307	25.149096	25.112320	25.075115	25.037630	
25.036402	25.072668	25.108662	25.144238	25.179270	25.213623	25.247169	25.279774	25.311323	25.341686	25.370758	25.398426	25.424580	25.449125	25.471966	25.493019	25.512199	25.529438	25.544668	25.557833	25.568878	25.577768	25.584461	25.588943	25.591185	25.591187	25.588943	25.584465	25.577770	25.568880	25.557835	25.544670	25.529442	25.512201	25.493023	25.471966	25.449127	25.424580	25.398428	25.370760	25.341690	25.311321	25.279779	25.247169	25.213627	25.179274	25.144241	25.108662	25.072672	25.036404	
25.035042	25.069948	25.104591	25.138836	25.172560	25.205626	25.237911	25.269299	25.299664	25.328892	25.356876	25.383507	25.408682	25.432306	25.454292	25.474556	25.493019	25.509613	25.524273	25.536942	25.547577	25.556129	25.562580	25.566887	25.569050	25.569046	25.566891	25.562578	25.556133	25.547579	25.536943	25.524277	25.509613	25.493025	25.474556	25.454296	25.432308	25.408684	25.383505	25.356878	25.328896	25.299667	25.269300	25.237915	25.205627	25.172562	25.138840	25.104595	25.069950	25.035042	
25.033546	25.066959	25.100124	25.132910	25.165190	25.196846	25.227753	25.257801	25.286869	25.314854	25.341639	25.367132	25.391232	25.413849	25.434895	25.454296	25.471970	25.487854	25.501886	25.514019	25.524197	25.532389	25.538557	25.542686	25.544752	25.544754	25.542685	25.538559	25.532387	25.524197	25.514021	25.501888	25.487858	25.471970	25.454300	25.434896	25.413851	25.391232	25.367134	25.341637	25.314854	25.286871	25.257805	25.227757	25.196848	25.165194	25.132912	25.100128	25.066963	25.033545	
25.031921	25.063721	25.095280	25.126476	25.157196	25.187321	25.216732	25.245325	25.272987	25.299614	25.325108	25.349361	25.372299	25.393820	25.413853	25.432308	25.449129	25.464245	25.477600	25.489140	25.498829	25.506622	25.512495	25.516422	25.518391	25.518389	25.516422	25.512493	25.506624	25.498831	25.489143	25.477604	25.464245	25.449133	25.432310	25.413853	25.393822	25.372301	25.349363	25.325108	25.299614	25.272987	25.245327	25.216734	25.187325	25.157200	25.126480	25.095282	25.063723	25.031921	
25.030178	25.060238	25.090073	25.119566	25.148605	25.177082	25.204887	25.231920	25.258068	25.283241	25.307339	25.330275	25.351954	25.372303	25.391233	25.408686	25.424583	25.438877	25.451498	25.462412	25.471569	25.478939	25.484488	25.488201	25.490061	25.490061	25.488201	25.484489	25.478939	25.471569	25.462416	25.451502	25.438879	25.424587	25.408689	25.391235	25.372303	25.351955	25.330273	25.307339	25.283241	25.258072	25.231922	25.204891	25.177086	25.148609	25.119568	25.090075	25.060240	25.030178	
25.028318	25.056530	25.084526	25.112200	25.139454	25.166172	25.192270	25.217632	25.242172	25.265793	25.288410	25.309929	25.330276	25.349365	25.367138	25.383509	25.398434	25.411840	25.423689	25.433926	25.442524	25.449436	25.454647	25.458128	25.459877	25.459873	25.458132	25.454643	25.449436	25.442524	25.433929	25.423691	25.411844	25.398434	25.383514	25.367138	25.349369	25.330276	25.309929	25.288410	25.265793	25.242176	25.217634	25.192272	25.166176	25.139454	25.112202	25.084526	25.056530	25.028318	
25.026352	25.052605	25.078655	25.104412	25.129768	25.154636	25.178917	25.202522	25.225357	25.247341	25.268383	25.288410	25.307343	25.325111	25.341644	25.356886	25.370766	25.383247	25.394272	25.403801	25.411797	25.418232	25.423079	25.426319	25.427944	25.427946	25.426319	25.423080	25.418232	25.411797	25.403801	25.394272	25.383247	25.370770	25.356884	25.341646	25.325111	25.307343	25.288412	25.268383	25.247341	25.225361	25.202526	25.178919	25.154640	25.129772	25.104412	25.078657	25.052605	25.026352	
25.024288	25.048479	25.072491	25.096222	25.119595	25.142513	25.164890	25.186642	25.207687	25.227947	25.247341	25.265797	25.283245	25.299618	25.314859	25.328899	25.341698	25.353195	25.363359	25.372139	25.379509	25.385439	25.389906	25.392895	25.394390	25.394390	25.392895	25.389904	25.385441	25.379509	25.372139	25.363358	25.353199	25.341700	25.328903	25.314857	25.299622	25.283247	25.265797	25.247341	25.227947	25.207693	25.186646	25.164894	25.142513	25.119598	25.096226	25.072491	25.048481	25.024286	
25.022125	25.044170	25.066046	25.087673	25.108967	25.129848	25.150236	25.170057	25.189232	25.207691	25.225361	25.242176	25.258072	25.272993	25.286875	25.299675	25.311329	25.321812	25.331066	25.339071	25.345783	25.351185	25.355255	25.357977	25.359343	25.359341	25.357975	25.355255	25.351185	25.345783	25.339069	25.331066	25.321812	25.311333	25.299673	25.286877	25.272991	25.258076	25.242176	25.225361	25.207691	25.189232	25.170059	25.150238	25.129850	25.108967	25.087677	25.066050	25.044172	25.022129	
25.019886	25.039696	25.059353	25.078789	25.097925	25.116692	25.135015	25.152824	25.170055	25.186646	25.202526	25.217636	25.231926	25.245331	25.257809	25.269306	25.279785	25.289200	25.297522	25.304710	25.310745	25.315601	25.319256	25.321705	25.322929	25.322929	25.321705	25.319258	25.315599	25.310745	25.304710	25.297520	25.289202	25.279787	25.269310	25.257809	25.245331	25.231922	25.217636	25.202528	25.186644	25.170059	25.152824	25.135015	25.116692	25.097927	25.078791	25.059357	25.039696	25.019886	
25.017567	25.035069	25.052437	25.069607	25.086512	25.103092	25.119278	25.135014	25.150238	25.164892	25.178921	25.192274	25.204895	25.216740	25.227762	25.237923	25.247177	25.255501	25.262844	25.269199	25.274530	25.278818	25.282051	25.284212	25.285294	25.285294	25.284212	25.282051	25.278820	25.274529	25.269199	25.262846	25.255499	25.247177	25.237923	25.227764	25.216740	25.204895	25.192272	25.178923	25.164894	25.150238	25.135017	25.119278	25.103092	25.086512	25.069607	25.052441	25.035070	25.017569	
25.015182	25.030312	25.045322	25.060160	25.074774	25.089100	25.103092	25.116692	25.129848	25.142513	25.154640	25.166180	25.177090	25.187326	25.196854	25.205631	25.213634	25.220823	25.227179	25.232666	25.237274	25.240982	25.243774	25.245642	25.246576	25.246576	25.245640	25.243774	25.240980	25.237274	25.232666	25.227177	25.220821	25.213634	25.205633	25.196854	25.187328	25.177090	25.166180	25.154640	25.142515	25.129848	25.116692	25.103094	25.089100	25.074772	25.060162	25.045322	25.030310	25.015182	
25.012741	25.025436	25.038033	25.050488	25.062746	25.074774	25.086512	25.097927	25.108967	25.119596	25.129772	25.139458	25.148609	25.157204	25.165195	25.172565	25.179279	25.185314	25.190643	25.195251	25.199118	25.202230	25.204571	25.206139	25.206924	25.206924	25.206141	25.204573	25.202229	25.199116	25.195251	25.190643	25.185312	25.179279	25.172565	25.165197	25.157204	25.148613	25.139458	25.129776	25.119598	25.108969	25.097931	25.086514	25.074776	25.062748	25.050488	25.038033	25.025434	25.012741	
25.010250	25.020466	25.030603	25.040619	25.050488	25.060158	25.069609	25.078789	25.087673	25.096226	25.104414	25.112204	25.119572	25.126480	25.132915	25.138844	25.144245	25.149099	25.153391	25.157097	25.160210	25.162710	25.164597	25.165855	25.166489	25.166489	25.165857	25.164597	25.162712	25.160210	25.157095	25.153389	25.149101	25.144245	25.138844	25.132915	25.126484	25.119572	25.112206	25.104416	25.096226	25.087677	25.078791	25.069611	25.060162	25.050488	25.040619	25.030602	25.020466	25.010252	
25.007721	25.015419	25.023052	25.030603	25.038033	25.045322	25.052437	25.059357	25.066048	25.072491	25.078657	25.084528	25.090076	25.095284	25.100128	25.104595	25.108665	25.112324	25.115553	25.118347	25.120689	25.122576	25.123995	25.124947	25.125420	25.125422	25.124947	25.123997	25.122576	25.120689	25.118347	25.115555	25.112324	25.108665	25.104595	25.100130	25.095284	25.090076	25.084530	25.078659	25.072495	25.066048	25.059357	25.052439	25.045324	25.038033	25.030602	25.023052	25.015417	25.007725	
25.005165	25.010311	25.015419	25.020464	25.025436	25.030310	25.035070	25.039696	25.044170	25.048481	25.052605	25.056528	25.060242	25.063725	25.066963	25.069950	25.072674	25.075119	25.077282	25.079147	25.080715	25.081974	25.082928	25.083561	25.083879	25.083881	25.083561	25.082926	25.081978	25.080715	25.079147	25.077280	25.075119	25.072674	25.069952	25.066963	25.063725	25.060242	25.056530	25.052608	25.048483	25.044174	25.039696	25.035072	25.030312	25.025436	25.020466	25.015419	25.010311	25.005165	
25.002586	25.005165	25.007723	25.010254	25.012741	25.015184	25.017567	25.019886	25.022127	25.024286	25.026352	25.028320	25.030178	25.031921	25.033546	25.035042	25.036406	25.037632	25.038713	25.039650	25.040432	25.041065	25.041540	25.041861	25.042019	25.042019	25.041861	25.041542	25.041065	25.040434	25.039650	25.038715	25.037632	25.036406	25.035042	25.033546	25.031921	25.030178	25.028320	25.026356	25.024288	25.022129	25.019886	25.017569	25.015186	25.012741	25.010254	25.007725	25.005165	25.002588	
