49.996895	69.759140	79.052094	84.138840	87.273460	89.381142	90.891312	92.025597	92.908775	93.616180	94.195908	94.680122	95.091110	95.444817	95.752983	96.024399	96.265823	96.482513	96.678680	96.857628	97.022095	97.174316	97.316147	97.449120	97.574562	97.693573	97.807106	97.915962	98.020859	98.122383	98.221085	98.317383	98.411713	98.504395	98.595734	98.685989	98.775375	98.864090	98.952286	99.040100	99.127632	99.214996	99.302231	99.389420	99.476585	99.563766	99.650955	99.738190	99.825439	99.912712	
30.228466	49.987633	62.310463	70.229897	75.573975	79.359940	82.158676	84.302483	85.993515	87.360237	88.487579	89.433731	90.239769	90.935478	91.542999	92.079086	92.556679	92.985939	93.374901	93.730103	94.056808	94.359398	94.641502	94.906158	95.155937	95.393021	95.619255	95.836273	96.045441	96.247971	96.444893	96.637108	96.825409	97.010468	97.192886	97.373154	97.551727	97.728973	97.905220	98.080704	98.255684	98.430290	98.604721	98.779022	98.953308	99.127609	99.301987	99.476410	99.650894	99.825432	
20.929379	37.652557	49.972351	58.896523	65.432831	70.326241	74.081299	77.032509	79.402985	81.344109	82.960930	84.327972	85.499283	86.514923	87.405060	88.192924	88.896568	89.530312	90.105614	90.631767	91.116364	91.565720	91.985077	92.378845	92.750771	93.104042	93.441391	93.765182	94.077423	94.379913	94.674133	94.961464	95.243019	95.519859	95.792786	96.062630	96.329971	96.595413	96.859390	97.122330	97.384506	97.646225	97.907654	98.168976	98.430275	98.691650	98.953125	99.214714	99.476410	99.738182	
15.836566	29.721004	41.030075	49.951279	56.934929	62.431313	66.808228	70.343811	73.242371	75.652954	77.684784	79.418701	80.915329	82.220695	83.370331	84.391899	85.307343	86.134155	86.886536	87.576057	88.212280	88.803154	89.355354	89.874504	90.365395	90.832138	91.278244	91.706757	92.120308	92.521179	92.911377	93.292610	93.666428	94.034088	94.396805	94.755478	95.111023	95.464119	95.815414	96.165382	96.514488	96.863007	97.211258	97.559410	97.907593	98.255928	98.604431	98.953125	99.301987	99.650955	
12.695972	24.365009	34.475937	42.943970	49.924740	55.656410	60.377121	64.292854	67.570541	70.341431	72.707489	74.747757	76.523682	78.083389	79.464851	80.698303	81.808044	82.813812	83.731705	84.575089	85.355003	86.080757	86.760178	87.399933	88.005707	88.582390	89.134201	89.664795	90.177338	90.674599	91.158981	91.632614	92.097290	92.554657	93.006042	93.452713	93.895645	94.335754	94.773758	95.210312	95.645882	96.080902	96.515671	96.950424	97.385338	97.820480	98.255928	98.691650	99.127609	99.563759	
10.582433	20.567352	29.565044	37.424377	44.164238	49.893139	54.751774	58.880836	62.406490	65.435822	68.057190	70.342407	72.349625	74.125763	75.708893	77.129959	78.414368	79.582977	80.653168	81.639343	82.553711	83.406517	84.206528	84.961212	85.676987	86.359398	87.013252	87.642746	88.251503	88.842712	89.419159	89.983276	90.537209	91.082779	91.621643	92.155151	92.684547	93.210815	93.734863	94.257370	94.778946	95.300034	95.820984	96.342094	96.863510	97.385330	97.907600	98.430267	98.953308	99.476585	
9.066544	17.757198	25.792923	33.024807	39.415359	45.000942	49.856941	54.073299	57.739937	60.939484	63.744396	66.216614	68.408234	70.362862	72.116753	73.700188	75.138412	76.452637	77.660652	78.777557	79.816116	80.787292	81.700439	82.563637	83.383873	84.167206	84.918930	85.643646	86.345398	87.027756	87.693779	88.346222	88.987473	89.619598	90.244423	90.863541	91.478256	92.089752	92.699005	93.306786	93.913773	94.520454	95.127243	95.734390	96.342094	96.950424	97.559402	98.168961	98.779015	99.389420	
7.926702	15.602297	22.825119	29.467197	35.472252	40.839256	45.602844	49.816711	53.541855	56.839268	59.765953	62.373131	64.705750	66.802635	68.697159	70.417763	71.988739	73.430801	74.761673	75.996521	77.148422	78.228622	79.246872	80.211624	81.130264	82.009232	82.854195	83.670082	84.461273	85.231598	85.984436	86.722763	87.449188	88.165970	88.875130	89.578369	90.277184	90.972809	91.666351	92.358643	93.050385	93.742172	94.434349	95.127243	95.820984	96.515663	97.211250	97.907646	98.604706	99.302231	
7.038150	13.900530	20.438597	26.547329	32.168083	37.282047	41.899689	46.050240	49.773052	53.111473	56.108856	58.806213	61.241062	63.447041	65.453819	67.287430	68.970512	70.522797	71.961411	73.301247	74.555267	75.734787	76.849693	77.908646	78.919266	79.888229	80.821442	81.724129	82.600876	83.455772	84.292397	85.113930	85.923157	86.722534	87.514191	88.299980	89.081497	89.860100	90.636917	91.412872	92.188721	92.965012	93.742165	94.520454	95.300018	96.080887	96.863007	97.646210	98.430298	99.214989	
6.325572	12.523476	18.482010	24.116232	29.371700	34.222336	38.665005	42.713043	46.390358	49.726624	52.753838	55.503979	58.007622	60.293114	62.386288	64.310326	66.085922	67.731400	69.262947	70.694855	72.039757	73.308762	74.511703	75.657280	76.753181	77.806236	78.822502	79.807343	80.765549	81.701370	82.618538	83.520409	84.409912	85.289642	86.161842	87.028488	87.891235	88.751534	89.610558	90.469292	91.328476	92.188721	93.050392	93.913773	94.778931	95.645882	96.514473	97.384506	98.255676	99.127640	
5.740880	11.386237	16.850395	22.064770	26.981232	31.571901	35.826439	39.748276	43.350601	46.652901	49.678131	52.450684	54.994896	57.334244	59.490738	61.484680	63.334568	65.057137	66.667412	68.178894	69.603592	70.952316	72.234642	73.459167	74.633545	75.764633	76.858543	77.920753	78.956131	79.969040	80.963379	81.942566	82.909676	83.867386	84.818069	85.763741	86.706169	87.646820	88.586937	89.527496	90.469299	91.412872	92.358635	93.306778	94.257370	95.210297	96.165390	97.122314	98.080704	99.040100	
5.251951	10.430674	15.469280	20.312162	24.917747	29.258989	33.322212	37.104851	40.612923	43.858498	46.857574	49.628319	52.189835	54.561188	56.760857	58.806328	60.713913	62.498642	64.174286	65.753349	67.247192	68.666061	70.019241	71.315079	72.561104	73.764107	74.930191	76.064835	77.172989	78.259064	79.327026	80.380402	81.422325	82.455566	83.482544	84.505363	85.525818	86.545441	87.565483	88.586937	89.610565	90.636917	91.666336	92.699005	93.734856	94.773766	95.815414	96.859390	97.905212	98.952286	
4.836507	9.615742	14.284655	18.797880	23.119862	27.225624	31.100309	34.737984	38.139938	41.313019	44.267952	47.018024	49.577930	51.962997	54.188507	56.269352	58.219734	60.053005	61.781590	63.416992	64.969772	66.449608	67.865318	69.224976	70.535873	71.804688	73.037430	74.239563	75.416016	76.571228	77.709221	78.833549	79.947418	81.053635	82.154678	83.252693	84.349510	85.446678	86.545448	87.646820	88.751526	89.860107	90.972824	92.089752	93.210831	94.335754	95.464127	96.595413	97.728973	98.864090	
4.478614	8.911674	13.256540	17.475925	21.539557	25.424932	29.117294	32.608932	35.898193	38.988258	41.885998	44.600883	47.144085	49.527733	51.764385	53.866570	55.846539	57.716034	59.486195	61.167461	62.769592	64.301613	65.771881	67.188049	68.557220	69.885803	71.179733	72.444382	73.684631	74.904930	76.109283	77.301285	78.484161	79.660759	80.833572	82.004791	83.176254	84.349510	85.525826	86.706161	87.891235	89.081497	90.277168	91.478256	92.684547	93.895645	95.111023	96.329971	97.551720	98.775375	
4.166563	8.296384	12.354774	16.310875	20.138924	23.818968	27.336962	30.684500	33.858116	36.858551	39.689857	42.358612	44.873165	47.243065	49.478489	51.589943	53.587906	55.482632	57.284023	59.001530	60.644054	62.220001	63.737175	65.202881	66.623840	68.006317	69.356033	70.678253	71.977821	73.259125	74.526146	75.782501	77.031418	78.275742	79.518013	80.760406	82.004791	83.252693	84.505356	85.763741	87.028473	88.299973	89.578362	90.863541	92.155159	93.452713	94.755478	96.062622	97.373146	98.685989	
3.891561	7.753131	11.556210	15.275079	18.887810	22.376831	25.729177	28.936321	31.993837	34.900833	37.659378	40.273872	42.750477	45.096611	47.320526	49.430943	51.436794	53.347004	55.170322	56.915241	58.589890	60.201988	61.758865	63.267365	64.733932	66.164536	67.564751	68.939705	70.294128	71.632362	72.958382	74.275742	75.587692	76.897095	78.206474	79.518021	80.833572	82.154686	83.482544	84.818054	86.161835	87.514183	88.875122	90.244431	91.621635	93.006058	94.396790	95.792793	97.192871	98.595734	
3.646865	7.269009	10.842802	14.346692	17.761963	21.073248	24.268745	27.340229	30.282795	33.094563	35.776199	38.330513	40.761974	43.076321	45.280190	47.380829	49.385818	51.302895	53.139793	54.904118	56.603233	58.244282	59.834030	61.378960	62.885155	64.358337	65.803894	67.226799	68.631683	70.022827	71.404137	72.779182	74.151169	75.522964	76.897087	78.275742	79.660759	81.053635	82.455566	83.867386	85.289635	86.722511	88.165970	89.619583	91.082794	92.554642	94.034103	95.519852	97.010460	98.504402	
3.427223	6.833894	10.200287	13.508231	16.741737	19.887386	22.934586	25.875584	28.705387	31.421515	34.023720	36.513630	38.894447	41.170582	43.347382	45.430836	47.427410	49.343788	51.186810	52.963257	54.679852	56.343105	57.959358	59.534645	61.074760	62.585171	64.071045	65.537231	66.988258	68.428307	69.861252	71.290642	72.719658	74.151161	75.587700	77.031410	78.484161	79.947411	81.422318	82.909668	84.409897	85.923141	87.449173	88.987473	90.537201	92.097298	93.666420	95.243027	96.825409	98.411713	
3.228474	6.439745	9.617235	12.745572	15.811046	18.801991	21.708941	24.524771	27.244579	29.865610	32.387005	34.809593	37.135590	39.368412	41.512337	43.572372	45.553993	47.463036	49.305508	51.087517	52.815136	54.494389	56.131126	57.731049	59.299629	60.842094	62.363426	63.868332	65.361229	66.846245	68.327194	69.807594	71.290634	72.779182	74.275742	75.782501	77.301277	78.833549	80.380394	81.942551	83.520393	85.113914	86.722755	88.346214	89.983276	91.632607	93.292618	94.961464	96.637115	98.317390	
3.047280	6.080076	9.084393	12.047159	14.956629	17.802635	20.576820	23.272669	25.885563	28.412636	30.852690	33.205975	35.474037	37.659466	39.765762	41.797077	43.758118	45.653969	47.489948	49.271545	51.004303	52.693764	54.345383	55.964504	57.556335	59.125877	60.677944	62.217102	63.747681	65.273750	66.799088	68.327194	69.861252	71.404137	72.958374	74.526146	76.109276	77.709206	79.327011	80.963364	82.618523	84.292389	85.984428	87.693771	89.419151	91.158989	92.911377	94.674133	96.444901	98.221085	
2.880929	5.749609	8.594170	11.403481	14.167439	16.877230	19.525467	22.106308	24.615442	27.050072	29.408804	31.691540	33.899303	36.034122	38.098827	40.096947	42.032516	43.910004	45.734169	47.509945	49.242424	50.936707	52.597916	54.231094	55.841183	57.433006	59.011204	60.580246	62.144379	63.707626	65.273743	66.846237	68.428307	70.022827	71.632362	73.259117	74.904922	76.571213	78.259056	79.969032	81.701347	83.455765	85.231590	87.027740	88.842712	90.674599	92.521179	94.379913	96.247971	98.122391	
2.727194	5.443992	8.140300	10.806604	13.434233	16.015524	18.544014	21.014469	23.422970	25.766853	28.044666	30.256086	32.401810	34.483414	36.503258	38.464329	40.370171	42.224724	44.032257	45.797287	47.524464	49.218571	50.884392	52.526714	54.150284	55.759724	57.359573	58.954208	60.547806	62.144379	63.747681	65.361229	66.988251	68.631683	70.294121	71.977814	73.684616	75.416000	77.172974	78.956116	80.765541	82.600868	84.461266	86.345398	88.251503	90.177338	92.120308	94.077431	96.045456	98.020859	
2.584228	5.159610	7.717542	10.249889	12.749190	15.208820	17.623116	19.987459	22.298307	24.553202	26.750717	28.890427	30.972784	32.999077	34.971287	36.892010	38.764366	40.591885	42.378448	44.128189	45.845432	47.534641	49.200356	50.847149	52.479561	54.102112	55.719215	57.335190	58.954208	60.580242	62.217102	63.868328	65.537231	67.226791	68.939697	70.678253	72.444374	74.239548	76.064827	77.920738	79.807327	81.724121	83.670074	85.643646	87.642746	89.664803	91.706757	93.765190	95.836273	97.915970	
2.450485	4.893431	7.321495	9.727715	12.105680	14.449662	16.754738	19.016840	21.232828	23.400465	25.518427	27.586235	29.604237	31.573481	33.495697	35.373173	37.208710	39.005497	40.767109	42.497372	44.200333	45.880203	47.541325	49.188065	50.824848	52.456078	54.086105	55.719215	57.359573	59.011200	60.677940	62.363426	64.071037	65.803894	67.564743	69.356026	71.179726	73.037430	74.930183	76.858536	78.822495	80.821442	82.854187	84.918915	87.013260	89.134193	91.278244	93.441391	95.619263	97.807098	
2.324662	4.642894	6.948426	9.235304	11.498022	13.731647	15.931907	18.095264	20.218946	22.300978	24.340153	26.336029	28.288868	30.199610	32.069771	33.901436	35.697136	37.459831	39.192814	40.899689	42.584267	44.250580	45.902771	47.545101	49.181870	50.817421	52.456074	54.102112	55.759724	57.433002	59.125877	60.842094	62.585167	64.358337	66.164536	68.006310	69.885803	71.804688	73.764107	75.764633	77.806236	79.888229	82.009232	84.167213	86.359390	88.582397	90.832138	93.104050	95.393013	97.693573	
2.205650	4.405818	6.595153	8.768563	10.921337	13.049233	15.148573	17.216290	19.249985	21.247925	23.209066	25.133030	27.020063	28.871017	30.687304	32.470825	34.223946	35.949413	37.650349	39.330139	40.992451	42.641136	44.280228	45.913872	47.546318	49.181870	50.824848	52.479557	54.150284	55.841187	57.556335	59.299629	61.074753	62.885155	64.733925	66.623840	68.557213	70.535881	72.561104	74.633545	76.753189	78.919258	81.130272	83.383873	85.676994	88.005699	90.365410	92.750771	95.155937	97.574562	
2.092503	4.180336	6.258939	8.323973	10.371407	12.397617	14.399448	16.374277	18.320036	20.235254	22.119051	23.971134	25.791780	27.581810	29.342546	31.075792	32.783772	34.469101	36.134731	37.783936	39.420223	41.047352	42.669254	44.290024	45.913868	47.545101	49.188061	50.847149	52.526718	54.231094	55.964508	57.731056	59.534645	61.378956	63.267365	65.202873	67.188065	69.224976	71.315079	73.459175	75.657280	77.908661	80.211624	82.563644	84.961212	87.399933	89.874496	92.378838	94.906158	97.449127	
1.984406	3.964842	5.937433	7.898485	9.844574	11.772608	13.679913	15.564249	17.423880	19.257574	21.064621	22.844839	24.598553	26.326580	28.030210	29.711174	31.371605	33.014011	34.641247	36.256466	37.863106	39.464828	41.065529	42.669254	44.280228	45.902771	47.541325	49.200359	50.884392	52.597919	54.345383	56.131130	57.959351	59.834030	61.758862	63.737179	65.771873	67.865326	70.019241	72.234650	74.511719	76.849701	79.246880	81.700455	84.206543	86.760178	89.355362	91.985077	94.641510	97.316139	
1.880655	3.757946	5.628590	7.489457	9.337646	11.170549	12.985900	14.781829	16.556887	18.310076	20.040861	21.749176	23.435408	25.100401	26.745438	28.372198	29.982767	31.579582	33.165421	34.743370	36.316795	37.889336	39.464828	41.047352	42.641136	44.250587	45.880211	47.534645	49.218575	50.936707	52.693764	54.494385	56.343109	58.244270	60.201988	62.219997	64.301613	66.449600	68.666069	70.952316	73.308769	75.734802	78.228638	80.787308	83.406532	86.080765	88.803162	91.565727	94.359398	97.174316	
1.780640	3.558442	5.330635	7.094583	8.847843	10.588225	12.313843	14.023142	15.714949	17.388481	19.043373	20.679674	22.297852	23.898788	25.483768	27.054470	28.612930	30.161552	31.703062	33.240509	34.777218	36.316795	37.863106	39.420223	40.992455	42.584267	44.200340	45.845436	47.524471	49.242424	51.004311	52.815140	54.679848	56.603237	58.589890	60.644058	62.769592	64.969772	67.247192	69.603607	72.039764	74.555275	77.148438	79.816124	82.553711	85.355003	88.212296	91.116379	94.056816	97.022095	
1.683830	3.365279	5.042021	6.711849	8.372723	10.022825	11.660592	13.284770	14.894423	16.488976	18.068216	19.632315	21.181816	22.717659	24.241146	25.753946	27.258101	28.755970	30.250269	31.744009	33.240505	34.743370	36.256462	37.783936	39.330143	40.899689	42.497372	44.128185	45.797287	47.509949	49.271549	51.087517	52.963261	54.904118	56.915245	59.001530	61.167469	63.416996	65.753357	68.178894	70.694870	73.301262	75.996536	78.777557	81.639351	84.575096	87.576065	90.631775	93.730103	96.857628	
1.589763	3.177540	4.761395	6.339494	7.910151	9.471867	11.023380	12.563684	14.092077	15.608158	17.111870	18.603485	20.083645	21.553326	23.013866	24.466957	25.914612	27.359207	28.803421	30.250267	31.703060	33.165417	34.641243	36.134735	37.650349	39.192814	40.767105	42.378445	44.032257	45.734165	47.489952	49.305511	51.186813	53.139801	55.170334	57.284031	59.486198	61.781601	64.174301	66.667435	69.262955	71.961426	74.761688	77.660660	80.653168	83.731720	86.886551	90.105621	93.374908	96.678673	
1.498033	2.994424	4.487574	5.975975	7.458245	8.933176	10.399755	11.857216	13.305043	14.743011	16.171188	17.589964	19.000044	20.402468	21.798605	23.190149	24.579144	25.967930	27.359207	28.755970	30.161549	31.579578	33.014008	34.469101	35.949417	37.459827	39.005497	40.591881	42.224720	43.910004	45.653969	47.463039	49.343796	51.302902	53.347008	55.482639	57.716045	60.053017	62.498657	65.057144	67.731415	70.522812	73.430817	76.452644	79.583000	82.813812	86.134171	89.530319	92.985947	96.482529	
1.408287	2.815229	4.219522	5.619937	7.015363	8.404834	9.787573	11.163003	12.530791	13.890856	15.243390	16.588873	17.928085	19.262115	20.592358	21.920532	23.248672	24.579142	25.914612	27.258099	28.612926	29.982763	31.371603	32.783772	34.223946	35.697136	37.208702	38.764362	40.370171	42.032516	43.758125	45.553993	47.427410	49.385818	51.436802	53.587906	55.846550	58.219746	60.713928	63.334579	66.085938	68.970528	71.988754	75.138428	78.414375	81.808052	85.307350	88.896576	92.556694	96.265823	
1.320216	2.639345	3.956333	5.270199	6.580058	7.885167	9.184937	10.478973	11.767089	13.049334	14.326006	15.597670	16.865166	18.129620	19.392464	20.655420	21.920532	23.190149	24.466955	25.753944	27.054466	28.372196	29.711172	31.075790	32.470825	33.901428	35.373177	36.892010	38.464333	40.096947	41.797081	43.572372	45.430840	47.380829	49.430950	51.589954	53.866581	56.269367	58.806335	61.484695	64.310341	67.287445	70.417770	73.700188	77.129974	80.698303	84.391907	88.192917	92.079094	96.024399	
1.233550	2.466234	3.697216	4.925723	6.151073	7.372702	8.590195	9.803303	11.011975	12.216368	13.416871	14.614114	15.808992	17.002665	18.196579	19.392464	20.592358	21.798605	23.013866	24.241142	25.483767	26.745436	28.030209	29.342545	30.687302	32.069771	33.495693	34.971287	36.503258	38.098831	39.765762	41.512344	43.347382	45.280190	47.320534	49.478500	51.764397	54.188515	56.760868	59.490749	62.386299	65.453835	68.697166	72.116760	75.708885	79.464851	83.370331	87.405060	91.543007	95.752975	
1.148055	2.295433	3.441483	4.585611	5.727304	6.866160	8.001900	9.134411	10.263742	11.390151	12.514092	13.636258	14.757573	15.879227	17.002666	18.129622	19.262115	20.402468	21.553326	22.717657	23.898787	25.100403	26.326580	27.581810	28.871017	30.199606	31.573483	32.999077	34.483418	36.034122	37.659473	39.368416	41.170589	43.076324	45.096619	47.243073	49.527740	51.963005	54.561192	57.334259	60.293125	63.447052	66.802643	70.362862	74.125763	78.083389	82.220703	86.514923	90.935486	95.444817	
1.063527	2.126536	3.188535	4.249080	5.307802	6.364428	7.418806	8.470918	9.520915	10.569116	11.616041	12.662416	13.709198	14.757574	15.808992	16.865166	17.928085	19.000044	20.083645	21.181816	22.297852	23.435408	24.598551	25.791780	27.020061	28.288870	29.604233	30.972790	32.401810	33.899311	35.474037	37.135597	38.894455	40.761978	42.750481	44.873177	47.144096	49.577942	52.189842	54.994904	58.007629	61.241074	64.705750	68.408241	72.349625	76.523682	80.915329	85.499283	90.239769	95.091110	
0.979790	1.959197	2.937858	3.915457	4.891743	5.866553	6.839830	7.811649	8.782221	9.751928	10.721326	11.691170	12.662416	13.636257	14.614115	15.597671	16.588875	17.589964	18.603485	19.632315	20.679674	21.749174	22.844839	23.971134	25.133030	26.336025	27.586239	28.890425	30.256092	31.691540	33.205982	34.809589	36.513634	38.330517	40.273880	42.358620	44.600891	47.018032	49.628330	52.450684	55.503990	58.806213	62.373138	66.216614	70.342407	74.747757	79.418701	84.327972	89.433731	94.680122	
0.896694	1.793115	2.689009	3.584163	4.478425	5.371716	6.264061	7.155596	8.046590	8.937458	9.828785	10.721326	11.616042	12.514092	13.416871	14.326008	15.243389	16.171188	17.111868	18.068218	19.043375	20.040861	21.064619	22.119053	23.209064	24.340155	25.518425	26.750719	28.044666	29.408810	30.852692	32.387005	34.023720	35.776203	37.659386	39.689865	41.886009	44.267963	46.857582	49.678143	52.753845	56.108864	59.765953	63.744400	68.057175	72.707489	77.684784	82.960930	88.487579	94.195908	
0.814110	1.628037	2.441614	3.254711	4.067251	4.879229	5.690723	6.501922	7.313126	8.124775	8.937458	9.751928	10.569116	11.390151	12.216369	13.049335	13.890858	14.743010	15.608158	16.488976	17.388481	18.310076	19.257574	20.235252	21.247929	22.300976	23.400467	24.553200	25.766853	27.050074	28.412640	29.865608	31.421516	33.094566	34.900841	36.858559	38.988266	41.313030	43.858505	46.652908	49.726631	53.111481	56.839272	60.939484	65.435822	70.341431	75.652954	81.344101	87.360229	93.616165	
0.731931	1.463748	2.195355	2.926686	3.657725	4.388514	5.119179	5.849932	6.581100	7.313126	8.046590	8.782221	9.520915	10.263744	11.011975	11.767088	12.530792	13.305044	14.092077	14.894424	15.714949	16.556887	17.423880	18.320038	19.249985	20.218948	21.232826	22.298307	23.422970	24.615444	25.885563	27.244581	28.705389	30.282797	31.993839	33.858124	35.898197	38.139950	40.612930	43.350609	46.390366	49.773056	53.541855	57.739941	62.406487	67.570541	73.242371	79.402977	85.993507	92.908768	
0.650064	1.300070	1.949971	2.599751	3.249435	3.899104	4.548905	5.199073	5.849932	6.501922	7.155595	7.811649	8.470919	9.134411	9.803305	10.478973	11.163004	11.857218	12.563686	13.284771	14.023142	14.781828	15.564250	16.374275	17.216293	18.095263	19.016842	19.987459	21.014473	22.106308	23.272675	24.524769	25.875587	27.340229	28.936325	30.684505	32.608940	34.737991	37.104858	39.748280	42.713043	46.050240	49.816711	54.073299	58.880836	64.292847	70.343811	77.032501	84.302483	92.025589	
0.568438	1.136856	1.705246	2.273626	2.842049	3.410616	3.979491	4.548905	5.119179	5.690723	6.264061	6.839830	7.418806	8.001902	8.590195	9.184937	9.787573	10.399756	11.023380	11.660593	12.313843	12.985900	13.679913	14.399450	15.148573	15.931908	16.754736	17.623119	18.544012	19.525471	20.576818	21.708944	22.934587	24.268749	25.729177	27.336969	29.117298	31.100317	33.322216	35.826443	38.665009	41.899693	45.602844	49.856945	54.751778	60.377121	66.808228	74.081299	82.158676	90.891312	
0.486990	0.973987	1.461007	1.948090	2.435303	2.922758	3.410616	3.899103	4.388515	4.879228	5.371716	5.866553	6.364428	6.866160	7.372702	7.885167	8.404835	8.933175	9.471868	10.022825	10.588227	11.170549	11.772611	12.397617	13.049234	13.731647	14.449664	15.208820	16.015528	16.877228	17.802639	18.801989	19.887390	21.073250	22.376833	23.818968	25.424934	27.225624	29.258995	31.571903	34.222340	37.282047	40.839256	45.000938	49.893135	55.656403	62.431316	70.326241	79.359940	89.381142	
0.405673	0.811368	1.217117	1.622967	2.028993	2.435303	2.842049	3.249435	3.657725	4.067251	4.478424	4.891743	5.307802	5.727304	6.151073	6.580058	7.015362	7.458245	7.910151	8.372725	8.847843	9.337646	9.844572	10.371408	10.921337	11.498023	12.105680	12.749193	13.434231	14.167441	14.956629	15.811049	16.741739	17.761967	18.887810	20.138927	21.539555	23.119865	24.917747	26.981236	29.371702	32.168087	35.472252	39.415359	44.164230	49.924744	56.934925	65.432831	75.573975	87.273460	
0.324449	0.648928	0.973470	1.298126	1.622967	1.948089	2.273626	2.599751	2.926687	3.254711	3.584163	3.915457	4.249080	4.585611	4.925723	5.270198	5.619937	5.975974	6.339495	6.711849	7.094583	7.489457	7.898485	8.323973	8.768564	9.235304	9.727716	10.249890	10.806608	11.403481	12.047163	12.745573	13.508234	14.346695	15.275083	16.310877	17.475927	18.797882	20.312164	22.064770	24.116234	26.547329	29.467197	33.024807	37.424377	42.943970	49.951283	58.896523	70.229904	84.138840	
0.243290	0.486608	0.729987	0.973470	1.217117	1.461007	1.705246	1.949971	2.195355	2.441614	2.689009	2.937858	3.188535	3.441483	3.697216	3.956333	4.219522	4.487574	4.761395	5.042021	5.330635	5.628590	5.937433	6.258940	6.595153	6.948427	7.321496	7.717544	8.140300	8.594172	9.084394	9.617237	10.200288	10.842803	11.556211	12.354776	13.256542	14.284657	15.469280	16.850397	18.482010	20.438599	22.825119	25.792923	29.565042	34.475937	41.030071	49.972351	62.310459	79.052094	
0.162173	0.324367	0.486608	0.648928	0.811368	0.973987	1.136856	1.300070	1.463748	1.628037	1.793115	1.959197	2.126536	2.295433	2.466234	2.639345	2.815230	2.994424	3.177540	3.365279	3.558442	3.757946	3.964842	4.180336	4.405818	4.642894	4.893432	5.159610	5.443993	5.749609	6.080077	6.439746	6.833896	7.269009	7.753132	8.296385	8.911676	9.615742	10.430675	11.386238	12.523478	13.900531	15.602297	17.757198	20.567352	24.365005	29.721008	37.652557	49.987633	69.759140	
0.081080	0.162173	0.243290	0.324449	0.405673	0.486990	0.568438	0.650064	0.731931	0.814110	0.896694	0.979790	1.063527	1.148055	1.233550	1.320216	1.408287	1.498033	1.589763	1.683830	1.780640	1.880655	1.984406	2.092503	2.205651	2.324662	2.450485	2.584228	2.727194	2.880929	3.047280	3.228474	3.427223	3.646866	3.891561	4.166564	4.478615	4.836508	5.251951	5.740880	6.325572	7.038151	7.926702	9.066544	10.582432	12.695973	15.836565	20.929382	30.228466	49.996895	
