25.000725	25.001446	25.002165	25.002874	25.003572	25.004257	25.004925	25.005575	25.006203	25.006809	25.007385	25.007938	25.008459	25.008949	25.009403	25.009823	25.010204	25.010548	25.010851	25.011112	25.011333	25.011511	25.011644	25.011734	25.011778	25.011778	25.011734	25.011644	25.011509	25.011333	25.011112	25.010851	25.010548	25.010204	25.009823	25.009403	25.008949	25.008457	25.007938	25.007387	25.006809	25.006203	25.005575	25.004925	25.004257	25.003574	25.002872	25.002167	25.001448	25.000725	
25.001446	25.002892	25.004322	25.005737	25.007133	25.008497	25.009834	25.011127	25.012384	25.013588	25.014748	25.015846	25.016888	25.017862	25.018772	25.019608	25.020370	25.021053	25.021664	25.022184	25.022625	25.022976	25.023243	25.023422	25.023514	25.023512	25.023422	25.023243	25.022978	25.022623	25.022186	25.021660	25.021055	25.020370	25.019608	25.018772	25.017864	25.016888	25.015846	25.014748	25.013590	25.012383	25.011127	25.009830	25.008495	25.007130	25.005737	25.004322	25.002892	25.001450	
25.002167	25.004322	25.006462	25.008579	25.010662	25.012707	25.014700	25.016640	25.018513	25.020323	25.022049	25.023697	25.025249	25.026711	25.028067	25.029320	25.030457	25.031483	25.032387	25.033173	25.033829	25.034357	25.034754	25.035023	25.035156	25.035154	25.035023	25.034756	25.034355	25.033833	25.033171	25.032391	25.031483	25.030460	25.029320	25.028069	25.026711	25.025249	25.023697	25.022049	25.020321	25.018515	25.016640	25.014698	25.012705	25.010662	25.008577	25.006462	25.004322	25.002167	
25.002872	25.005735	25.008579	25.011387	25.014154	25.016865	25.019512	25.022087	25.024578	25.026974	25.029270	25.031452	25.033518	25.035454	25.037258	25.038918	25.040432	25.041792	25.042995	25.044033	25.044905	25.045605	25.046135	25.046488	25.046665	25.046665	25.046490	25.046135	25.045609	25.044903	25.044037	25.042992	25.041794	25.040432	25.038918	25.037258	25.035454	25.033516	25.031452	25.029270	25.026974	25.024580	25.022087	25.019514	25.016865	25.014153	25.011389	25.008579	25.005737	25.002874	
25.003571	25.007130	25.010658	25.014153	25.017591	25.020962	25.024252	25.027451	25.030544	25.033527	25.036377	25.039093	25.041656	25.044065	25.046305	25.048370	25.050251	25.051945	25.053436	25.054728	25.055813	25.056683	25.057339	25.057777	25.057999	25.057999	25.057779	25.057343	25.056683	25.055815	25.054728	25.053436	25.051941	25.050255	25.048370	25.046305	25.044064	25.041656	25.039091	25.036377	25.033527	25.030546	25.027452	25.024250	25.020962	25.017591	25.014153	25.010662	25.007130	25.003572	
25.004257	25.008495	25.012705	25.016865	25.020962	25.024977	25.028900	25.032711	25.036400	25.039948	25.043348	25.046581	25.049641	25.052507	25.055178	25.057640	25.059879	25.061893	25.063677	25.065214	25.066505	25.067543	25.068329	25.068851	25.069113	25.069111	25.068850	25.068327	25.067547	25.066505	25.065216	25.063675	25.061897	25.059881	25.057640	25.055180	25.052509	25.049641	25.046581	25.043350	25.039949	25.036400	25.032713	25.028900	25.024979	25.020962	25.016865	25.012703	25.008497	25.004257	
25.004925	25.009830	25.014698	25.019512	25.024252	25.028900	25.033436	25.037846	25.042114	25.046221	25.050156	25.053898	25.057432	25.060753	25.063843	25.066689	25.069283	25.071615	25.073673	25.075455	25.076948	25.078148	25.079054	25.079660	25.079964	25.079964	25.079659	25.079056	25.078150	25.076950	25.075455	25.073675	25.071613	25.069284	25.066689	25.063843	25.060753	25.057434	25.053898	25.050154	25.046223	25.042114	25.037848	25.033438	25.028900	25.024254	25.019512	25.014700	25.009830	25.004925	
25.005573	25.011127	25.016640	25.022087	25.027452	25.032711	25.037849	25.042839	25.047668	25.052320	25.056770	25.061005	25.065010	25.068768	25.072264	25.075485	25.078423	25.081060	25.083393	25.085407	25.087097	25.088457	25.089481	25.090168	25.090511	25.090511	25.090168	25.089481	25.088459	25.087099	25.085407	25.083393	25.081062	25.078423	25.075489	25.072262	25.068768	25.065010	25.061005	25.056772	25.052319	25.047670	25.042839	25.037849	25.032711	25.027451	25.022087	25.016640	25.011127	25.005573	
25.006203	25.012383	25.018517	25.024578	25.030546	25.036400	25.042114	25.047668	25.053047	25.058220	25.063171	25.067884	25.072340	25.076519	25.080414	25.083996	25.087265	25.090200	25.092793	25.095039	25.096916	25.098431	25.099571	25.100334	25.100716	25.100716	25.100334	25.099571	25.098434	25.096916	25.095036	25.092796	25.090199	25.087267	25.083996	25.080412	25.076519	25.072338	25.067884	25.063169	25.058220	25.053045	25.047672	25.042114	25.036400	25.030544	25.024578	25.018515	25.012383	25.006203	
25.006807	25.013588	25.020321	25.026974	25.033527	25.039949	25.046223	25.052322	25.058218	25.063898	25.069332	25.074505	25.079395	25.083984	25.088253	25.092190	25.095776	25.098999	25.101845	25.104305	25.106371	25.108030	25.109283	25.110119	25.110538	25.110540	25.110123	25.109283	25.108032	25.106373	25.104305	25.101845	25.098999	25.095776	25.092190	25.088255	25.083984	25.079395	25.074505	25.069332	25.063896	25.058220	25.052319	25.046223	25.039948	25.033527	25.026974	25.020323	25.013590	25.006809	
25.007385	25.014748	25.022049	25.029270	25.036377	25.043350	25.050156	25.056770	25.063173	25.069330	25.075230	25.080841	25.086149	25.091127	25.095762	25.100031	25.103924	25.107418	25.110510	25.113178	25.115417	25.117222	25.118578	25.119488	25.119942	25.119942	25.119488	25.118582	25.117222	25.115419	25.113178	25.110508	25.107418	25.103924	25.100033	25.095762	25.091127	25.086147	25.080843	25.075230	25.069332	25.063169	25.056770	25.050156	25.043348	25.036377	25.029270	25.022049	25.014748	25.007387	
25.007938	25.015846	25.023693	25.031452	25.039091	25.046581	25.053898	25.061008	25.067883	25.074505	25.080841	25.086874	25.092575	25.097927	25.102905	25.107494	25.111675	25.115435	25.118755	25.121624	25.124031	25.125965	25.127426	25.128403	25.128891	25.128891	25.128403	25.127426	25.125969	25.124031	25.121624	25.118753	25.115437	25.111675	25.107496	25.102905	25.097927	25.092575	25.086876	25.080843	25.074505	25.067886	25.061005	25.053898	25.046581	25.039093	25.031452	25.023695	25.015846	25.007938	
25.008461	25.016888	25.025249	25.033516	25.041656	25.049641	25.057432	25.065010	25.072340	25.079395	25.086149	25.092575	25.098652	25.104355	25.109661	25.114550	25.119007	25.123009	25.126549	25.129606	25.132172	25.134235	25.135788	25.136829	25.137350	25.137352	25.136829	25.135792	25.134235	25.132172	25.129604	25.126549	25.123009	25.119005	25.114552	25.109661	25.104355	25.098652	25.092577	25.086149	25.079395	25.072340	25.065010	25.057434	25.049643	25.041656	25.033518	25.025249	25.016888	25.008459	
25.008949	25.017864	25.026709	25.035454	25.044067	25.052507	25.060753	25.068768	25.076521	25.083984	25.091129	25.097927	25.104353	25.110386	25.115997	25.121172	25.125885	25.130121	25.133862	25.137096	25.139809	25.141994	25.143637	25.144737	25.145290	25.145288	25.144739	25.143639	25.141994	25.139809	25.137096	25.133862	25.130119	25.125885	25.121172	25.115997	25.110386	25.104355	25.097929	25.091129	25.083984	25.076523	25.068768	25.060757	25.052509	25.044067	25.035454	25.026711	25.017860	25.008949	
25.009403	25.018770	25.028069	25.037258	25.046305	25.055180	25.063843	25.072266	25.080414	25.088253	25.095760	25.102905	25.109659	25.115997	25.121899	25.127331	25.132286	25.136736	25.140669	25.144066	25.146919	25.149212	25.150944	25.152100	25.152676	25.152678	25.152096	25.150944	25.149212	25.146919	25.144066	25.140667	25.136736	25.132286	25.127331	25.121897	25.115999	25.109661	25.102909	25.095764	25.088255	25.080414	25.072266	25.063843	25.055180	25.046307	25.037258	25.028067	25.018772	25.009403	
25.009821	25.019611	25.029320	25.038918	25.048370	25.057640	25.066689	25.075485	25.083996	25.092188	25.100033	25.107494	25.114550	25.121170	25.127331	25.133013	25.138184	25.142834	25.146942	25.150492	25.153469	25.155869	25.157673	25.158878	25.159485	25.159485	25.158882	25.157673	25.155869	25.153469	25.150490	25.146938	25.142834	25.138184	25.133011	25.127331	25.121172	25.114552	25.107494	25.100033	25.092192	25.083998	25.075487	25.066692	25.057638	25.048372	25.038918	25.029320	25.019608	25.009823	
25.010208	25.020370	25.030460	25.040432	25.050251	25.059881	25.069283	25.078423	25.087263	25.095774	25.103924	25.111675	25.119005	25.125885	25.132286	25.138184	25.143559	25.148390	25.152657	25.156345	25.159441	25.161930	25.163807	25.165058	25.165688	25.165689	25.165060	25.163807	25.161930	25.159439	25.156342	25.152657	25.148388	25.143559	25.138184	25.132284	25.125885	25.119007	25.111675	25.103924	25.095776	25.087265	25.078423	25.069283	25.059883	25.050249	25.040436	25.030457	25.020370	25.010204	
25.010548	25.021059	25.031483	25.041792	25.051943	25.061893	25.071613	25.081059	25.090199	25.098995	25.107420	25.115433	25.123009	25.130119	25.136736	25.142834	25.148388	25.153381	25.157791	25.161606	25.164803	25.167377	25.169315	25.170616	25.171261	25.171263	25.170614	25.169315	25.167377	25.164803	25.161606	25.157791	25.153381	25.148388	25.142834	25.136738	25.130119	25.123011	25.115433	25.107420	25.098997	25.090202	25.081062	25.071613	25.061895	25.051945	25.041790	25.031485	25.021055	25.010548	
25.010853	25.021664	25.032391	25.042995	25.053436	25.063677	25.073673	25.083393	25.092793	25.101845	25.110508	25.118752	25.126547	25.133862	25.140667	25.146940	25.152657	25.157791	25.162331	25.166248	25.169544	25.172190	25.174187	25.175518	25.176189	25.176189	25.175522	25.174185	25.172192	25.169544	25.166250	25.162331	25.157791	25.152657	25.146938	25.140669	25.133862	25.126545	25.118752	25.110508	25.101845	25.092794	25.083393	25.073673	25.063679	25.053436	25.042995	25.032387	25.021662	25.010849	
25.011112	25.022186	25.033173	25.044033	25.054729	25.065212	25.075455	25.085405	25.095036	25.104301	25.113178	25.121620	25.129604	25.137096	25.144066	25.150492	25.156343	25.161606	25.166252	25.170269	25.173637	25.176352	25.178394	25.179764	25.180443	25.180447	25.179760	25.178394	25.176353	25.173639	25.170269	25.166252	25.161604	25.156342	25.150490	25.144066	25.137096	25.129604	25.121620	25.113178	25.104303	25.095037	25.085407	25.075455	25.065214	25.054729	25.044033	25.033173	25.022182	25.011114	
25.011333	25.022625	25.033827	25.044905	25.055809	25.066505	25.076946	25.087097	25.096916	25.106369	25.115417	25.124029	25.132170	25.139809	25.146919	25.153469	25.159439	25.164803	25.169544	25.173637	25.177076	25.179842	25.181927	25.183319	25.184021	25.184017	25.183321	25.181927	25.179842	25.177080	25.173641	25.169544	25.164803	25.159439	25.153469	25.146919	25.139809	25.132168	25.124029	25.115417	25.106369	25.096916	25.087099	25.076946	25.066505	25.055811	25.044907	25.033829	25.022625	25.011333	
25.011509	25.022976	25.034357	25.045605	25.056683	25.067543	25.078148	25.088457	25.098433	25.108032	25.117222	25.125965	25.134235	25.141994	25.149212	25.155869	25.161928	25.167377	25.172188	25.176352	25.179840	25.182652	25.184769	25.186184	25.186890	25.186893	25.186182	25.184769	25.182653	25.179844	25.176353	25.172192	25.167379	25.161930	25.155867	25.149212	25.141991	25.134233	25.125965	25.117222	25.108028	25.098431	25.088455	25.078150	25.067543	25.056684	25.045607	25.034359	25.022976	25.011511	
25.011642	25.023243	25.034754	25.046135	25.057339	25.068329	25.079054	25.089483	25.099571	25.109283	25.118580	25.127426	25.135790	25.143639	25.150944	25.157673	25.163807	25.169315	25.174187	25.178394	25.181927	25.184767	25.186909	25.188339	25.189058	25.189054	25.188341	25.186909	25.184769	25.181927	25.178394	25.174187	25.169317	25.163807	25.157673	25.150940	25.143639	25.135788	25.127426	25.118578	25.109283	25.099571	25.089481	25.079052	25.068327	25.057339	25.046135	25.034756	25.023245	25.011642	
25.011734	25.023422	25.035021	25.046486	25.057781	25.068850	25.079660	25.090168	25.100334	25.110119	25.119488	25.128399	25.136829	25.144739	25.152096	25.158882	25.165058	25.170616	25.175518	25.179762	25.183319	25.186184	25.188339	25.189785	25.190504	25.190506	25.189783	25.188341	25.186184	25.183319	25.179762	25.175520	25.170616	25.165062	25.158882	25.152098	25.144737	25.136829	25.128401	25.119488	25.110119	25.100334	25.090168	25.079659	25.068848	25.057779	25.046488	25.035023	25.023420	25.011734	
25.011778	25.023510	25.035154	25.046665	25.057999	25.069113	25.079964	25.090511	25.100716	25.110538	25.119942	25.128891	25.137352	25.145290	25.152676	25.159485	25.165688	25.171263	25.176189	25.180447	25.184019	25.186892	25.189056	25.190506	25.191231	25.191231	25.190506	25.189058	25.186893	25.184017	25.180447	25.176191	25.171265	25.165689	25.159487	25.152676	25.145288	25.137350	25.128891	25.119942	25.110538	25.100716	25.090511	25.079964	25.069111	25.057999	25.046665	25.035156	25.023510	25.011776	
25.011778	25.023510	25.035154	25.046665	25.057999	25.069113	25.079964	25.090511	25.100716	25.110538	25.119942	25.128891	25.137352	25.145290	25.152676	25.159485	25.165688	25.171263	25.176189	25.180447	25.184019	25.186892	25.189056	25.190506	25.191231	25.191231	25.190506	25.189058	25.186893	25.184017	25.180447	25.176191	25.171265	25.165689	25.159487	25.152676	25.145288	25.137350	25.128891	25.119942	25.110538	25.100716	25.090511	25.079964	25.069111	25.057999	25.046665	25.035156	25.023510	25.011776	
25.011734	25.023422	25.035021	25.046486	25.057781	25.068850	25.079660	25.090168	25.100334	25.110119	25.119488	25.128399	25.136829	25.144739	25.152096	25.158882	25.165058	25.170616	25.175518	25.179762	25.183319	25.186184	25.188339	25.189785	25.190504	25.190506	25.189783	25.188341	25.186184	25.183319	25.179762	25.175520	25.170616	25.165062	25.158882	25.152098	25.144737	25.136829	25.128401	25.119488	25.110119	25.100334	25.090168	25.079659	25.068848	25.057779	25.046488	25.035023	25.023420	25.011734	
25.011642	25.023243	25.034754	25.046135	25.057339	25.068329	25.079054	25.089483	25.099571	25.109283	25.118580	25.127426	25.135790	25.143639	25.150944	25.157673	25.163807	25.169315	25.174187	25.178394	25.181927	25.184767	25.186909	25.188339	25.189058	25.189054	25.188341	25.186909	25.184769	25.181927	25.178394	25.174187	25.169317	25.163807	25.157673	25.150940	25.143639	25.135788	25.127426	25.118578	25.109283	25.099571	25.089481	25.079052	25.068327	25.057339	25.046135	25.034756	25.023245	25.011642	
25.011509	25.022976	25.034357	25.045605	25.056683	25.067543	25.078148	25.088457	25.098433	25.108032	25.117222	25.125965	25.134235	25.141994	25.149212	25.155869	25.161928	25.167377	25.172188	25.176352	25.179840	25.182652	25.184769	25.186184	25.186890	25.186893	25.186182	25.184769	25.182653	25.179844	25.176353	25.172192	25.167379	25.161930	25.155867	25.149212	25.141991	25.134233	25.125965	25.117222	25.108028	25.098431	25.088455	25.078150	25.067543	25.056684	25.045607	25.034359	25.022976	25.011511	
25.011333	25.022625	25.033827	25.044905	25.055809	25.066505	25.076946	25.087097	25.096916	25.106369	25.115417	25.124029	25.132170	25.139809	25.146919	25.153469	25.159439	25.164803	25.169544	25.173637	25.177076	25.179842	25.181927	25.183319	25.184021	25.184017	25.183321	25.181927	25.179842	25.177080	25.173641	25.169544	25.164803	25.159439	25.153469	25.146919	25.139809	25.132168	25.124029	25.115417	25.106369	25.096916	25.087099	25.076946	25.066505	25.055811	25.044907	25.033829	25.022625	25.011333	
25.011112	25.022186	25.033173	25.044033	25.054729	25.065212	25.075455	25.085405	25.095036	25.104301	25.113178	25.121620	25.129604	25.137096	25.144066	25.150492	25.156343	25.161606	25.166252	25.170269	25.173637	25.176352	25.178394	25.179764	25.180443	25.180447	25.179760	25.178394	25.176353	25.173639	25.170269	25.166252	25.161604	25.156342	25.150490	25.144066	25.137096	25.129604	25.121620	25.113178	25.104303	25.095037	25.085407	25.075455	25.065214	25.054729	25.044033	25.033173	25.022182	25.011114	
25.010853	25.021664	25.032391	25.042995	25.053436	25.063677	25.073673	25.083393	25.092793	25.101845	25.110508	25.118752	25.126547	25.133862	25.140667	25.146940	25.152657	25.157791	25.162331	25.166248	25.169544	25.172190	25.174187	25.175518	25.176189	25.176189	25.175522	25.174185	25.172192	25.169544	25.166250	25.162331	25.157791	25.152657	25.146938	25.140669	25.133862	25.126545	25.118752	25.110508	25.101845	25.092794	25.083393	25.073673	25.063679	25.053436	25.042995	25.032387	25.021662	25.010849	
25.010548	25.021059	25.031483	25.041792	25.051943	25.061893	25.071613	25.081059	25.090199	25.098995	25.107420	25.115433	25.123009	25.130119	25.136736	25.142834	25.148388	25.153381	25.157791	25.161606	25.164803	25.167377	25.169315	25.170616	25.171261	25.171263	25.170614	25.169315	25.167377	25.164803	25.161606	25.157791	25.153381	25.148388	25.142834	25.136738	25.130119	25.123011	25.115433	25.107420	25.098997	25.090202	25.081062	25.071613	25.061895	25.051945	25.041790	25.031485	25.021055	25.010548	
25.010208	25.020370	25.030460	25.040432	25.050251	25.059881	25.069283	25.078423	25.087263	25.095774	25.103924	25.111675	25.119005	25.125885	25.132286	25.138184	25.143559	25.148390	25.152657	25.156345	25.159441	25.161930	25.163807	25.165058	25.165688	25.165689	25.165060	25.163807	25.161930	25.159439	25.156342	25.152657	25.148388	25.143559	25.138184	25.132284	25.125885	25.119007	25.111675	25.103924	25.095776	25.087265	25.078423	25.069283	25.059883	25.050249	25.040436	25.030457	25.020370	25.010204	
25.009821	25.019611	25.029320	25.038918	25.048370	25.057640	25.066689	25.075485	25.083996	25.092188	25.100033	25.107494	25.114550	25.121170	25.127331	25.133013	25.138184	25.142834	25.146942	25.150492	25.153469	25.155869	25.157673	25.158878	25.159485	25.159485	25.158882	25.157673	25.155869	25.153469	25.150490	25.146938	25.142834	25.138184	25.133011	25.127331	25.121172	25.114552	25.107494	25.100033	25.092192	25.083998	25.075487	25.066692	25.057638	25.048372	25.038918	25.029320	25.019608	25.009823	
25.009403	25.018770	25.028069	25.037258	25.046305	25.055180	25.063843	25.072266	25.080414	25.088253	25.095760	25.102905	25.109659	25.115997	25.121899	25.127331	25.132286	25.136736	25.140669	25.144066	25.146919	25.149212	25.150944	25.152100	25.152676	25.152678	25.152096	25.150944	25.149212	25.146919	25.144066	25.140667	25.136736	25.132286	25.127331	25.121897	25.115999	25.109661	25.102909	25.095764	25.088255	25.080414	25.072266	25.063843	25.055180	25.046307	25.037258	25.028067	25.018772	25.009403	
25.008949	25.017864	25.026709	25.035454	25.044067	25.052507	25.060753	25.068768	25.076521	25.083984	25.091129	25.097927	25.104353	25.110386	25.115997	25.121172	25.125885	25.130121	25.133862	25.137096	25.139809	25.141994	25.143637	25.144737	25.145290	25.145288	25.144739	25.143639	25.141994	25.139809	25.137096	25.133862	25.130119	25.125885	25.121172	25.115997	25.110386	25.104355	25.097929	25.091129	25.083984	25.076523	25.068768	25.060757	25.052509	25.044067	25.035454	25.026711	25.017860	25.008949	
25.008461	25.016888	25.025249	25.033516	25.041656	25.049641	25.057432	25.065010	25.072340	25.079395	25.086149	25.092575	25.098652	25.104355	25.109661	25.114550	25.119007	25.123009	25.126549	25.129606	25.132172	25.134235	25.135788	25.136829	25.137350	25.137352	25.136829	25.135792	25.134235	25.132172	25.129604	25.126549	25.123009	25.119005	25.114552	25.109661	25.104355	25.098652	25.092577	25.086149	25.079395	25.072340	25.065010	25.057434	25.049643	25.041656	25.033518	25.025249	25.016888	25.008459	
25.007938	25.015846	25.023693	25.031452	25.039091	25.046581	25.053898	25.061008	25.067883	25.074505	25.080841	25.086874	25.092575	25.097927	25.102905	25.107494	25.111675	25.115435	25.118755	25.121624	25.124031	25.125965	25.127426	25.128403	25.128891	25.128891	25.128403	25.127426	25.125969	25.124031	25.121624	25.118753	25.115437	25.111675	25.107496	25.102905	25.097927	25.092575	25.086876	25.080843	25.074505	25.067886	25.061005	25.053898	25.046581	25.039093	25.031452	25.023695	25.015846	25.007938	
25.007385	25.014748	25.022049	25.029270	25.036377	25.043350	25.050156	25.056770	25.063173	25.069330	25.075230	25.080841	25.086149	25.091127	25.095762	25.100031	25.103924	25.107418	25.110510	25.113178	25.115417	25.117222	25.118578	25.119488	25.119942	25.119942	25.119488	25.118582	25.117222	25.115419	25.113178	25.110508	25.107418	25.103924	25.100033	25.095762	25.091127	25.086147	25.080843	25.075230	25.069332	25.063169	25.056770	25.050156	25.043348	25.036377	25.029270	25.022049	25.014748	25.007387	
25.006807	25.013588	25.020321	25.026974	25.033527	25.039949	25.046223	25.052322	25.058218	25.063898	25.069332	25.074505	25.079395	25.083984	25.088253	25.092190	25.095776	25.098999	25.101845	25.104305	25.106371	25.108030	25.109283	25.110119	25.110538	25.110540	25.110123	25.109283	25.108032	25.106373	25.104305	25.101845	25.098999	25.095776	25.092190	25.088255	25.083984	25.079395	25.074505	25.069332	25.063896	25.058220	25.052319	25.046223	25.039948	25.033527	25.026974	25.020323	25.013590	25.006809	
25.006203	25.012383	25.018517	25.024578	25.030546	25.036400	25.042114	25.047668	25.053047	25.058220	25.063171	25.067884	25.072340	25.076519	25.080414	25.083996	25.087265	25.090200	25.092793	25.095039	25.096916	25.098431	25.099571	25.100334	25.100716	25.100716	25.100334	25.099571	25.098434	25.096916	25.095036	25.092796	25.090199	25.087267	25.083996	25.080412	25.076519	25.072338	25.067884	25.063169	25.058220	25.053045	25.047672	25.042114	25.036400	25.030544	25.024578	25.018515	25.012383	25.006203	
25.005573	25.011127	25.016640	25.022087	25.027452	25.032711	25.037849	25.042839	25.047668	25.052320	25.056770	25.061005	25.065010	25.068768	25.072264	25.075485	25.078423	25.081060	25.083393	25.085407	25.087097	25.088457	25.089481	25.090168	25.090511	25.090511	25.090168	25.089481	25.088459	25.087099	25.085407	25.083393	25.081062	25.078423	25.075489	25.072262	25.068768	25.065010	25.061005	25.056772	25.052319	25.047670	25.042839	25.037849	25.032711	25.027451	25.022087	25.016640	25.011127	25.005573	
25.004925	25.009830	25.014698	25.019512	25.024252	25.028900	25.033436	25.037846	25.042114	25.046221	25.050156	25.053898	25.057432	25.060753	25.063843	25.066689	25.069283	25.071615	25.073673	25.075455	25.076948	25.078148	25.079054	25.079660	25.079964	25.079964	25.079659	25.079056	25.078150	25.076950	25.075455	25.073675	25.071613	25.069284	25.066689	25.063843	25.060753	25.057434	25.053898	25.050154	25.046223	25.042114	25.037848	25.033438	25.028900	25.024254	25.019512	25.014700	25.009830	25.004925	
25.004257	25.008495	25.012705	25.016865	25.020962	25.024977	25.028900	25.032711	25.036400	25.039948	25.043348	25.046581	25.049641	25.052507	25.055178	25.057640	25.059879	25.061893	25.063677	25.065214	25.066505	25.067543	25.068329	25.068851	25.069113	25.069111	25.068850	25.068327	25.067547	25.066505	25.065216	25.063675	25.061897	25.059881	25.057640	25.055180	25.052509	25.049641	25.046581	25.043350	25.039949	25.036400	25.032713	25.028900	25.024979	25.020962	25.016865	25.012703	25.008497	25.004257	
25.003571	25.007130	25.010658	25.014153	25.017591	25.020962	25.024252	25.027451	25.030544	25.033527	25.036377	25.039093	25.041656	25.044065	25.046305	25.048370	25.050251	25.051945	25.053436	25.054728	25.055813	25.056683	25.057339	25.057777	25.057999	25.057999	25.057779	25.057343	25.056683	25.055815	25.054728	25.053436	25.051941	25.050255	25.048370	25.046305	25.044064	25.041656	25.039091	25.036377	25.033527	25.030546	25.027452	25.024250	25.020962	25.017591	25.014153	25.010662	25.007130	25.003572	
25.002872	25.005735	25.008579	25.011387	25.014154	25.016865	25.019512	25.022087	25.024578	25.026974	25.029270	25.031452	25.033518	25.035454	25.037258	25.038918	25.040432	25.041792	25.042995	25.044033	25.044905	25.045605	25.046135	25.046488	25.046665	25.046665	25.046490	25.046135	25.045609	25.044903	25.044037	25.042992	25.041794	25.040432	25.038918	25.037258	25.035454	25.033516	25.031452	25.029270	25.026974	25.024580	25.022087	25.019514	25.016865	25.014153	25.011389	25.008579	25.005737	25.002874	
25.002167	25.004322	25.006462	25.008579	25.010662	25.012707	25.014700	25.016640	25.018513	25.020323	25.022049	25.023697	25.025249	25.026711	25.028067	25.029320	25.030457	25.031483	25.032387	25.033173	25.033829	25.034357	25.034754	25.035023	25.035156	25.035154	25.035023	25.034756	25.034355	25.033833	25.033171	25.032391	25.031483	25.030460	25.029320	25.028069	25.026711	25.025249	25.023697	25.022049	25.020321	25.018515	25.016640	25.014698	25.012705	25.010662	25.008577	25.006462	25.004322	25.002167	
25.001446	25.002892	25.004322	25.005737	25.007133	25.008497	25.009834	25.011127	25.012384	25.013588	25.014748	25.015846	25.016888	25.017862	25.018772	25.019608	25.020370	25.021053	25.021664	25.022184	25.022625	25.022976	25.023243	25.023422	25.023514	25.023512	25.023422	25.023243	25.022978	25.022623	25.022186	25.021660	25.021055	25.020370	25.019608	25.018772	25.017864	25.016888	25.015846	25.014748	25.013590	25.012383	25.011127	25.009830	25.008495	25.007130	25.005737	25.004322	25.002892	25.001450	
25.000725	25.001446	25.002165	25.002874	25.003572	25.004257	25.004925	25.005575	25.006203	25.006809	25.007385	25.007938	25.008459	25.008949	25.009403	25.009823	25.010204	25.010548	25.010851	25.011112	25.011333	25.011511	25.011644	25.011734	25.011778	25.011778	25.011734	25.011644	25.011509	25.011333	25.011112	25.010851	25.010548	25.010204	25.009823	25.009403	25.008949	25.008457	25.007938	25.007387	25.006809	25.006203	25.005575	25.004925	25.004257	25.003574	25.002872	25.002167	25.001448	25.000725	
