25.002193	25.004379	25.006550	25.008694	25.010803	25.012875	25.014894	25.016861	25.018761	25.020592	25.022343	25.024010	25.025585	25.027061	25.028442	25.029707	25.030865	25.031902	25.032822	25.033615	25.034281	25.034815	25.035217	25.035488	25.035624	25.035625	25.035488	25.035219	25.034817	25.034279	25.033615	25.032822	25.031904	25.030865	25.029709	25.028440	25.027065	25.025585	25.024010	25.022343	25.020592	25.018761	25.016861	25.014893	25.012875	25.010803	25.008692	25.006548	25.004379	25.002193	
25.004379	25.008739	25.013073	25.017353	25.021566	25.025700	25.029734	25.033655	25.037453	25.041103	25.044601	25.047928	25.051075	25.054028	25.056770	25.059307	25.061611	25.063686	25.065519	25.067101	25.068428	25.069500	25.070303	25.070843	25.071114	25.071112	25.070843	25.070301	25.069500	25.068428	25.067102	25.065517	25.063686	25.061615	25.059307	25.056774	25.054026	25.051075	25.047928	25.044601	25.041103	25.037453	25.033653	25.029734	25.025698	25.021564	25.017349	25.013073	25.008741	25.004379	
25.006546	25.013073	25.019545	25.025948	25.032249	25.038425	25.044460	25.050325	25.055998	25.061462	25.066689	25.071665	25.076366	25.080784	25.084890	25.088676	25.092129	25.095228	25.097967	25.100334	25.102322	25.103918	25.105122	25.105927	25.106331	25.106331	25.105927	25.105122	25.103918	25.102322	25.100334	25.097967	25.095226	25.092127	25.088676	25.084892	25.080784	25.076368	25.071667	25.066689	25.061460	25.055996	25.050323	25.044458	25.038425	25.032246	25.025946	25.019543	25.013073	25.006548	
25.008694	25.017351	25.025946	25.034441	25.042805	25.051008	25.059017	25.066803	25.074333	25.081583	25.088524	25.095127	25.101376	25.107235	25.112686	25.117714	25.122292	25.126408	25.130043	25.133186	25.135822	25.137945	25.139542	25.140614	25.141148	25.141148	25.140612	25.139542	25.137943	25.135822	25.133186	25.130043	25.126408	25.122292	25.117714	25.112688	25.107235	25.101376	25.095129	25.088524	25.081585	25.074333	25.066799	25.059017	25.051006	25.042807	25.034439	25.025948	25.017353	25.008692	
25.010803	25.021568	25.032246	25.042805	25.053202	25.063396	25.073349	25.083025	25.092388	25.101398	25.110023	25.118235	25.125996	25.133278	25.140057	25.146301	25.151993	25.157108	25.161627	25.165531	25.168810	25.171448	25.173433	25.174761	25.175430	25.175426	25.174761	25.173431	25.171444	25.168808	25.165531	25.161625	25.157108	25.151993	25.146301	25.140057	25.133278	25.125996	25.118233	25.110025	25.101398	25.092388	25.083027	25.073349	25.063396	25.053200	25.042807	25.032246	25.021564	25.010803	
25.012875	25.025700	25.038425	25.051008	25.063396	25.075542	25.087404	25.098934	25.110088	25.120827	25.131107	25.140888	25.150139	25.158817	25.166893	25.174335	25.181118	25.187214	25.192596	25.197250	25.201159	25.204300	25.206669	25.208250	25.209042	25.209042	25.208250	25.206665	25.204300	25.201155	25.197250	25.192596	25.187210	25.181118	25.174335	25.166893	25.158817	25.150139	25.140892	25.131107	25.120829	25.110092	25.098936	25.087406	25.075542	25.063396	25.051006	25.038427	25.025696	25.012873	
25.014896	25.029734	25.044460	25.059015	25.073349	25.087402	25.101128	25.114468	25.127373	25.139797	25.151691	25.163012	25.173710	25.183754	25.193098	25.201710	25.209555	25.216606	25.222839	25.228222	25.232740	25.236378	25.239117	25.240948	25.241867	25.241867	25.240948	25.239117	25.236374	25.232742	25.228220	25.222837	25.216608	25.209553	25.201710	25.193098	25.183752	25.173714	25.163010	25.151695	25.139799	25.127377	25.114471	25.101128	25.087404	25.073349	25.059015	25.044456	25.029732	25.014894	
25.016861	25.033657	25.050323	25.066801	25.083023	25.098934	25.114468	25.129570	25.144176	25.158237	25.171703	25.184513	25.196625	25.207993	25.218571	25.228317	25.237198	25.245182	25.252232	25.258327	25.263443	25.267557	25.270657	25.272732	25.273769	25.273769	25.272732	25.270658	25.267559	25.263441	25.258327	25.252232	25.245180	25.237200	25.228315	25.218567	25.207993	25.196625	25.184517	25.171703	25.158245	25.144178	25.129570	25.114468	25.098934	25.083023	25.066799	25.050323	25.033655	25.016859	
25.018761	25.037449	25.055998	25.074331	25.092386	25.110088	25.127377	25.144176	25.160433	25.176083	25.191059	25.205317	25.218796	25.231443	25.243212	25.254059	25.263943	25.272823	25.280670	25.287453	25.293144	25.297722	25.301174	25.303480	25.304636	25.304638	25.303482	25.301172	25.297724	25.293144	25.287453	25.280670	25.272823	25.263941	25.254059	25.243212	25.231441	25.218798	25.205318	25.191065	25.176083	25.160437	25.144178	25.127377	25.110088	25.092388	25.074333	25.055998	25.037449	25.018761	
25.020592	25.041103	25.061457	25.081581	25.101395	25.120827	25.139797	25.158239	25.176079	25.193253	25.209696	25.225344	25.240135	25.254015	25.266932	25.278839	25.289684	25.299435	25.308044	25.315487	25.321735	25.326761	25.330545	25.333080	25.334349	25.334351	25.333080	25.330549	25.326759	25.321735	25.315489	25.308044	25.299435	25.289684	25.278837	25.266933	25.254017	25.240135	25.225346	25.209698	25.193256	25.176081	25.158241	25.139797	25.120827	25.101395	25.081583	25.061459	25.041103	25.020590	
25.022343	25.044598	25.066689	25.088520	25.110022	25.131104	25.151691	25.171700	25.191059	25.209696	25.227535	25.244511	25.260561	25.275623	25.289639	25.302559	25.314329	25.324903	25.334251	25.342327	25.349106	25.354557	25.358669	25.361412	25.362793	25.362793	25.361418	25.358667	25.354561	25.349106	25.342327	25.334251	25.324905	25.314327	25.302559	25.289642	25.275623	25.260565	25.244514	25.227535	25.209694	25.191063	25.171700	25.151691	25.131104	25.110023	25.088524	25.066689	25.044601	25.022343	
25.024010	25.047928	25.071661	25.095127	25.118229	25.140884	25.163008	25.184511	25.205315	25.225342	25.244511	25.262754	25.280003	25.296188	25.311249	25.325134	25.337776	25.349148	25.359188	25.367870	25.375149	25.381014	25.385426	25.388382	25.389858	25.389862	25.388380	25.385429	25.381012	25.375153	25.367868	25.359188	25.349148	25.337780	25.325134	25.311251	25.296188	25.280003	25.262756	25.244511	25.225342	25.205313	25.184515	25.163006	25.140888	25.118229	25.095129	25.071663	25.047928	25.024010	
25.025585	25.051071	25.076366	25.101370	25.125992	25.150131	25.173706	25.196621	25.218792	25.240131	25.260561	25.280003	25.298378	25.315628	25.331678	25.346470	25.359951	25.372061	25.382767	25.392014	25.399776	25.406017	25.410725	25.413870	25.415451	25.415447	25.413874	25.410725	25.406021	25.399776	25.392014	25.382765	25.372063	25.359951	25.346470	25.331682	25.315628	25.298382	25.280003	25.260563	25.240131	25.218794	25.196619	25.173710	25.150133	25.125992	25.101372	25.076368	25.051075	25.025585	
25.027065	25.054024	25.080780	25.107231	25.133272	25.158812	25.183746	25.207985	25.231438	25.254011	25.275620	25.296185	25.315628	25.333870	25.350849	25.366499	25.380753	25.393570	25.404886	25.414673	25.422880	25.429489	25.434464	25.437794	25.439461	25.439465	25.437794	25.434467	25.429489	25.422882	25.414673	25.404888	25.393570	25.380754	25.366501	25.350849	25.333874	25.315628	25.296186	25.275621	25.254013	25.231436	25.207989	25.183746	25.158813	25.133274	25.107231	25.080782	25.054024	25.027065	
25.028439	25.056770	25.084888	25.112682	25.140049	25.166887	25.193092	25.218563	25.243206	25.266926	25.289637	25.311245	25.331676	25.350849	25.368690	25.385132	25.400116	25.413578	25.425476	25.435757	25.444387	25.451328	25.456558	25.460054	25.461811	25.461807	25.460058	25.456558	25.451328	25.444389	25.435759	25.425478	25.413582	25.400118	25.385134	25.368690	25.350849	25.331680	25.311249	25.289637	25.266928	25.243206	25.218563	25.193092	25.166885	25.140049	25.112682	25.084887	25.056772	25.028439	
25.029709	25.059303	25.088673	25.117706	25.146296	25.174328	25.201702	25.228310	25.254051	25.278831	25.302551	25.325127	25.346466	25.366493	25.385132	25.402309	25.417957	25.432026	25.444448	25.455193	25.464203	25.471458	25.476917	25.480572	25.482403	25.482407	25.480572	25.476921	25.471458	25.464203	25.455193	25.444450	25.432026	25.417961	25.402309	25.385132	25.366497	25.346470	25.325130	25.302551	25.278831	25.254051	25.228310	25.201702	25.174332	25.146297	25.117706	25.088673	25.059301	25.029709	
25.030863	25.061611	25.092123	25.122286	25.151985	25.181110	25.209547	25.237190	25.263935	25.289677	25.314322	25.337772	25.359943	25.380751	25.400112	25.417957	25.434217	25.448826	25.461742	25.472897	25.482262	25.489796	25.495472	25.499264	25.501169	25.501167	25.499268	25.495470	25.489796	25.482262	25.472897	25.461740	25.448832	25.434219	25.417961	25.400114	25.380753	25.359947	25.337774	25.314322	25.289677	25.263935	25.237190	25.209549	25.181110	25.151987	25.122288	25.092123	25.061611	25.030865	
25.031900	25.063683	25.095222	25.126400	25.157101	25.187204	25.216599	25.245171	25.272818	25.299425	25.324898	25.349140	25.372057	25.393562	25.413578	25.432018	25.448826	25.463934	25.477276	25.488811	25.498487	25.506279	25.512142	25.516069	25.518030	25.518032	25.516066	25.512144	25.506277	25.498489	25.488811	25.477280	25.463934	25.448830	25.432022	25.413578	25.393564	25.372059	25.349140	25.324898	25.299427	25.272816	25.245173	25.216599	25.187206	25.157101	25.126402	25.095222	25.063683	25.031902	
25.032818	25.065514	25.097961	25.130035	25.161619	25.192589	25.222828	25.252224	25.280663	25.308037	25.334242	25.359180	25.382755	25.404884	25.425468	25.444447	25.461735	25.477274	25.491003	25.502869	25.512825	25.520836	25.526875	25.530909	25.532930	25.532928	25.530910	25.526873	25.520838	25.512829	25.502872	25.491005	25.477278	25.461739	25.444450	25.425472	25.404884	25.382759	25.359182	25.334244	25.308035	25.280663	25.252222	25.222830	25.192589	25.161619	25.130035	25.097961	25.065516	25.032820	
25.033611	25.067097	25.100327	25.133179	25.165524	25.197243	25.228210	25.258316	25.287443	25.315479	25.342319	25.367859	25.392006	25.414663	25.435753	25.455185	25.472893	25.488811	25.502867	25.515018	25.525215	25.533424	25.539602	25.543739	25.545807	25.545811	25.543737	25.539604	25.533424	25.525219	25.515020	25.502871	25.488810	25.472897	25.455189	25.435753	25.414667	25.392008	25.367863	25.342318	25.315479	25.287441	25.258318	25.228212	25.197243	25.165524	25.133179	25.100330	25.067097	25.033613	
25.034279	25.068424	25.102312	25.135815	25.168800	25.201149	25.232731	25.263432	25.293135	25.321724	25.349096	25.375141	25.399765	25.422874	25.444378	25.464199	25.482258	25.498486	25.512825	25.525215	25.535618	25.543982	25.550289	25.554501	25.556618	25.556614	25.554504	25.550285	25.543985	25.535618	25.525219	25.512825	25.498487	25.482258	25.464199	25.444384	25.422876	25.399769	25.375141	25.349098	25.321726	25.293137	25.263432	25.232731	25.201147	25.168800	25.135815	25.102314	25.068428	25.034279	
25.034813	25.069492	25.103912	25.137936	25.171440	25.204288	25.236366	25.267546	25.297712	25.326752	25.354549	25.381004	25.406012	25.429480	25.451323	25.471451	25.489792	25.506275	25.520836	25.533421	25.543982	25.552481	25.558882	25.563164	25.565308	25.565311	25.563166	25.558884	25.552479	25.543983	25.533422	25.520836	25.506275	25.489792	25.471451	25.451323	25.429482	25.406013	25.381004	25.354548	25.326752	25.297714	25.267548	25.236366	25.204288	25.171436	25.137938	25.103912	25.069494	25.034813	
25.035217	25.070301	25.105114	25.139534	25.173424	25.206657	25.239105	25.270647	25.301163	25.330536	25.358658	25.385418	25.410715	25.434458	25.456551	25.476913	25.495466	25.512140	25.526869	25.539600	25.550285	25.558880	25.565357	25.569689	25.571861	25.571861	25.569693	25.565359	25.558884	25.550287	25.539604	25.526871	25.512142	25.495466	25.476915	25.456554	25.434460	25.410717	25.385418	25.358658	25.330536	25.301165	25.270649	25.239105	25.206656	25.173424	25.139534	25.105118	25.070301	25.035217	
25.035488	25.070839	25.105923	25.140604	25.174751	25.208239	25.240936	25.272720	25.303469	25.333069	25.361403	25.388371	25.413860	25.437784	25.460049	25.480564	25.499260	25.516062	25.530907	25.543736	25.554501	25.563164	25.569691	25.574055	25.576242	25.576241	25.574055	25.569691	25.563164	25.554504	25.543736	25.530907	25.516064	25.499264	25.480568	25.460049	25.437788	25.413864	25.388372	25.361406	25.333069	25.303471	25.272720	25.240936	25.208241	25.174751	25.140604	25.105923	25.070839	25.035488	
25.035622	25.071108	25.106323	25.141140	25.175419	25.209030	25.241856	25.273760	25.304625	25.334335	25.362782	25.389849	25.415438	25.439453	25.461800	25.482395	25.501162	25.518028	25.532928	25.545805	25.556614	25.565308	25.571857	25.576241	25.578434	25.578434	25.576241	25.571859	25.565311	25.556614	25.545809	25.532928	25.518028	25.501163	25.482399	25.461803	25.439453	25.415442	25.389853	25.362782	25.334339	25.304626	25.273758	25.241856	25.209032	25.175419	25.141138	25.106327	25.071110	25.035622	
25.035622	25.071108	25.106323	25.141140	25.175419	25.209030	25.241856	25.273760	25.304625	25.334335	25.362782	25.389849	25.415438	25.439453	25.461800	25.482395	25.501162	25.518028	25.532928	25.545805	25.556614	25.565308	25.571857	25.576241	25.578434	25.578434	25.576241	25.571859	25.565311	25.556614	25.545809	25.532928	25.518028	25.501163	25.482399	25.461803	25.439453	25.415442	25.389853	25.362782	25.334339	25.304626	25.273758	25.241856	25.209032	25.175419	25.141138	25.106327	25.071110	25.035622	
25.035488	25.070839	25.105923	25.140604	25.174751	25.208239	25.240936	25.272720	25.303469	25.333069	25.361403	25.388371	25.413860	25.437784	25.460049	25.480564	25.499260	25.516062	25.530907	25.543736	25.554501	25.563164	25.569691	25.574055	25.576242	25.576241	25.574055	25.569691	25.563164	25.554504	25.543736	25.530907	25.516064	25.499264	25.480568	25.460049	25.437788	25.413864	25.388372	25.361406	25.333069	25.303471	25.272720	25.240936	25.208241	25.174751	25.140604	25.105923	25.070839	25.035488	
25.035217	25.070301	25.105114	25.139534	25.173424	25.206657	25.239105	25.270647	25.301163	25.330536	25.358658	25.385418	25.410715	25.434458	25.456551	25.476913	25.495466	25.512140	25.526869	25.539600	25.550285	25.558880	25.565357	25.569689	25.571861	25.571861	25.569693	25.565359	25.558884	25.550287	25.539604	25.526871	25.512142	25.495466	25.476915	25.456554	25.434460	25.410717	25.385418	25.358658	25.330536	25.301165	25.270649	25.239105	25.206656	25.173424	25.139534	25.105118	25.070301	25.035217	
25.034813	25.069492	25.103912	25.137936	25.171440	25.204288	25.236366	25.267546	25.297712	25.326752	25.354549	25.381004	25.406012	25.429480	25.451323	25.471451	25.489792	25.506275	25.520836	25.533421	25.543982	25.552481	25.558882	25.563164	25.565308	25.565311	25.563166	25.558884	25.552479	25.543983	25.533422	25.520836	25.506275	25.489792	25.471451	25.451323	25.429482	25.406013	25.381004	25.354548	25.326752	25.297714	25.267548	25.236366	25.204288	25.171436	25.137938	25.103912	25.069494	25.034813	
25.034279	25.068424	25.102312	25.135815	25.168800	25.201149	25.232731	25.263432	25.293135	25.321724	25.349096	25.375141	25.399765	25.422874	25.444378	25.464199	25.482258	25.498486	25.512825	25.525215	25.535618	25.543982	25.550289	25.554501	25.556618	25.556614	25.554504	25.550285	25.543985	25.535618	25.525219	25.512825	25.498487	25.482258	25.464199	25.444384	25.422876	25.399769	25.375141	25.349098	25.321726	25.293137	25.263432	25.232731	25.201147	25.168800	25.135815	25.102314	25.068428	25.034279	
25.033611	25.067097	25.100327	25.133179	25.165524	25.197243	25.228210	25.258316	25.287443	25.315479	25.342319	25.367859	25.392006	25.414663	25.435753	25.455185	25.472893	25.488811	25.502867	25.515018	25.525215	25.533424	25.539602	25.543739	25.545807	25.545811	25.543737	25.539604	25.533424	25.525219	25.515020	25.502871	25.488810	25.472897	25.455189	25.435753	25.414667	25.392008	25.367863	25.342318	25.315479	25.287441	25.258318	25.228212	25.197243	25.165524	25.133179	25.100330	25.067097	25.033613	
25.032818	25.065514	25.097961	25.130035	25.161619	25.192589	25.222828	25.252224	25.280663	25.308037	25.334242	25.359180	25.382755	25.404884	25.425468	25.444447	25.461735	25.477274	25.491003	25.502869	25.512825	25.520836	25.526875	25.530909	25.532930	25.532928	25.530910	25.526873	25.520838	25.512829	25.502872	25.491005	25.477278	25.461739	25.444450	25.425472	25.404884	25.382759	25.359182	25.334244	25.308035	25.280663	25.252222	25.222830	25.192589	25.161619	25.130035	25.097961	25.065516	25.032820	
25.031900	25.063683	25.095222	25.126400	25.157101	25.187204	25.216599	25.245171	25.272818	25.299425	25.324898	25.349140	25.372057	25.393562	25.413578	25.432018	25.448826	25.463934	25.477276	25.488811	25.498487	25.506279	25.512142	25.516069	25.518030	25.518032	25.516066	25.512144	25.506277	25.498489	25.488811	25.477280	25.463934	25.448830	25.432022	25.413578	25.393564	25.372059	25.349140	25.324898	25.299427	25.272816	25.245173	25.216599	25.187206	25.157101	25.126402	25.095222	25.063683	25.031902	
25.030863	25.061611	25.092123	25.122286	25.151985	25.181110	25.209547	25.237190	25.263935	25.289677	25.314322	25.337772	25.359943	25.380751	25.400112	25.417957	25.434217	25.448826	25.461742	25.472897	25.482262	25.489796	25.495472	25.499264	25.501169	25.501167	25.499268	25.495470	25.489796	25.482262	25.472897	25.461740	25.448832	25.434219	25.417961	25.400114	25.380753	25.359947	25.337774	25.314322	25.289677	25.263935	25.237190	25.209549	25.181110	25.151987	25.122288	25.092123	25.061611	25.030865	
25.029709	25.059303	25.088673	25.117706	25.146296	25.174328	25.201702	25.228310	25.254051	25.278831	25.302551	25.325127	25.346466	25.366493	25.385132	25.402309	25.417957	25.432026	25.444448	25.455193	25.464203	25.471458	25.476917	25.480572	25.482403	25.482407	25.480572	25.476921	25.471458	25.464203	25.455193	25.444450	25.432026	25.417961	25.402309	25.385132	25.366497	25.346470	25.325130	25.302551	25.278831	25.254051	25.228310	25.201702	25.174332	25.146297	25.117706	25.088673	25.059301	25.029709	
25.028439	25.056770	25.084888	25.112682	25.140049	25.166887	25.193092	25.218563	25.243206	25.266926	25.289637	25.311245	25.331676	25.350849	25.368690	25.385132	25.400116	25.413578	25.425476	25.435757	25.444387	25.451328	25.456558	25.460054	25.461811	25.461807	25.460058	25.456558	25.451328	25.444389	25.435759	25.425478	25.413582	25.400118	25.385134	25.368690	25.350849	25.331680	25.311249	25.289637	25.266928	25.243206	25.218563	25.193092	25.166885	25.140049	25.112682	25.084887	25.056772	25.028439	
25.027065	25.054024	25.080780	25.107231	25.133272	25.158812	25.183746	25.207985	25.231438	25.254011	25.275620	25.296185	25.315628	25.333870	25.350849	25.366499	25.380753	25.393570	25.404886	25.414673	25.422880	25.429489	25.434464	25.437794	25.439461	25.439465	25.437794	25.434467	25.429489	25.422882	25.414673	25.404888	25.393570	25.380754	25.366501	25.350849	25.333874	25.315628	25.296186	25.275621	25.254013	25.231436	25.207989	25.183746	25.158813	25.133274	25.107231	25.080782	25.054024	25.027065	
25.025585	25.051071	25.076366	25.101370	25.125992	25.150131	25.173706	25.196621	25.218792	25.240131	25.260561	25.280003	25.298378	25.315628	25.331678	25.346470	25.359951	25.372061	25.382767	25.392014	25.399776	25.406017	25.410725	25.413870	25.415451	25.415447	25.413874	25.410725	25.406021	25.399776	25.392014	25.382765	25.372063	25.359951	25.346470	25.331682	25.315628	25.298382	25.280003	25.260563	25.240131	25.218794	25.196619	25.173710	25.150133	25.125992	25.101372	25.076368	25.051075	25.025585	
25.024010	25.047928	25.071661	25.095127	25.118229	25.140884	25.163008	25.184511	25.205315	25.225342	25.244511	25.262754	25.280003	25.296188	25.311249	25.325134	25.337776	25.349148	25.359188	25.367870	25.375149	25.381014	25.385426	25.388382	25.389858	25.389862	25.388380	25.385429	25.381012	25.375153	25.367868	25.359188	25.349148	25.337780	25.325134	25.311251	25.296188	25.280003	25.262756	25.244511	25.225342	25.205313	25.184515	25.163006	25.140888	25.118229	25.095129	25.071663	25.047928	25.024010	
25.022343	25.044598	25.066689	25.088520	25.110022	25.131104	25.151691	25.171700	25.191059	25.209696	25.227535	25.244511	25.260561	25.275623	25.289639	25.302559	25.314329	25.324903	25.334251	25.342327	25.349106	25.354557	25.358669	25.361412	25.362793	25.362793	25.361418	25.358667	25.354561	25.349106	25.342327	25.334251	25.324905	25.314327	25.302559	25.289642	25.275623	25.260565	25.244514	25.227535	25.209694	25.191063	25.171700	25.151691	25.131104	25.110023	25.088524	25.066689	25.044601	25.022343	
25.020592	25.041103	25.061457	25.081581	25.101395	25.120827	25.139797	25.158239	25.176079	25.193253	25.209696	25.225344	25.240135	25.254015	25.266932	25.278839	25.289684	25.299435	25.308044	25.315487	25.321735	25.326761	25.330545	25.333080	25.334349	25.334351	25.333080	25.330549	25.326759	25.321735	25.315489	25.308044	25.299435	25.289684	25.278837	25.266933	25.254017	25.240135	25.225346	25.209698	25.193256	25.176081	25.158241	25.139797	25.120827	25.101395	25.081583	25.061459	25.041103	25.020590	
25.018761	25.037449	25.055998	25.074331	25.092386	25.110088	25.127377	25.144176	25.160433	25.176083	25.191059	25.205317	25.218796	25.231443	25.243212	25.254059	25.263943	25.272823	25.280670	25.287453	25.293144	25.297722	25.301174	25.303480	25.304636	25.304638	25.303482	25.301172	25.297724	25.293144	25.287453	25.280670	25.272823	25.263941	25.254059	25.243212	25.231441	25.218798	25.205318	25.191065	25.176083	25.160437	25.144178	25.127377	25.110088	25.092388	25.074333	25.055998	25.037449	25.018761	
25.016861	25.033657	25.050323	25.066801	25.083023	25.098934	25.114468	25.129570	25.144176	25.158237	25.171703	25.184513	25.196625	25.207993	25.218571	25.228317	25.237198	25.245182	25.252232	25.258327	25.263443	25.267557	25.270657	25.272732	25.273769	25.273769	25.272732	25.270658	25.267559	25.263441	25.258327	25.252232	25.245180	25.237200	25.228315	25.218567	25.207993	25.196625	25.184517	25.171703	25.158245	25.144178	25.129570	25.114468	25.098934	25.083023	25.066799	25.050323	25.033655	25.016859	
25.014896	25.029734	25.044460	25.059015	25.073349	25.087402	25.101128	25.114468	25.127373	25.139797	25.151691	25.163012	25.173710	25.183754	25.193098	25.201710	25.209555	25.216606	25.222839	25.228222	25.232740	25.236378	25.239117	25.240948	25.241867	25.241867	25.240948	25.239117	25.236374	25.232742	25.228220	25.222837	25.216608	25.209553	25.201710	25.193098	25.183752	25.173714	25.163010	25.151695	25.139799	25.127377	25.114471	25.101128	25.087404	25.073349	25.059015	25.044456	25.029732	25.014894	
25.012875	25.025700	25.038425	25.051008	25.063396	25.075542	25.087404	25.098934	25.110088	25.120827	25.131107	25.140888	25.150139	25.158817	25.166893	25.174335	25.181118	25.187214	25.192596	25.197250	25.201159	25.204300	25.206669	25.208250	25.209042	25.209042	25.208250	25.206665	25.204300	25.201155	25.197250	25.192596	25.187210	25.181118	25.174335	25.166893	25.158817	25.150139	25.140892	25.131107	25.120829	25.110092	25.098936	25.087406	25.075542	25.063396	25.051006	25.038427	25.025696	25.012873	
25.010803	25.021568	25.032246	25.042805	25.053202	25.063396	25.073349	25.083025	25.092388	25.101398	25.110023	25.118235	25.125996	25.133278	25.140057	25.146301	25.151993	25.157108	25.161627	25.165531	25.168810	25.171448	25.173433	25.174761	25.175430	25.175426	25.174761	25.173431	25.171444	25.168808	25.165531	25.161625	25.157108	25.151993	25.146301	25.140057	25.133278	25.125996	25.118233	25.110025	25.101398	25.092388	25.083027	25.073349	25.063396	25.053200	25.042807	25.032246	25.021564	25.010803	
25.008694	25.017351	25.025946	25.034441	25.042805	25.051008	25.059017	25.066803	25.074333	25.081583	25.088524	25.095127	25.101376	25.107235	25.112686	25.117714	25.122292	25.126408	25.130043	25.133186	25.135822	25.137945	25.139542	25.140614	25.141148	25.141148	25.140612	25.139542	25.137943	25.135822	25.133186	25.130043	25.126408	25.122292	25.117714	25.112688	25.107235	25.101376	25.095129	25.088524	25.081585	25.074333	25.066799	25.059017	25.051006	25.042807	25.034439	25.025948	25.017353	25.008692	
25.006546	25.013073	25.019545	25.025948	25.032249	25.038425	25.044460	25.050325	25.055998	25.061462	25.066689	25.071665	25.076366	25.080784	25.084890	25.088676	25.092129	25.095228	25.097967	25.100334	25.102322	25.103918	25.105122	25.105927	25.106331	25.106331	25.105927	25.105122	25.103918	25.102322	25.100334	25.097967	25.095226	25.092127	25.088676	25.084892	25.080784	25.076368	25.071667	25.066689	25.061460	25.055996	25.050323	25.044458	25.038425	25.032246	25.025946	25.019543	25.013073	25.006548	
25.004379	25.008739	25.013073	25.017353	25.021566	25.025700	25.029734	25.033655	25.037453	25.041103	25.044601	25.047928	25.051075	25.054028	25.056770	25.059307	25.061611	25.063686	25.065519	25.067101	25.068428	25.069500	25.070303	25.070843	25.071114	25.071112	25.070843	25.070301	25.069500	25.068428	25.067102	25.065517	25.063686	25.061615	25.059307	25.056774	25.054026	25.051075	25.047928	25.044601	25.041103	25.037453	25.033653	25.029734	25.025698	25.021564	25.017349	25.013073	25.008741	25.004379	
25.002193	25.004379	25.006550	25.008694	25.010803	25.012875	25.014894	25.016861	25.018761	25.020592	25.022343	25.024010	25.025585	25.027061	25.028442	25.029707	25.030865	25.031902	25.032822	25.033615	25.034281	25.034815	25.035217	25.035488	25.035624	25.035625	25.035488	25.035219	25.034817	25.034279	25.033615	25.032822	25.031904	25.030865	25.029709	25.028440	25.027065	25.025585	25.024010	25.022343	25.020592	25.018761	25.016861	25.014893	25.012875	25.010803	25.008692	25.006548	25.004379	25.002193	
