25.000591	25.001179	25.001766	25.002342	25.002911	25.003468	25.004013	25.004543	25.005054	25.005547	25.006018	25.006466	25.006891	25.007290	25.007660	25.008003	25.008312	25.008593	25.008841	25.009052	25.009235	25.009377	25.009485	25.009558	25.009594	25.009594	25.009560	25.009487	25.009377	25.009233	25.009052	25.008839	25.008593	25.008314	25.008001	25.007660	25.007290	25.006891	25.006466	25.006018	25.005547	25.005054	25.004541	25.004013	25.003468	25.002911	25.002342	25.001764	25.001179	25.000591	
25.001179	25.002354	25.003521	25.004675	25.005810	25.006924	25.008007	25.009066	25.010086	25.011070	25.012012	25.012909	25.013756	25.014553	25.015293	25.015974	25.016594	25.017155	25.017645	25.018074	25.018429	25.018719	25.018932	25.019079	25.019152	25.019154	25.019081	25.018936	25.018719	25.018429	25.018074	25.017643	25.017153	25.016594	25.015972	25.015291	25.014549	25.013756	25.012909	25.012012	25.011072	25.010086	25.009066	25.008009	25.006924	25.005810	25.004673	25.003521	25.002356	25.001179	
25.001762	25.003521	25.005266	25.006990	25.008686	25.010349	25.011974	25.013554	25.015083	25.016554	25.017963	25.019302	25.020569	25.021759	25.022867	25.023884	25.024815	25.025646	25.026386	25.027020	25.027559	25.027985	25.028313	25.028528	25.028637	25.028637	25.028530	25.028313	25.027988	25.027557	25.027021	25.026386	25.025646	25.024811	25.023886	25.022863	25.021759	25.020569	25.019302	25.017962	25.016552	25.015083	25.013554	25.011974	25.010349	25.008686	25.006989	25.005264	25.003521	25.001764	
25.002342	25.004675	25.006989	25.009277	25.011532	25.013739	25.015898	25.017992	25.020020	25.021975	25.023842	25.025623	25.027304	25.028883	25.030350	25.031704	25.032936	25.034046	25.035023	25.035872	25.036579	25.037155	25.037580	25.037870	25.038013	25.038013	25.037870	25.037582	25.037151	25.036579	25.035870	25.035025	25.034046	25.032936	25.031704	25.030352	25.028881	25.027304	25.025621	25.023842	25.021973	25.020021	25.017994	25.015896	25.013741	25.011528	25.009277	25.006989	25.004673	25.002340	
25.002911	25.005810	25.008686	25.011532	25.014332	25.017078	25.019758	25.022364	25.024883	25.027309	25.029636	25.031843	25.033936	25.035896	25.037724	25.039404	25.040937	25.042313	25.043531	25.044582	25.045467	25.046173	25.046713	25.047066	25.047247	25.047247	25.047070	25.046711	25.046177	25.045464	25.044582	25.043531	25.042313	25.040936	25.039402	25.037720	25.035896	25.033936	25.031845	25.029633	25.027309	25.024885	25.022362	25.019756	25.017076	25.014330	25.011532	25.008686	25.005810	25.002911	
25.003468	25.006924	25.010353	25.013741	25.017078	25.020348	25.023544	25.026649	25.029652	25.032547	25.035311	25.037949	25.040436	25.042776	25.044949	25.046955	25.048779	25.050423	25.051872	25.053127	25.054176	25.055027	25.055658	25.056087	25.056299	25.056301	25.056087	25.055660	25.055023	25.054176	25.053123	25.051872	25.050423	25.048779	25.046953	25.044949	25.042774	25.040438	25.037947	25.035313	25.032543	25.029652	25.026649	25.023542	25.020348	25.017075	25.013739	25.010351	25.006924	25.003468	
25.004013	25.008009	25.011978	25.015898	25.019756	25.023544	25.027239	25.030830	25.034307	25.037651	25.040859	25.043903	25.046787	25.049488	25.052010	25.054325	25.056440	25.058336	25.060017	25.061466	25.062687	25.063662	25.064404	25.064892	25.065140	25.065140	25.064894	25.064400	25.063663	25.062683	25.061466	25.060015	25.058338	25.056438	25.054325	25.052006	25.049492	25.046787	25.043903	25.040855	25.037655	25.034307	25.030832	25.027241	25.023544	25.019760	25.015898	25.011974	25.008009	25.004013	
25.004543	25.009068	25.013556	25.017996	25.022366	25.026648	25.030832	25.034901	25.038830	25.042620	25.046246	25.049698	25.052956	25.056021	25.058867	25.061493	25.063885	25.066034	25.067932	25.069576	25.070951	25.072062	25.072895	25.073456	25.073730	25.073734	25.073452	25.072895	25.072060	25.070950	25.069574	25.067932	25.066032	25.063883	25.061493	25.058868	25.056019	25.052958	25.049696	25.046246	25.042622	25.038834	25.034899	25.030834	25.026649	25.022364	25.017994	25.013554	25.009068	25.004543	
25.005054	25.010088	25.015083	25.020023	25.024885	25.029654	25.034309	25.038834	25.043211	25.047424	25.051460	25.055298	25.058929	25.062334	25.065506	25.068424	25.071087	25.073479	25.075594	25.077419	25.078953	25.080185	25.081116	25.081734	25.082047	25.082047	25.081736	25.081112	25.080185	25.078951	25.077419	25.075592	25.073479	25.071087	25.068424	25.065504	25.062336	25.058929	25.055298	25.051460	25.047424	25.043213	25.038834	25.034309	25.029654	25.024885	25.020023	25.015083	25.010088	25.005054	
25.005547	25.011070	25.016556	25.021973	25.027313	25.032545	25.037655	25.042622	25.047424	25.052052	25.056480	25.060694	25.064676	25.068415	25.071894	25.075100	25.078018	25.080645	25.082966	25.084972	25.086651	25.088007	25.089024	25.089706	25.090046	25.090050	25.089706	25.089025	25.088003	25.086651	25.084969	25.082966	25.080647	25.078020	25.075098	25.071892	25.068413	25.064676	25.060694	25.056480	25.052052	25.047426	25.042622	25.037655	25.032543	25.027313	25.021973	25.016556	25.011070	25.005547	
25.006020	25.012014	25.017962	25.023846	25.029636	25.035313	25.040857	25.046246	25.051460	25.056479	25.061283	25.065857	25.070179	25.074234	25.078009	25.081488	25.084656	25.087505	25.090023	25.092197	25.094025	25.095491	25.096600	25.097336	25.097708	25.097706	25.097340	25.096596	25.095491	25.094021	25.092199	25.090023	25.087507	25.084658	25.081488	25.078007	25.074234	25.070177	25.065857	25.061285	25.056480	25.051460	25.046249	25.040859	25.035313	25.029634	25.023846	25.017963	25.012012	25.006020	
25.006470	25.012911	25.019304	25.025621	25.031845	25.037949	25.043905	25.049696	25.055298	25.060692	25.065857	25.070770	25.075417	25.079773	25.083832	25.087566	25.090975	25.094034	25.096741	25.099075	25.101036	25.102619	25.103802	25.104599	25.104996	25.105000	25.104599	25.103806	25.102615	25.101038	25.099075	25.096739	25.094036	25.090973	25.087566	25.083828	25.079773	25.075413	25.070770	25.065857	25.060694	25.055302	25.049698	25.043905	25.037949	25.031845	25.025621	25.019304	25.012909	25.006468	
25.006893	25.013760	25.020569	25.027306	25.033936	25.040440	25.046787	25.052956	25.058929	25.064676	25.070179	25.075417	25.080362	25.085011	25.089329	25.093315	25.096943	25.100208	25.103088	25.105579	25.107670	25.109350	25.110619	25.111464	25.111889	25.111889	25.111465	25.110619	25.109350	25.107668	25.105579	25.103088	25.100206	25.096945	25.093315	25.089333	25.085007	25.080364	25.075413	25.070179	25.064678	25.058929	25.052959	25.046787	25.040436	25.033936	25.027306	25.020571	25.013758	25.006893	
25.007290	25.014551	25.021759	25.028881	25.035896	25.042774	25.049492	25.056019	25.062334	25.068417	25.074234	25.079773	25.085011	25.089920	25.094494	25.098705	25.102549	25.105997	25.109047	25.111679	25.113892	25.115673	25.117012	25.117905	25.118355	25.118355	25.117907	25.117008	25.115669	25.113892	25.111681	25.109047	25.105999	25.102549	25.098707	25.094494	25.089920	25.085007	25.079773	25.074234	25.068415	25.062336	25.056019	25.049490	25.042776	25.035898	25.028885	25.021759	25.014553	25.007290	
25.007660	25.015289	25.022865	25.030350	25.037720	25.044949	25.052006	25.058867	25.065504	25.071892	25.078011	25.083830	25.089331	25.094494	25.099300	25.103725	25.107761	25.111389	25.114590	25.117359	25.119682	25.121552	25.122961	25.123901	25.124374	25.124374	25.123901	25.122959	25.121552	25.119682	25.117359	25.114590	25.111389	25.107761	25.103729	25.099298	25.094494	25.089329	25.083828	25.078009	25.071894	25.065506	25.058868	25.052010	25.044949	25.037724	25.030352	25.022865	25.015293	25.007662	
25.008003	25.015972	25.023884	25.031704	25.039404	25.046951	25.054325	25.061493	25.068424	25.075100	25.081486	25.087568	25.093315	25.098709	25.103725	25.108353	25.112568	25.116354	25.119701	25.122593	25.125019	25.126972	25.128441	25.129429	25.129919	25.129921	25.129427	25.128443	25.126972	25.125019	25.122591	25.119701	25.116352	25.112566	25.108351	25.103725	25.098705	25.093315	25.087566	25.081488	25.075100	25.068424	25.061493	25.054325	25.046955	25.039406	25.031704	25.023884	25.015974	25.008003	
25.008314	25.016594	25.024811	25.032938	25.040936	25.048782	25.056438	25.063883	25.071087	25.078018	25.084660	25.090973	25.096943	25.102547	25.107761	25.112566	25.116943	25.120880	25.124355	25.127359	25.129881	25.131908	25.133438	25.134460	25.134974	25.134975	25.134460	25.133440	25.131912	25.129883	25.127361	25.124355	25.120878	25.116945	25.112566	25.107761	25.102547	25.096943	25.090973	25.084656	25.078020	25.071087	25.063885	25.056440	25.048780	25.040939	25.032936	25.024813	25.016596	25.008314	
25.008595	25.017153	25.025648	25.034046	25.042316	25.050421	25.058338	25.066032	25.073479	25.080647	25.087505	25.094034	25.100204	25.105999	25.111385	25.116352	25.120880	25.124947	25.128540	25.131645	25.134249	25.136349	25.137928	25.138985	25.139515	25.139515	25.138987	25.137928	25.136349	25.134253	25.131645	25.128540	25.124947	25.120880	25.116356	25.111385	25.105997	25.100204	25.094032	25.087505	25.080647	25.073479	25.066034	25.058338	25.050423	25.042315	25.034046	25.025648	25.017155	25.008595	
25.008842	25.017645	25.026386	25.035023	25.043530	25.051872	25.060015	25.067934	25.075592	25.082962	25.090023	25.096737	25.103088	25.109043	25.114590	25.119698	25.124355	25.128538	25.132236	25.135429	25.138111	25.140270	25.141895	25.142982	25.143528	25.143528	25.142982	25.141895	25.140270	25.138113	25.135433	25.132236	25.128540	25.124355	25.119699	25.114590	25.109047	25.103088	25.096737	25.090021	25.082962	25.075592	25.067930	25.060017	25.051872	25.043533	25.035025	25.026384	25.017647	25.008841	
25.009052	25.018074	25.027023	25.035870	25.044582	25.053123	25.061466	25.069572	25.077419	25.084969	25.092194	25.099077	25.105577	25.111679	25.117359	25.122591	25.127361	25.131645	25.135429	25.138702	25.141449	25.143658	25.145325	25.146439	25.146996	25.146994	25.146435	25.145325	25.143658	25.141451	25.138704	25.135431	25.131645	25.127359	25.122593	25.117359	25.111681	25.105576	25.099075	25.092196	25.084969	25.077415	25.069574	25.061466	25.053123	25.044582	25.035872	25.027021	25.018074	25.009054	
25.009232	25.018429	25.027559	25.036579	25.045464	25.054176	25.062683	25.070951	25.078951	25.086651	25.094023	25.101036	25.107668	25.113890	25.119682	25.125019	25.129881	25.134251	25.138111	25.141447	25.144249	25.146503	25.148201	25.149338	25.149906	25.149904	25.149334	25.148199	25.146503	25.144249	25.141449	25.138113	25.134251	25.129883	25.125019	25.119682	25.113892	25.107670	25.101036	25.094023	25.086651	25.078953	25.070950	25.062683	25.054176	25.045464	25.036581	25.027557	25.018429	25.009233	
25.009377	25.018719	25.027988	25.037153	25.046173	25.055023	25.063662	25.072062	25.080185	25.088005	25.095490	25.102615	25.109348	25.115669	25.121552	25.126968	25.131908	25.136349	25.140266	25.143658	25.146503	25.148790	25.150515	25.151669	25.152245	25.152245	25.151665	25.150517	25.148790	25.146503	25.143658	25.140270	25.136349	25.131908	25.126970	25.121552	25.115671	25.109348	25.102615	25.095491	25.088005	25.080185	25.072060	25.063663	25.055023	25.046177	25.037151	25.027988	25.018719	25.009377	
25.009483	25.018934	25.028313	25.037582	25.046709	25.055660	25.064400	25.072895	25.081116	25.089024	25.096600	25.103802	25.110617	25.117008	25.122957	25.128441	25.133438	25.137928	25.141895	25.145321	25.148201	25.150515	25.152258	25.153427	25.154007	25.154007	25.153425	25.152256	25.150515	25.148199	25.145323	25.141891	25.137928	25.133436	25.128443	25.122959	25.117008	25.110619	25.103804	25.096598	25.089024	25.081114	25.072895	25.064400	25.055660	25.046709	25.037582	25.028313	25.018936	25.009485	
25.009556	25.019077	25.028528	25.037870	25.047070	25.056087	25.064892	25.073456	25.081734	25.089706	25.097336	25.104599	25.111465	25.117905	25.123901	25.129425	25.134460	25.138985	25.142981	25.146437	25.149336	25.151667	25.153423	25.154598	25.155190	25.155188	25.154598	25.153425	25.151667	25.149334	25.146435	25.142982	25.138983	25.134460	25.129425	25.123901	25.117905	25.111465	25.104599	25.097336	25.089706	25.081734	25.073456	25.064896	25.056087	25.047068	25.037868	25.028530	25.019079	25.009558	
25.009594	25.019150	25.028637	25.038013	25.047249	25.056301	25.065142	25.073734	25.082047	25.090048	25.097706	25.104996	25.111889	25.118355	25.124372	25.129917	25.134972	25.139513	25.143526	25.146992	25.149902	25.152245	25.154007	25.155188	25.155779	25.155781	25.155190	25.154009	25.152245	25.149902	25.146994	25.143526	25.139511	25.134970	25.129917	25.124371	25.118355	25.111889	25.104998	25.097708	25.090046	25.082047	25.073734	25.065144	25.056301	25.047247	25.038013	25.028637	25.019152	25.009594	
25.009594	25.019150	25.028637	25.038013	25.047249	25.056301	25.065142	25.073734	25.082047	25.090048	25.097706	25.104996	25.111889	25.118355	25.124372	25.129917	25.134972	25.139513	25.143526	25.146992	25.149902	25.152245	25.154007	25.155188	25.155779	25.155781	25.155190	25.154009	25.152245	25.149902	25.146994	25.143526	25.139511	25.134970	25.129917	25.124371	25.118355	25.111889	25.104998	25.097708	25.090046	25.082047	25.073734	25.065144	25.056301	25.047247	25.038013	25.028637	25.019152	25.009594	
25.009556	25.019077	25.028528	25.037870	25.047070	25.056087	25.064892	25.073456	25.081734	25.089706	25.097336	25.104599	25.111465	25.117905	25.123901	25.129425	25.134460	25.138985	25.142981	25.146437	25.149336	25.151667	25.153423	25.154598	25.155190	25.155188	25.154598	25.153425	25.151667	25.149334	25.146435	25.142982	25.138983	25.134460	25.129425	25.123901	25.117905	25.111465	25.104599	25.097336	25.089706	25.081734	25.073456	25.064896	25.056087	25.047068	25.037868	25.028530	25.019079	25.009558	
25.009483	25.018934	25.028313	25.037582	25.046709	25.055660	25.064400	25.072895	25.081116	25.089024	25.096600	25.103802	25.110617	25.117008	25.122957	25.128441	25.133438	25.137928	25.141895	25.145321	25.148201	25.150515	25.152258	25.153427	25.154007	25.154007	25.153425	25.152256	25.150515	25.148199	25.145323	25.141891	25.137928	25.133436	25.128443	25.122959	25.117008	25.110619	25.103804	25.096598	25.089024	25.081114	25.072895	25.064400	25.055660	25.046709	25.037582	25.028313	25.018936	25.009485	
25.009377	25.018719	25.027988	25.037153	25.046173	25.055023	25.063662	25.072062	25.080185	25.088005	25.095490	25.102615	25.109348	25.115669	25.121552	25.126968	25.131908	25.136349	25.140266	25.143658	25.146503	25.148790	25.150515	25.151669	25.152245	25.152245	25.151665	25.150517	25.148790	25.146503	25.143658	25.140270	25.136349	25.131908	25.126970	25.121552	25.115671	25.109348	25.102615	25.095491	25.088005	25.080185	25.072060	25.063663	25.055023	25.046177	25.037151	25.027988	25.018719	25.009377	
25.009232	25.018429	25.027559	25.036579	25.045464	25.054176	25.062683	25.070951	25.078951	25.086651	25.094023	25.101036	25.107668	25.113890	25.119682	25.125019	25.129881	25.134251	25.138111	25.141447	25.144249	25.146503	25.148201	25.149338	25.149906	25.149904	25.149334	25.148199	25.146503	25.144249	25.141449	25.138113	25.134251	25.129883	25.125019	25.119682	25.113892	25.107670	25.101036	25.094023	25.086651	25.078953	25.070950	25.062683	25.054176	25.045464	25.036581	25.027557	25.018429	25.009233	
25.009052	25.018074	25.027023	25.035870	25.044582	25.053123	25.061466	25.069572	25.077419	25.084969	25.092194	25.099077	25.105577	25.111679	25.117359	25.122591	25.127361	25.131645	25.135429	25.138702	25.141449	25.143658	25.145325	25.146439	25.146996	25.146994	25.146435	25.145325	25.143658	25.141451	25.138704	25.135431	25.131645	25.127359	25.122593	25.117359	25.111681	25.105576	25.099075	25.092196	25.084969	25.077415	25.069574	25.061466	25.053123	25.044582	25.035872	25.027021	25.018074	25.009054	
25.008842	25.017645	25.026386	25.035023	25.043530	25.051872	25.060015	25.067934	25.075592	25.082962	25.090023	25.096737	25.103088	25.109043	25.114590	25.119698	25.124355	25.128538	25.132236	25.135429	25.138111	25.140270	25.141895	25.142982	25.143528	25.143528	25.142982	25.141895	25.140270	25.138113	25.135433	25.132236	25.128540	25.124355	25.119699	25.114590	25.109047	25.103088	25.096737	25.090021	25.082962	25.075592	25.067930	25.060017	25.051872	25.043533	25.035025	25.026384	25.017647	25.008841	
25.008595	25.017153	25.025648	25.034046	25.042316	25.050421	25.058338	25.066032	25.073479	25.080647	25.087505	25.094034	25.100204	25.105999	25.111385	25.116352	25.120880	25.124947	25.128540	25.131645	25.134249	25.136349	25.137928	25.138985	25.139515	25.139515	25.138987	25.137928	25.136349	25.134253	25.131645	25.128540	25.124947	25.120880	25.116356	25.111385	25.105997	25.100204	25.094032	25.087505	25.080647	25.073479	25.066034	25.058338	25.050423	25.042315	25.034046	25.025648	25.017155	25.008595	
25.008314	25.016594	25.024811	25.032938	25.040936	25.048782	25.056438	25.063883	25.071087	25.078018	25.084660	25.090973	25.096943	25.102547	25.107761	25.112566	25.116943	25.120880	25.124355	25.127359	25.129881	25.131908	25.133438	25.134460	25.134974	25.134975	25.134460	25.133440	25.131912	25.129883	25.127361	25.124355	25.120878	25.116945	25.112566	25.107761	25.102547	25.096943	25.090973	25.084656	25.078020	25.071087	25.063885	25.056440	25.048780	25.040939	25.032936	25.024813	25.016596	25.008314	
25.008003	25.015972	25.023884	25.031704	25.039404	25.046951	25.054325	25.061493	25.068424	25.075100	25.081486	25.087568	25.093315	25.098709	25.103725	25.108353	25.112568	25.116354	25.119701	25.122593	25.125019	25.126972	25.128441	25.129429	25.129919	25.129921	25.129427	25.128443	25.126972	25.125019	25.122591	25.119701	25.116352	25.112566	25.108351	25.103725	25.098705	25.093315	25.087566	25.081488	25.075100	25.068424	25.061493	25.054325	25.046955	25.039406	25.031704	25.023884	25.015974	25.008003	
25.007660	25.015289	25.022865	25.030350	25.037720	25.044949	25.052006	25.058867	25.065504	25.071892	25.078011	25.083830	25.089331	25.094494	25.099300	25.103725	25.107761	25.111389	25.114590	25.117359	25.119682	25.121552	25.122961	25.123901	25.124374	25.124374	25.123901	25.122959	25.121552	25.119682	25.117359	25.114590	25.111389	25.107761	25.103729	25.099298	25.094494	25.089329	25.083828	25.078009	25.071894	25.065506	25.058868	25.052010	25.044949	25.037724	25.030352	25.022865	25.015293	25.007662	
25.007290	25.014551	25.021759	25.028881	25.035896	25.042774	25.049492	25.056019	25.062334	25.068417	25.074234	25.079773	25.085011	25.089920	25.094494	25.098705	25.102549	25.105997	25.109047	25.111679	25.113892	25.115673	25.117012	25.117905	25.118355	25.118355	25.117907	25.117008	25.115669	25.113892	25.111681	25.109047	25.105999	25.102549	25.098707	25.094494	25.089920	25.085007	25.079773	25.074234	25.068415	25.062336	25.056019	25.049490	25.042776	25.035898	25.028885	25.021759	25.014553	25.007290	
25.006893	25.013760	25.020569	25.027306	25.033936	25.040440	25.046787	25.052956	25.058929	25.064676	25.070179	25.075417	25.080362	25.085011	25.089329	25.093315	25.096943	25.100208	25.103088	25.105579	25.107670	25.109350	25.110619	25.111464	25.111889	25.111889	25.111465	25.110619	25.109350	25.107668	25.105579	25.103088	25.100206	25.096945	25.093315	25.089333	25.085007	25.080364	25.075413	25.070179	25.064678	25.058929	25.052959	25.046787	25.040436	25.033936	25.027306	25.020571	25.013758	25.006893	
25.006470	25.012911	25.019304	25.025621	25.031845	25.037949	25.043905	25.049696	25.055298	25.060692	25.065857	25.070770	25.075417	25.079773	25.083832	25.087566	25.090975	25.094034	25.096741	25.099075	25.101036	25.102619	25.103802	25.104599	25.104996	25.105000	25.104599	25.103806	25.102615	25.101038	25.099075	25.096739	25.094036	25.090973	25.087566	25.083828	25.079773	25.075413	25.070770	25.065857	25.060694	25.055302	25.049698	25.043905	25.037949	25.031845	25.025621	25.019304	25.012909	25.006468	
25.006020	25.012014	25.017962	25.023846	25.029636	25.035313	25.040857	25.046246	25.051460	25.056479	25.061283	25.065857	25.070179	25.074234	25.078009	25.081488	25.084656	25.087505	25.090023	25.092197	25.094025	25.095491	25.096600	25.097336	25.097708	25.097706	25.097340	25.096596	25.095491	25.094021	25.092199	25.090023	25.087507	25.084658	25.081488	25.078007	25.074234	25.070177	25.065857	25.061285	25.056480	25.051460	25.046249	25.040859	25.035313	25.029634	25.023846	25.017963	25.012012	25.006020	
25.005547	25.011070	25.016556	25.021973	25.027313	25.032545	25.037655	25.042622	25.047424	25.052052	25.056480	25.060694	25.064676	25.068415	25.071894	25.075100	25.078018	25.080645	25.082966	25.084972	25.086651	25.088007	25.089024	25.089706	25.090046	25.090050	25.089706	25.089025	25.088003	25.086651	25.084969	25.082966	25.080647	25.078020	25.075098	25.071892	25.068413	25.064676	25.060694	25.056480	25.052052	25.047426	25.042622	25.037655	25.032543	25.027313	25.021973	25.016556	25.011070	25.005547	
25.005054	25.010088	25.015083	25.020023	25.024885	25.029654	25.034309	25.038834	25.043211	25.047424	25.051460	25.055298	25.058929	25.062334	25.065506	25.068424	25.071087	25.073479	25.075594	25.077419	25.078953	25.080185	25.081116	25.081734	25.082047	25.082047	25.081736	25.081112	25.080185	25.078951	25.077419	25.075592	25.073479	25.071087	25.068424	25.065504	25.062336	25.058929	25.055298	25.051460	25.047424	25.043213	25.038834	25.034309	25.029654	25.024885	25.020023	25.015083	25.010088	25.005054	
25.004543	25.009068	25.013556	25.017996	25.022366	25.026648	25.030832	25.034901	25.038830	25.042620	25.046246	25.049698	25.052956	25.056021	25.058867	25.061493	25.063885	25.066034	25.067932	25.069576	25.070951	25.072062	25.072895	25.073456	25.073730	25.073734	25.073452	25.072895	25.072060	25.070950	25.069574	25.067932	25.066032	25.063883	25.061493	25.058868	25.056019	25.052958	25.049696	25.046246	25.042622	25.038834	25.034899	25.030834	25.026649	25.022364	25.017994	25.013554	25.009068	25.004543	
25.004013	25.008009	25.011978	25.015898	25.019756	25.023544	25.027239	25.030830	25.034307	25.037651	25.040859	25.043903	25.046787	25.049488	25.052010	25.054325	25.056440	25.058336	25.060017	25.061466	25.062687	25.063662	25.064404	25.064892	25.065140	25.065140	25.064894	25.064400	25.063663	25.062683	25.061466	25.060015	25.058338	25.056438	25.054325	25.052006	25.049492	25.046787	25.043903	25.040855	25.037655	25.034307	25.030832	25.027241	25.023544	25.019760	25.015898	25.011974	25.008009	25.004013	
25.003468	25.006924	25.010353	25.013741	25.017078	25.020348	25.023544	25.026649	25.029652	25.032547	25.035311	25.037949	25.040436	25.042776	25.044949	25.046955	25.048779	25.050423	25.051872	25.053127	25.054176	25.055027	25.055658	25.056087	25.056299	25.056301	25.056087	25.055660	25.055023	25.054176	25.053123	25.051872	25.050423	25.048779	25.046953	25.044949	25.042774	25.040438	25.037947	25.035313	25.032543	25.029652	25.026649	25.023542	25.020348	25.017075	25.013739	25.010351	25.006924	25.003468	
25.002911	25.005810	25.008686	25.011532	25.014332	25.017078	25.019758	25.022364	25.024883	25.027309	25.029636	25.031843	25.033936	25.035896	25.037724	25.039404	25.040937	25.042313	25.043531	25.044582	25.045467	25.046173	25.046713	25.047066	25.047247	25.047247	25.047070	25.046711	25.046177	25.045464	25.044582	25.043531	25.042313	25.040936	25.039402	25.037720	25.035896	25.033936	25.031845	25.029633	25.027309	25.024885	25.022362	25.019756	25.017076	25.014330	25.011532	25.008686	25.005810	25.002911	
25.002342	25.004675	25.006989	25.009277	25.011532	25.013739	25.015898	25.017992	25.020020	25.021975	25.023842	25.025623	25.027304	25.028883	25.030350	25.031704	25.032936	25.034046	25.035023	25.035872	25.036579	25.037155	25.037580	25.037870	25.038013	25.038013	25.037870	25.037582	25.037151	25.036579	25.035870	25.035025	25.034046	25.032936	25.031704	25.030352	25.028881	25.027304	25.025621	25.023842	25.021973	25.020021	25.017994	25.015896	25.013741	25.011528	25.009277	25.006989	25.004673	25.002340	
25.001762	25.003521	25.005266	25.006990	25.008686	25.010349	25.011974	25.013554	25.015083	25.016554	25.017963	25.019302	25.020569	25.021759	25.022867	25.023884	25.024815	25.025646	25.026386	25.027020	25.027559	25.027985	25.028313	25.028528	25.028637	25.028637	25.028530	25.028313	25.027988	25.027557	25.027021	25.026386	25.025646	25.024811	25.023886	25.022863	25.021759	25.020569	25.019302	25.017962	25.016552	25.015083	25.013554	25.011974	25.010349	25.008686	25.006989	25.005264	25.003521	25.001764	
25.001179	25.002354	25.003521	25.004675	25.005810	25.006924	25.008007	25.009066	25.010086	25.011070	25.012012	25.012909	25.013756	25.014553	25.015293	25.015974	25.016594	25.017155	25.017645	25.018074	25.018429	25.018719	25.018932	25.019079	25.019152	25.019154	25.019081	25.018936	25.018719	25.018429	25.018074	25.017643	25.017153	25.016594	25.015972	25.015291	25.014549	25.013756	25.012909	25.012012	25.011072	25.010086	25.009066	25.008009	25.006924	25.005810	25.004673	25.003521	25.002356	25.001179	
25.000591	25.001179	25.001766	25.002342	25.002911	25.003468	25.004013	25.004543	25.005054	25.005547	25.006018	25.006466	25.006891	25.007290	25.007660	25.008003	25.008312	25.008593	25.008841	25.009052	25.009235	25.009377	25.009485	25.009558	25.009594	25.009594	25.009560	25.009487	25.009377	25.009233	25.009052	25.008839	25.008593	25.008314	25.008001	25.007660	25.007290	25.006891	25.006466	25.006018	25.005547	25.005054	25.004541	25.004013	25.003468	25.002911	25.002342	25.001764	25.001179	25.000591	
