25.007999	25.015980	25.023891	25.031744	25.039459	25.047070	25.054478	25.061743	25.068737	25.075546	25.082024	25.088268	25.094126	25.099703	25.104847	25.109661	25.114004	25.117970	25.121433	25.124477	25.126999	25.129061	25.130592	25.131634	25.132149	25.132149	25.131636	25.130596	25.129063	25.126999	25.124479	25.121431	25.117973	25.114002	25.109663	25.104845	25.099703	25.094124	25.088266	25.082022	25.075546	25.068737	25.061743	25.054478	25.047071	25.039457	25.031746	25.023891	25.015982	25.007999	
25.015982	25.031891	25.047726	25.063351	25.078815	25.093941	25.108818	25.123222	25.137300	25.150774	25.163830	25.176168	25.187996	25.198999	25.209400	25.218891	25.227673	25.235485	25.242500	25.248489	25.253597	25.257656	25.260761	25.262810	25.263851	25.263851	25.262812	25.260763	25.257656	25.253599	25.248487	25.242502	25.235485	25.227678	25.218889	25.209400	25.199001	25.187996	25.176168	25.163832	25.150772	25.137300	25.123220	25.108818	25.093937	25.078819	25.063349	25.047726	25.031891	25.015982	
25.023890	25.047726	25.071350	25.094799	25.117832	25.140568	25.162689	25.184387	25.205278	25.225607	25.244953	25.263599	25.281094	25.297750	25.313110	25.327490	25.340458	25.352299	25.362646	25.371735	25.379265	25.385424	25.389999	25.393110	25.394648	25.394646	25.393112	25.390003	25.385426	25.379267	25.371737	25.362644	25.352306	25.340458	25.327492	25.313110	25.297750	25.281094	25.263599	25.244949	25.225609	25.205276	25.184389	25.162689	25.140572	25.117834	25.094801	25.071350	25.047726	25.023891	
25.031746	25.063349	25.094799	25.125835	25.156557	25.186594	25.216152	25.244764	25.272724	25.299490	25.325420	25.349934	25.373425	25.395288	25.415937	25.434793	25.452244	25.467760	25.481689	25.493587	25.503735	25.511795	25.517965	25.522036	25.524103	25.524105	25.522034	25.517965	25.511795	25.503738	25.493587	25.481691	25.467760	25.452244	25.434793	25.415939	25.395288	25.373425	25.349934	25.325424	25.299488	25.272724	25.244762	25.216154	25.186592	25.156559	25.125835	25.094799	25.063349	25.031744	
25.039455	25.078815	25.117832	25.156555	25.194597	25.232145	25.268681	25.304510	25.339010	25.372581	25.404530	25.435320	25.464218	25.491718	25.517096	25.540836	25.562258	25.581812	25.598898	25.613903	25.626343	25.636513	25.644075	25.649208	25.651749	25.651745	25.649212	25.644073	25.636515	25.626343	25.613905	25.598898	25.581814	25.562256	25.540836	25.517096	25.491720	25.464218	25.435322	25.404530	25.372583	25.339006	25.304512	25.268677	25.232147	25.194597	25.156555	25.117832	25.078817	25.039455	
25.047070	25.093937	25.140568	25.186592	25.232145	25.276688	25.320513	25.362946	25.404400	25.444098	25.482544	25.518896	25.553720	25.586147	25.616762	25.644728	25.670597	25.693611	25.714262	25.731907	25.746952	25.758905	25.768055	25.774090	25.777157	25.777157	25.774088	25.768053	25.758905	25.746954	25.731907	25.714262	25.693611	25.670599	25.644730	25.616764	25.586149	25.553720	25.518894	25.482544	25.444094	25.404400	25.362944	25.320518	25.276688	25.232147	25.186592	25.140572	25.093935	25.047071	
25.054476	25.108818	25.162689	25.216150	25.268677	25.320513	25.370962	25.420422	25.468063	25.514408	25.558529	25.601030	25.640938	25.678898	25.713942	25.746712	25.776297	25.803288	25.826885	25.847597	25.864777	25.878817	25.889256	25.896345	25.899849	25.899847	25.896345	25.889257	25.878815	25.864777	25.847599	25.826885	25.803288	25.776295	25.746716	25.713943	25.678900	25.640938	25.601032	25.558525	25.514412	25.468063	25.420425	25.370960	25.320517	25.268681	25.216152	25.162691	25.108820	25.054476	
25.061743	25.123222	25.184387	25.244761	25.304510	25.362946	25.420422	25.476089	25.530455	25.582539	25.632957	25.680656	25.726322	25.768875	25.809017	25.845713	25.879633	25.909832	25.936911	25.960068	25.979795	25.995480	26.007475	26.015392	26.019417	26.019419	26.015392	26.007473	25.995480	25.979797	25.960068	25.936913	25.909832	25.879637	25.845715	25.809021	25.768873	25.726324	25.680655	25.632961	25.582535	25.530458	25.476089	25.420424	25.362946	25.304508	25.244766	25.184389	25.123220	25.061745	
25.068737	25.137299	25.205276	25.272724	25.339006	25.404398	25.468063	25.530453	25.590582	25.649040	25.704723	25.758331	25.808704	25.856583	25.900818	25.942148	25.979488	26.013531	26.043318	26.069439	26.091125	26.108829	26.122009	26.130951	26.135372	26.135370	26.130951	26.122009	26.108831	26.091125	26.069439	26.043316	26.013531	25.979488	25.942150	25.900818	25.856586	25.808701	25.758335	25.704720	25.649042	25.590580	25.530457	25.468063	25.404402	25.339008	25.272724	25.205276	25.137300	25.068737	
25.075546	25.150772	25.225607	25.299488	25.372581	25.444096	25.514408	25.582539	25.649038	25.712784	25.774456	25.832840	25.888695	25.940781	25.989882	26.034798	26.076284	26.113249	26.146366	26.174713	26.198839	26.218040	26.232710	26.242405	26.247324	26.247326	26.242405	26.232712	26.218040	26.198841	26.174713	26.146368	26.113247	26.076286	26.034796	25.989883	25.940777	25.888697	25.832840	25.774460	25.712784	25.649042	25.582539	25.514410	25.444096	25.372585	25.299488	25.225611	25.150770	25.075546	
25.082024	25.163830	25.244951	25.325422	25.404530	25.482544	25.558527	25.632959	25.704723	25.774458	25.840925	25.904871	25.965000	26.022110	26.074917	26.124210	26.168789	26.209389	26.244949	26.276104	26.301994	26.323109	26.338844	26.349506	26.354786	26.354786	26.349506	26.338844	26.323112	26.301994	26.276106	26.244949	26.209391	26.168785	26.124212	26.074913	26.022110	25.964998	25.904873	25.840927	25.774460	25.704723	25.632961	25.558529	25.482546	25.404530	25.325424	25.244949	25.163830	25.082020	
25.088268	25.176168	25.263599	25.349934	25.435324	25.518896	25.601032	25.680658	25.758335	25.832842	25.904873	25.973114	26.038349	26.099234	26.156574	26.209084	26.257530	26.300743	26.339420	26.372559	26.400730	26.423180	26.440308	26.451641	26.457390	26.457390	26.451641	26.440310	26.423180	26.400730	26.372559	26.339420	26.300739	26.257534	26.209078	26.156574	26.099230	26.038349	25.973114	25.904873	25.832838	25.758335	25.680656	25.601032	25.518896	25.435324	25.349934	25.263599	25.176165	25.088268	
25.094124	25.187996	25.281094	25.373428	25.464218	25.553722	25.640940	25.726326	25.808706	25.888697	25.965000	26.038347	26.107380	26.172882	26.233511	26.290047	26.341228	26.387794	26.428623	26.464354	26.494083	26.518295	26.536362	26.548590	26.554653	26.554653	26.548592	26.536364	26.518297	26.494080	26.464354	26.428621	26.387794	26.341225	26.290049	26.233505	26.172884	26.107376	26.038349	25.965000	25.888697	25.808704	25.726324	25.640936	25.553720	25.464218	25.373425	25.281094	25.187996	25.094124	
25.099705	25.199001	25.297749	25.395290	25.491722	25.586151	25.678902	25.768877	25.856586	25.940781	26.022112	26.099234	26.172884	26.241695	26.306431	26.365778	26.420471	26.469315	26.512974	26.550430	26.582235	26.607609	26.626944	26.639753	26.646242	26.646242	26.639751	26.626942	26.607609	26.582233	26.550430	26.512972	26.469311	26.420471	26.365772	26.306431	26.241692	26.172884	26.099232	26.022112	25.940777	25.856586	25.768871	25.678902	25.586147	25.491722	25.395287	25.297750	25.198999	25.099705	
25.104847	25.209400	25.313114	25.415939	25.517097	25.616768	25.713943	25.809023	25.900818	25.989883	26.074913	26.156576	26.233509	26.306431	26.374002	26.436939	26.493986	26.545820	26.591328	26.631102	26.664240	26.691193	26.711332	26.724941	26.731699	26.731697	26.724941	26.711330	26.691193	26.664238	26.631104	26.591330	26.545820	26.493984	26.436939	26.373997	26.306433	26.233509	26.156576	26.074913	25.989883	25.900814	25.809023	25.713942	25.616768	25.517094	25.415939	25.313112	25.209400	25.104845	
25.109663	25.218891	25.327492	25.434795	25.540838	25.644728	25.746716	25.845713	25.942154	26.034798	26.124214	26.209082	26.290047	26.365776	26.436939	26.502254	26.562376	26.616131	26.664122	26.705349	26.740305	26.768238	26.789486	26.803589	26.810719	26.810720	26.803589	26.789486	26.768234	26.740307	26.705347	26.664122	26.616131	26.562374	26.502251	26.436939	26.365774	26.290047	26.209080	26.124214	26.034796	25.942150	25.845711	25.746716	25.644726	25.540840	25.434793	25.327494	25.218887	25.109663	
25.114002	25.227676	25.340462	25.452248	25.562260	25.670599	25.776297	25.879639	25.979488	26.076286	26.168789	26.257534	26.341230	26.420471	26.493988	26.562376	26.624445	26.680763	26.730284	26.773495	26.809553	26.838833	26.860752	26.875536	26.882893	26.882893	26.875540	26.860750	26.838837	26.809553	26.773495	26.730284	26.680763	26.624443	26.562374	26.493984	26.420471	26.341227	26.257534	26.168789	26.076286	25.979488	25.879639	25.776295	25.670601	25.562256	25.452248	25.340458	25.227676	25.114002	
25.117970	25.235487	25.352304	25.467762	25.581814	25.693611	25.803291	25.909832	26.013533	26.113249	26.209391	26.300743	26.387793	26.469315	26.545820	26.616135	26.680763	26.738640	26.790226	26.834614	26.872189	26.902262	26.925102	26.940287	26.947948	26.947952	26.940287	26.925106	26.902260	26.872189	26.834614	26.790222	26.738640	26.680763	26.616131	26.545818	26.469311	26.387794	26.300743	26.209391	26.113249	26.013535	25.909832	25.803291	25.693607	25.581816	25.467758	25.352303	25.235485	25.117970	
25.121433	25.242500	25.362648	25.481691	25.598900	25.714262	25.826885	25.936913	26.043318	26.146370	26.244951	26.339420	26.428625	26.512974	26.591331	26.664124	26.730286	26.790226	26.843014	26.889002	26.927441	26.958603	26.981968	26.997704	27.005543	27.005541	26.997707	26.981966	26.958607	26.927441	26.889002	26.843014	26.790224	26.730284	26.664120	26.591328	26.512972	26.428623	26.339420	26.244949	26.146370	26.043316	25.936916	25.826885	25.714266	25.598898	25.481693	25.362644	25.242500	25.121433	
25.124477	25.248489	25.371735	25.493591	25.613905	25.731911	25.847599	25.960068	26.069439	26.174715	26.276106	26.372559	26.464355	26.550430	26.631104	26.705351	26.773499	26.834616	26.889004	26.935879	26.975494	27.007254	27.031334	27.047371	27.055450	27.055450	27.047367	27.031338	27.007252	26.975492	26.935879	26.889000	26.834616	26.773495	26.705351	26.631098	26.550428	26.464352	26.372555	26.276104	26.174713	26.069443	25.960068	25.847603	25.731907	25.613907	25.493587	25.371737	25.248489	25.124477	
25.126999	25.253599	25.379267	25.503738	25.626347	25.746952	25.864780	25.979795	26.091129	26.198841	26.301998	26.400732	26.494083	26.582233	26.664238	26.740309	26.809555	26.872189	26.927441	26.975494	27.015730	27.048290	27.072748	27.089188	27.097393	27.097393	27.089190	27.072742	27.048290	27.015728	26.975492	26.927441	26.872187	26.809555	26.740303	26.664238	26.582232	26.494080	26.400732	26.301994	26.198841	26.091129	25.979797	25.864777	25.746956	25.626343	25.503738	25.379267	25.253597	25.126999	
25.129061	25.257656	25.385426	25.511799	25.636515	25.758907	25.878815	25.995483	26.108829	26.218044	26.323109	26.423183	26.518295	26.607605	26.691193	26.768236	26.838840	26.902262	26.958607	27.007254	27.048290	27.081253	27.106197	27.122841	27.131208	27.131210	27.122837	27.106195	27.081249	27.048290	27.007252	26.958603	26.902260	26.838835	26.768236	26.691189	26.607607	26.518295	26.423180	26.323109	26.218044	26.108831	25.995483	25.878817	25.758907	25.636517	25.511797	25.385427	25.257656	25.129061	
25.130594	25.260763	25.390003	25.517967	25.644077	25.768055	25.889257	26.007477	26.122013	26.232712	26.338844	26.440310	26.536366	26.626944	26.711329	26.789488	26.860752	26.925106	26.981968	27.031336	27.072746	27.106195	27.131371	27.148258	27.156706	27.156704	27.148258	27.131367	27.106197	27.072742	27.031336	26.981964	26.925102	26.860750	26.789486	26.711329	26.626942	26.536362	26.440310	26.338846	26.232712	26.122013	26.007477	25.889257	25.768055	25.644073	25.517967	25.390003	25.260761	25.130594	
25.131636	25.262814	25.393116	25.522034	25.649212	25.774090	25.896345	26.015394	26.130951	26.242405	26.349506	26.451641	26.548594	26.639751	26.724941	26.803589	26.875538	26.940287	26.997704	27.047371	27.089188	27.122839	27.148258	27.165249	27.173779	27.173779	27.165249	27.148258	27.122837	27.089188	27.047369	26.997702	26.940285	26.875538	26.803589	26.724939	26.639751	26.548590	26.451641	26.349506	26.242405	26.130955	26.015394	25.896347	25.774090	25.649210	25.522034	25.393112	25.262810	25.131636	
25.132151	25.263853	25.394650	25.524107	25.651747	25.777159	25.899851	26.019421	26.135372	26.247326	26.354786	26.457388	26.554653	26.646240	26.731695	26.810717	26.882891	26.947952	27.005543	27.055450	27.097393	27.131208	27.156706	27.173780	27.182333	27.182333	27.173780	27.156704	27.131210	27.097391	27.055449	27.005541	26.947948	26.882893	26.810719	26.731697	26.646238	26.554653	26.457390	26.354788	26.247326	26.135372	26.019421	25.899851	25.777159	25.651747	25.524105	25.394650	25.263853	25.132151	
25.132151	25.263853	25.394650	25.524107	25.651747	25.777159	25.899851	26.019421	26.135372	26.247326	26.354786	26.457388	26.554653	26.646240	26.731695	26.810717	26.882891	26.947952	27.005543	27.055450	27.097393	27.131208	27.156706	27.173780	27.182333	27.182333	27.173780	27.156704	27.131210	27.097391	27.055449	27.005541	26.947948	26.882893	26.810719	26.731697	26.646238	26.554653	26.457390	26.354788	26.247326	26.135372	26.019421	25.899851	25.777159	25.651747	25.524105	25.394650	25.263853	25.132151	
25.131636	25.262814	25.393116	25.522034	25.649212	25.774090	25.896345	26.015394	26.130951	26.242405	26.349506	26.451641	26.548594	26.639751	26.724941	26.803589	26.875538	26.940287	26.997704	27.047371	27.089188	27.122839	27.148258	27.165249	27.173779	27.173779	27.165249	27.148258	27.122837	27.089188	27.047369	26.997702	26.940285	26.875538	26.803589	26.724939	26.639751	26.548590	26.451641	26.349506	26.242405	26.130955	26.015394	25.896347	25.774090	25.649210	25.522034	25.393112	25.262810	25.131636	
25.130594	25.260763	25.390003	25.517967	25.644077	25.768055	25.889257	26.007477	26.122013	26.232712	26.338844	26.440310	26.536366	26.626944	26.711329	26.789488	26.860752	26.925106	26.981968	27.031336	27.072746	27.106195	27.131371	27.148258	27.156706	27.156704	27.148258	27.131367	27.106197	27.072742	27.031336	26.981964	26.925102	26.860750	26.789486	26.711329	26.626942	26.536362	26.440310	26.338846	26.232712	26.122013	26.007477	25.889257	25.768055	25.644073	25.517967	25.390003	25.260761	25.130594	
25.129061	25.257656	25.385426	25.511799	25.636515	25.758907	25.878815	25.995483	26.108829	26.218044	26.323109	26.423183	26.518295	26.607605	26.691193	26.768236	26.838840	26.902262	26.958607	27.007254	27.048290	27.081253	27.106197	27.122841	27.131208	27.131210	27.122837	27.106195	27.081249	27.048290	27.007252	26.958603	26.902260	26.838835	26.768236	26.691189	26.607607	26.518295	26.423180	26.323109	26.218044	26.108831	25.995483	25.878817	25.758907	25.636517	25.511797	25.385427	25.257656	25.129061	
25.126999	25.253599	25.379267	25.503738	25.626347	25.746952	25.864780	25.979795	26.091129	26.198841	26.301998	26.400732	26.494083	26.582233	26.664238	26.740309	26.809555	26.872189	26.927441	26.975494	27.015730	27.048290	27.072748	27.089188	27.097393	27.097393	27.089190	27.072742	27.048290	27.015728	26.975492	26.927441	26.872187	26.809555	26.740303	26.664238	26.582232	26.494080	26.400732	26.301994	26.198841	26.091129	25.979797	25.864777	25.746956	25.626343	25.503738	25.379267	25.253597	25.126999	
25.124477	25.248489	25.371735	25.493591	25.613905	25.731911	25.847599	25.960068	26.069439	26.174715	26.276106	26.372559	26.464355	26.550430	26.631104	26.705351	26.773499	26.834616	26.889004	26.935879	26.975494	27.007254	27.031334	27.047371	27.055450	27.055450	27.047367	27.031338	27.007252	26.975492	26.935879	26.889000	26.834616	26.773495	26.705351	26.631098	26.550428	26.464352	26.372555	26.276104	26.174713	26.069443	25.960068	25.847603	25.731907	25.613907	25.493587	25.371737	25.248489	25.124477	
25.121433	25.242500	25.362648	25.481691	25.598900	25.714262	25.826885	25.936913	26.043318	26.146370	26.244951	26.339420	26.428625	26.512974	26.591331	26.664124	26.730286	26.790226	26.843014	26.889002	26.927441	26.958603	26.981968	26.997704	27.005543	27.005541	26.997707	26.981966	26.958607	26.927441	26.889002	26.843014	26.790224	26.730284	26.664120	26.591328	26.512972	26.428623	26.339420	26.244949	26.146370	26.043316	25.936916	25.826885	25.714266	25.598898	25.481693	25.362644	25.242500	25.121433	
25.117970	25.235487	25.352304	25.467762	25.581814	25.693611	25.803291	25.909832	26.013533	26.113249	26.209391	26.300743	26.387793	26.469315	26.545820	26.616135	26.680763	26.738640	26.790226	26.834614	26.872189	26.902262	26.925102	26.940287	26.947948	26.947952	26.940287	26.925106	26.902260	26.872189	26.834614	26.790222	26.738640	26.680763	26.616131	26.545818	26.469311	26.387794	26.300743	26.209391	26.113249	26.013535	25.909832	25.803291	25.693607	25.581816	25.467758	25.352303	25.235485	25.117970	
25.114002	25.227676	25.340462	25.452248	25.562260	25.670599	25.776297	25.879639	25.979488	26.076286	26.168789	26.257534	26.341230	26.420471	26.493988	26.562376	26.624445	26.680763	26.730284	26.773495	26.809553	26.838833	26.860752	26.875536	26.882893	26.882893	26.875540	26.860750	26.838837	26.809553	26.773495	26.730284	26.680763	26.624443	26.562374	26.493984	26.420471	26.341227	26.257534	26.168789	26.076286	25.979488	25.879639	25.776295	25.670601	25.562256	25.452248	25.340458	25.227676	25.114002	
25.109663	25.218891	25.327492	25.434795	25.540838	25.644728	25.746716	25.845713	25.942154	26.034798	26.124214	26.209082	26.290047	26.365776	26.436939	26.502254	26.562376	26.616131	26.664122	26.705349	26.740305	26.768238	26.789486	26.803589	26.810719	26.810720	26.803589	26.789486	26.768234	26.740307	26.705347	26.664122	26.616131	26.562374	26.502251	26.436939	26.365774	26.290047	26.209080	26.124214	26.034796	25.942150	25.845711	25.746716	25.644726	25.540840	25.434793	25.327494	25.218887	25.109663	
25.104847	25.209400	25.313114	25.415939	25.517097	25.616768	25.713943	25.809023	25.900818	25.989883	26.074913	26.156576	26.233509	26.306431	26.374002	26.436939	26.493986	26.545820	26.591328	26.631102	26.664240	26.691193	26.711332	26.724941	26.731699	26.731697	26.724941	26.711330	26.691193	26.664238	26.631104	26.591330	26.545820	26.493984	26.436939	26.373997	26.306433	26.233509	26.156576	26.074913	25.989883	25.900814	25.809023	25.713942	25.616768	25.517094	25.415939	25.313112	25.209400	25.104845	
25.099705	25.199001	25.297749	25.395290	25.491722	25.586151	25.678902	25.768877	25.856586	25.940781	26.022112	26.099234	26.172884	26.241695	26.306431	26.365778	26.420471	26.469315	26.512974	26.550430	26.582235	26.607609	26.626944	26.639753	26.646242	26.646242	26.639751	26.626942	26.607609	26.582233	26.550430	26.512972	26.469311	26.420471	26.365772	26.306431	26.241692	26.172884	26.099232	26.022112	25.940777	25.856586	25.768871	25.678902	25.586147	25.491722	25.395287	25.297750	25.198999	25.099705	
25.094124	25.187996	25.281094	25.373428	25.464218	25.553722	25.640940	25.726326	25.808706	25.888697	25.965000	26.038347	26.107380	26.172882	26.233511	26.290047	26.341228	26.387794	26.428623	26.464354	26.494083	26.518295	26.536362	26.548590	26.554653	26.554653	26.548592	26.536364	26.518297	26.494080	26.464354	26.428621	26.387794	26.341225	26.290049	26.233505	26.172884	26.107376	26.038349	25.965000	25.888697	25.808704	25.726324	25.640936	25.553720	25.464218	25.373425	25.281094	25.187996	25.094124	
25.088268	25.176168	25.263599	25.349934	25.435324	25.518896	25.601032	25.680658	25.758335	25.832842	25.904873	25.973114	26.038349	26.099234	26.156574	26.209084	26.257530	26.300743	26.339420	26.372559	26.400730	26.423180	26.440308	26.451641	26.457390	26.457390	26.451641	26.440310	26.423180	26.400730	26.372559	26.339420	26.300739	26.257534	26.209078	26.156574	26.099230	26.038349	25.973114	25.904873	25.832838	25.758335	25.680656	25.601032	25.518896	25.435324	25.349934	25.263599	25.176165	25.088268	
25.082024	25.163830	25.244951	25.325422	25.404530	25.482544	25.558527	25.632959	25.704723	25.774458	25.840925	25.904871	25.965000	26.022110	26.074917	26.124210	26.168789	26.209389	26.244949	26.276104	26.301994	26.323109	26.338844	26.349506	26.354786	26.354786	26.349506	26.338844	26.323112	26.301994	26.276106	26.244949	26.209391	26.168785	26.124212	26.074913	26.022110	25.964998	25.904873	25.840927	25.774460	25.704723	25.632961	25.558529	25.482546	25.404530	25.325424	25.244949	25.163830	25.082020	
25.075546	25.150772	25.225607	25.299488	25.372581	25.444096	25.514408	25.582539	25.649038	25.712784	25.774456	25.832840	25.888695	25.940781	25.989882	26.034798	26.076284	26.113249	26.146366	26.174713	26.198839	26.218040	26.232710	26.242405	26.247324	26.247326	26.242405	26.232712	26.218040	26.198841	26.174713	26.146368	26.113247	26.076286	26.034796	25.989883	25.940777	25.888697	25.832840	25.774460	25.712784	25.649042	25.582539	25.514410	25.444096	25.372585	25.299488	25.225611	25.150770	25.075546	
25.068737	25.137299	25.205276	25.272724	25.339006	25.404398	25.468063	25.530453	25.590582	25.649040	25.704723	25.758331	25.808704	25.856583	25.900818	25.942148	25.979488	26.013531	26.043318	26.069439	26.091125	26.108829	26.122009	26.130951	26.135372	26.135370	26.130951	26.122009	26.108831	26.091125	26.069439	26.043316	26.013531	25.979488	25.942150	25.900818	25.856586	25.808701	25.758335	25.704720	25.649042	25.590580	25.530457	25.468063	25.404402	25.339008	25.272724	25.205276	25.137300	25.068737	
25.061743	25.123222	25.184387	25.244761	25.304510	25.362946	25.420422	25.476089	25.530455	25.582539	25.632957	25.680656	25.726322	25.768875	25.809017	25.845713	25.879633	25.909832	25.936911	25.960068	25.979795	25.995480	26.007475	26.015392	26.019417	26.019419	26.015392	26.007473	25.995480	25.979797	25.960068	25.936913	25.909832	25.879637	25.845715	25.809021	25.768873	25.726324	25.680655	25.632961	25.582535	25.530458	25.476089	25.420424	25.362946	25.304508	25.244766	25.184389	25.123220	25.061745	
25.054476	25.108818	25.162689	25.216150	25.268677	25.320513	25.370962	25.420422	25.468063	25.514408	25.558529	25.601030	25.640938	25.678898	25.713942	25.746712	25.776297	25.803288	25.826885	25.847597	25.864777	25.878817	25.889256	25.896345	25.899849	25.899847	25.896345	25.889257	25.878815	25.864777	25.847599	25.826885	25.803288	25.776295	25.746716	25.713943	25.678900	25.640938	25.601032	25.558525	25.514412	25.468063	25.420425	25.370960	25.320517	25.268681	25.216152	25.162691	25.108820	25.054476	
25.047070	25.093937	25.140568	25.186592	25.232145	25.276688	25.320513	25.362946	25.404400	25.444098	25.482544	25.518896	25.553720	25.586147	25.616762	25.644728	25.670597	25.693611	25.714262	25.731907	25.746952	25.758905	25.768055	25.774090	25.777157	25.777157	25.774088	25.768053	25.758905	25.746954	25.731907	25.714262	25.693611	25.670599	25.644730	25.616764	25.586149	25.553720	25.518894	25.482544	25.444094	25.404400	25.362944	25.320518	25.276688	25.232147	25.186592	25.140572	25.093935	25.047071	
25.039455	25.078815	25.117832	25.156555	25.194597	25.232145	25.268681	25.304510	25.339010	25.372581	25.404530	25.435320	25.464218	25.491718	25.517096	25.540836	25.562258	25.581812	25.598898	25.613903	25.626343	25.636513	25.644075	25.649208	25.651749	25.651745	25.649212	25.644073	25.636515	25.626343	25.613905	25.598898	25.581814	25.562256	25.540836	25.517096	25.491720	25.464218	25.435322	25.404530	25.372583	25.339006	25.304512	25.268677	25.232147	25.194597	25.156555	25.117832	25.078817	25.039455	
25.031746	25.063349	25.094799	25.125835	25.156557	25.186594	25.216152	25.244764	25.272724	25.299490	25.325420	25.349934	25.373425	25.395288	25.415937	25.434793	25.452244	25.467760	25.481689	25.493587	25.503735	25.511795	25.517965	25.522036	25.524103	25.524105	25.522034	25.517965	25.511795	25.503738	25.493587	25.481691	25.467760	25.452244	25.434793	25.415939	25.395288	25.373425	25.349934	25.325424	25.299488	25.272724	25.244762	25.216154	25.186592	25.156559	25.125835	25.094799	25.063349	25.031744	
25.023890	25.047726	25.071350	25.094799	25.117832	25.140568	25.162689	25.184387	25.205278	25.225607	25.244953	25.263599	25.281094	25.297750	25.313110	25.327490	25.340458	25.352299	25.362646	25.371735	25.379265	25.385424	25.389999	25.393110	25.394648	25.394646	25.393112	25.390003	25.385426	25.379267	25.371737	25.362644	25.352306	25.340458	25.327492	25.313110	25.297750	25.281094	25.263599	25.244949	25.225609	25.205276	25.184389	25.162689	25.140572	25.117834	25.094801	25.071350	25.047726	25.023891	
25.015982	25.031891	25.047726	25.063351	25.078815	25.093941	25.108818	25.123222	25.137300	25.150774	25.163830	25.176168	25.187996	25.198999	25.209400	25.218891	25.227673	25.235485	25.242500	25.248489	25.253597	25.257656	25.260761	25.262810	25.263851	25.263851	25.262812	25.260763	25.257656	25.253599	25.248487	25.242502	25.235485	25.227678	25.218889	25.209400	25.199001	25.187996	25.176168	25.163832	25.150772	25.137300	25.123220	25.108818	25.093937	25.078819	25.063349	25.047726	25.031891	25.015982	
25.007999	25.015980	25.023891	25.031744	25.039459	25.047070	25.054478	25.061743	25.068737	25.075546	25.082024	25.088268	25.094126	25.099703	25.104847	25.109661	25.114004	25.117970	25.121433	25.124477	25.126999	25.129061	25.130592	25.131634	25.132149	25.132149	25.131636	25.130596	25.129063	25.126999	25.124479	25.121431	25.117973	25.114002	25.109663	25.104845	25.099703	25.094124	25.088266	25.082022	25.075546	25.068737	25.061743	25.054478	25.047071	25.039457	25.031746	25.023891	25.015982	25.007999	
