25.001221	25.002441	25.003649	25.004845	25.006020	25.007175	25.008301	25.009396	25.010456	25.011475	25.012451	25.013378	25.014259	25.015081	25.015850	25.016556	25.017200	25.017778	25.018290	25.018730	25.019104	25.019400	25.019627	25.019775	25.019852	25.019852	25.019775	25.019627	25.019402	25.019104	25.018732	25.018290	25.017780	25.017200	25.016556	25.015850	25.015083	25.014259	25.013380	25.012451	25.011475	25.010456	25.009396	25.008301	25.007175	25.006020	25.004845	25.003651	25.002441	25.001223	
25.002441	25.004871	25.007286	25.009670	25.012018	25.014324	25.016571	25.018757	25.020870	25.022907	25.024857	25.026711	25.028461	25.030109	25.031639	25.033051	25.034336	25.035488	25.036510	25.037394	25.038132	25.038731	25.039177	25.039478	25.039627	25.039627	25.039478	25.039177	25.038731	25.038136	25.037392	25.036512	25.035490	25.034336	25.033051	25.031639	25.030109	25.028465	25.026711	25.024857	25.022907	25.020870	25.018757	25.016571	25.014320	25.012020	25.009672	25.007286	25.004871	25.002441	
25.003649	25.007286	25.010893	25.014462	25.017971	25.021416	25.024778	25.028046	25.031208	25.034252	25.037167	25.039938	25.042561	25.045017	25.047310	25.049417	25.051340	25.053066	25.054592	25.055912	25.057020	25.057907	25.058582	25.059027	25.059254	25.059254	25.059031	25.058582	25.057911	25.057018	25.055912	25.054594	25.053070	25.051342	25.049419	25.047308	25.045019	25.042561	25.039936	25.037167	25.034250	25.031208	25.028046	25.024776	25.021416	25.017971	25.014458	25.010895	25.007284	25.003649	
25.004845	25.009670	25.014462	25.019196	25.023857	25.028427	25.032890	25.037230	25.041426	25.045467	25.049334	25.053017	25.056492	25.059761	25.062798	25.065601	25.068150	25.070444	25.072468	25.074219	25.075687	25.076872	25.077761	25.078358	25.078655	25.078657	25.078358	25.077763	25.076870	25.075691	25.074221	25.072470	25.070446	25.068153	25.065598	25.062799	25.059759	25.056496	25.053017	25.049335	25.045467	25.041426	25.037228	25.032890	25.028423	25.023857	25.019194	25.014460	25.009670	25.004845	
25.006020	25.012020	25.017973	25.023857	25.029652	25.035332	25.040878	25.046272	25.051489	25.056509	25.061317	25.065887	25.070217	25.074272	25.078053	25.081530	25.084702	25.087551	25.090069	25.092247	25.094070	25.095539	25.096647	25.097389	25.097759	25.097757	25.097389	25.096645	25.095543	25.094072	25.092247	25.090073	25.087555	25.084702	25.081532	25.078049	25.074276	25.070215	25.065891	25.061317	25.056511	25.051487	25.046272	25.040878	25.035332	25.029648	25.023855	25.017971	25.012020	25.006020	
25.007175	25.014320	25.021416	25.028429	25.035332	25.042101	25.048710	25.055138	25.061354	25.067339	25.073063	25.078518	25.083668	25.088509	25.093004	25.097157	25.100929	25.104328	25.107327	25.109922	25.112099	25.113848	25.115168	25.116051	25.116491	25.116493	25.116051	25.115170	25.113848	25.112099	25.109921	25.107330	25.104328	25.100933	25.097153	25.093008	25.088505	25.083672	25.078516	25.073067	25.067339	25.061354	25.055138	25.048710	25.042099	25.035330	25.028425	25.021416	25.014320	25.007175	
25.008301	25.016571	25.024780	25.032890	25.040880	25.048710	25.056362	25.063793	25.070988	25.077911	25.084541	25.090845	25.096809	25.102402	25.107613	25.112404	25.116779	25.120707	25.124180	25.127180	25.129698	25.131725	25.133251	25.134270	25.134781	25.134781	25.134272	25.133247	25.131725	25.129700	25.127182	25.124180	25.120708	25.116779	25.112411	25.107609	25.102404	25.096806	25.090847	25.084538	25.077911	25.070988	25.063793	25.056360	25.048710	25.040878	25.032890	25.024776	25.016571	25.008301	
25.009396	25.018757	25.028046	25.037231	25.046272	25.055138	25.063793	25.072212	25.080351	25.088188	25.095688	25.102829	25.109577	25.115913	25.121801	25.127239	25.132183	25.136631	25.140560	25.143957	25.146809	25.149099	25.150826	25.151981	25.152561	25.152561	25.151981	25.150829	25.149099	25.146809	25.143955	25.140562	25.136631	25.132187	25.127234	25.121807	25.115910	25.109577	25.102829	25.095690	25.088188	25.080349	25.072208	25.063793	25.055138	25.046270	25.037230	25.028046	25.018757	25.009396	
25.010456	25.020870	25.031208	25.041428	25.051489	25.061352	25.070988	25.080349	25.089409	25.098129	25.106480	25.114420	25.121933	25.128979	25.135540	25.141577	25.147091	25.152035	25.156410	25.160187	25.163357	25.165909	25.167833	25.169117	25.169765	25.169762	25.169119	25.167830	25.165909	25.163359	25.160191	25.156406	25.152039	25.147087	25.141582	25.135536	25.128979	25.121929	25.114422	25.106476	25.098129	25.089409	25.080351	25.070986	25.061352	25.051487	25.041426	25.031208	25.020870	25.010456	
25.011475	25.022907	25.034248	25.045467	25.056509	25.067337	25.077909	25.088188	25.098127	25.107700	25.116859	25.125582	25.133823	25.141560	25.148754	25.155392	25.161430	25.166866	25.171661	25.175812	25.179291	25.182091	25.184200	25.185614	25.186317	25.186319	25.185610	25.184200	25.182091	25.179293	25.175808	25.171665	25.166861	25.161434	25.155388	25.148758	25.141556	25.133823	25.125580	25.116861	25.107700	25.098129	25.088186	25.077909	25.067337	25.056507	25.045467	25.034252	25.022907	25.011475	
25.012451	25.024853	25.037167	25.049332	25.061316	25.073063	25.084538	25.095688	25.106476	25.116859	25.126802	25.136261	25.145208	25.153599	25.161411	25.168606	25.175169	25.181057	25.186268	25.190765	25.194544	25.197580	25.199871	25.201401	25.202169	25.202168	25.201405	25.199867	25.197582	25.194542	25.190769	25.186264	25.181061	25.175163	25.168610	25.161409	25.153603	25.145206	25.136265	25.126801	25.116863	25.106476	25.095688	25.084536	25.073065	25.061317	25.049332	25.037167	25.024855	25.012451	
25.013382	25.026709	25.039936	25.053013	25.065887	25.078516	25.090841	25.102827	25.114418	25.125580	25.136261	25.146431	25.156040	25.165062	25.173449	25.181190	25.188229	25.194569	25.200161	25.204998	25.209055	25.212322	25.214779	25.216429	25.217251	25.217251	25.216425	25.214783	25.212322	25.209059	25.204996	25.200165	25.194565	25.188234	25.181185	25.173454	25.165058	25.156044	25.146429	25.136265	25.125580	25.114422	25.102829	25.090845	25.078516	25.065891	25.053017	25.039940	25.026711	25.013380	
25.014259	25.028463	25.042559	25.056492	25.070213	25.083668	25.096806	25.109573	25.121931	25.133820	25.145206	25.156038	25.166283	25.175888	25.184837	25.193075	25.200590	25.207333	25.213303	25.218451	25.222778	25.226254	25.228880	25.230629	25.231510	25.231506	25.230633	25.228878	25.226257	25.222775	25.218454	25.213297	25.207336	25.200584	25.193079	25.184834	25.175892	25.166283	25.156042	25.145206	25.133823	25.121929	25.109577	25.096806	25.083670	25.070215	25.056496	25.042561	25.028461	25.014259	
25.015083	25.030106	25.045017	25.059761	25.074270	25.088505	25.102400	25.115910	25.128975	25.141558	25.153599	25.165058	25.175890	25.186058	25.195515	25.204239	25.212177	25.219322	25.225626	25.231079	25.235651	25.239334	25.242104	25.243965	25.244888	25.244892	25.243961	25.242107	25.239330	25.235655	25.231075	25.225628	25.219318	25.212181	25.204235	25.195518	25.186058	25.175892	25.165060	25.153599	25.141556	25.128979	25.115910	25.102402	25.088505	25.074272	25.059759	25.045019	25.030109	25.015083	
25.015846	25.031635	25.047308	25.062796	25.078049	25.093002	25.107607	25.121799	25.135536	25.148754	25.161409	25.173450	25.184834	25.195517	25.205460	25.214619	25.222971	25.230469	25.237103	25.242825	25.247637	25.251499	25.254417	25.256363	25.257343	25.257339	25.256367	25.254416	25.251503	25.247631	25.242828	25.237099	25.230473	25.222969	25.214621	25.205460	25.195520	25.184837	25.173450	25.161407	25.148756	25.135536	25.121803	25.107609	25.093006	25.078049	25.062798	25.047308	25.031639	25.015848	
25.016556	25.033051	25.049416	25.065598	25.081528	25.097151	25.112404	25.127235	25.141579	25.155388	25.168604	25.181187	25.193077	25.204235	25.214621	25.224194	25.232910	25.240751	25.247669	25.253656	25.258675	25.262718	25.265759	25.267799	25.268814	25.268818	25.267796	25.265762	25.262714	25.258678	25.253654	25.247673	25.240749	25.232912	25.224190	25.214622	25.204237	25.193077	25.181187	25.168608	25.155388	25.141582	25.127235	25.112404	25.097155	25.081528	25.065598	25.049417	25.033051	25.016556	
25.017199	25.034334	25.051342	25.068148	25.084702	25.100929	25.116779	25.132181	25.147085	25.161430	25.175165	25.188231	25.200588	25.212177	25.222969	25.232910	25.241972	25.250111	25.257305	25.263521	25.268742	25.272934	25.276098	25.278210	25.279272	25.279270	25.278214	25.276096	25.272936	25.268738	25.263523	25.257305	25.250114	25.241970	25.232914	25.222969	25.212181	25.200586	25.188234	25.175163	25.161434	25.147089	25.132183	25.116779	25.100929	25.084702	25.068150	25.051340	25.034332	25.017200	
25.017776	25.035490	25.053066	25.070442	25.087551	25.104328	25.120705	25.136629	25.152033	25.166862	25.181053	25.194565	25.207335	25.219318	25.230471	25.240747	25.250111	25.258530	25.265963	25.272390	25.277779	25.282120	25.285385	25.287575	25.288668	25.288666	25.287573	25.285389	25.282120	25.277782	25.272388	25.265965	25.258528	25.250114	25.240746	25.230473	25.219318	25.207338	25.194565	25.181059	25.166862	25.152035	25.136631	25.120707	25.104328	25.087551	25.070444	25.053066	25.035490	25.017776	
25.018288	25.036510	25.054592	25.072468	25.090069	25.107327	25.124180	25.140556	25.156408	25.171658	25.186264	25.200161	25.213299	25.225624	25.237099	25.247669	25.257305	25.265963	25.273611	25.280220	25.285770	25.290232	25.293594	25.295841	25.296968	25.296970	25.295843	25.293594	25.290234	25.285769	25.280222	25.273609	25.265965	25.257305	25.247673	25.237099	25.225628	25.213297	25.200161	25.186264	25.171661	25.156406	25.140558	25.124180	25.107327	25.090069	25.072466	25.054592	25.036510	25.018291	
25.018730	25.037392	25.055910	25.074219	25.092243	25.109924	25.127178	25.143955	25.160183	25.175808	25.190762	25.204996	25.218451	25.231075	25.242826	25.253654	25.263519	25.272388	25.280220	25.286991	25.292671	25.297245	25.300688	25.302990	25.304146	25.304144	25.302990	25.300690	25.297245	25.292673	25.286991	25.280220	25.272388	25.263523	25.253654	25.242828	25.231077	25.218451	25.204996	25.190765	25.175810	25.160187	25.143955	25.127178	25.109921	25.092243	25.074219	25.055912	25.037392	25.018730	
25.019100	25.038132	25.057018	25.075686	25.094072	25.112095	25.129698	25.146803	25.163357	25.179287	25.194540	25.209055	25.222775	25.235653	25.247631	25.258677	25.268738	25.277779	25.285769	25.292671	25.298466	25.303127	25.306641	25.308990	25.310163	25.310167	25.308990	25.306641	25.303129	25.298466	25.292671	25.285767	25.277781	25.268738	25.258678	25.247633	25.235653	25.222775	25.209053	25.194542	25.179291	25.163357	25.146807	25.129696	25.112095	25.094070	25.075689	25.057018	25.038136	25.019104	
25.019402	25.038729	25.057907	25.076870	25.095539	25.113850	25.131721	25.149097	25.165909	25.182089	25.197578	25.212318	25.226257	25.239330	25.251501	25.262714	25.272936	25.282120	25.290230	25.297243	25.303127	25.307861	25.311428	25.313814	25.315010	25.315010	25.313816	25.311430	25.307863	25.303127	25.297245	25.290232	25.282118	25.272934	25.262716	25.251503	25.239332	25.226254	25.212318	25.197578	25.182089	25.165911	25.149097	25.131721	25.113846	25.095541	25.076872	25.057911	25.038731	25.019402	
25.019625	25.039177	25.058582	25.077759	25.096647	25.115166	25.133247	25.150826	25.167830	25.184198	25.199867	25.214779	25.228878	25.242105	25.254416	25.265762	25.276096	25.285387	25.293594	25.300686	25.306639	25.311428	25.315037	25.317451	25.318657	25.318661	25.317450	25.315039	25.311432	25.306641	25.300688	25.293592	25.285385	25.276096	25.265760	25.254414	25.242104	25.228876	25.214779	25.199869	25.184200	25.167831	25.150826	25.133247	25.115166	25.096647	25.077763	25.058582	25.039181	25.019627	
25.019775	25.039478	25.059029	25.078358	25.097385	25.116047	25.134270	25.151981	25.169117	25.185608	25.201399	25.216423	25.230631	25.243959	25.256367	25.267796	25.278212	25.287571	25.295841	25.302990	25.308987	25.313812	25.317451	25.319881	25.321102	25.321102	25.319885	25.317451	25.313816	25.308989	25.302990	25.295841	25.287573	25.278210	25.267796	25.256363	25.243958	25.230629	25.216425	25.201401	25.185612	25.169117	25.151981	25.134270	25.116049	25.097387	25.078358	25.059029	25.039478	25.019777	
25.019852	25.039627	25.059254	25.078655	25.097759	25.116489	25.134781	25.152559	25.169760	25.186317	25.202168	25.217251	25.231508	25.244888	25.257341	25.268818	25.279270	25.288666	25.296967	25.304144	25.310163	25.315006	25.318657	25.321100	25.322323	25.322327	25.321102	25.318661	25.315010	25.310165	25.304142	25.296968	25.288666	25.279270	25.268814	25.257339	25.244888	25.231508	25.217249	25.202168	25.186317	25.169760	25.152561	25.134781	25.116489	25.097757	25.078655	25.059254	25.039629	25.019852	
25.019852	25.039627	25.059254	25.078655	25.097759	25.116489	25.134781	25.152559	25.169760	25.186317	25.202168	25.217251	25.231508	25.244888	25.257341	25.268818	25.279270	25.288666	25.296967	25.304144	25.310163	25.315006	25.318657	25.321100	25.322323	25.322327	25.321102	25.318661	25.315010	25.310165	25.304142	25.296968	25.288666	25.279270	25.268814	25.257339	25.244888	25.231508	25.217249	25.202168	25.186317	25.169760	25.152561	25.134781	25.116489	25.097757	25.078655	25.059254	25.039629	25.019852	
25.019775	25.039478	25.059029	25.078358	25.097385	25.116047	25.134270	25.151981	25.169117	25.185608	25.201399	25.216423	25.230631	25.243959	25.256367	25.267796	25.278212	25.287571	25.295841	25.302990	25.308987	25.313812	25.317451	25.319881	25.321102	25.321102	25.319885	25.317451	25.313816	25.308989	25.302990	25.295841	25.287573	25.278210	25.267796	25.256363	25.243958	25.230629	25.216425	25.201401	25.185612	25.169117	25.151981	25.134270	25.116049	25.097387	25.078358	25.059029	25.039478	25.019777	
25.019625	25.039177	25.058582	25.077759	25.096647	25.115166	25.133247	25.150826	25.167830	25.184198	25.199867	25.214779	25.228878	25.242105	25.254416	25.265762	25.276096	25.285387	25.293594	25.300686	25.306639	25.311428	25.315037	25.317451	25.318657	25.318661	25.317450	25.315039	25.311432	25.306641	25.300688	25.293592	25.285385	25.276096	25.265760	25.254414	25.242104	25.228876	25.214779	25.199869	25.184200	25.167831	25.150826	25.133247	25.115166	25.096647	25.077763	25.058582	25.039181	25.019627	
25.019402	25.038729	25.057907	25.076870	25.095539	25.113850	25.131721	25.149097	25.165909	25.182089	25.197578	25.212318	25.226257	25.239330	25.251501	25.262714	25.272936	25.282120	25.290230	25.297243	25.303127	25.307861	25.311428	25.313814	25.315010	25.315010	25.313816	25.311430	25.307863	25.303127	25.297245	25.290232	25.282118	25.272934	25.262716	25.251503	25.239332	25.226254	25.212318	25.197578	25.182089	25.165911	25.149097	25.131721	25.113846	25.095541	25.076872	25.057911	25.038731	25.019402	
25.019100	25.038132	25.057018	25.075686	25.094072	25.112095	25.129698	25.146803	25.163357	25.179287	25.194540	25.209055	25.222775	25.235653	25.247631	25.258677	25.268738	25.277779	25.285769	25.292671	25.298466	25.303127	25.306641	25.308990	25.310163	25.310167	25.308990	25.306641	25.303129	25.298466	25.292671	25.285767	25.277781	25.268738	25.258678	25.247633	25.235653	25.222775	25.209053	25.194542	25.179291	25.163357	25.146807	25.129696	25.112095	25.094070	25.075689	25.057018	25.038136	25.019104	
25.018730	25.037392	25.055910	25.074219	25.092243	25.109924	25.127178	25.143955	25.160183	25.175808	25.190762	25.204996	25.218451	25.231075	25.242826	25.253654	25.263519	25.272388	25.280220	25.286991	25.292671	25.297245	25.300688	25.302990	25.304146	25.304144	25.302990	25.300690	25.297245	25.292673	25.286991	25.280220	25.272388	25.263523	25.253654	25.242828	25.231077	25.218451	25.204996	25.190765	25.175810	25.160187	25.143955	25.127178	25.109921	25.092243	25.074219	25.055912	25.037392	25.018730	
25.018288	25.036510	25.054592	25.072468	25.090069	25.107327	25.124180	25.140556	25.156408	25.171658	25.186264	25.200161	25.213299	25.225624	25.237099	25.247669	25.257305	25.265963	25.273611	25.280220	25.285770	25.290232	25.293594	25.295841	25.296968	25.296970	25.295843	25.293594	25.290234	25.285769	25.280222	25.273609	25.265965	25.257305	25.247673	25.237099	25.225628	25.213297	25.200161	25.186264	25.171661	25.156406	25.140558	25.124180	25.107327	25.090069	25.072466	25.054592	25.036510	25.018291	
25.017776	25.035490	25.053066	25.070442	25.087551	25.104328	25.120705	25.136629	25.152033	25.166862	25.181053	25.194565	25.207335	25.219318	25.230471	25.240747	25.250111	25.258530	25.265963	25.272390	25.277779	25.282120	25.285385	25.287575	25.288668	25.288666	25.287573	25.285389	25.282120	25.277782	25.272388	25.265965	25.258528	25.250114	25.240746	25.230473	25.219318	25.207338	25.194565	25.181059	25.166862	25.152035	25.136631	25.120707	25.104328	25.087551	25.070444	25.053066	25.035490	25.017776	
25.017199	25.034334	25.051342	25.068148	25.084702	25.100929	25.116779	25.132181	25.147085	25.161430	25.175165	25.188231	25.200588	25.212177	25.222969	25.232910	25.241972	25.250111	25.257305	25.263521	25.268742	25.272934	25.276098	25.278210	25.279272	25.279270	25.278214	25.276096	25.272936	25.268738	25.263523	25.257305	25.250114	25.241970	25.232914	25.222969	25.212181	25.200586	25.188234	25.175163	25.161434	25.147089	25.132183	25.116779	25.100929	25.084702	25.068150	25.051340	25.034332	25.017200	
25.016556	25.033051	25.049416	25.065598	25.081528	25.097151	25.112404	25.127235	25.141579	25.155388	25.168604	25.181187	25.193077	25.204235	25.214621	25.224194	25.232910	25.240751	25.247669	25.253656	25.258675	25.262718	25.265759	25.267799	25.268814	25.268818	25.267796	25.265762	25.262714	25.258678	25.253654	25.247673	25.240749	25.232912	25.224190	25.214622	25.204237	25.193077	25.181187	25.168608	25.155388	25.141582	25.127235	25.112404	25.097155	25.081528	25.065598	25.049417	25.033051	25.016556	
25.015846	25.031635	25.047308	25.062796	25.078049	25.093002	25.107607	25.121799	25.135536	25.148754	25.161409	25.173450	25.184834	25.195517	25.205460	25.214619	25.222971	25.230469	25.237103	25.242825	25.247637	25.251499	25.254417	25.256363	25.257343	25.257339	25.256367	25.254416	25.251503	25.247631	25.242828	25.237099	25.230473	25.222969	25.214621	25.205460	25.195520	25.184837	25.173450	25.161407	25.148756	25.135536	25.121803	25.107609	25.093006	25.078049	25.062798	25.047308	25.031639	25.015848	
25.015083	25.030106	25.045017	25.059761	25.074270	25.088505	25.102400	25.115910	25.128975	25.141558	25.153599	25.165058	25.175890	25.186058	25.195515	25.204239	25.212177	25.219322	25.225626	25.231079	25.235651	25.239334	25.242104	25.243965	25.244888	25.244892	25.243961	25.242107	25.239330	25.235655	25.231075	25.225628	25.219318	25.212181	25.204235	25.195518	25.186058	25.175892	25.165060	25.153599	25.141556	25.128979	25.115910	25.102402	25.088505	25.074272	25.059759	25.045019	25.030109	25.015083	
25.014259	25.028463	25.042559	25.056492	25.070213	25.083668	25.096806	25.109573	25.121931	25.133820	25.145206	25.156038	25.166283	25.175888	25.184837	25.193075	25.200590	25.207333	25.213303	25.218451	25.222778	25.226254	25.228880	25.230629	25.231510	25.231506	25.230633	25.228878	25.226257	25.222775	25.218454	25.213297	25.207336	25.200584	25.193079	25.184834	25.175892	25.166283	25.156042	25.145206	25.133823	25.121929	25.109577	25.096806	25.083670	25.070215	25.056496	25.042561	25.028461	25.014259	
25.013382	25.026709	25.039936	25.053013	25.065887	25.078516	25.090841	25.102827	25.114418	25.125580	25.136261	25.146431	25.156040	25.165062	25.173449	25.181190	25.188229	25.194569	25.200161	25.204998	25.209055	25.212322	25.214779	25.216429	25.217251	25.217251	25.216425	25.214783	25.212322	25.209059	25.204996	25.200165	25.194565	25.188234	25.181185	25.173454	25.165058	25.156044	25.146429	25.136265	25.125580	25.114422	25.102829	25.090845	25.078516	25.065891	25.053017	25.039940	25.026711	25.013380	
25.012451	25.024853	25.037167	25.049332	25.061316	25.073063	25.084538	25.095688	25.106476	25.116859	25.126802	25.136261	25.145208	25.153599	25.161411	25.168606	25.175169	25.181057	25.186268	25.190765	25.194544	25.197580	25.199871	25.201401	25.202169	25.202168	25.201405	25.199867	25.197582	25.194542	25.190769	25.186264	25.181061	25.175163	25.168610	25.161409	25.153603	25.145206	25.136265	25.126801	25.116863	25.106476	25.095688	25.084536	25.073065	25.061317	25.049332	25.037167	25.024855	25.012451	
25.011475	25.022907	25.034248	25.045467	25.056509	25.067337	25.077909	25.088188	25.098127	25.107700	25.116859	25.125582	25.133823	25.141560	25.148754	25.155392	25.161430	25.166866	25.171661	25.175812	25.179291	25.182091	25.184200	25.185614	25.186317	25.186319	25.185610	25.184200	25.182091	25.179293	25.175808	25.171665	25.166861	25.161434	25.155388	25.148758	25.141556	25.133823	25.125580	25.116861	25.107700	25.098129	25.088186	25.077909	25.067337	25.056507	25.045467	25.034252	25.022907	25.011475	
25.010456	25.020870	25.031208	25.041428	25.051489	25.061352	25.070988	25.080349	25.089409	25.098129	25.106480	25.114420	25.121933	25.128979	25.135540	25.141577	25.147091	25.152035	25.156410	25.160187	25.163357	25.165909	25.167833	25.169117	25.169765	25.169762	25.169119	25.167830	25.165909	25.163359	25.160191	25.156406	25.152039	25.147087	25.141582	25.135536	25.128979	25.121929	25.114422	25.106476	25.098129	25.089409	25.080351	25.070986	25.061352	25.051487	25.041426	25.031208	25.020870	25.010456	
25.009396	25.018757	25.028046	25.037231	25.046272	25.055138	25.063793	25.072212	25.080351	25.088188	25.095688	25.102829	25.109577	25.115913	25.121801	25.127239	25.132183	25.136631	25.140560	25.143957	25.146809	25.149099	25.150826	25.151981	25.152561	25.152561	25.151981	25.150829	25.149099	25.146809	25.143955	25.140562	25.136631	25.132187	25.127234	25.121807	25.115910	25.109577	25.102829	25.095690	25.088188	25.080349	25.072208	25.063793	25.055138	25.046270	25.037230	25.028046	25.018757	25.009396	
25.008301	25.016571	25.024780	25.032890	25.040880	25.048710	25.056362	25.063793	25.070988	25.077911	25.084541	25.090845	25.096809	25.102402	25.107613	25.112404	25.116779	25.120707	25.124180	25.127180	25.129698	25.131725	25.133251	25.134270	25.134781	25.134781	25.134272	25.133247	25.131725	25.129700	25.127182	25.124180	25.120708	25.116779	25.112411	25.107609	25.102404	25.096806	25.090847	25.084538	25.077911	25.070988	25.063793	25.056360	25.048710	25.040878	25.032890	25.024776	25.016571	25.008301	
25.007175	25.014320	25.021416	25.028429	25.035332	25.042101	25.048710	25.055138	25.061354	25.067339	25.073063	25.078518	25.083668	25.088509	25.093004	25.097157	25.100929	25.104328	25.107327	25.109922	25.112099	25.113848	25.115168	25.116051	25.116491	25.116493	25.116051	25.115170	25.113848	25.112099	25.109921	25.107330	25.104328	25.100933	25.097153	25.093008	25.088505	25.083672	25.078516	25.073067	25.067339	25.061354	25.055138	25.048710	25.042099	25.035330	25.028425	25.021416	25.014320	25.007175	
25.006020	25.012020	25.017973	25.023857	25.029652	25.035332	25.040878	25.046272	25.051489	25.056509	25.061317	25.065887	25.070217	25.074272	25.078053	25.081530	25.084702	25.087551	25.090069	25.092247	25.094070	25.095539	25.096647	25.097389	25.097759	25.097757	25.097389	25.096645	25.095543	25.094072	25.092247	25.090073	25.087555	25.084702	25.081532	25.078049	25.074276	25.070215	25.065891	25.061317	25.056511	25.051487	25.046272	25.040878	25.035332	25.029648	25.023855	25.017971	25.012020	25.006020	
25.004845	25.009670	25.014462	25.019196	25.023857	25.028427	25.032890	25.037230	25.041426	25.045467	25.049334	25.053017	25.056492	25.059761	25.062798	25.065601	25.068150	25.070444	25.072468	25.074219	25.075687	25.076872	25.077761	25.078358	25.078655	25.078657	25.078358	25.077763	25.076870	25.075691	25.074221	25.072470	25.070446	25.068153	25.065598	25.062799	25.059759	25.056496	25.053017	25.049335	25.045467	25.041426	25.037228	25.032890	25.028423	25.023857	25.019194	25.014460	25.009670	25.004845	
25.003649	25.007286	25.010893	25.014462	25.017971	25.021416	25.024778	25.028046	25.031208	25.034252	25.037167	25.039938	25.042561	25.045017	25.047310	25.049417	25.051340	25.053066	25.054592	25.055912	25.057020	25.057907	25.058582	25.059027	25.059254	25.059254	25.059031	25.058582	25.057911	25.057018	25.055912	25.054594	25.053070	25.051342	25.049419	25.047308	25.045019	25.042561	25.039936	25.037167	25.034250	25.031208	25.028046	25.024776	25.021416	25.017971	25.014458	25.010895	25.007284	25.003649	
25.002441	25.004871	25.007286	25.009670	25.012018	25.014324	25.016571	25.018757	25.020870	25.022907	25.024857	25.026711	25.028461	25.030109	25.031639	25.033051	25.034336	25.035488	25.036510	25.037394	25.038132	25.038731	25.039177	25.039478	25.039627	25.039627	25.039478	25.039177	25.038731	25.038136	25.037392	25.036512	25.035490	25.034336	25.033051	25.031639	25.030109	25.028465	25.026711	25.024857	25.022907	25.020870	25.018757	25.016571	25.014320	25.012020	25.009672	25.007286	25.004871	25.002441	
25.001221	25.002441	25.003649	25.004845	25.006020	25.007175	25.008301	25.009396	25.010456	25.011475	25.012451	25.013378	25.014259	25.015081	25.015850	25.016556	25.017200	25.017778	25.018290	25.018730	25.019104	25.019400	25.019627	25.019775	25.019852	25.019852	25.019775	25.019627	25.019402	25.019104	25.018732	25.018290	25.017780	25.017200	25.016556	25.015850	25.015083	25.014259	25.013380	25.012451	25.011475	25.010456	25.009396	25.008301	25.007175	25.006020	25.004845	25.003651	25.002441	25.001223	
