25.000549	25.001099	25.001640	25.002178	25.002708	25.003227	25.003733	25.004227	25.004704	25.005161	25.005600	25.006018	25.006413	25.006783	25.007126	25.007446	25.007734	25.007994	25.008224	25.008423	25.008591	25.008724	25.008823	25.008892	25.008926	25.008926	25.008892	25.008823	25.008724	25.008589	25.008423	25.008224	25.007996	25.007736	25.007446	25.007126	25.006783	25.006411	25.006016	25.005600	25.005161	25.004702	25.004225	25.003731	25.003227	25.002708	25.002178	25.001640	25.001097	25.000549	
25.001097	25.002190	25.003277	25.004349	25.005405	25.006439	25.007454	25.008434	25.009384	25.010302	25.011177	25.012011	25.012800	25.013538	25.014229	25.014862	25.015438	25.015957	25.016417	25.016815	25.017147	25.017414	25.017616	25.017750	25.017818	25.017818	25.017750	25.017616	25.017414	25.017147	25.016813	25.016418	25.015957	25.015442	25.014860	25.014225	25.013538	25.012798	25.012009	25.011177	25.010300	25.009384	25.008434	25.007450	25.006439	25.005405	25.004349	25.003277	25.002190	25.001099	
25.001640	25.003277	25.004898	25.006502	25.008083	25.009632	25.011143	25.012613	25.014036	25.015402	25.016712	25.017960	25.019138	25.020245	25.021273	25.022221	25.023087	25.023861	25.024548	25.025141	25.025639	25.026039	25.026340	25.026543	25.026644	25.026646	25.026543	25.026339	25.026039	25.025639	25.025143	25.024546	25.023865	25.023085	25.022221	25.021271	25.020243	25.019136	25.017960	25.016712	25.015402	25.014034	25.012611	25.011139	25.009632	25.008080	25.006502	25.004898	25.003277	25.001640	
25.002178	25.004349	25.006504	25.008633	25.010729	25.012783	25.014790	25.016743	25.018627	25.020447	25.022182	25.023840	25.025404	25.026871	25.028240	25.029499	25.030643	25.031675	25.032587	25.033375	25.034035	25.034565	25.034966	25.035233	25.035366	25.035368	25.035233	25.034966	25.034565	25.034035	25.033373	25.032589	25.031673	25.030643	25.029497	25.028238	25.026871	25.025404	25.023838	25.022184	25.020443	25.018627	25.016741	25.014791	25.012783	25.010731	25.008633	25.006502	25.004347	25.002178	
25.002708	25.005405	25.008081	25.010729	25.013332	25.015888	25.018383	25.020805	25.023153	25.025410	25.027575	25.029629	25.031574	25.033398	25.035095	25.036663	25.038090	25.039368	25.040501	25.041479	25.042301	25.042961	25.043461	25.043793	25.043959	25.043957	25.043793	25.043457	25.042961	25.042299	25.041481	25.040501	25.039368	25.038086	25.036661	25.035095	25.033398	25.031572	25.029629	25.027573	25.025410	25.023151	25.020807	25.018383	25.015888	25.013334	25.010727	25.008080	25.005405	25.002707	
25.003227	25.006439	25.009632	25.012783	25.015888	25.018932	25.021904	25.024794	25.027588	25.030281	25.032856	25.035305	25.037624	25.039799	25.041822	25.043686	25.045387	25.046913	25.048262	25.049431	25.050407	25.051195	25.051786	25.052185	25.052382	25.052383	25.052181	25.051786	25.051191	25.050406	25.049427	25.048260	25.046911	25.045383	25.043686	25.041821	25.039795	25.037621	25.035305	25.032856	25.030279	25.027590	25.024792	25.021904	25.018932	25.015888	25.012783	25.009628	25.006439	25.003227	
25.003731	25.007454	25.011141	25.014791	25.018379	25.021904	25.025343	25.028687	25.031921	25.035032	25.038013	25.040848	25.043530	25.046047	25.048389	25.050547	25.052513	25.054277	25.055840	25.057190	25.058323	25.059231	25.059919	25.060377	25.060608	25.060608	25.060379	25.059917	25.059231	25.058319	25.057188	25.055838	25.054279	25.052509	25.050543	25.048388	25.046043	25.043530	25.040848	25.038013	25.035034	25.031919	25.028687	25.025341	25.021904	25.018383	25.014790	25.011143	25.007452	25.003731	
25.004227	25.008434	25.012611	25.016739	25.020807	25.024794	25.028685	25.032471	25.036129	25.039654	25.043028	25.046238	25.049271	25.052120	25.054771	25.057213	25.059441	25.061440	25.063206	25.064734	25.066013	25.067047	25.067822	25.068342	25.068602	25.068602	25.068340	25.067822	25.067043	25.066013	25.064732	25.063206	25.061436	25.059437	25.057213	25.054768	25.052120	25.049273	25.046238	25.043030	25.039654	25.036133	25.032469	25.028687	25.024792	25.020805	25.016739	25.012611	25.008434	25.004227	
25.004700	25.009386	25.014032	25.018627	25.023151	25.027588	25.031918	25.036129	25.040203	25.044125	25.047878	25.051451	25.054829	25.057999	25.060944	25.063665	25.066143	25.068365	25.070333	25.072033	25.073458	25.074604	25.075470	25.076046	25.076336	25.076336	25.076046	25.075466	25.074604	25.073454	25.072029	25.070328	25.068363	25.066139	25.063663	25.060944	25.057997	25.054825	25.051453	25.047878	25.044125	25.040203	25.036133	25.031919	25.027588	25.023151	25.018629	25.014030	25.009388	25.004700	
25.005161	25.010300	25.015402	25.020445	25.025410	25.030277	25.035034	25.039654	25.044125	25.048428	25.052547	25.056467	25.060175	25.063652	25.066891	25.069874	25.072594	25.075035	25.077190	25.079056	25.080620	25.081879	25.082827	25.083464	25.083780	25.083782	25.083462	25.082827	25.081881	25.080620	25.079052	25.077188	25.075031	25.072590	25.069870	25.066891	25.063652	25.060177	25.056469	25.052547	25.048428	25.044128	25.039654	25.035034	25.030279	25.025412	25.020443	25.015402	25.010300	25.005161	
25.005600	25.011177	25.016712	25.022184	25.027573	25.032854	25.038013	25.043030	25.047878	25.052547	25.057018	25.061272	25.065292	25.069067	25.072578	25.075817	25.078766	25.081417	25.083757	25.085781	25.087479	25.088844	25.089874	25.090561	25.090908	25.090908	25.090561	25.089874	25.088844	25.087479	25.085779	25.083755	25.081413	25.078764	25.075815	25.072578	25.069069	25.065292	25.061272	25.057018	25.052547	25.047878	25.043028	25.038013	25.032856	25.027571	25.022186	25.016712	25.011175	25.005598	
25.006020	25.012012	25.017960	25.023840	25.029629	25.035305	25.040848	25.046238	25.051453	25.056469	25.061274	25.065842	25.070166	25.074219	25.077995	25.081472	25.084642	25.087490	25.090004	25.092180	25.094006	25.095474	25.096577	25.097321	25.097691	25.097691	25.097319	25.096577	25.095474	25.094004	25.092178	25.090004	25.087488	25.084641	25.081470	25.077995	25.074219	25.070164	25.065842	25.061272	25.056469	25.051453	25.046238	25.040848	25.035305	25.029631	25.023838	25.017958	25.012011	25.006016	
25.006411	25.012800	25.019138	25.025402	25.031570	25.037621	25.043530	25.049273	25.054829	25.060175	25.065292	25.070168	25.074768	25.079094	25.083111	25.086821	25.090195	25.093231	25.095913	25.098228	25.100174	25.101738	25.102919	25.103703	25.104101	25.104101	25.103706	25.102917	25.101738	25.100174	25.098228	25.095911	25.093231	25.090195	25.086819	25.083111	25.079092	25.074768	25.070164	25.065292	25.060175	25.054825	25.049274	25.043530	25.037624	25.031574	25.025402	25.019138	25.012798	25.006413	
25.006783	25.013538	25.020245	25.026873	25.033396	25.039797	25.046043	25.052120	25.057997	25.063652	25.069069	25.074219	25.079092	25.083662	25.087917	25.091837	25.095409	25.098619	25.101456	25.103909	25.105965	25.107620	25.108864	25.109701	25.110115	25.110119	25.109699	25.108868	25.107618	25.105965	25.103905	25.101456	25.098618	25.095409	25.091835	25.087917	25.083662	25.079090	25.074219	25.069067	25.063652	25.057999	25.052120	25.046047	25.039799	25.033398	25.026871	25.020241	25.013538	25.006783	
25.007126	25.014229	25.021275	25.028236	25.035095	25.041819	25.048386	25.054771	25.060946	25.066889	25.072578	25.077995	25.083115	25.087917	25.092386	25.096508	25.100258	25.103634	25.106615	25.109190	25.111355	25.113091	25.114403	25.115276	25.115717	25.115715	25.115280	25.114401	25.113092	25.111351	25.109190	25.106613	25.103634	25.100260	25.096508	25.092384	25.087917	25.083113	25.077993	25.072578	25.066891	25.060944	25.054771	25.048388	25.041822	25.035095	25.028236	25.021275	25.014225	25.007126	
25.007446	25.014862	25.022221	25.029499	25.036659	25.043686	25.050543	25.057213	25.063663	25.069870	25.075815	25.081472	25.086819	25.091839	25.096508	25.100809	25.104733	25.108255	25.111366	25.114059	25.116318	25.118137	25.119503	25.120419	25.120876	25.120876	25.120417	25.119503	25.118134	25.116318	25.114058	25.111368	25.108253	25.104733	25.100809	25.096506	25.091837	25.086819	25.081470	25.075817	25.069874	25.063662	25.057213	25.050547	25.043686	25.036663	25.029495	25.022221	25.014862	25.007446	
25.007736	25.015438	25.023087	25.030642	25.038088	25.045383	25.052513	25.059435	25.066139	25.072590	25.078764	25.084641	25.090195	25.095409	25.100262	25.104733	25.108805	25.112465	25.115700	25.118496	25.120842	25.122730	25.124153	25.125101	25.125578	25.125576	25.125103	25.124151	25.122730	25.120840	25.118496	25.115700	25.112465	25.108805	25.104731	25.100262	25.095409	25.090197	25.084641	25.078766	25.072590	25.066139	25.059437	25.052509	25.045387	25.038086	25.030643	25.023087	25.015438	25.007736	
25.007996	25.015961	25.023861	25.031677	25.039368	25.046913	25.054276	25.061440	25.068363	25.075031	25.081415	25.087488	25.093229	25.098619	25.103634	25.108255	25.112467	25.116249	25.119591	25.122482	25.124907	25.126862	25.128328	25.129311	25.129803	25.129807	25.129311	25.128328	25.126858	25.124908	25.122482	25.119593	25.116249	25.112465	25.108253	25.103634	25.098619	25.093229	25.087490	25.081415	25.075031	25.068363	25.061440	25.054279	25.046911	25.039368	25.031673	25.023861	25.015959	25.007996	
25.008224	25.016418	25.024551	25.032585	25.040501	25.048260	25.055840	25.063204	25.070330	25.077188	25.083755	25.090004	25.095911	25.101456	25.106613	25.111368	25.115700	25.119591	25.123032	25.126005	25.128502	25.130507	25.132019	25.133030	25.133537	25.133533	25.133032	25.132019	25.130508	25.128498	25.126005	25.123032	25.119593	25.115700	25.111366	25.106617	25.101454	25.095913	25.090004	25.083755	25.077190	25.070332	25.063204	25.055840	25.048260	25.040499	25.032585	25.024548	25.016418	25.008224	
25.008423	25.016815	25.025139	25.033375	25.041479	25.049429	25.057186	25.064732	25.072029	25.079056	25.085779	25.092178	25.098227	25.103907	25.109188	25.114059	25.118496	25.122482	25.126005	25.129047	25.131603	25.133659	25.135208	25.136242	25.136761	25.136765	25.136242	25.135208	25.133659	25.131605	25.129049	25.126003	25.122482	25.118496	25.114059	25.109190	25.103909	25.098228	25.092178	25.085781	25.079054	25.072029	25.064732	25.057188	25.049427	25.041479	25.033375	25.025143	25.016815	25.008423	
25.008591	25.017147	25.025642	25.034033	25.042301	25.050404	25.058321	25.066011	25.073456	25.080620	25.087479	25.094002	25.100172	25.105961	25.111351	25.116316	25.120842	25.124908	25.128498	25.131603	25.134209	25.136305	25.137886	25.138939	25.139469	25.139469	25.138941	25.137886	25.136307	25.134209	25.131603	25.128500	25.124907	25.120842	25.116318	25.111355	25.105963	25.100176	25.094006	25.087477	25.080620	25.073456	25.066015	25.058319	25.050407	25.042301	25.034035	25.025639	25.017147	25.008589	
25.008724	25.017416	25.026039	25.034569	25.042961	25.051193	25.059231	25.067043	25.074602	25.081879	25.088844	25.095470	25.101736	25.107616	25.113091	25.118134	25.122728	25.126858	25.130505	25.133659	25.136305	25.138435	25.140038	25.141109	25.141647	25.141649	25.141111	25.140038	25.138435	25.136307	25.133659	25.130507	25.126860	25.122730	25.118134	25.113091	25.107620	25.101738	25.095472	25.088844	25.081879	25.074604	25.067043	25.059231	25.051193	25.042961	25.034565	25.026039	25.017414	25.008724	
25.008827	25.017616	25.026344	25.034966	25.043457	25.051785	25.059917	25.067822	25.075466	25.082827	25.089874	25.096577	25.102915	25.108864	25.114399	25.119503	25.124149	25.128326	25.132019	25.135206	25.137884	25.140038	25.141663	25.142746	25.143290	25.143291	25.142746	25.141661	25.140039	25.137886	25.135208	25.132019	25.128326	25.124151	25.119503	25.114401	25.108866	25.102917	25.096577	25.089872	25.082825	25.075466	25.067822	25.059917	25.051786	25.043457	25.034966	25.026340	25.017616	25.008823	
25.008894	25.017754	25.026543	25.035236	25.043789	25.052181	25.060375	25.068340	25.076046	25.083462	25.090561	25.097317	25.103704	25.109699	25.115276	25.120415	25.125099	25.129311	25.133030	25.136242	25.138941	25.141109	25.142746	25.143839	25.144388	25.144386	25.143841	25.142746	25.141111	25.138941	25.136246	25.133028	25.129311	25.125101	25.120419	25.115276	25.109699	25.103706	25.097317	25.090559	25.083460	25.076042	25.068340	25.060377	25.052181	25.043791	25.035233	25.026543	25.017752	25.008892	
25.008926	25.017820	25.026646	25.035370	25.043959	25.052380	25.060604	25.068600	25.076334	25.083780	25.090908	25.097687	25.104101	25.110117	25.115715	25.120874	25.125576	25.129803	25.133533	25.136761	25.139467	25.141647	25.143288	25.144386	25.144938	25.144938	25.144386	25.143288	25.141647	25.139469	25.136763	25.133537	25.129801	25.125576	25.120876	25.115715	25.110115	25.104099	25.097687	25.090904	25.083778	25.076332	25.068600	25.060604	25.052380	25.043957	25.035368	25.026644	25.017818	25.008926	
25.008926	25.017820	25.026646	25.035370	25.043959	25.052380	25.060604	25.068600	25.076334	25.083780	25.090908	25.097687	25.104101	25.110117	25.115715	25.120874	25.125576	25.129803	25.133533	25.136761	25.139467	25.141647	25.143288	25.144386	25.144938	25.144938	25.144386	25.143288	25.141647	25.139469	25.136763	25.133537	25.129801	25.125576	25.120876	25.115715	25.110115	25.104099	25.097687	25.090904	25.083778	25.076332	25.068600	25.060604	25.052380	25.043957	25.035368	25.026644	25.017818	25.008926	
25.008894	25.017754	25.026543	25.035236	25.043789	25.052181	25.060375	25.068340	25.076046	25.083462	25.090561	25.097317	25.103704	25.109699	25.115276	25.120415	25.125099	25.129311	25.133030	25.136242	25.138941	25.141109	25.142746	25.143839	25.144388	25.144386	25.143841	25.142746	25.141111	25.138941	25.136246	25.133028	25.129311	25.125101	25.120419	25.115276	25.109699	25.103706	25.097317	25.090559	25.083460	25.076042	25.068340	25.060377	25.052181	25.043791	25.035233	25.026543	25.017752	25.008892	
25.008827	25.017616	25.026344	25.034966	25.043457	25.051785	25.059917	25.067822	25.075466	25.082827	25.089874	25.096577	25.102915	25.108864	25.114399	25.119503	25.124149	25.128326	25.132019	25.135206	25.137884	25.140038	25.141663	25.142746	25.143290	25.143291	25.142746	25.141661	25.140039	25.137886	25.135208	25.132019	25.128326	25.124151	25.119503	25.114401	25.108866	25.102917	25.096577	25.089872	25.082825	25.075466	25.067822	25.059917	25.051786	25.043457	25.034966	25.026340	25.017616	25.008823	
25.008724	25.017416	25.026039	25.034569	25.042961	25.051193	25.059231	25.067043	25.074602	25.081879	25.088844	25.095470	25.101736	25.107616	25.113091	25.118134	25.122728	25.126858	25.130505	25.133659	25.136305	25.138435	25.140038	25.141109	25.141647	25.141649	25.141111	25.140038	25.138435	25.136307	25.133659	25.130507	25.126860	25.122730	25.118134	25.113091	25.107620	25.101738	25.095472	25.088844	25.081879	25.074604	25.067043	25.059231	25.051193	25.042961	25.034565	25.026039	25.017414	25.008724	
25.008591	25.017147	25.025642	25.034033	25.042301	25.050404	25.058321	25.066011	25.073456	25.080620	25.087479	25.094002	25.100172	25.105961	25.111351	25.116316	25.120842	25.124908	25.128498	25.131603	25.134209	25.136305	25.137886	25.138939	25.139469	25.139469	25.138941	25.137886	25.136307	25.134209	25.131603	25.128500	25.124907	25.120842	25.116318	25.111355	25.105963	25.100176	25.094006	25.087477	25.080620	25.073456	25.066015	25.058319	25.050407	25.042301	25.034035	25.025639	25.017147	25.008589	
25.008423	25.016815	25.025139	25.033375	25.041479	25.049429	25.057186	25.064732	25.072029	25.079056	25.085779	25.092178	25.098227	25.103907	25.109188	25.114059	25.118496	25.122482	25.126005	25.129047	25.131603	25.133659	25.135208	25.136242	25.136761	25.136765	25.136242	25.135208	25.133659	25.131605	25.129049	25.126003	25.122482	25.118496	25.114059	25.109190	25.103909	25.098228	25.092178	25.085781	25.079054	25.072029	25.064732	25.057188	25.049427	25.041479	25.033375	25.025143	25.016815	25.008423	
25.008224	25.016418	25.024551	25.032585	25.040501	25.048260	25.055840	25.063204	25.070330	25.077188	25.083755	25.090004	25.095911	25.101456	25.106613	25.111368	25.115700	25.119591	25.123032	25.126005	25.128502	25.130507	25.132019	25.133030	25.133537	25.133533	25.133032	25.132019	25.130508	25.128498	25.126005	25.123032	25.119593	25.115700	25.111366	25.106617	25.101454	25.095913	25.090004	25.083755	25.077190	25.070332	25.063204	25.055840	25.048260	25.040499	25.032585	25.024548	25.016418	25.008224	
25.007996	25.015961	25.023861	25.031677	25.039368	25.046913	25.054276	25.061440	25.068363	25.075031	25.081415	25.087488	25.093229	25.098619	25.103634	25.108255	25.112467	25.116249	25.119591	25.122482	25.124907	25.126862	25.128328	25.129311	25.129803	25.129807	25.129311	25.128328	25.126858	25.124908	25.122482	25.119593	25.116249	25.112465	25.108253	25.103634	25.098619	25.093229	25.087490	25.081415	25.075031	25.068363	25.061440	25.054279	25.046911	25.039368	25.031673	25.023861	25.015959	25.007996	
25.007736	25.015438	25.023087	25.030642	25.038088	25.045383	25.052513	25.059435	25.066139	25.072590	25.078764	25.084641	25.090195	25.095409	25.100262	25.104733	25.108805	25.112465	25.115700	25.118496	25.120842	25.122730	25.124153	25.125101	25.125578	25.125576	25.125103	25.124151	25.122730	25.120840	25.118496	25.115700	25.112465	25.108805	25.104731	25.100262	25.095409	25.090197	25.084641	25.078766	25.072590	25.066139	25.059437	25.052509	25.045387	25.038086	25.030643	25.023087	25.015438	25.007736	
25.007446	25.014862	25.022221	25.029499	25.036659	25.043686	25.050543	25.057213	25.063663	25.069870	25.075815	25.081472	25.086819	25.091839	25.096508	25.100809	25.104733	25.108255	25.111366	25.114059	25.116318	25.118137	25.119503	25.120419	25.120876	25.120876	25.120417	25.119503	25.118134	25.116318	25.114058	25.111368	25.108253	25.104733	25.100809	25.096506	25.091837	25.086819	25.081470	25.075817	25.069874	25.063662	25.057213	25.050547	25.043686	25.036663	25.029495	25.022221	25.014862	25.007446	
25.007126	25.014229	25.021275	25.028236	25.035095	25.041819	25.048386	25.054771	25.060946	25.066889	25.072578	25.077995	25.083115	25.087917	25.092386	25.096508	25.100258	25.103634	25.106615	25.109190	25.111355	25.113091	25.114403	25.115276	25.115717	25.115715	25.115280	25.114401	25.113092	25.111351	25.109190	25.106613	25.103634	25.100260	25.096508	25.092384	25.087917	25.083113	25.077993	25.072578	25.066891	25.060944	25.054771	25.048388	25.041822	25.035095	25.028236	25.021275	25.014225	25.007126	
25.006783	25.013538	25.020245	25.026873	25.033396	25.039797	25.046043	25.052120	25.057997	25.063652	25.069069	25.074219	25.079092	25.083662	25.087917	25.091837	25.095409	25.098619	25.101456	25.103909	25.105965	25.107620	25.108864	25.109701	25.110115	25.110119	25.109699	25.108868	25.107618	25.105965	25.103905	25.101456	25.098618	25.095409	25.091835	25.087917	25.083662	25.079090	25.074219	25.069067	25.063652	25.057999	25.052120	25.046047	25.039799	25.033398	25.026871	25.020241	25.013538	25.006783	
25.006411	25.012800	25.019138	25.025402	25.031570	25.037621	25.043530	25.049273	25.054829	25.060175	25.065292	25.070168	25.074768	25.079094	25.083111	25.086821	25.090195	25.093231	25.095913	25.098228	25.100174	25.101738	25.102919	25.103703	25.104101	25.104101	25.103706	25.102917	25.101738	25.100174	25.098228	25.095911	25.093231	25.090195	25.086819	25.083111	25.079092	25.074768	25.070164	25.065292	25.060175	25.054825	25.049274	25.043530	25.037624	25.031574	25.025402	25.019138	25.012798	25.006413	
25.006020	25.012012	25.017960	25.023840	25.029629	25.035305	25.040848	25.046238	25.051453	25.056469	25.061274	25.065842	25.070166	25.074219	25.077995	25.081472	25.084642	25.087490	25.090004	25.092180	25.094006	25.095474	25.096577	25.097321	25.097691	25.097691	25.097319	25.096577	25.095474	25.094004	25.092178	25.090004	25.087488	25.084641	25.081470	25.077995	25.074219	25.070164	25.065842	25.061272	25.056469	25.051453	25.046238	25.040848	25.035305	25.029631	25.023838	25.017958	25.012011	25.006016	
25.005600	25.011177	25.016712	25.022184	25.027573	25.032854	25.038013	25.043030	25.047878	25.052547	25.057018	25.061272	25.065292	25.069067	25.072578	25.075817	25.078766	25.081417	25.083757	25.085781	25.087479	25.088844	25.089874	25.090561	25.090908	25.090908	25.090561	25.089874	25.088844	25.087479	25.085779	25.083755	25.081413	25.078764	25.075815	25.072578	25.069069	25.065292	25.061272	25.057018	25.052547	25.047878	25.043028	25.038013	25.032856	25.027571	25.022186	25.016712	25.011175	25.005598	
25.005161	25.010300	25.015402	25.020445	25.025410	25.030277	25.035034	25.039654	25.044125	25.048428	25.052547	25.056467	25.060175	25.063652	25.066891	25.069874	25.072594	25.075035	25.077190	25.079056	25.080620	25.081879	25.082827	25.083464	25.083780	25.083782	25.083462	25.082827	25.081881	25.080620	25.079052	25.077188	25.075031	25.072590	25.069870	25.066891	25.063652	25.060177	25.056469	25.052547	25.048428	25.044128	25.039654	25.035034	25.030279	25.025412	25.020443	25.015402	25.010300	25.005161	
25.004700	25.009386	25.014032	25.018627	25.023151	25.027588	25.031918	25.036129	25.040203	25.044125	25.047878	25.051451	25.054829	25.057999	25.060944	25.063665	25.066143	25.068365	25.070333	25.072033	25.073458	25.074604	25.075470	25.076046	25.076336	25.076336	25.076046	25.075466	25.074604	25.073454	25.072029	25.070328	25.068363	25.066139	25.063663	25.060944	25.057997	25.054825	25.051453	25.047878	25.044125	25.040203	25.036133	25.031919	25.027588	25.023151	25.018629	25.014030	25.009388	25.004700	
25.004227	25.008434	25.012611	25.016739	25.020807	25.024794	25.028685	25.032471	25.036129	25.039654	25.043028	25.046238	25.049271	25.052120	25.054771	25.057213	25.059441	25.061440	25.063206	25.064734	25.066013	25.067047	25.067822	25.068342	25.068602	25.068602	25.068340	25.067822	25.067043	25.066013	25.064732	25.063206	25.061436	25.059437	25.057213	25.054768	25.052120	25.049273	25.046238	25.043030	25.039654	25.036133	25.032469	25.028687	25.024792	25.020805	25.016739	25.012611	25.008434	25.004227	
25.003731	25.007454	25.011141	25.014791	25.018379	25.021904	25.025343	25.028687	25.031921	25.035032	25.038013	25.040848	25.043530	25.046047	25.048389	25.050547	25.052513	25.054277	25.055840	25.057190	25.058323	25.059231	25.059919	25.060377	25.060608	25.060608	25.060379	25.059917	25.059231	25.058319	25.057188	25.055838	25.054279	25.052509	25.050543	25.048388	25.046043	25.043530	25.040848	25.038013	25.035034	25.031919	25.028687	25.025341	25.021904	25.018383	25.014790	25.011143	25.007452	25.003731	
25.003227	25.006439	25.009632	25.012783	25.015888	25.018932	25.021904	25.024794	25.027588	25.030281	25.032856	25.035305	25.037624	25.039799	25.041822	25.043686	25.045387	25.046913	25.048262	25.049431	25.050407	25.051195	25.051786	25.052185	25.052382	25.052383	25.052181	25.051786	25.051191	25.050406	25.049427	25.048260	25.046911	25.045383	25.043686	25.041821	25.039795	25.037621	25.035305	25.032856	25.030279	25.027590	25.024792	25.021904	25.018932	25.015888	25.012783	25.009628	25.006439	25.003227	
25.002708	25.005405	25.008081	25.010729	25.013332	25.015888	25.018383	25.020805	25.023153	25.025410	25.027575	25.029629	25.031574	25.033398	25.035095	25.036663	25.038090	25.039368	25.040501	25.041479	25.042301	25.042961	25.043461	25.043793	25.043959	25.043957	25.043793	25.043457	25.042961	25.042299	25.041481	25.040501	25.039368	25.038086	25.036661	25.035095	25.033398	25.031572	25.029629	25.027573	25.025410	25.023151	25.020807	25.018383	25.015888	25.013334	25.010727	25.008080	25.005405	25.002707	
25.002178	25.004349	25.006504	25.008633	25.010729	25.012783	25.014790	25.016743	25.018627	25.020447	25.022182	25.023840	25.025404	25.026871	25.028240	25.029499	25.030643	25.031675	25.032587	25.033375	25.034035	25.034565	25.034966	25.035233	25.035366	25.035368	25.035233	25.034966	25.034565	25.034035	25.033373	25.032589	25.031673	25.030643	25.029497	25.028238	25.026871	25.025404	25.023838	25.022184	25.020443	25.018627	25.016741	25.014791	25.012783	25.010731	25.008633	25.006502	25.004347	25.002178	
25.001640	25.003277	25.004898	25.006502	25.008083	25.009632	25.011143	25.012613	25.014036	25.015402	25.016712	25.017960	25.019138	25.020245	25.021273	25.022221	25.023087	25.023861	25.024548	25.025141	25.025639	25.026039	25.026340	25.026543	25.026644	25.026646	25.026543	25.026339	25.026039	25.025639	25.025143	25.024546	25.023865	25.023085	25.022221	25.021271	25.020243	25.019136	25.017960	25.016712	25.015402	25.014034	25.012611	25.011139	25.009632	25.008080	25.006502	25.004898	25.003277	25.001640	
25.001097	25.002190	25.003277	25.004349	25.005405	25.006439	25.007454	25.008434	25.009384	25.010302	25.011177	25.012011	25.012800	25.013538	25.014229	25.014862	25.015438	25.015957	25.016417	25.016815	25.017147	25.017414	25.017616	25.017750	25.017818	25.017818	25.017750	25.017616	25.017414	25.017147	25.016813	25.016418	25.015957	25.015442	25.014860	25.014225	25.013538	25.012798	25.012009	25.011177	25.010300	25.009384	25.008434	25.007450	25.006439	25.005405	25.004349	25.003277	25.002190	25.001099	
25.000549	25.001099	25.001640	25.002178	25.002708	25.003227	25.003733	25.004227	25.004704	25.005161	25.005600	25.006018	25.006413	25.006783	25.007126	25.007446	25.007734	25.007994	25.008224	25.008423	25.008591	25.008724	25.008823	25.008892	25.008926	25.008926	25.008892	25.008823	25.008724	25.008589	25.008423	25.008224	25.007996	25.007736	25.007446	25.007126	25.006783	25.006411	25.006016	25.005600	25.005161	25.004702	25.004225	25.003731	25.003227	25.002708	25.002178	25.001640	25.001097	25.000549	
