25.002281	25.004559	25.006815	25.009045	25.011242	25.013397	25.015501	25.017546	25.019524	25.021427	25.023251	25.024988	25.026627	25.028166	25.029598	25.030918	25.032120	25.033199	25.034157	25.034983	25.035675	25.036232	25.036652	25.036930	25.037071	25.037071	25.036932	25.036652	25.036232	25.035675	25.034979	25.034155	25.033201	25.032120	25.030918	25.029598	25.028164	25.026627	25.024986	25.023251	25.021427	25.019524	25.017548	25.015499	25.013397	25.011242	25.009047	25.006813	25.004559	25.002283	
25.004559	25.009098	25.013603	25.018057	25.022444	25.026745	25.030945	25.035025	25.038973	25.042774	25.046415	25.049877	25.053154	25.056225	25.059084	25.061716	25.064117	25.066277	25.068182	25.069832	25.071213	25.072327	25.073162	25.073723	25.074005	25.074005	25.073723	25.073162	25.072323	25.071213	25.069828	25.068180	25.066277	25.064119	25.061718	25.059080	25.056225	25.053150	25.049877	25.046413	25.042774	25.038975	25.035023	25.030941	25.026741	25.022442	25.018055	25.013603	25.009098	25.004557	
25.006813	25.013603	25.020342	25.027000	25.033558	25.039989	25.046267	25.052372	25.058275	25.063959	25.069401	25.074579	25.079475	25.084068	25.088341	25.092281	25.095873	25.099098	25.101952	25.104412	25.106483	25.108143	25.109398	25.110237	25.110657	25.110653	25.110235	25.109394	25.108145	25.106478	25.104412	25.101948	25.099098	25.095873	25.092283	25.088345	25.084064	25.079475	25.074579	25.069401	25.063961	25.058275	25.052372	25.046265	25.039988	25.033554	25.027000	25.020340	25.013601	25.006815	
25.009045	25.018059	25.027002	25.035843	25.044546	25.053080	25.061417	25.069519	25.077356	25.084900	25.092125	25.098997	25.105497	25.111595	25.117268	25.122498	25.127264	25.131548	25.135330	25.138603	25.141346	25.143555	25.145218	25.146332	25.146887	25.146887	25.146328	25.145218	25.143551	25.141344	25.138599	25.135330	25.131546	25.127264	25.122499	25.117268	25.111595	25.105495	25.098999	25.092125	25.084900	25.077356	25.069517	25.061417	25.053080	25.044544	25.035839	25.026999	25.018059	25.009045	
25.011242	25.022442	25.033558	25.044544	25.055363	25.065971	25.076332	25.086403	25.096144	25.105522	25.114498	25.123043	25.131119	25.138699	25.145750	25.152248	25.158173	25.163496	25.168200	25.172264	25.175674	25.178417	25.180487	25.181870	25.182562	25.182560	25.181870	25.180485	25.178417	25.175674	25.172262	25.168198	25.163494	25.158173	25.152252	25.145752	25.138697	25.131119	25.123043	25.114498	25.105522	25.096142	25.086403	25.076332	25.065971	25.055363	25.044546	25.033556	25.022442	25.011244	
25.013397	25.026741	25.039988	25.053082	25.065971	25.078613	25.090958	25.102957	25.114567	25.125740	25.136440	25.146618	25.156242	25.165276	25.173679	25.181423	25.188480	25.194824	25.200428	25.205273	25.209335	25.212608	25.215069	25.216717	25.217543	25.217545	25.216719	25.215069	25.212608	25.209335	25.205271	25.200430	25.194824	25.188482	25.181423	25.173679	25.165276	25.156242	25.146620	25.136440	25.125740	25.114567	25.102959	25.090960	25.078613	25.065975	25.053080	25.039989	25.026745	25.013397	
25.015499	25.030941	25.046265	25.061417	25.076328	25.090958	25.105238	25.119122	25.132553	25.145485	25.157860	25.169640	25.180775	25.191225	25.200947	25.209911	25.218079	25.225418	25.231899	25.237505	25.242207	25.245991	25.248840	25.250748	25.251701	25.251701	25.250748	25.248840	25.245987	25.242205	25.237501	25.231899	25.225416	25.218077	25.209911	25.200949	25.191227	25.180775	25.169640	25.157862	25.145483	25.132553	25.119125	25.105242	25.090958	25.076330	25.061419	25.046265	25.030945	25.015501	
25.017544	25.035023	25.052368	25.069515	25.086399	25.102955	25.119122	25.134836	25.150040	25.164675	25.178684	25.192017	25.204620	25.216450	25.227457	25.237600	25.246845	25.255150	25.262493	25.268833	25.274157	25.278439	25.281666	25.283821	25.284904	25.284904	25.283825	25.281666	25.278439	25.274155	25.268833	25.262491	25.255150	25.246845	25.237598	25.227459	25.216448	25.204622	25.192019	25.178688	25.164673	25.150042	25.134836	25.119125	25.102957	25.086403	25.069515	25.052372	25.035023	25.017546	
25.019524	25.038971	25.058273	25.077353	25.096140	25.114563	25.132553	25.150038	25.166958	25.183239	25.198832	25.213665	25.227692	25.240852	25.253101	25.264391	25.274673	25.283920	25.292084	25.299145	25.305069	25.309834	25.313421	25.315826	25.317024	25.317028	25.315825	25.313423	25.309834	25.305067	25.299143	25.292084	25.283920	25.274673	25.264391	25.253099	25.240856	25.227692	25.213669	25.198830	25.183243	25.166956	25.150040	25.132553	25.114567	25.096142	25.077358	25.058273	25.038975	25.019524	
25.021425	25.042772	25.063957	25.084896	25.105518	25.125738	25.145481	25.164673	25.183239	25.201113	25.218222	25.234505	25.249897	25.264343	25.277786	25.290176	25.301466	25.311609	25.320572	25.328320	25.334820	25.340050	25.343994	25.346622	25.347948	25.347946	25.346626	25.343994	25.340052	25.334820	25.328320	25.320574	25.311607	25.301464	25.290174	25.277790	25.264343	25.249901	25.234505	25.218224	25.201113	25.183241	25.164673	25.145485	25.125740	25.105520	25.084900	25.063959	25.042774	25.021427	
25.023251	25.046413	25.069395	25.092121	25.114494	25.136435	25.157858	25.178680	25.198830	25.218220	25.236786	25.254456	25.271158	25.286831	25.301418	25.314861	25.327110	25.338118	25.347843	25.356251	25.363304	25.368980	25.373253	25.376116	25.377546	25.377548	25.376114	25.373257	25.368980	25.363304	25.356251	25.347843	25.338121	25.327110	25.314865	25.301418	25.286835	25.271158	25.254459	25.236786	25.218224	25.198826	25.178684	25.157858	25.136438	25.114498	25.092125	25.069399	25.046413	25.023251	
25.024982	25.049873	25.074575	25.098991	25.123039	25.146614	25.169636	25.192013	25.213663	25.234503	25.254452	25.273438	25.291388	25.308231	25.323908	25.338352	25.351517	25.363344	25.373798	25.382828	25.390411	25.396507	25.401106	25.404177	25.405718	25.405716	25.404179	25.401104	25.396509	25.390411	25.382832	25.373798	25.363346	25.351519	25.338354	25.323910	25.308231	25.291391	25.273439	25.254456	25.234501	25.213665	25.192013	25.169638	25.146614	25.123039	25.098993	25.074577	25.049873	25.024986	
25.026627	25.053146	25.079470	25.105492	25.131111	25.156239	25.180767	25.204617	25.227688	25.249897	25.271154	25.291388	25.310513	25.328465	25.345165	25.360561	25.374588	25.387196	25.398331	25.407959	25.416035	25.422535	25.427429	25.430706	25.432346	25.432348	25.430706	25.427433	25.422539	25.416039	25.407961	25.398333	25.387199	25.374592	25.360565	25.345169	25.328468	25.310514	25.291391	25.271154	25.249897	25.227688	25.204618	25.180771	25.156239	25.131113	25.105495	25.079472	25.053150	25.026625	
25.028162	25.056221	25.084064	25.111589	25.138691	25.165266	25.191219	25.216442	25.240849	25.264339	25.286829	25.308229	25.328465	25.347450	25.365120	25.381401	25.396242	25.409575	25.421356	25.431538	25.440083	25.446957	25.452137	25.455601	25.457338	25.457336	25.455603	25.452141	25.446957	25.440086	25.431540	25.421360	25.409576	25.396244	25.381405	25.365120	25.347450	25.328465	25.308228	25.286831	25.264339	25.240850	25.216444	25.191219	25.165270	25.138695	25.111591	25.084066	25.056221	25.028164	
25.029594	25.059078	25.088339	25.117262	25.145744	25.173672	25.200941	25.227449	25.253094	25.277782	25.301414	25.323906	25.345165	25.365118	25.383684	25.400799	25.416389	25.430405	25.442780	25.453484	25.462460	25.469685	25.475128	25.478771	25.480593	25.480595	25.478769	25.475128	25.469688	25.462463	25.453485	25.442783	25.430407	25.416391	25.400799	25.383686	25.365120	25.345163	25.323906	25.301414	25.277782	25.253096	25.227451	25.200943	25.173676	25.145744	25.117268	25.088341	25.059078	25.029596	
25.030914	25.061714	25.092278	25.122494	25.152245	25.181416	25.209904	25.237593	25.264385	25.290169	25.314857	25.338348	25.360558	25.381397	25.400795	25.418669	25.434959	25.449596	25.462530	25.473703	25.483086	25.490631	25.496319	25.500118	25.502028	25.502026	25.500122	25.496321	25.490635	25.483089	25.473705	25.462532	25.449600	25.434961	25.418673	25.400799	25.381401	25.360558	25.338348	25.314857	25.290169	25.264383	25.237595	25.209904	25.181419	25.152248	25.122494	25.092281	25.061714	25.030914	
25.032120	25.064114	25.095869	25.127258	25.158165	25.188475	25.218067	25.246838	25.274666	25.301456	25.327105	25.351511	25.374584	25.396236	25.416386	25.434958	25.451878	25.467087	25.480518	25.492132	25.501877	25.509720	25.515623	25.519577	25.521553	25.521555	25.519577	25.515625	25.509720	25.501881	25.492136	25.480522	25.467087	25.451881	25.434959	25.416389	25.396238	25.374584	25.351513	25.327103	25.301458	25.274668	25.246838	25.218069	25.188477	25.158167	25.127262	25.095871	25.064116	25.032120	
25.033199	25.066273	25.099094	25.131542	25.163490	25.194817	25.225407	25.255140	25.283909	25.311600	25.338110	25.363338	25.387188	25.409569	25.430397	25.449593	25.467083	25.482803	25.496693	25.508690	25.518766	25.526869	25.532978	25.537056	25.539108	25.539103	25.537060	25.532978	25.526873	25.518768	25.508694	25.496693	25.482807	25.467085	25.449596	25.430401	25.409573	25.387192	25.363338	25.338112	25.311600	25.283913	25.255144	25.225407	25.194817	25.163490	25.131542	25.099094	25.066273	25.033199	
25.034157	25.068180	25.101946	25.135324	25.168190	25.200420	25.231890	25.262478	25.292072	25.320562	25.347836	25.373787	25.398325	25.421349	25.442776	25.462524	25.480518	25.496689	25.510973	25.523323	25.533684	25.542023	25.548302	25.552505	25.554609	25.554611	25.552505	25.548306	25.542023	25.533688	25.523327	25.510977	25.496689	25.480522	25.462524	25.442780	25.421352	25.398327	25.373791	25.347836	25.320564	25.292074	25.262480	25.231892	25.200420	25.168192	25.135326	25.101948	25.068178	25.034155	
25.034977	25.069826	25.104408	25.138592	25.172256	25.205263	25.237492	25.268822	25.299129	25.328308	25.356239	25.382820	25.407948	25.431532	25.453474	25.473700	25.492130	25.508690	25.523323	25.535969	25.546583	25.555119	25.561554	25.565853	25.568012	25.568010	25.565857	25.561554	25.555122	25.546581	25.535973	25.523323	25.508694	25.492130	25.473703	25.453476	25.431534	25.407953	25.382822	25.356241	25.328308	25.299131	25.268822	25.237492	25.205263	25.172255	25.138596	25.104408	25.069828	25.034979	
25.035671	25.071209	25.106472	25.141338	25.175665	25.209326	25.242195	25.274143	25.305054	25.334808	25.363295	25.390400	25.416027	25.440075	25.462456	25.483078	25.501873	25.518763	25.533684	25.546581	25.557402	25.566113	25.572670	25.577061	25.579258	25.579258	25.577059	25.572674	25.566113	25.557405	25.546581	25.533686	25.518764	25.501877	25.483082	25.462456	25.440079	25.416029	25.390404	25.363297	25.334808	25.305056	25.274145	25.242197	25.209328	25.175667	25.141338	25.106476	25.071209	25.035671	
25.036228	25.072319	25.108139	25.143545	25.178410	25.212597	25.245977	25.278427	25.309822	25.340038	25.368969	25.396500	25.422523	25.446951	25.469675	25.490625	25.509712	25.526863	25.542021	25.555117	25.566113	25.574951	25.581619	25.586073	25.588306	25.588306	25.586075	25.581619	25.574955	25.566113	25.555120	25.542021	25.526867	25.509716	25.490629	25.469679	25.446953	25.422527	25.396500	25.368969	25.340040	25.309822	25.278427	25.245979	25.212599	25.178410	25.143547	25.108139	25.072323	25.036228	
25.036648	25.073158	25.109392	25.145210	25.180477	25.215061	25.248827	25.281654	25.313408	25.343981	25.373245	25.401093	25.427422	25.452127	25.475121	25.496311	25.515617	25.532970	25.548300	25.561550	25.572670	25.581615	25.588356	25.592865	25.595121	25.595123	25.592865	25.588358	25.581619	25.572672	25.561554	25.548302	25.532972	25.515621	25.496315	25.475126	25.452129	25.427425	25.401094	25.373245	25.343979	25.313412	25.281654	25.248829	25.215059	25.180477	25.145210	25.109390	25.073160	25.036648	
25.036930	25.073719	25.110229	25.146320	25.181860	25.216705	25.250732	25.283810	25.315811	25.346615	25.376102	25.404167	25.430696	25.455591	25.478760	25.500114	25.519569	25.537054	25.552502	25.565851	25.577057	25.586071	25.592865	25.597404	25.599682	25.599680	25.597404	25.592865	25.586075	25.577059	25.565853	25.552502	25.537056	25.519571	25.500114	25.478762	25.455597	25.430698	25.404167	25.376106	25.346617	25.315811	25.283810	25.250734	25.216707	25.181858	25.146322	25.110229	25.073719	25.036930	
25.037071	25.074001	25.110649	25.146881	25.182552	25.217533	25.251686	25.284889	25.317013	25.347935	25.377537	25.405704	25.432335	25.457327	25.480583	25.502018	25.521547	25.539099	25.554604	25.568008	25.579254	25.588303	25.595121	25.599682	25.601963	25.601965	25.599682	25.595123	25.588306	25.579258	25.568008	25.554605	25.539101	25.521549	25.502020	25.480587	25.457329	25.432339	25.405708	25.377537	25.347935	25.317013	25.284891	25.251690	25.217531	25.182552	25.146877	25.110649	25.073999	25.037071	
25.037071	25.074001	25.110649	25.146881	25.182552	25.217533	25.251686	25.284889	25.317013	25.347935	25.377537	25.405704	25.432335	25.457327	25.480583	25.502018	25.521547	25.539099	25.554604	25.568008	25.579254	25.588303	25.595121	25.599682	25.601963	25.601965	25.599682	25.595123	25.588306	25.579258	25.568008	25.554605	25.539101	25.521549	25.502020	25.480587	25.457329	25.432339	25.405708	25.377537	25.347935	25.317013	25.284891	25.251690	25.217531	25.182552	25.146877	25.110649	25.073999	25.037071	
25.036930	25.073719	25.110229	25.146320	25.181860	25.216705	25.250732	25.283810	25.315811	25.346615	25.376102	25.404167	25.430696	25.455591	25.478760	25.500114	25.519569	25.537054	25.552502	25.565851	25.577057	25.586071	25.592865	25.597404	25.599682	25.599680	25.597404	25.592865	25.586075	25.577059	25.565853	25.552502	25.537056	25.519571	25.500114	25.478762	25.455597	25.430698	25.404167	25.376106	25.346617	25.315811	25.283810	25.250734	25.216707	25.181858	25.146322	25.110229	25.073719	25.036930	
25.036648	25.073158	25.109392	25.145210	25.180477	25.215061	25.248827	25.281654	25.313408	25.343981	25.373245	25.401093	25.427422	25.452127	25.475121	25.496311	25.515617	25.532970	25.548300	25.561550	25.572670	25.581615	25.588356	25.592865	25.595121	25.595123	25.592865	25.588358	25.581619	25.572672	25.561554	25.548302	25.532972	25.515621	25.496315	25.475126	25.452129	25.427425	25.401094	25.373245	25.343979	25.313412	25.281654	25.248829	25.215059	25.180477	25.145210	25.109390	25.073160	25.036648	
25.036228	25.072319	25.108139	25.143545	25.178410	25.212597	25.245977	25.278427	25.309822	25.340038	25.368969	25.396500	25.422523	25.446951	25.469675	25.490625	25.509712	25.526863	25.542021	25.555117	25.566113	25.574951	25.581619	25.586073	25.588306	25.588306	25.586075	25.581619	25.574955	25.566113	25.555120	25.542021	25.526867	25.509716	25.490629	25.469679	25.446953	25.422527	25.396500	25.368969	25.340040	25.309822	25.278427	25.245979	25.212599	25.178410	25.143547	25.108139	25.072323	25.036228	
25.035671	25.071209	25.106472	25.141338	25.175665	25.209326	25.242195	25.274143	25.305054	25.334808	25.363295	25.390400	25.416027	25.440075	25.462456	25.483078	25.501873	25.518763	25.533684	25.546581	25.557402	25.566113	25.572670	25.577061	25.579258	25.579258	25.577059	25.572674	25.566113	25.557405	25.546581	25.533686	25.518764	25.501877	25.483082	25.462456	25.440079	25.416029	25.390404	25.363297	25.334808	25.305056	25.274145	25.242197	25.209328	25.175667	25.141338	25.106476	25.071209	25.035671	
25.034977	25.069826	25.104408	25.138592	25.172256	25.205263	25.237492	25.268822	25.299129	25.328308	25.356239	25.382820	25.407948	25.431532	25.453474	25.473700	25.492130	25.508690	25.523323	25.535969	25.546583	25.555119	25.561554	25.565853	25.568012	25.568010	25.565857	25.561554	25.555122	25.546581	25.535973	25.523323	25.508694	25.492130	25.473703	25.453476	25.431534	25.407953	25.382822	25.356241	25.328308	25.299131	25.268822	25.237492	25.205263	25.172255	25.138596	25.104408	25.069828	25.034979	
25.034157	25.068180	25.101946	25.135324	25.168190	25.200420	25.231890	25.262478	25.292072	25.320562	25.347836	25.373787	25.398325	25.421349	25.442776	25.462524	25.480518	25.496689	25.510973	25.523323	25.533684	25.542023	25.548302	25.552505	25.554609	25.554611	25.552505	25.548306	25.542023	25.533688	25.523327	25.510977	25.496689	25.480522	25.462524	25.442780	25.421352	25.398327	25.373791	25.347836	25.320564	25.292074	25.262480	25.231892	25.200420	25.168192	25.135326	25.101948	25.068178	25.034155	
25.033199	25.066273	25.099094	25.131542	25.163490	25.194817	25.225407	25.255140	25.283909	25.311600	25.338110	25.363338	25.387188	25.409569	25.430397	25.449593	25.467083	25.482803	25.496693	25.508690	25.518766	25.526869	25.532978	25.537056	25.539108	25.539103	25.537060	25.532978	25.526873	25.518768	25.508694	25.496693	25.482807	25.467085	25.449596	25.430401	25.409573	25.387192	25.363338	25.338112	25.311600	25.283913	25.255144	25.225407	25.194817	25.163490	25.131542	25.099094	25.066273	25.033199	
25.032120	25.064114	25.095869	25.127258	25.158165	25.188475	25.218067	25.246838	25.274666	25.301456	25.327105	25.351511	25.374584	25.396236	25.416386	25.434958	25.451878	25.467087	25.480518	25.492132	25.501877	25.509720	25.515623	25.519577	25.521553	25.521555	25.519577	25.515625	25.509720	25.501881	25.492136	25.480522	25.467087	25.451881	25.434959	25.416389	25.396238	25.374584	25.351513	25.327103	25.301458	25.274668	25.246838	25.218069	25.188477	25.158167	25.127262	25.095871	25.064116	25.032120	
25.030914	25.061714	25.092278	25.122494	25.152245	25.181416	25.209904	25.237593	25.264385	25.290169	25.314857	25.338348	25.360558	25.381397	25.400795	25.418669	25.434959	25.449596	25.462530	25.473703	25.483086	25.490631	25.496319	25.500118	25.502028	25.502026	25.500122	25.496321	25.490635	25.483089	25.473705	25.462532	25.449600	25.434961	25.418673	25.400799	25.381401	25.360558	25.338348	25.314857	25.290169	25.264383	25.237595	25.209904	25.181419	25.152248	25.122494	25.092281	25.061714	25.030914	
25.029594	25.059078	25.088339	25.117262	25.145744	25.173672	25.200941	25.227449	25.253094	25.277782	25.301414	25.323906	25.345165	25.365118	25.383684	25.400799	25.416389	25.430405	25.442780	25.453484	25.462460	25.469685	25.475128	25.478771	25.480593	25.480595	25.478769	25.475128	25.469688	25.462463	25.453485	25.442783	25.430407	25.416391	25.400799	25.383686	25.365120	25.345163	25.323906	25.301414	25.277782	25.253096	25.227451	25.200943	25.173676	25.145744	25.117268	25.088341	25.059078	25.029596	
25.028162	25.056221	25.084064	25.111589	25.138691	25.165266	25.191219	25.216442	25.240849	25.264339	25.286829	25.308229	25.328465	25.347450	25.365120	25.381401	25.396242	25.409575	25.421356	25.431538	25.440083	25.446957	25.452137	25.455601	25.457338	25.457336	25.455603	25.452141	25.446957	25.440086	25.431540	25.421360	25.409576	25.396244	25.381405	25.365120	25.347450	25.328465	25.308228	25.286831	25.264339	25.240850	25.216444	25.191219	25.165270	25.138695	25.111591	25.084066	25.056221	25.028164	
25.026627	25.053146	25.079470	25.105492	25.131111	25.156239	25.180767	25.204617	25.227688	25.249897	25.271154	25.291388	25.310513	25.328465	25.345165	25.360561	25.374588	25.387196	25.398331	25.407959	25.416035	25.422535	25.427429	25.430706	25.432346	25.432348	25.430706	25.427433	25.422539	25.416039	25.407961	25.398333	25.387199	25.374592	25.360565	25.345169	25.328468	25.310514	25.291391	25.271154	25.249897	25.227688	25.204618	25.180771	25.156239	25.131113	25.105495	25.079472	25.053150	25.026625	
25.024982	25.049873	25.074575	25.098991	25.123039	25.146614	25.169636	25.192013	25.213663	25.234503	25.254452	25.273438	25.291388	25.308231	25.323908	25.338352	25.351517	25.363344	25.373798	25.382828	25.390411	25.396507	25.401106	25.404177	25.405718	25.405716	25.404179	25.401104	25.396509	25.390411	25.382832	25.373798	25.363346	25.351519	25.338354	25.323910	25.308231	25.291391	25.273439	25.254456	25.234501	25.213665	25.192013	25.169638	25.146614	25.123039	25.098993	25.074577	25.049873	25.024986	
25.023251	25.046413	25.069395	25.092121	25.114494	25.136435	25.157858	25.178680	25.198830	25.218220	25.236786	25.254456	25.271158	25.286831	25.301418	25.314861	25.327110	25.338118	25.347843	25.356251	25.363304	25.368980	25.373253	25.376116	25.377546	25.377548	25.376114	25.373257	25.368980	25.363304	25.356251	25.347843	25.338121	25.327110	25.314865	25.301418	25.286835	25.271158	25.254459	25.236786	25.218224	25.198826	25.178684	25.157858	25.136438	25.114498	25.092125	25.069399	25.046413	25.023251	
25.021425	25.042772	25.063957	25.084896	25.105518	25.125738	25.145481	25.164673	25.183239	25.201113	25.218222	25.234505	25.249897	25.264343	25.277786	25.290176	25.301466	25.311609	25.320572	25.328320	25.334820	25.340050	25.343994	25.346622	25.347948	25.347946	25.346626	25.343994	25.340052	25.334820	25.328320	25.320574	25.311607	25.301464	25.290174	25.277790	25.264343	25.249901	25.234505	25.218224	25.201113	25.183241	25.164673	25.145485	25.125740	25.105520	25.084900	25.063959	25.042774	25.021427	
25.019524	25.038971	25.058273	25.077353	25.096140	25.114563	25.132553	25.150038	25.166958	25.183239	25.198832	25.213665	25.227692	25.240852	25.253101	25.264391	25.274673	25.283920	25.292084	25.299145	25.305069	25.309834	25.313421	25.315826	25.317024	25.317028	25.315825	25.313423	25.309834	25.305067	25.299143	25.292084	25.283920	25.274673	25.264391	25.253099	25.240856	25.227692	25.213669	25.198830	25.183243	25.166956	25.150040	25.132553	25.114567	25.096142	25.077358	25.058273	25.038975	25.019524	
25.017544	25.035023	25.052368	25.069515	25.086399	25.102955	25.119122	25.134836	25.150040	25.164675	25.178684	25.192017	25.204620	25.216450	25.227457	25.237600	25.246845	25.255150	25.262493	25.268833	25.274157	25.278439	25.281666	25.283821	25.284904	25.284904	25.283825	25.281666	25.278439	25.274155	25.268833	25.262491	25.255150	25.246845	25.237598	25.227459	25.216448	25.204622	25.192019	25.178688	25.164673	25.150042	25.134836	25.119125	25.102957	25.086403	25.069515	25.052372	25.035023	25.017546	
25.015499	25.030941	25.046265	25.061417	25.076328	25.090958	25.105238	25.119122	25.132553	25.145485	25.157860	25.169640	25.180775	25.191225	25.200947	25.209911	25.218079	25.225418	25.231899	25.237505	25.242207	25.245991	25.248840	25.250748	25.251701	25.251701	25.250748	25.248840	25.245987	25.242205	25.237501	25.231899	25.225416	25.218077	25.209911	25.200949	25.191227	25.180775	25.169640	25.157862	25.145483	25.132553	25.119125	25.105242	25.090958	25.076330	25.061419	25.046265	25.030945	25.015501	
25.013397	25.026741	25.039988	25.053082	25.065971	25.078613	25.090958	25.102957	25.114567	25.125740	25.136440	25.146618	25.156242	25.165276	25.173679	25.181423	25.188480	25.194824	25.200428	25.205273	25.209335	25.212608	25.215069	25.216717	25.217543	25.217545	25.216719	25.215069	25.212608	25.209335	25.205271	25.200430	25.194824	25.188482	25.181423	25.173679	25.165276	25.156242	25.146620	25.136440	25.125740	25.114567	25.102959	25.090960	25.078613	25.065975	25.053080	25.039989	25.026745	25.013397	
25.011242	25.022442	25.033558	25.044544	25.055363	25.065971	25.076332	25.086403	25.096144	25.105522	25.114498	25.123043	25.131119	25.138699	25.145750	25.152248	25.158173	25.163496	25.168200	25.172264	25.175674	25.178417	25.180487	25.181870	25.182562	25.182560	25.181870	25.180485	25.178417	25.175674	25.172262	25.168198	25.163494	25.158173	25.152252	25.145752	25.138697	25.131119	25.123043	25.114498	25.105522	25.096142	25.086403	25.076332	25.065971	25.055363	25.044546	25.033556	25.022442	25.011244	
25.009045	25.018059	25.027002	25.035843	25.044546	25.053080	25.061417	25.069519	25.077356	25.084900	25.092125	25.098997	25.105497	25.111595	25.117268	25.122498	25.127264	25.131548	25.135330	25.138603	25.141346	25.143555	25.145218	25.146332	25.146887	25.146887	25.146328	25.145218	25.143551	25.141344	25.138599	25.135330	25.131546	25.127264	25.122499	25.117268	25.111595	25.105495	25.098999	25.092125	25.084900	25.077356	25.069517	25.061417	25.053080	25.044544	25.035839	25.026999	25.018059	25.009045	
25.006813	25.013603	25.020342	25.027000	25.033558	25.039989	25.046267	25.052372	25.058275	25.063959	25.069401	25.074579	25.079475	25.084068	25.088341	25.092281	25.095873	25.099098	25.101952	25.104412	25.106483	25.108143	25.109398	25.110237	25.110657	25.110653	25.110235	25.109394	25.108145	25.106478	25.104412	25.101948	25.099098	25.095873	25.092283	25.088345	25.084064	25.079475	25.074579	25.069401	25.063961	25.058275	25.052372	25.046265	25.039988	25.033554	25.027000	25.020340	25.013601	25.006815	
25.004559	25.009098	25.013603	25.018057	25.022444	25.026745	25.030945	25.035025	25.038973	25.042774	25.046415	25.049877	25.053154	25.056225	25.059084	25.061716	25.064117	25.066277	25.068182	25.069832	25.071213	25.072327	25.073162	25.073723	25.074005	25.074005	25.073723	25.073162	25.072323	25.071213	25.069828	25.068180	25.066277	25.064119	25.061718	25.059080	25.056225	25.053150	25.049877	25.046413	25.042774	25.038975	25.035023	25.030941	25.026741	25.022442	25.018055	25.013603	25.009098	25.004557	
25.002281	25.004559	25.006815	25.009045	25.011242	25.013397	25.015501	25.017546	25.019524	25.021427	25.023251	25.024988	25.026627	25.028166	25.029598	25.030918	25.032120	25.033199	25.034157	25.034983	25.035675	25.036232	25.036652	25.036930	25.037071	25.037071	25.036932	25.036652	25.036232	25.035675	25.034979	25.034155	25.033201	25.032120	25.030918	25.029598	25.028164	25.026627	25.024986	25.023251	25.021427	25.019524	25.017548	25.015499	25.013397	25.011242	25.009047	25.006813	25.004559	25.002283	
