25.003586	25.007154	25.010698	25.014202	25.017651	25.021034	25.024338	25.027550	25.030655	25.033649	25.036510	25.039236	25.041813	25.044231	25.046482	25.048557	25.050447	25.052147	25.053646	25.054943	25.056034	25.056910	25.057570	25.058012	25.058231	25.058233	25.058010	25.057570	25.056908	25.056034	25.054945	25.053648	25.052147	25.050446	25.048557	25.046482	25.044231	25.041813	25.039238	25.036510	25.033646	25.030657	25.027550	25.024338	25.021034	25.017653	25.014202	25.010700	25.007156	25.003584	
25.007156	25.014282	25.021357	25.028349	25.035236	25.041988	25.048584	25.054993	25.061199	25.067165	25.072887	25.078323	25.083469	25.088295	25.092791	25.096928	25.100704	25.104094	25.107094	25.109680	25.111855	25.113605	25.114922	25.115801	25.116245	25.116243	25.115803	25.114922	25.113604	25.111855	25.109680	25.107094	25.104095	25.100704	25.096930	25.092789	25.088295	25.083469	25.078323	25.072884	25.067165	25.061195	25.054993	25.048584	25.041990	25.035236	25.028351	25.021358	25.014282	25.007156	
25.010696	25.021358	25.031935	25.042391	25.052687	25.062786	25.072643	25.082233	25.091503	25.100437	25.108978	25.117119	25.124805	25.132030	25.138742	25.144939	25.150578	25.155651	25.160130	25.164005	25.167253	25.169868	25.171839	25.173157	25.173817	25.173817	25.173157	25.171839	25.169868	25.167252	25.164005	25.160130	25.155651	25.150578	25.144938	25.138744	25.132027	25.124805	25.117119	25.108980	25.100433	25.091503	25.082233	25.072645	25.062786	25.052689	25.042393	25.031933	25.021357	25.010698	
25.014202	25.028351	25.042393	25.056271	25.069941	25.083344	25.096434	25.109156	25.121471	25.133316	25.144669	25.155464	25.165680	25.175255	25.184181	25.192394	25.199886	25.206615	25.212564	25.217705	25.222019	25.225491	25.228106	25.229855	25.230732	25.230732	25.229856	25.228107	25.225491	25.222023	25.217705	25.212566	25.206615	25.199888	25.192394	25.184177	25.175255	25.165676	25.155464	25.144669	25.133318	25.121469	25.109156	25.096436	25.083344	25.069942	25.056273	25.042391	25.028349	25.014202	
25.017651	25.035236	25.052687	25.069939	25.086926	25.103588	25.119854	25.135674	25.150970	25.165707	25.179802	25.193230	25.205914	25.217829	25.228909	25.239130	25.248432	25.256805	25.264191	25.270584	25.275944	25.280260	25.283510	25.285685	25.286774	25.286774	25.285685	25.283512	25.280262	25.275944	25.270588	25.264193	25.256804	25.248432	25.239130	25.228909	25.217829	25.205914	25.193230	25.179802	25.165707	25.150969	25.135674	25.119854	25.103588	25.086926	25.069941	25.052685	25.035236	25.017651	
25.021034	25.041988	25.062784	25.083340	25.103588	25.123436	25.142828	25.161669	25.179907	25.197453	25.214268	25.230253	25.245384	25.259567	25.272783	25.284950	25.296051	25.306011	25.314827	25.322437	25.328829	25.333969	25.337843	25.340435	25.341734	25.341732	25.340435	25.337845	25.333969	25.328835	25.322437	25.314829	25.306015	25.296051	25.284950	25.272781	25.259567	25.245382	25.230255	25.214268	25.197453	25.179909	25.161667	25.142826	25.123438	25.103588	25.083340	25.062786	25.041988	25.021034	
25.024338	25.048584	25.072643	25.096432	25.119850	25.142826	25.165253	25.187061	25.208153	25.228470	25.247906	25.266422	25.283909	25.300339	25.315613	25.329706	25.342533	25.354076	25.364262	25.373077	25.380465	25.386417	25.390896	25.393896	25.395397	25.395399	25.393898	25.390900	25.386421	25.380466	25.373079	25.364264	25.354078	25.342537	25.329708	25.315613	25.300339	25.283909	25.266422	25.247906	25.228474	25.208153	25.187065	25.165253	25.142826	25.119852	25.096432	25.072643	25.048584	25.024336	
25.027550	25.054993	25.082230	25.109154	25.135670	25.161667	25.187061	25.211739	25.235626	25.258606	25.280626	25.301563	25.321381	25.339956	25.357265	25.373199	25.387737	25.400784	25.412329	25.422295	25.430670	25.437399	25.442476	25.445868	25.447569	25.447569	25.445868	25.442478	25.437401	25.430674	25.422297	25.412333	25.400787	25.387741	25.373201	25.357265	25.339958	25.321379	25.301565	25.280628	25.258606	25.235626	25.211735	25.187063	25.161667	25.135670	25.109154	25.082232	25.054993	25.027550	
25.030655	25.061195	25.091503	25.121468	25.150967	25.179903	25.208153	25.235622	25.262190	25.287781	25.312263	25.335583	25.357613	25.378307	25.397545	25.415298	25.431458	25.445995	25.458824	25.469929	25.479237	25.486736	25.492376	25.496155	25.498045	25.498045	25.496157	25.492376	25.486738	25.479237	25.469933	25.458828	25.445999	25.431458	25.415302	25.397547	25.378307	25.357613	25.335587	25.312263	25.287785	25.262190	25.235626	25.208151	25.179905	25.150969	25.121468	25.091503	25.061197	25.030655	
25.033649	25.067162	25.100431	25.133314	25.165699	25.197453	25.228466	25.258606	25.287777	25.315849	25.342739	25.368313	25.392513	25.415203	25.436344	25.455807	25.473562	25.489502	25.503601	25.515770	25.525997	25.534218	25.540417	25.544561	25.546637	25.546640	25.544559	25.540421	25.534218	25.526003	25.515774	25.503603	25.489500	25.473564	25.455807	25.436344	25.415207	25.392515	25.368313	25.342743	25.315849	25.287781	25.258602	25.228468	25.197453	25.165703	25.133316	25.100433	25.067165	25.033648	
25.036507	25.072884	25.108976	25.144665	25.179798	25.214260	25.247902	25.280621	25.312263	25.342737	25.371899	25.399670	25.425907	25.450554	25.473467	25.494610	25.513855	25.531170	25.546452	25.559677	25.570759	25.579689	25.586409	25.590906	25.593159	25.593159	25.590908	25.586409	25.579691	25.570759	25.559677	25.546452	25.531174	25.513853	25.494612	25.473469	25.450554	25.425907	25.399673	25.371899	25.342739	25.312262	25.280622	25.247902	25.214264	25.179798	25.144665	25.108974	25.072886	25.036510	
25.039238	25.078320	25.117115	25.155460	25.193224	25.230249	25.266415	25.301559	25.335579	25.368313	25.399670	25.429493	25.457710	25.484173	25.508821	25.531519	25.552219	25.570808	25.587248	25.601440	25.613371	25.622955	25.630184	25.635015	25.637438	25.637438	25.635015	25.630186	25.622955	25.613373	25.601442	25.587250	25.570810	25.552221	25.531517	25.508821	25.484173	25.457710	25.429493	25.399670	25.368313	25.335579	25.301561	25.266418	25.230251	25.193226	25.155460	25.117115	25.078320	25.039238	
25.041809	25.083469	25.124802	25.165674	25.205910	25.245377	25.283905	25.321373	25.357609	25.392509	25.425905	25.457708	25.487759	25.515980	25.542225	25.566433	25.588474	25.608303	25.625805	25.640949	25.653645	25.663872	25.671570	25.676720	25.679298	25.679298	25.676723	25.671570	25.663872	25.653645	25.640951	25.625805	25.608307	25.588476	25.566435	25.542225	25.515980	25.487759	25.457710	25.425907	25.392511	25.357609	25.321373	25.283905	25.245378	25.205910	25.165674	25.124802	25.083467	25.041811	
25.044231	25.088291	25.132027	25.175249	25.217823	25.259562	25.300331	25.339951	25.378300	25.415201	25.450548	25.484169	25.515976	25.545811	25.573593	25.599186	25.622519	25.643475	25.662006	25.678011	25.691456	25.702263	25.710413	25.715858	25.718588	25.718590	25.715858	25.710411	25.702263	25.691456	25.678013	25.662010	25.643476	25.622522	25.599182	25.573597	25.545811	25.515980	25.484171	25.450550	25.415203	25.378302	25.339952	25.300333	25.259563	25.217823	25.175251	25.132025	25.088291	25.044231	
25.046478	25.092789	25.138739	25.184174	25.228901	25.272774	25.315605	25.357258	25.397541	25.436338	25.473463	25.508816	25.542221	25.573593	25.602772	25.629681	25.654186	25.676226	25.695686	25.712519	25.726635	25.738001	25.746557	25.752285	25.755154	25.755154	25.752285	25.746559	25.738001	25.726635	25.712521	25.695686	25.676229	25.654186	25.629684	25.602772	25.573593	25.542223	25.508818	25.473463	25.436337	25.397541	25.357260	25.315609	25.272778	25.228903	25.184174	25.138741	25.092787	25.046480	
25.048557	25.096924	25.144936	25.192385	25.239120	25.284941	25.329699	25.373192	25.415291	25.455803	25.494602	25.531515	25.566429	25.599182	25.629681	25.657776	25.683390	25.706398	25.726738	25.744310	25.759066	25.770931	25.779879	25.785856	25.788857	25.788855	25.785858	25.779881	25.770933	25.759069	25.744310	25.726742	25.706398	25.683393	25.657774	25.629681	25.599182	25.566431	25.531513	25.494602	25.455801	25.415293	25.373196	25.329700	25.284945	25.239124	25.192387	25.144936	25.096924	25.048555	
25.050446	25.100702	25.150570	25.199883	25.248425	25.296041	25.342525	25.387732	25.431450	25.473555	25.513847	25.552216	25.588470	25.622517	25.654186	25.683388	25.709988	25.733906	25.755026	25.773293	25.788612	25.800949	25.810236	25.816452	25.819565	25.819565	25.816454	25.810236	25.800953	25.788614	25.773296	25.755024	25.733906	25.709988	25.683392	25.654186	25.622517	25.588470	25.552216	25.513847	25.473557	25.431450	25.387732	25.342529	25.296043	25.248428	25.199883	25.150574	25.100700	25.050446	
25.052147	25.104090	25.155649	25.206608	25.256800	25.306004	25.354071	25.400782	25.445990	25.489496	25.531162	25.570803	25.608299	25.643475	25.676224	25.706398	25.733904	25.758614	25.780460	25.799328	25.815176	25.827919	25.837524	25.843948	25.847166	25.847168	25.843948	25.837528	25.827919	25.815180	25.799330	25.780462	25.758614	25.733906	25.706398	25.676226	25.643473	25.608299	25.570805	25.531162	25.489496	25.445992	25.400782	25.354071	25.306007	25.256798	25.206610	25.155647	25.104088	25.052145	
25.053642	25.107090	25.160124	25.212561	25.264185	25.314821	25.364256	25.412325	25.458820	25.503595	25.546444	25.587244	25.625801	25.662003	25.695683	25.726738	25.755024	25.780458	25.802921	25.822346	25.838636	25.851755	25.861633	25.868240	25.871555	25.871552	25.868244	25.861631	25.851757	25.838638	25.822346	25.802919	25.780460	25.755024	25.726738	25.695683	25.662004	25.625801	25.587244	25.546444	25.503595	25.458820	25.412325	25.364258	25.314821	25.264187	25.212563	25.160126	25.107090	25.053644	
25.054943	25.109676	25.164001	25.217697	25.270582	25.322430	25.373074	25.422291	25.469925	25.515766	25.559669	25.601439	25.640945	25.678009	25.712513	25.744308	25.773289	25.799330	25.822344	25.842228	25.858925	25.872353	25.882473	25.889240	25.892632	25.892632	25.889238	25.882475	25.872353	25.858925	25.842228	25.822346	25.799328	25.773291	25.744308	25.712515	25.678011	25.640947	25.601440	25.559671	25.515766	25.469925	25.422291	25.373074	25.322433	25.270582	25.217701	25.164001	25.109676	25.054943	
25.056030	25.111855	25.167246	25.222017	25.275938	25.328827	25.380461	25.430668	25.479231	25.525995	25.570755	25.613365	25.653641	25.691452	25.726631	25.759064	25.788610	25.815174	25.838634	25.858925	25.875944	25.889645	25.899963	25.906864	25.910322	25.910320	25.906868	25.899961	25.889645	25.875946	25.858923	25.838636	25.815174	25.788610	25.759066	25.726631	25.691454	25.653643	25.613367	25.570755	25.525997	25.479235	25.430668	25.380463	25.328827	25.275942	25.222015	25.167248	25.111855	25.056030	
25.056908	25.113598	25.169868	25.225485	25.280260	25.333965	25.386415	25.437397	25.486732	25.534214	25.579689	25.622952	25.663868	25.702257	25.737997	25.770927	25.800945	25.827915	25.851753	25.872351	25.889643	25.903553	25.914036	25.921045	25.924557	25.924559	25.921043	25.914036	25.903553	25.889647	25.872353	25.851753	25.827917	25.800945	25.770931	25.737999	25.702259	25.663870	25.622952	25.579689	25.534218	25.486732	25.437399	25.386417	25.333965	25.280258	25.225487	25.169865	25.113600	25.056908	
25.057568	25.114918	25.171833	25.228104	25.283504	25.337843	25.390896	25.442474	25.492374	25.540417	25.586407	25.630182	25.671564	25.710409	25.746552	25.779875	25.810230	25.837521	25.861628	25.882469	25.899960	25.914032	25.924637	25.931728	25.935282	25.935280	25.931730	25.924637	25.914036	25.899961	25.882475	25.861631	25.837524	25.810234	25.779877	25.746555	25.710409	25.671566	25.630184	25.586409	25.540417	25.492376	25.442476	25.390896	25.337841	25.283508	25.228104	25.171835	25.114920	25.057568	
25.058010	25.115799	25.173153	25.229851	25.285683	25.340431	25.393894	25.445866	25.496153	25.544558	25.590906	25.635012	25.676718	25.715853	25.752281	25.785851	25.816448	25.843941	25.868238	25.889236	25.906860	25.921043	25.931726	25.938873	25.942451	25.942453	25.938873	25.931728	25.921043	25.906864	25.889240	25.868240	25.843946	25.816448	25.785854	25.752283	25.715857	25.676718	25.635014	25.590906	25.544559	25.496153	25.445866	25.393896	25.340431	25.285683	25.229851	25.173155	25.115799	25.058010	
25.058231	25.116241	25.173813	25.230728	25.286770	25.341728	25.395395	25.447567	25.498045	25.546637	25.593157	25.637434	25.679295	25.718584	25.755146	25.788849	25.819557	25.847160	25.871546	25.892628	25.910318	25.924553	25.935280	25.942451	25.946045	25.946045	25.942451	25.935280	25.924557	25.910320	25.892630	25.871552	25.847164	25.819563	25.788851	25.755150	25.718586	25.679298	25.637436	25.593159	25.546637	25.498045	25.447567	25.395395	25.341730	25.286770	25.230728	25.173815	25.116241	25.058231	
25.058231	25.116241	25.173813	25.230728	25.286770	25.341728	25.395395	25.447567	25.498045	25.546637	25.593157	25.637434	25.679295	25.718584	25.755146	25.788849	25.819557	25.847160	25.871546	25.892628	25.910318	25.924553	25.935280	25.942451	25.946045	25.946045	25.942451	25.935280	25.924557	25.910320	25.892630	25.871552	25.847164	25.819563	25.788851	25.755150	25.718586	25.679298	25.637436	25.593159	25.546637	25.498045	25.447567	25.395395	25.341730	25.286770	25.230728	25.173815	25.116241	25.058231	
25.058010	25.115799	25.173153	25.229851	25.285683	25.340431	25.393894	25.445866	25.496153	25.544558	25.590906	25.635012	25.676718	25.715853	25.752281	25.785851	25.816448	25.843941	25.868238	25.889236	25.906860	25.921043	25.931726	25.938873	25.942451	25.942453	25.938873	25.931728	25.921043	25.906864	25.889240	25.868240	25.843946	25.816448	25.785854	25.752283	25.715857	25.676718	25.635014	25.590906	25.544559	25.496153	25.445866	25.393896	25.340431	25.285683	25.229851	25.173155	25.115799	25.058010	
25.057568	25.114918	25.171833	25.228104	25.283504	25.337843	25.390896	25.442474	25.492374	25.540417	25.586407	25.630182	25.671564	25.710409	25.746552	25.779875	25.810230	25.837521	25.861628	25.882469	25.899960	25.914032	25.924637	25.931728	25.935282	25.935280	25.931730	25.924637	25.914036	25.899961	25.882475	25.861631	25.837524	25.810234	25.779877	25.746555	25.710409	25.671566	25.630184	25.586409	25.540417	25.492376	25.442476	25.390896	25.337841	25.283508	25.228104	25.171835	25.114920	25.057568	
25.056908	25.113598	25.169868	25.225485	25.280260	25.333965	25.386415	25.437397	25.486732	25.534214	25.579689	25.622952	25.663868	25.702257	25.737997	25.770927	25.800945	25.827915	25.851753	25.872351	25.889643	25.903553	25.914036	25.921045	25.924557	25.924559	25.921043	25.914036	25.903553	25.889647	25.872353	25.851753	25.827917	25.800945	25.770931	25.737999	25.702259	25.663870	25.622952	25.579689	25.534218	25.486732	25.437399	25.386417	25.333965	25.280258	25.225487	25.169865	25.113600	25.056908	
25.056030	25.111855	25.167246	25.222017	25.275938	25.328827	25.380461	25.430668	25.479231	25.525995	25.570755	25.613365	25.653641	25.691452	25.726631	25.759064	25.788610	25.815174	25.838634	25.858925	25.875944	25.889645	25.899963	25.906864	25.910322	25.910320	25.906868	25.899961	25.889645	25.875946	25.858923	25.838636	25.815174	25.788610	25.759066	25.726631	25.691454	25.653643	25.613367	25.570755	25.525997	25.479235	25.430668	25.380463	25.328827	25.275942	25.222015	25.167248	25.111855	25.056030	
25.054943	25.109676	25.164001	25.217697	25.270582	25.322430	25.373074	25.422291	25.469925	25.515766	25.559669	25.601439	25.640945	25.678009	25.712513	25.744308	25.773289	25.799330	25.822344	25.842228	25.858925	25.872353	25.882473	25.889240	25.892632	25.892632	25.889238	25.882475	25.872353	25.858925	25.842228	25.822346	25.799328	25.773291	25.744308	25.712515	25.678011	25.640947	25.601440	25.559671	25.515766	25.469925	25.422291	25.373074	25.322433	25.270582	25.217701	25.164001	25.109676	25.054943	
25.053642	25.107090	25.160124	25.212561	25.264185	25.314821	25.364256	25.412325	25.458820	25.503595	25.546444	25.587244	25.625801	25.662003	25.695683	25.726738	25.755024	25.780458	25.802921	25.822346	25.838636	25.851755	25.861633	25.868240	25.871555	25.871552	25.868244	25.861631	25.851757	25.838638	25.822346	25.802919	25.780460	25.755024	25.726738	25.695683	25.662004	25.625801	25.587244	25.546444	25.503595	25.458820	25.412325	25.364258	25.314821	25.264187	25.212563	25.160126	25.107090	25.053644	
25.052147	25.104090	25.155649	25.206608	25.256800	25.306004	25.354071	25.400782	25.445990	25.489496	25.531162	25.570803	25.608299	25.643475	25.676224	25.706398	25.733904	25.758614	25.780460	25.799328	25.815176	25.827919	25.837524	25.843948	25.847166	25.847168	25.843948	25.837528	25.827919	25.815180	25.799330	25.780462	25.758614	25.733906	25.706398	25.676226	25.643473	25.608299	25.570805	25.531162	25.489496	25.445992	25.400782	25.354071	25.306007	25.256798	25.206610	25.155647	25.104088	25.052145	
25.050446	25.100702	25.150570	25.199883	25.248425	25.296041	25.342525	25.387732	25.431450	25.473555	25.513847	25.552216	25.588470	25.622517	25.654186	25.683388	25.709988	25.733906	25.755026	25.773293	25.788612	25.800949	25.810236	25.816452	25.819565	25.819565	25.816454	25.810236	25.800953	25.788614	25.773296	25.755024	25.733906	25.709988	25.683392	25.654186	25.622517	25.588470	25.552216	25.513847	25.473557	25.431450	25.387732	25.342529	25.296043	25.248428	25.199883	25.150574	25.100700	25.050446	
25.048557	25.096924	25.144936	25.192385	25.239120	25.284941	25.329699	25.373192	25.415291	25.455803	25.494602	25.531515	25.566429	25.599182	25.629681	25.657776	25.683390	25.706398	25.726738	25.744310	25.759066	25.770931	25.779879	25.785856	25.788857	25.788855	25.785858	25.779881	25.770933	25.759069	25.744310	25.726742	25.706398	25.683393	25.657774	25.629681	25.599182	25.566431	25.531513	25.494602	25.455801	25.415293	25.373196	25.329700	25.284945	25.239124	25.192387	25.144936	25.096924	25.048555	
25.046478	25.092789	25.138739	25.184174	25.228901	25.272774	25.315605	25.357258	25.397541	25.436338	25.473463	25.508816	25.542221	25.573593	25.602772	25.629681	25.654186	25.676226	25.695686	25.712519	25.726635	25.738001	25.746557	25.752285	25.755154	25.755154	25.752285	25.746559	25.738001	25.726635	25.712521	25.695686	25.676229	25.654186	25.629684	25.602772	25.573593	25.542223	25.508818	25.473463	25.436337	25.397541	25.357260	25.315609	25.272778	25.228903	25.184174	25.138741	25.092787	25.046480	
25.044231	25.088291	25.132027	25.175249	25.217823	25.259562	25.300331	25.339951	25.378300	25.415201	25.450548	25.484169	25.515976	25.545811	25.573593	25.599186	25.622519	25.643475	25.662006	25.678011	25.691456	25.702263	25.710413	25.715858	25.718588	25.718590	25.715858	25.710411	25.702263	25.691456	25.678013	25.662010	25.643476	25.622522	25.599182	25.573597	25.545811	25.515980	25.484171	25.450550	25.415203	25.378302	25.339952	25.300333	25.259563	25.217823	25.175251	25.132025	25.088291	25.044231	
25.041809	25.083469	25.124802	25.165674	25.205910	25.245377	25.283905	25.321373	25.357609	25.392509	25.425905	25.457708	25.487759	25.515980	25.542225	25.566433	25.588474	25.608303	25.625805	25.640949	25.653645	25.663872	25.671570	25.676720	25.679298	25.679298	25.676723	25.671570	25.663872	25.653645	25.640951	25.625805	25.608307	25.588476	25.566435	25.542225	25.515980	25.487759	25.457710	25.425907	25.392511	25.357609	25.321373	25.283905	25.245378	25.205910	25.165674	25.124802	25.083467	25.041811	
25.039238	25.078320	25.117115	25.155460	25.193224	25.230249	25.266415	25.301559	25.335579	25.368313	25.399670	25.429493	25.457710	25.484173	25.508821	25.531519	25.552219	25.570808	25.587248	25.601440	25.613371	25.622955	25.630184	25.635015	25.637438	25.637438	25.635015	25.630186	25.622955	25.613373	25.601442	25.587250	25.570810	25.552221	25.531517	25.508821	25.484173	25.457710	25.429493	25.399670	25.368313	25.335579	25.301561	25.266418	25.230251	25.193226	25.155460	25.117115	25.078320	25.039238	
25.036507	25.072884	25.108976	25.144665	25.179798	25.214260	25.247902	25.280621	25.312263	25.342737	25.371899	25.399670	25.425907	25.450554	25.473467	25.494610	25.513855	25.531170	25.546452	25.559677	25.570759	25.579689	25.586409	25.590906	25.593159	25.593159	25.590908	25.586409	25.579691	25.570759	25.559677	25.546452	25.531174	25.513853	25.494612	25.473469	25.450554	25.425907	25.399673	25.371899	25.342739	25.312262	25.280622	25.247902	25.214264	25.179798	25.144665	25.108974	25.072886	25.036510	
25.033649	25.067162	25.100431	25.133314	25.165699	25.197453	25.228466	25.258606	25.287777	25.315849	25.342739	25.368313	25.392513	25.415203	25.436344	25.455807	25.473562	25.489502	25.503601	25.515770	25.525997	25.534218	25.540417	25.544561	25.546637	25.546640	25.544559	25.540421	25.534218	25.526003	25.515774	25.503603	25.489500	25.473564	25.455807	25.436344	25.415207	25.392515	25.368313	25.342743	25.315849	25.287781	25.258602	25.228468	25.197453	25.165703	25.133316	25.100433	25.067165	25.033648	
25.030655	25.061195	25.091503	25.121468	25.150967	25.179903	25.208153	25.235622	25.262190	25.287781	25.312263	25.335583	25.357613	25.378307	25.397545	25.415298	25.431458	25.445995	25.458824	25.469929	25.479237	25.486736	25.492376	25.496155	25.498045	25.498045	25.496157	25.492376	25.486738	25.479237	25.469933	25.458828	25.445999	25.431458	25.415302	25.397547	25.378307	25.357613	25.335587	25.312263	25.287785	25.262190	25.235626	25.208151	25.179905	25.150969	25.121468	25.091503	25.061197	25.030655	
25.027550	25.054993	25.082230	25.109154	25.135670	25.161667	25.187061	25.211739	25.235626	25.258606	25.280626	25.301563	25.321381	25.339956	25.357265	25.373199	25.387737	25.400784	25.412329	25.422295	25.430670	25.437399	25.442476	25.445868	25.447569	25.447569	25.445868	25.442478	25.437401	25.430674	25.422297	25.412333	25.400787	25.387741	25.373201	25.357265	25.339958	25.321379	25.301565	25.280628	25.258606	25.235626	25.211735	25.187063	25.161667	25.135670	25.109154	25.082232	25.054993	25.027550	
25.024338	25.048584	25.072643	25.096432	25.119850	25.142826	25.165253	25.187061	25.208153	25.228470	25.247906	25.266422	25.283909	25.300339	25.315613	25.329706	25.342533	25.354076	25.364262	25.373077	25.380465	25.386417	25.390896	25.393896	25.395397	25.395399	25.393898	25.390900	25.386421	25.380466	25.373079	25.364264	25.354078	25.342537	25.329708	25.315613	25.300339	25.283909	25.266422	25.247906	25.228474	25.208153	25.187065	25.165253	25.142826	25.119852	25.096432	25.072643	25.048584	25.024336	
25.021034	25.041988	25.062784	25.083340	25.103588	25.123436	25.142828	25.161669	25.179907	25.197453	25.214268	25.230253	25.245384	25.259567	25.272783	25.284950	25.296051	25.306011	25.314827	25.322437	25.328829	25.333969	25.337843	25.340435	25.341734	25.341732	25.340435	25.337845	25.333969	25.328835	25.322437	25.314829	25.306015	25.296051	25.284950	25.272781	25.259567	25.245382	25.230255	25.214268	25.197453	25.179909	25.161667	25.142826	25.123438	25.103588	25.083340	25.062786	25.041988	25.021034	
25.017651	25.035236	25.052687	25.069939	25.086926	25.103588	25.119854	25.135674	25.150970	25.165707	25.179802	25.193230	25.205914	25.217829	25.228909	25.239130	25.248432	25.256805	25.264191	25.270584	25.275944	25.280260	25.283510	25.285685	25.286774	25.286774	25.285685	25.283512	25.280262	25.275944	25.270588	25.264193	25.256804	25.248432	25.239130	25.228909	25.217829	25.205914	25.193230	25.179802	25.165707	25.150969	25.135674	25.119854	25.103588	25.086926	25.069941	25.052685	25.035236	25.017651	
25.014202	25.028351	25.042393	25.056271	25.069941	25.083344	25.096434	25.109156	25.121471	25.133316	25.144669	25.155464	25.165680	25.175255	25.184181	25.192394	25.199886	25.206615	25.212564	25.217705	25.222019	25.225491	25.228106	25.229855	25.230732	25.230732	25.229856	25.228107	25.225491	25.222023	25.217705	25.212566	25.206615	25.199888	25.192394	25.184177	25.175255	25.165676	25.155464	25.144669	25.133318	25.121469	25.109156	25.096436	25.083344	25.069942	25.056273	25.042391	25.028349	25.014202	
25.010696	25.021358	25.031935	25.042391	25.052687	25.062786	25.072643	25.082233	25.091503	25.100437	25.108978	25.117119	25.124805	25.132030	25.138742	25.144939	25.150578	25.155651	25.160130	25.164005	25.167253	25.169868	25.171839	25.173157	25.173817	25.173817	25.173157	25.171839	25.169868	25.167252	25.164005	25.160130	25.155651	25.150578	25.144938	25.138744	25.132027	25.124805	25.117119	25.108980	25.100433	25.091503	25.082233	25.072645	25.062786	25.052689	25.042393	25.031933	25.021357	25.010698	
25.007156	25.014282	25.021357	25.028349	25.035236	25.041988	25.048584	25.054993	25.061199	25.067165	25.072887	25.078323	25.083469	25.088295	25.092791	25.096928	25.100704	25.104094	25.107094	25.109680	25.111855	25.113605	25.114922	25.115801	25.116245	25.116243	25.115803	25.114922	25.113604	25.111855	25.109680	25.107094	25.104095	25.100704	25.096930	25.092789	25.088295	25.083469	25.078323	25.072884	25.067165	25.061195	25.054993	25.048584	25.041990	25.035236	25.028351	25.021358	25.014282	25.007156	
25.003586	25.007154	25.010698	25.014202	25.017651	25.021034	25.024338	25.027550	25.030655	25.033649	25.036510	25.039236	25.041813	25.044231	25.046482	25.048557	25.050447	25.052147	25.053646	25.054943	25.056034	25.056910	25.057570	25.058012	25.058231	25.058233	25.058010	25.057570	25.056908	25.056034	25.054945	25.053648	25.052147	25.050446	25.048557	25.046482	25.044231	25.041813	25.039238	25.036510	25.033646	25.030657	25.027550	25.024338	25.021034	25.017653	25.014202	25.010700	25.007156	25.003584	
