25.000362	25.000721	25.001080	25.001431	25.001778	25.002121	25.002453	25.002777	25.003090	25.003391	25.003681	25.003956	25.004215	25.004457	25.004686	25.004894	25.005085	25.005257	25.005407	25.005539	25.005646	25.005735	25.005802	25.005844	25.005867	25.005867	25.005844	25.005800	25.005733	25.005650	25.005537	25.005407	25.005257	25.005085	25.004894	25.004684	25.004459	25.004215	25.003954	25.003681	25.003391	25.003092	25.002777	25.002453	25.002121	25.001780	25.001434	25.001080	25.000721	25.000362	
25.000721	25.001442	25.002151	25.002857	25.003551	25.004232	25.004896	25.005543	25.006168	25.006771	25.007347	25.007895	25.008415	25.008900	25.009352	25.009771	25.010151	25.010490	25.010792	25.011055	25.011272	25.011448	25.011581	25.011667	25.011713	25.011715	25.011669	25.011580	25.011448	25.011272	25.011055	25.010792	25.010492	25.010149	25.009769	25.009352	25.008902	25.008411	25.007896	25.007345	25.006771	25.006168	25.005545	25.004898	25.004234	25.003555	25.002859	25.002153	25.001440	25.000721	
25.001080	25.002153	25.003220	25.004272	25.005314	25.006329	25.007324	25.008287	25.009224	25.010124	25.010986	25.011806	25.012581	25.013309	25.013985	25.014608	25.015177	25.015686	25.016136	25.016529	25.016853	25.017118	25.017315	25.017448	25.017513	25.017515	25.017448	25.017315	25.017117	25.016853	25.016527	25.016138	25.015686	25.015175	25.014606	25.013985	25.013306	25.012581	25.011803	25.010986	25.010124	25.009226	25.008289	25.007324	25.006329	25.005314	25.004274	25.003222	25.002155	25.001080	
25.001431	25.002861	25.004272	25.005672	25.007050	25.008404	25.009720	25.011003	25.012245	25.013439	25.014584	25.015669	25.016701	25.017664	25.018562	25.019394	25.020145	25.020823	25.021421	25.021938	25.022373	25.022720	25.022987	25.023159	25.023249	25.023251	25.023159	25.022984	25.022722	25.022371	25.021938	25.021420	25.020821	25.020142	25.019392	25.018562	25.017666	25.016697	25.015673	25.014582	25.013439	25.012245	25.011005	25.009724	25.008404	25.007051	25.005676	25.004272	25.002861	25.001431	
25.001778	25.003551	25.005314	25.007051	25.008766	25.010441	25.012085	25.013676	25.015221	25.016705	25.018124	25.019478	25.020754	25.021957	25.023071	25.024101	25.025036	25.025879	25.026623	25.027267	25.027805	25.028240	25.028566	25.028786	25.028896	25.028896	25.028786	25.028568	25.028240	25.027807	25.027267	25.026623	25.025879	25.025036	25.024096	25.023071	25.021952	25.020756	25.019474	25.018124	25.016701	25.015219	25.013678	25.012085	25.010443	25.008766	25.007053	25.005314	25.003551	25.001780	
25.002121	25.004234	25.006329	25.008404	25.010445	25.012445	25.014397	25.016300	25.018135	25.019903	25.021599	25.023209	25.024734	25.026161	25.027493	25.028717	25.029835	25.030838	25.031727	25.032490	25.033134	25.033649	25.034042	25.034302	25.034431	25.034433	25.034302	25.034040	25.033651	25.033134	25.032492	25.031723	25.030838	25.029831	25.028717	25.027487	25.026161	25.024727	25.023209	25.021595	25.019905	25.018135	25.016298	25.014397	25.012447	25.010445	25.008404	25.006330	25.004234	25.002121	
25.002457	25.004898	25.007326	25.009722	25.012085	25.014399	25.016659	25.018856	25.020985	25.023029	25.024986	25.026852	25.028614	25.030270	25.031807	25.033226	25.034517	25.035679	25.036705	25.037594	25.038336	25.038937	25.039387	25.039688	25.039839	25.039837	25.039688	25.039387	25.038933	25.038338	25.037590	25.036705	25.035679	25.034517	25.033222	25.031807	25.030264	25.028614	25.026850	25.024990	25.023027	25.020983	25.018856	25.016659	25.014397	25.012085	25.009722	25.007328	25.004898	25.002455	
25.002777	25.005547	25.008289	25.011005	25.013676	25.016300	25.018856	25.021345	25.023750	25.026066	25.028286	25.030396	25.032389	25.034262	25.036003	25.037609	25.039070	25.040386	25.041550	25.042549	25.043396	25.044071	25.044582	25.044922	25.045094	25.045094	25.044922	25.044580	25.044071	25.043392	25.042553	25.041546	25.040386	25.039070	25.037609	25.036001	25.034264	25.032385	25.030396	25.028282	25.026068	25.023748	25.021343	25.018856	25.016298	25.013676	25.011005	25.008289	25.005547	25.002777	
25.003090	25.006168	25.009226	25.012245	25.015221	25.018135	25.020985	25.023750	25.026430	25.029005	25.031475	25.033821	25.036041	25.038124	25.040062	25.041847	25.043476	25.044941	25.046230	25.047350	25.048286	25.049042	25.049606	25.049988	25.050179	25.050179	25.049988	25.049608	25.049040	25.048286	25.047346	25.046234	25.044937	25.043476	25.041847	25.040062	25.038120	25.036041	25.033819	25.031473	25.029003	25.026428	25.023750	25.020985	25.018133	25.015221	25.012245	25.009226	25.006168	25.003092	
25.003391	25.006771	25.010124	25.013439	25.016705	25.019905	25.023029	25.026068	25.029007	25.031836	25.034542	25.037121	25.039557	25.041842	25.043968	25.045929	25.047716	25.049322	25.050743	25.051964	25.052996	25.053822	25.054447	25.054863	25.055073	25.055069	25.054863	25.054445	25.053823	25.052994	25.051968	25.050739	25.049322	25.047714	25.045929	25.043968	25.041840	25.039555	25.037121	25.034538	25.031834	25.029003	25.026066	25.023029	25.019905	25.016703	25.013439	25.010124	25.006771	25.003391	
25.003681	25.007347	25.010986	25.014582	25.018126	25.021599	25.024990	25.028284	25.031475	25.034542	25.037481	25.040276	25.042921	25.045401	25.047707	25.049835	25.051773	25.053516	25.055054	25.056389	25.057501	25.058403	25.059078	25.059532	25.059755	25.059757	25.059528	25.059078	25.058401	25.057505	25.056385	25.055058	25.053516	25.051777	25.049835	25.047710	25.045399	25.042923	25.040276	25.037481	25.034540	25.031475	25.028282	25.024986	25.021595	25.018124	25.014580	25.010986	25.007345	25.003681	
25.003954	25.007896	25.011803	25.015673	25.019476	25.023209	25.026852	25.030396	25.033821	25.037121	25.040277	25.043283	25.046124	25.048786	25.051270	25.053555	25.055637	25.057510	25.059164	25.060595	25.061794	25.062757	25.063486	25.063971	25.064217	25.064215	25.063972	25.063484	25.062759	25.061792	25.060596	25.059162	25.057510	25.055635	25.053556	25.051268	25.048788	25.046120	25.043285	25.040276	25.037121	25.033819	25.030396	25.026852	25.023209	25.019476	25.015671	25.011803	25.007896	25.003956	
25.004215	25.008411	25.012581	25.016697	25.020756	25.024731	25.028614	25.032391	25.036041	25.039555	25.042921	25.046124	25.049152	25.051991	25.054634	25.057068	25.059288	25.061287	25.063046	25.064569	25.065849	25.066879	25.067650	25.068172	25.068428	25.068430	25.068171	25.067654	25.066877	25.065849	25.064569	25.063047	25.061283	25.059292	25.057068	25.054634	25.051989	25.049150	25.046120	25.042923	25.039555	25.036041	25.032387	25.028614	25.024731	25.020756	25.016699	25.012581	25.008411	25.004215	
25.004456	25.008900	25.013306	25.017664	25.021954	25.026161	25.030268	25.034260	25.038124	25.041842	25.045401	25.048790	25.051991	25.054995	25.057793	25.060368	25.062716	25.064827	25.066692	25.068302	25.069656	25.070744	25.071564	25.072109	25.072384	25.072384	25.072109	25.071564	25.070744	25.069653	25.068302	25.066690	25.064827	25.062714	25.060371	25.057791	25.054996	25.051987	25.048790	25.045399	25.041843	25.038122	25.034262	25.030270	25.026161	25.021954	25.017666	25.013306	25.008900	25.004457	
25.004686	25.009350	25.013985	25.018562	25.023071	25.027491	25.031807	25.036003	25.040062	25.043968	25.047707	25.051270	25.054632	25.057791	25.060726	25.063438	25.065903	25.068123	25.070084	25.071777	25.073196	25.074341	25.075201	25.075777	25.076065	25.076065	25.075779	25.075203	25.074339	25.073196	25.071775	25.070084	25.068123	25.065907	25.063437	25.060734	25.057789	25.054636	25.051266	25.047710	25.043968	25.040062	25.036003	25.031807	25.027493	25.023071	25.018562	25.013985	25.009352	25.004684	
25.004890	25.009769	25.014605	25.019390	25.024097	25.028717	25.033226	25.037609	25.041847	25.045929	25.049837	25.053555	25.057072	25.060368	25.063438	25.066265	25.068844	25.071159	25.073208	25.074976	25.076462	25.077656	25.078554	25.079155	25.079456	25.079458	25.079155	25.078556	25.077656	25.076460	25.074978	25.073208	25.071161	25.068844	25.066269	25.063438	25.060371	25.057070	25.053556	25.049835	25.045933	25.041849	25.037609	25.033226	25.028715	25.024097	25.019390	25.014606	25.009769	25.004894	
25.005085	25.010147	25.015175	25.020142	25.025036	25.029833	25.034519	25.039070	25.043476	25.047714	25.051773	25.055637	25.059288	25.062717	25.065903	25.068844	25.071522	25.073929	25.076054	25.077892	25.079433	25.080675	25.081610	25.082233	25.082548	25.082548	25.082233	25.081608	25.080673	25.079433	25.077892	25.076054	25.073929	25.071524	25.068844	25.065907	25.062716	25.059292	25.055637	25.051777	25.047716	25.043478	25.039070	25.034515	25.029835	25.025036	25.020145	25.015177	25.010147	25.005085	
25.005253	25.010490	25.015684	25.020821	25.025879	25.030838	25.035679	25.040384	25.044939	25.049320	25.053516	25.057510	25.061285	25.064823	25.068123	25.071159	25.073929	25.076416	25.078613	25.080513	25.082108	25.083389	25.084354	25.085001	25.085325	25.085323	25.085003	25.084354	25.083389	25.082108	25.080513	25.078613	25.076416	25.073927	25.071163	25.068121	25.064829	25.061283	25.057514	25.053516	25.049324	25.044937	25.040384	25.035679	25.030834	25.025879	25.020824	25.015684	25.010490	25.005253	
25.005405	25.010792	25.016136	25.021420	25.026623	25.031727	25.036705	25.041548	25.046230	25.050739	25.055058	25.059166	25.063046	25.066690	25.070080	25.073208	25.076054	25.078613	25.080873	25.082827	25.084469	25.085787	25.086779	25.087446	25.087778	25.087780	25.087444	25.086781	25.085789	25.084469	25.082829	25.080875	25.078613	25.076054	25.073206	25.070084	25.066689	25.063049	25.059162	25.055059	25.050739	25.046230	25.041546	25.036705	25.031723	25.026623	25.021420	25.016140	25.010790	25.005407	
25.005535	25.011051	25.016525	25.021938	25.027267	25.032490	25.037594	25.042551	25.047348	25.051968	25.056385	25.060595	25.064569	25.068298	25.071774	25.074976	25.077892	25.080513	25.082829	25.084827	25.086506	25.087860	25.088877	25.089558	25.089901	25.089899	25.089558	25.088879	25.087860	25.086510	25.084829	25.082829	25.080513	25.077892	25.074974	25.071772	25.068306	25.064568	25.060596	25.056385	25.051964	25.047348	25.042549	25.037590	25.032492	25.027266	25.021938	25.016525	25.011053	25.005535	
25.005646	25.011271	25.016853	25.022373	25.027805	25.033134	25.038338	25.043394	25.048286	25.052994	25.057505	25.061790	25.065847	25.069653	25.073195	25.076458	25.079433	25.082108	25.084467	25.086506	25.088221	25.089600	25.090637	25.091330	25.091677	25.091679	25.091331	25.090637	25.089598	25.088221	25.086510	25.084467	25.082106	25.079433	25.076458	25.073196	25.069653	25.065851	25.061792	25.057505	25.052994	25.048286	25.043392	25.038336	25.033133	25.027805	25.022371	25.016853	25.011269	25.005646	
25.005733	25.011448	25.017117	25.022720	25.028240	25.033651	25.038937	25.044071	25.049042	25.053823	25.058401	25.062757	25.066875	25.070740	25.074341	25.077656	25.080675	25.083389	25.085785	25.087860	25.089596	25.090996	25.092052	25.092756	25.093109	25.093109	25.092754	25.092052	25.090998	25.089600	25.087860	25.085785	25.083387	25.080673	25.077656	25.074339	25.070745	25.066875	25.062759	25.058399	25.053822	25.049038	25.044071	25.038935	25.033649	25.028240	25.022722	25.017117	25.011448	25.005733	
25.005798	25.011581	25.017315	25.022984	25.028568	25.034042	25.039387	25.044584	25.049608	25.054447	25.059078	25.063484	25.067654	25.071564	25.075199	25.078554	25.081612	25.084354	25.086781	25.088875	25.090637	25.092052	25.093119	25.093832	25.094189	25.094189	25.093830	25.093117	25.092052	25.090637	25.088877	25.086779	25.084354	25.081608	25.078552	25.075203	25.071562	25.067656	25.063486	25.059078	25.054443	25.049606	25.044582	25.039387	25.034042	25.028568	25.022984	25.017315	25.011578	25.005800	
25.005844	25.011667	25.017448	25.023159	25.028786	25.034302	25.039688	25.044922	25.049990	25.054865	25.059532	25.063972	25.068172	25.072111	25.075775	25.079155	25.082233	25.085001	25.087446	25.089558	25.091330	25.092756	25.093830	25.094551	25.094910	25.094910	25.094549	25.093832	25.092758	25.091331	25.089558	25.087444	25.085001	25.082235	25.079157	25.075777	25.072113	25.068172	25.063972	25.059530	25.054863	25.049988	25.044924	25.039688	25.034302	25.028786	25.023161	25.017448	25.011669	25.005844	
25.005867	25.011713	25.017513	25.023247	25.028896	25.034433	25.039841	25.045094	25.050179	25.055073	25.059759	25.064217	25.068432	25.072386	25.076065	25.079456	25.082546	25.085325	25.087780	25.089897	25.091677	25.093109	25.094189	25.094910	25.095272	25.095272	25.094912	25.094189	25.093111	25.091679	25.089897	25.087778	25.085323	25.082546	25.079456	25.076065	25.072388	25.068432	25.064217	25.059757	25.055073	25.050179	25.045094	25.039839	25.034431	25.028896	25.023249	25.017513	25.011711	25.005867	
25.005867	25.011713	25.017513	25.023247	25.028896	25.034433	25.039841	25.045094	25.050179	25.055073	25.059759	25.064217	25.068432	25.072386	25.076065	25.079456	25.082546	25.085325	25.087780	25.089897	25.091677	25.093109	25.094189	25.094910	25.095272	25.095272	25.094912	25.094189	25.093111	25.091679	25.089897	25.087778	25.085323	25.082546	25.079456	25.076065	25.072388	25.068432	25.064217	25.059757	25.055073	25.050179	25.045094	25.039839	25.034431	25.028896	25.023249	25.017513	25.011711	25.005867	
25.005844	25.011667	25.017448	25.023159	25.028786	25.034302	25.039688	25.044922	25.049990	25.054865	25.059532	25.063972	25.068172	25.072111	25.075775	25.079155	25.082233	25.085001	25.087446	25.089558	25.091330	25.092756	25.093830	25.094551	25.094910	25.094910	25.094549	25.093832	25.092758	25.091331	25.089558	25.087444	25.085001	25.082235	25.079157	25.075777	25.072113	25.068172	25.063972	25.059530	25.054863	25.049988	25.044924	25.039688	25.034302	25.028786	25.023161	25.017448	25.011669	25.005844	
25.005798	25.011581	25.017315	25.022984	25.028568	25.034042	25.039387	25.044584	25.049608	25.054447	25.059078	25.063484	25.067654	25.071564	25.075199	25.078554	25.081612	25.084354	25.086781	25.088875	25.090637	25.092052	25.093119	25.093832	25.094189	25.094189	25.093830	25.093117	25.092052	25.090637	25.088877	25.086779	25.084354	25.081608	25.078552	25.075203	25.071562	25.067656	25.063486	25.059078	25.054443	25.049606	25.044582	25.039387	25.034042	25.028568	25.022984	25.017315	25.011578	25.005800	
25.005733	25.011448	25.017117	25.022720	25.028240	25.033651	25.038937	25.044071	25.049042	25.053823	25.058401	25.062757	25.066875	25.070740	25.074341	25.077656	25.080675	25.083389	25.085785	25.087860	25.089596	25.090996	25.092052	25.092756	25.093109	25.093109	25.092754	25.092052	25.090998	25.089600	25.087860	25.085785	25.083387	25.080673	25.077656	25.074339	25.070745	25.066875	25.062759	25.058399	25.053822	25.049038	25.044071	25.038935	25.033649	25.028240	25.022722	25.017117	25.011448	25.005733	
25.005646	25.011271	25.016853	25.022373	25.027805	25.033134	25.038338	25.043394	25.048286	25.052994	25.057505	25.061790	25.065847	25.069653	25.073195	25.076458	25.079433	25.082108	25.084467	25.086506	25.088221	25.089600	25.090637	25.091330	25.091677	25.091679	25.091331	25.090637	25.089598	25.088221	25.086510	25.084467	25.082106	25.079433	25.076458	25.073196	25.069653	25.065851	25.061792	25.057505	25.052994	25.048286	25.043392	25.038336	25.033133	25.027805	25.022371	25.016853	25.011269	25.005646	
25.005535	25.011051	25.016525	25.021938	25.027267	25.032490	25.037594	25.042551	25.047348	25.051968	25.056385	25.060595	25.064569	25.068298	25.071774	25.074976	25.077892	25.080513	25.082829	25.084827	25.086506	25.087860	25.088877	25.089558	25.089901	25.089899	25.089558	25.088879	25.087860	25.086510	25.084829	25.082829	25.080513	25.077892	25.074974	25.071772	25.068306	25.064568	25.060596	25.056385	25.051964	25.047348	25.042549	25.037590	25.032492	25.027266	25.021938	25.016525	25.011053	25.005535	
25.005405	25.010792	25.016136	25.021420	25.026623	25.031727	25.036705	25.041548	25.046230	25.050739	25.055058	25.059166	25.063046	25.066690	25.070080	25.073208	25.076054	25.078613	25.080873	25.082827	25.084469	25.085787	25.086779	25.087446	25.087778	25.087780	25.087444	25.086781	25.085789	25.084469	25.082829	25.080875	25.078613	25.076054	25.073206	25.070084	25.066689	25.063049	25.059162	25.055059	25.050739	25.046230	25.041546	25.036705	25.031723	25.026623	25.021420	25.016140	25.010790	25.005407	
25.005253	25.010490	25.015684	25.020821	25.025879	25.030838	25.035679	25.040384	25.044939	25.049320	25.053516	25.057510	25.061285	25.064823	25.068123	25.071159	25.073929	25.076416	25.078613	25.080513	25.082108	25.083389	25.084354	25.085001	25.085325	25.085323	25.085003	25.084354	25.083389	25.082108	25.080513	25.078613	25.076416	25.073927	25.071163	25.068121	25.064829	25.061283	25.057514	25.053516	25.049324	25.044937	25.040384	25.035679	25.030834	25.025879	25.020824	25.015684	25.010490	25.005253	
25.005085	25.010147	25.015175	25.020142	25.025036	25.029833	25.034519	25.039070	25.043476	25.047714	25.051773	25.055637	25.059288	25.062717	25.065903	25.068844	25.071522	25.073929	25.076054	25.077892	25.079433	25.080675	25.081610	25.082233	25.082548	25.082548	25.082233	25.081608	25.080673	25.079433	25.077892	25.076054	25.073929	25.071524	25.068844	25.065907	25.062716	25.059292	25.055637	25.051777	25.047716	25.043478	25.039070	25.034515	25.029835	25.025036	25.020145	25.015177	25.010147	25.005085	
25.004890	25.009769	25.014605	25.019390	25.024097	25.028717	25.033226	25.037609	25.041847	25.045929	25.049837	25.053555	25.057072	25.060368	25.063438	25.066265	25.068844	25.071159	25.073208	25.074976	25.076462	25.077656	25.078554	25.079155	25.079456	25.079458	25.079155	25.078556	25.077656	25.076460	25.074978	25.073208	25.071161	25.068844	25.066269	25.063438	25.060371	25.057070	25.053556	25.049835	25.045933	25.041849	25.037609	25.033226	25.028715	25.024097	25.019390	25.014606	25.009769	25.004894	
25.004686	25.009350	25.013985	25.018562	25.023071	25.027491	25.031807	25.036003	25.040062	25.043968	25.047707	25.051270	25.054632	25.057791	25.060726	25.063438	25.065903	25.068123	25.070084	25.071777	25.073196	25.074341	25.075201	25.075777	25.076065	25.076065	25.075779	25.075203	25.074339	25.073196	25.071775	25.070084	25.068123	25.065907	25.063437	25.060734	25.057789	25.054636	25.051266	25.047710	25.043968	25.040062	25.036003	25.031807	25.027493	25.023071	25.018562	25.013985	25.009352	25.004684	
25.004456	25.008900	25.013306	25.017664	25.021954	25.026161	25.030268	25.034260	25.038124	25.041842	25.045401	25.048790	25.051991	25.054995	25.057793	25.060368	25.062716	25.064827	25.066692	25.068302	25.069656	25.070744	25.071564	25.072109	25.072384	25.072384	25.072109	25.071564	25.070744	25.069653	25.068302	25.066690	25.064827	25.062714	25.060371	25.057791	25.054996	25.051987	25.048790	25.045399	25.041843	25.038122	25.034262	25.030270	25.026161	25.021954	25.017666	25.013306	25.008900	25.004457	
25.004215	25.008411	25.012581	25.016697	25.020756	25.024731	25.028614	25.032391	25.036041	25.039555	25.042921	25.046124	25.049152	25.051991	25.054634	25.057068	25.059288	25.061287	25.063046	25.064569	25.065849	25.066879	25.067650	25.068172	25.068428	25.068430	25.068171	25.067654	25.066877	25.065849	25.064569	25.063047	25.061283	25.059292	25.057068	25.054634	25.051989	25.049150	25.046120	25.042923	25.039555	25.036041	25.032387	25.028614	25.024731	25.020756	25.016699	25.012581	25.008411	25.004215	
25.003954	25.007896	25.011803	25.015673	25.019476	25.023209	25.026852	25.030396	25.033821	25.037121	25.040277	25.043283	25.046124	25.048786	25.051270	25.053555	25.055637	25.057510	25.059164	25.060595	25.061794	25.062757	25.063486	25.063971	25.064217	25.064215	25.063972	25.063484	25.062759	25.061792	25.060596	25.059162	25.057510	25.055635	25.053556	25.051268	25.048788	25.046120	25.043285	25.040276	25.037121	25.033819	25.030396	25.026852	25.023209	25.019476	25.015671	25.011803	25.007896	25.003956	
25.003681	25.007347	25.010986	25.014582	25.018126	25.021599	25.024990	25.028284	25.031475	25.034542	25.037481	25.040276	25.042921	25.045401	25.047707	25.049835	25.051773	25.053516	25.055054	25.056389	25.057501	25.058403	25.059078	25.059532	25.059755	25.059757	25.059528	25.059078	25.058401	25.057505	25.056385	25.055058	25.053516	25.051777	25.049835	25.047710	25.045399	25.042923	25.040276	25.037481	25.034540	25.031475	25.028282	25.024986	25.021595	25.018124	25.014580	25.010986	25.007345	25.003681	
25.003391	25.006771	25.010124	25.013439	25.016705	25.019905	25.023029	25.026068	25.029007	25.031836	25.034542	25.037121	25.039557	25.041842	25.043968	25.045929	25.047716	25.049322	25.050743	25.051964	25.052996	25.053822	25.054447	25.054863	25.055073	25.055069	25.054863	25.054445	25.053823	25.052994	25.051968	25.050739	25.049322	25.047714	25.045929	25.043968	25.041840	25.039555	25.037121	25.034538	25.031834	25.029003	25.026066	25.023029	25.019905	25.016703	25.013439	25.010124	25.006771	25.003391	
25.003090	25.006168	25.009226	25.012245	25.015221	25.018135	25.020985	25.023750	25.026430	25.029005	25.031475	25.033821	25.036041	25.038124	25.040062	25.041847	25.043476	25.044941	25.046230	25.047350	25.048286	25.049042	25.049606	25.049988	25.050179	25.050179	25.049988	25.049608	25.049040	25.048286	25.047346	25.046234	25.044937	25.043476	25.041847	25.040062	25.038120	25.036041	25.033819	25.031473	25.029003	25.026428	25.023750	25.020985	25.018133	25.015221	25.012245	25.009226	25.006168	25.003092	
25.002777	25.005547	25.008289	25.011005	25.013676	25.016300	25.018856	25.021345	25.023750	25.026066	25.028286	25.030396	25.032389	25.034262	25.036003	25.037609	25.039070	25.040386	25.041550	25.042549	25.043396	25.044071	25.044582	25.044922	25.045094	25.045094	25.044922	25.044580	25.044071	25.043392	25.042553	25.041546	25.040386	25.039070	25.037609	25.036001	25.034264	25.032385	25.030396	25.028282	25.026068	25.023748	25.021343	25.018856	25.016298	25.013676	25.011005	25.008289	25.005547	25.002777	
25.002457	25.004898	25.007326	25.009722	25.012085	25.014399	25.016659	25.018856	25.020985	25.023029	25.024986	25.026852	25.028614	25.030270	25.031807	25.033226	25.034517	25.035679	25.036705	25.037594	25.038336	25.038937	25.039387	25.039688	25.039839	25.039837	25.039688	25.039387	25.038933	25.038338	25.037590	25.036705	25.035679	25.034517	25.033222	25.031807	25.030264	25.028614	25.026850	25.024990	25.023027	25.020983	25.018856	25.016659	25.014397	25.012085	25.009722	25.007328	25.004898	25.002455	
25.002121	25.004234	25.006329	25.008404	25.010445	25.012445	25.014397	25.016300	25.018135	25.019903	25.021599	25.023209	25.024734	25.026161	25.027493	25.028717	25.029835	25.030838	25.031727	25.032490	25.033134	25.033649	25.034042	25.034302	25.034431	25.034433	25.034302	25.034040	25.033651	25.033134	25.032492	25.031723	25.030838	25.029831	25.028717	25.027487	25.026161	25.024727	25.023209	25.021595	25.019905	25.018135	25.016298	25.014397	25.012447	25.010445	25.008404	25.006330	25.004234	25.002121	
25.001778	25.003551	25.005314	25.007051	25.008766	25.010441	25.012085	25.013676	25.015221	25.016705	25.018124	25.019478	25.020754	25.021957	25.023071	25.024101	25.025036	25.025879	25.026623	25.027267	25.027805	25.028240	25.028566	25.028786	25.028896	25.028896	25.028786	25.028568	25.028240	25.027807	25.027267	25.026623	25.025879	25.025036	25.024096	25.023071	25.021952	25.020756	25.019474	25.018124	25.016701	25.015219	25.013678	25.012085	25.010443	25.008766	25.007053	25.005314	25.003551	25.001780	
25.001431	25.002861	25.004272	25.005672	25.007050	25.008404	25.009720	25.011003	25.012245	25.013439	25.014584	25.015669	25.016701	25.017664	25.018562	25.019394	25.020145	25.020823	25.021421	25.021938	25.022373	25.022720	25.022987	25.023159	25.023249	25.023251	25.023159	25.022984	25.022722	25.022371	25.021938	25.021420	25.020821	25.020142	25.019392	25.018562	25.017666	25.016697	25.015673	25.014582	25.013439	25.012245	25.011005	25.009724	25.008404	25.007051	25.005676	25.004272	25.002861	25.001431	
25.001080	25.002153	25.003220	25.004272	25.005314	25.006329	25.007324	25.008287	25.009224	25.010124	25.010986	25.011806	25.012581	25.013309	25.013985	25.014608	25.015177	25.015686	25.016136	25.016529	25.016853	25.017118	25.017315	25.017448	25.017513	25.017515	25.017448	25.017315	25.017117	25.016853	25.016527	25.016138	25.015686	25.015175	25.014606	25.013985	25.013306	25.012581	25.011803	25.010986	25.010124	25.009226	25.008289	25.007324	25.006329	25.005314	25.004274	25.003222	25.002155	25.001080	
25.000721	25.001442	25.002151	25.002857	25.003551	25.004232	25.004896	25.005543	25.006168	25.006771	25.007347	25.007895	25.008415	25.008900	25.009352	25.009771	25.010151	25.010490	25.010792	25.011055	25.011272	25.011448	25.011581	25.011667	25.011713	25.011715	25.011669	25.011580	25.011448	25.011272	25.011055	25.010792	25.010492	25.010149	25.009769	25.009352	25.008902	25.008411	25.007896	25.007345	25.006771	25.006168	25.005545	25.004898	25.004234	25.003555	25.002859	25.002153	25.001440	25.000721	
25.000362	25.000721	25.001080	25.001431	25.001778	25.002121	25.002453	25.002777	25.003090	25.003391	25.003681	25.003956	25.004215	25.004457	25.004686	25.004894	25.005085	25.005257	25.005407	25.005539	25.005646	25.005735	25.005802	25.005844	25.005867	25.005867	25.005844	25.005800	25.005733	25.005650	25.005537	25.005407	25.005257	25.005085	25.004894	25.004684	25.004459	25.004215	25.003954	25.003681	25.003391	25.003092	25.002777	25.002453	25.002121	25.001780	25.001434	25.001080	25.000721	25.000362	
