25.000000	25.000000	25.000000	25.000000	25.000000	25.000000	25.000000	25.000000	25.000000	25.000000	25.000000	25.000000	25.000000	25.000000	25.000000	25.000000	25.000000	25.000000	25.000000	25.000000	25.000000	25.000000	25.000000	25.000000	25.000000	25.000000	25.000000	25.000000	25.000000	25.000000	25.000000	25.000000	25.000000	25.000000	25.000000	25.000000	25.000000	25.000000	25.000000	25.000000	25.000000	25.000000	25.000000	25.000000	25.000000	25.000000	25.000000	25.000000	25.000000	25.000000	
25.000000	25.000000	25.000000	25.000000	25.000000	25.000000	25.000000	25.000000	25.000000	25.000000	25.000000	25.000000	25.000000	25.000000	25.000000	25.000000	25.000000	25.000000	25.000000	25.000000	25.000000	25.000000	25.000000	25.000000	25.000000	25.000000	25.000000	25.000000	25.000000	25.000000	25.000000	25.000000	25.000000	25.000000	25.000000	25.000000	25.000000	25.000000	25.000000	25.000000	25.000000	25.000000	25.000000	25.000000	25.000000	25.000000	25.000000	25.000000	25.000000	25.000000	
25.000000	25.000000	25.000000	25.000000	25.000000	25.000000	25.000000	25.000000	25.000000	25.000000	25.000000	25.000000	25.000000	25.000000	25.000000	25.000000	25.000000	25.000000	25.000000	25.000000	25.000000	25.000000	25.000000	25.000000	25.000000	25.000000	25.000000	25.000000	25.000000	25.000000	25.000000	25.000000	25.000000	25.000000	25.000000	25.000000	25.000000	25.000000	25.000000	25.000000	25.000000	25.000000	25.000000	25.000000	25.000000	25.000000	25.000000	25.000000	25.000000	25.000000	
25.000000	25.000000	25.000000	25.000000	25.000000	25.000000	25.000000	25.000000	25.000000	25.000000	25.000000	25.000000	25.000000	25.000000	25.000000	25.000000	25.000000	25.000000	25.000000	25.000000	25.000000	25.000000	25.000000	25.000000	25.000000	25.000000	25.000000	25.000000	25.000000	25.000000	25.000000	25.000000	25.000000	25.000000	25.000000	25.000000	25.000000	25.000000	25.000000	25.000000	25.000000	25.000000	25.000000	25.000000	25.000000	25.000000	25.000000	25.000000	25.000000	25.000000	
25.000000	25.000000	25.000000	25.000000	25.000000	25.000000	25.000000	25.000000	25.000000	25.000000	25.000000	25.000000	25.000000	25.000000	25.000000	25.000000	25.000000	25.000000	25.000000	25.000000	25.000000	25.000000	25.000000	25.000000	25.000000	25.000000	25.000000	25.000000	25.000000	25.000000	25.000000	25.000000	25.000000	25.000000	25.000000	25.000000	25.000000	25.000000	25.000000	25.000000	25.000000	25.000000	25.000000	25.000000	25.000000	25.000000	25.000000	25.000000	25.000000	25.000000	
25.000000	25.000000	25.000000	25.000000	25.000000	25.000000	25.000000	25.000000	25.000000	25.000000	25.000000	25.000000	25.000000	25.000000	25.000000	25.000000	25.000000	25.000000	25.000000	25.000000	25.000000	25.000000	25.000000	25.000000	25.000000	25.000000	25.000000	25.000000	25.000000	25.000000	25.000000	25.000000	25.000000	25.000000	25.000000	25.000000	25.000000	25.000000	25.000000	25.000000	25.000000	25.000000	25.000000	25.000000	25.000000	25.000000	25.000000	25.000000	25.000000	25.000000	
25.000000	25.000000	25.000000	25.000000	25.000000	25.000000	25.000000	25.000000	25.000000	25.000000	25.000000	25.000000	25.000000	25.000000	25.000000	25.000000	25.000000	25.000000	25.000000	25.000000	25.000000	25.000000	25.000000	25.000000	25.000000	25.000000	25.000000	25.000000	25.000000	25.000000	25.000000	25.000000	25.000000	25.000000	25.000000	25.000000	25.000000	25.000000	25.000000	25.000000	25.000000	25.000000	25.000000	25.000000	25.000000	25.000000	25.000000	25.000000	25.000000	25.000000	
25.000000	25.000000	25.000000	25.000000	25.000000	25.000000	25.000000	25.000000	25.000000	25.000000	25.000000	25.000000	25.000000	25.000000	25.000000	25.000000	25.000000	25.000000	25.000000	25.000000	25.000000	25.000000	25.000000	25.000000	25.000000	25.000000	25.000000	25.000000	25.000000	25.000000	25.000000	25.000000	25.000000	25.000000	25.000000	25.000000	25.000000	25.000000	25.000000	25.000000	25.000000	25.000000	25.000000	25.000000	25.000000	25.000000	25.000000	25.000000	25.000000	25.000000	
25.000000	25.000000	25.000000	25.000000	25.000000	25.000000	25.000000	25.000000	25.000000	25.000000	25.000000	25.000000	25.000000	25.000000	25.000000	25.000000	25.000000	25.000000	25.000000	25.000000	25.000000	25.000000	25.000000	25.000000	25.000000	25.000000	25.000000	25.000000	25.000000	25.000000	25.000000	25.000000	25.000000	25.000000	25.000000	25.000000	25.000000	25.000000	25.000000	25.000000	25.000000	25.000000	25.000000	25.000000	25.000000	25.000000	25.000000	25.000000	25.000000	25.000000	
25.000000	25.000000	25.000000	25.000000	25.000000	25.000000	25.000000	25.000000	25.000000	25.000000	25.000000	25.000000	25.000000	25.000000	25.000000	25.000000	25.000000	25.000000	25.000000	25.000000	25.000000	25.000000	25.000000	25.000000	25.000000	25.000000	25.000000	25.000000	25.000000	25.000000	25.000000	25.000000	25.000000	25.000000	25.000000	25.000000	25.000000	25.000000	25.000000	25.000000	25.000000	25.000000	25.000000	25.000000	25.000000	25.000000	25.000000	25.000000	25.000000	25.000000	
25.000000	25.000000	25.000000	25.000000	25.000000	25.000000	25.000000	25.000000	25.000000	25.000000	25.000000	25.000000	25.000000	25.000000	25.000000	25.000000	25.000000	25.000000	25.000000	25.000000	25.000000	25.000000	25.000000	25.000000	25.000000	25.000000	25.000000	25.000000	25.000000	25.000000	25.000000	25.000000	25.000000	25.000000	25.000000	25.000000	25.000000	25.000000	25.000000	25.000000	25.000000	25.000000	25.000000	25.000000	25.000000	25.000000	25.000000	25.000000	25.000000	25.000000	
25.000000	25.000000	25.000000	25.000000	25.000000	25.000000	25.000000	25.000000	25.000000	25.000000	25.000000	25.000000	25.000000	25.000000	25.000000	25.000000	25.000000	25.000000	25.000000	25.000000	25.000000	25.000000	25.000000	25.000000	25.000000	25.000000	25.000000	25.000000	25.000000	25.000000	25.000000	25.000000	25.000000	25.000000	25.000000	25.000000	25.000000	25.000000	25.000000	25.000000	25.000000	25.000000	25.000000	25.000000	25.000000	25.000000	25.000000	25.000000	25.000000	25.000000	
25.000000	25.000000	25.000000	25.000000	25.000000	25.000000	25.000000	25.000000	25.000000	25.000000	25.000000	25.000000	25.000000	25.000000	25.000000	25.000000	25.000000	25.000000	25.000000	25.000000	25.000000	25.000000	25.000000	25.000000	25.000000	25.000000	25.000000	25.000000	25.000000	25.000000	25.000000	25.000000	25.000000	25.000000	25.000000	25.000000	25.000000	25.000000	25.000000	25.000000	25.000000	25.000000	25.000000	25.000000	25.000000	25.000000	25.000000	25.000000	25.000000	25.000000	
25.000000	25.000000	25.000000	25.000000	25.000000	25.000000	25.000000	25.000000	25.000000	25.000000	25.000000	25.000000	25.000000	25.000000	25.000000	25.000000	25.000000	25.000000	25.000000	25.000000	25.000000	25.000000	25.000000	25.000000	25.000000	25.000000	25.000000	25.000000	25.000000	25.000000	25.000000	25.000000	25.000000	25.000000	25.000000	25.000000	25.000000	25.000000	25.000000	25.000000	25.000000	25.000000	25.000000	25.000000	25.000000	25.000000	25.000000	25.000000	25.000000	25.000000	
25.000000	25.000000	25.000000	25.000000	25.000000	25.000000	25.000000	25.000000	25.000000	25.000000	25.000000	25.000000	25.000000	25.000000	25.000000	25.000000	25.000000	25.000000	25.000000	25.000000	25.000000	25.000000	25.000000	25.000000	25.000000	25.000000	25.000000	25.000000	25.000000	25.000000	25.000000	25.000000	25.000000	25.000000	25.000000	25.000000	25.000000	25.000000	25.000000	25.000000	25.000000	25.000000	25.000000	25.000000	25.000000	25.000000	25.000000	25.000000	25.000000	25.000000	
25.000000	25.000000	25.000000	25.000000	25.000000	25.000000	25.000000	25.000000	25.000000	25.000000	25.000000	25.000000	25.000000	25.000000	25.000000	25.000000	25.000000	25.000000	25.000000	25.000000	25.000000	25.000000	25.000000	25.000000	25.000000	25.000000	25.000000	25.000000	25.000000	25.000000	25.000000	25.000000	25.000000	25.000000	25.000000	25.000000	25.000000	25.000000	25.000000	25.000000	25.000000	25.000000	25.000000	25.000000	25.000000	25.000000	25.000000	25.000000	25.000000	25.000000	
25.000000	25.000000	25.000000	25.000000	25.000000	25.000000	25.000000	25.000000	25.000000	25.000000	25.000000	25.000000	25.000000	25.000000	25.000000	25.000000	25.000000	25.000000	25.000000	25.000000	25.000000	25.000000	25.000000	25.000000	25.000000	25.000000	25.000000	25.000000	25.000000	25.000000	25.000000	25.000000	25.000000	25.000000	25.000000	25.000000	25.000000	25.000000	25.000000	25.000000	25.000000	25.000000	25.000000	25.000000	25.000000	25.000000	25.000000	25.000000	25.000000	25.000000	
25.000000	25.000000	25.000000	25.000000	25.000000	25.000000	25.000000	25.000000	25.000000	25.000000	25.000000	25.000000	25.000000	25.000000	25.000000	25.000000	25.000000	25.000000	25.000000	25.000000	25.859375	25.859375	25.859375	25.859375	25.859375	25.859375	25.859375	25.859375	25.859375	25.859375	25.000000	25.000000	25.000000	25.000000	25.000000	25.000000	25.000000	25.000000	25.000000	25.000000	25.000000	25.000000	25.000000	25.000000	25.000000	25.000000	25.000000	25.000000	25.000000	25.000000	
25.000000	25.000000	25.000000	25.000000	25.000000	25.000000	25.000000	25.000000	25.000000	25.000000	25.000000	25.000000	25.000000	25.000000	25.000000	25.000000	25.000000	25.000000	25.000000	27.578125	28.437500	31.015625	31.015625	31.015625	31.015625	31.015625	31.015625	31.015625	31.015625	28.437500	27.578125	25.000000	25.000000	25.000000	25.000000	25.000000	25.000000	25.000000	25.000000	25.000000	25.000000	25.000000	25.000000	25.000000	25.000000	25.000000	25.000000	25.000000	25.000000	25.000000	
25.000000	25.000000	25.000000	25.000000	25.000000	25.000000	25.000000	25.000000	25.000000	25.000000	25.000000	25.000000	25.000000	25.000000	25.000000	25.000000	25.000000	25.000000	27.578125	30.156250	38.750000	41.328125	43.906250	43.906250	43.906250	43.906250	43.906250	43.906250	41.328125	38.750000	30.156250	27.578125	25.000000	25.000000	25.000000	25.000000	25.000000	25.000000	25.000000	25.000000	25.000000	25.000000	25.000000	25.000000	25.000000	25.000000	25.000000	25.000000	25.000000	25.000000	
25.000000	25.000000	25.000000	25.000000	25.000000	25.000000	25.000000	25.000000	25.000000	25.000000	25.000000	25.000000	25.000000	25.000000	25.000000	25.000000	25.000000	25.859375	28.437500	38.750000	47.343750	57.656250	60.234375	61.093750	61.093750	61.093750	61.093750	60.234375	57.656250	47.343750	38.750000	28.437500	25.859375	25.000000	25.000000	25.000000	25.000000	25.000000	25.000000	25.000000	25.000000	25.000000	25.000000	25.000000	25.000000	25.000000	25.000000	25.000000	25.000000	25.000000	
25.000000	25.000000	25.000000	25.000000	25.000000	25.000000	25.000000	25.000000	25.000000	25.000000	25.000000	25.000000	25.000000	25.000000	25.000000	25.000000	25.000000	25.859375	31.015625	41.328125	57.656250	67.968750	73.125000	73.984375	73.984375	73.984375	73.984375	73.125000	67.968750	57.656250	41.328125	31.015625	25.859375	25.000000	25.000000	25.000000	25.000000	25.000000	25.000000	25.000000	25.000000	25.000000	25.000000	25.000000	25.000000	25.000000	25.000000	25.000000	25.000000	25.000000	
25.000000	25.000000	25.000000	25.000000	25.000000	25.000000	25.000000	25.000000	25.000000	25.000000	25.000000	25.000000	25.000000	25.000000	25.000000	25.000000	25.000000	25.859375	31.015625	43.906250	60.234375	73.125000	78.281250	79.140625	79.140625	79.140625	79.140625	78.281250	73.125000	60.234375	43.906250	31.015625	25.859375	25.000000	25.000000	25.000000	25.000000	25.000000	25.000000	25.000000	25.000000	25.000000	25.000000	25.000000	25.000000	25.000000	25.000000	25.000000	25.000000	25.000000	
25.000000	25.000000	25.000000	25.000000	25.000000	25.000000	25.000000	25.000000	25.000000	25.000000	25.000000	25.000000	25.000000	25.000000	25.000000	25.000000	25.000000	25.859375	31.015625	43.906250	61.093750	73.984375	79.140625	80.000000	80.000000	80.000000	80.000000	79.140625	73.984375	61.093750	43.906250	31.015625	25.859375	25.000000	25.000000	25.000000	25.000000	25.000000	25.000000	25.000000	25.000000	25.000000	25.000000	25.000000	25.000000	25.000000	25.000000	25.000000	25.000000	25.000000	
25.000000	25.000000	25.000000	25.000000	25.000000	25.000000	25.000000	25.000000	25.000000	25.000000	25.000000	25.000000	25.000000	25.000000	25.000000	25.000000	25.000000	25.859375	31.015625	43.906250	61.093750	73.984375	79.140625	80.000000	80.000000	80.000000	80.000000	79.140625	73.984375	61.093750	43.906250	31.015625	25.859375	25.000000	25.000000	25.000000	25.000000	25.000000	25.000000	25.000000	25.000000	25.000000	25.000000	25.000000	25.000000	25.000000	25.000000	25.000000	25.000000	25.000000	
25.000000	25.000000	25.000000	25.000000	25.000000	25.000000	25.000000	25.000000	25.000000	25.000000	25.000000	25.000000	25.000000	25.000000	25.000000	25.000000	25.000000	25.859375	31.015625	43.906250	61.093750	73.984375	79.140625	80.000000	80.000000	80.000000	80.000000	79.140625	73.984375	61.093750	43.906250	31.015625	25.859375	25.000000	25.000000	25.000000	25.000000	25.000000	25.000000	25.000000	25.000000	25.000000	25.000000	25.000000	25.000000	25.000000	25.000000	25.000000	25.000000	25.000000	
25.000000	25.000000	25.000000	25.000000	25.000000	25.000000	25.000000	25.000000	25.000000	25.000000	25.000000	25.000000	25.000000	25.000000	25.000000	25.000000	25.000000	25.859375	31.015625	43.906250	61.093750	73.984375	79.140625	80.000000	80.000000	80.000000	80.000000	79.140625	73.984375	61.093750	43.906250	31.015625	25.859375	25.000000	25.000000	25.000000	25.000000	25.000000	25.000000	25.000000	25.000000	25.000000	25.000000	25.000000	25.000000	25.000000	25.000000	25.000000	25.000000	25.000000	
25.000000	25.000000	25.000000	25.000000	25.000000	25.000000	25.000000	25.000000	25.000000	25.000000	25.000000	25.000000	25.000000	25.000000	25.000000	25.000000	25.000000	25.859375	31.015625	43.906250	60.234375	73.125000	78.281250	79.140625	79.140625	79.140625	79.140625	78.281250	73.125000	60.234375	43.906250	31.015625	25.859375	25.000000	25.000000	25.000000	25.000000	25.000000	25.000000	25.000000	25.000000	25.000000	25.000000	25.000000	25.000000	25.000000	25.000000	25.000000	25.000000	25.000000	
25.000000	25.000000	25.000000	25.000000	25.000000	25.000000	25.000000	25.000000	25.000000	25.000000	25.000000	25.000000	25.000000	25.000000	25.000000	25.000000	25.000000	25.859375	31.015625	41.328125	57.656250	67.968750	73.125000	73.984375	73.984375	73.984375	73.984375	73.125000	67.968750	57.656250	41.328125	31.015625	25.859375	25.000000	25.000000	25.000000	25.000000	25.000000	25.000000	25.000000	25.000000	25.000000	25.000000	25.000000	25.000000	25.000000	25.000000	25.000000	25.000000	25.000000	
25.000000	25.000000	25.000000	25.000000	25.000000	25.000000	25.000000	25.000000	25.000000	25.000000	25.000000	25.000000	25.000000	25.000000	25.000000	25.000000	25.000000	25.859375	28.437500	38.750000	47.343750	57.656250	60.234375	61.093750	61.093750	61.093750	61.093750	60.234375	57.656250	47.343750	38.750000	28.437500	25.859375	25.000000	25.000000	25.000000	25.000000	25.000000	25.000000	25.000000	25.000000	25.000000	25.000000	25.000000	25.000000	25.000000	25.000000	25.000000	25.000000	25.000000	
25.000000	25.000000	25.000000	25.000000	25.000000	25.000000	25.000000	25.000000	25.000000	25.000000	25.000000	25.000000	25.000000	25.000000	25.000000	25.000000	25.000000	25.000000	27.578125	30.156250	38.750000	41.328125	43.906250	43.906250	43.906250	43.906250	43.906250	43.906250	41.328125	38.750000	30.156250	27.578125	25.000000	25.000000	25.000000	25.000000	25.000000	25.000000	25.000000	25.000000	25.000000	25.000000	25.000000	25.000000	25.000000	25.000000	25.000000	25.000000	25.000000	25.000000	
25.000000	25.000000	25.000000	25.000000	25.000000	25.000000	25.000000	25.000000	25.000000	25.000000	25.000000	25.000000	25.000000	25.000000	25.000000	25.000000	25.000000	25.000000	25.000000	27.578125	28.437500	31.015625	31.015625	31.015625	31.015625	31.015625	31.015625	31.015625	31.015625	28.437500	27.578125	25.000000	25.000000	25.000000	25.000000	25.000000	25.000000	25.000000	25.000000	25.000000	25.000000	25.000000	25.000000	25.000000	25.000000	25.000000	25.000000	25.000000	25.000000	25.000000	
25.000000	25.000000	25.000000	25.000000	25.000000	25.000000	25.000000	25.000000	25.000000	25.000000	25.000000	25.000000	25.000000	25.000000	25.000000	25.000000	25.000000	25.000000	25.000000	25.000000	25.859375	25.859375	25.859375	25.859375	25.859375	25.859375	25.859375	25.859375	25.859375	25.859375	25.000000	25.000000	25.000000	25.000000	25.000000	25.000000	25.000000	25.000000	25.000000	25.000000	25.000000	25.000000	25.000000	25.000000	25.000000	25.000000	25.000000	25.000000	25.000000	25.000000	
25.000000	25.000000	25.000000	25.000000	25.000000	25.000000	25.000000	25.000000	25.000000	25.000000	25.000000	25.000000	25.000000	25.000000	25.000000	25.000000	25.000000	25.000000	25.000000	25.000000	25.000000	25.000000	25.000000	25.000000	25.000000	25.000000	25.000000	25.000000	25.000000	25.000000	25.000000	25.000000	25.000000	25.000000	25.000000	25.000000	25.000000	25.000000	25.000000	25.000000	25.000000	25.000000	25.000000	25.000000	25.000000	25.000000	25.000000	25.000000	25.000000	25.000000	
25.000000	25.000000	25.000000	25.000000	25.000000	25.000000	25.000000	25.000000	25.000000	25.000000	25.000000	25.000000	25.000000	25.000000	25.000000	25.000000	25.000000	25.000000	25.000000	25.000000	25.000000	25.000000	25.000000	25.000000	25.000000	25.000000	25.000000	25.000000	25.000000	25.000000	25.000000	25.000000	25.000000	25.000000	25.000000	25.000000	25.000000	25.000000	25.000000	25.000000	25.000000	25.000000	25.000000	25.000000	25.000000	25.000000	25.000000	25.000000	25.000000	25.000000	
25.000000	25.000000	25.000000	25.000000	25.000000	25.000000	25.000000	25.000000	25.000000	25.000000	25.000000	25.000000	25.000000	25.000000	25.000000	25.000000	25.000000	25.000000	25.000000	25.000000	25.000000	25.000000	25.000000	25.000000	25.000000	25.000000	25.000000	25.000000	25.000000	25.000000	25.000000	25.000000	25.000000	25.000000	25.000000	25.000000	25.000000	25.000000	25.000000	25.000000	25.000000	25.000000	25.000000	25.000000	25.000000	25.000000	25.000000	25.000000	25.000000	25.000000	
25.000000	25.000000	25.000000	25.000000	25.000000	25.000000	25.000000	25.000000	25.000000	25.000000	25.000000	25.000000	25.000000	25.000000	25.000000	25.000000	25.000000	25.000000	25.000000	25.000000	25.000000	25.000000	25.000000	25.000000	25.000000	25.000000	25.000000	25.000000	25.000000	25.000000	25.000000	25.000000	25.000000	25.000000	25.000000	25.000000	25.000000	25.000000	25.000000	25.000000	25.000000	25.000000	25.000000	25.000000	25.000000	25.000000	25.000000	25.000000	25.000000	25.000000	
25.000000	25.000000	25.000000	25.000000	25.000000	25.000000	25.000000	25.000000	25.000000	25.000000	25.000000	25.000000	25.000000	25.000000	25.000000	25.000000	25.000000	25.000000	25.000000	25.000000	25.000000	25.000000	25.000000	25.000000	25.000000	25.000000	25.000000	25.000000	25.000000	25.000000	25.000000	25.000000	25.000000	25.000000	25.000000	25.000000	25.000000	25.000000	25.000000	25.000000	25.000000	25.000000	25.000000	25.000000	25.000000	25.000000	25.000000	25.000000	25.000000	25.000000	
25.000000	25.000000	25.000000	25.000000	25.000000	25.000000	25.000000	25.000000	25.000000	25.000000	25.000000	25.000000	25.000000	25.000000	25.000000	25.000000	25.000000	25.000000	25.000000	25.000000	25.000000	25.000000	25.000000	25.000000	25.000000	25.000000	25.000000	25.000000	25.000000	25.000000	25.000000	25.000000	25.000000	25.000000	25.000000	25.000000	25.000000	25.000000	25.000000	25.000000	25.000000	25.000000	25.000000	25.000000	25.000000	25.000000	25.000000	25.000000	25.000000	25.000000	
25.000000	25.000000	25.000000	25.000000	25.000000	25.000000	25.000000	25.000000	25.000000	25.000000	25.000000	25.000000	25.000000	25.000000	25.000000	25.000000	25.000000	25.000000	25.000000	25.000000	25.000000	25.000000	25.000000	25.000000	25.000000	25.000000	25.000000	25.000000	25.000000	25.000000	25.000000	25.000000	25.000000	25.000000	25.000000	25.000000	25.000000	25.000000	25.000000	25.000000	25.000000	25.000000	25.000000	25.000000	25.000000	25.000000	25.000000	25.000000	25.000000	25.000000	
25.000000	25.000000	25.000000	25.000000	25.000000	25.000000	25.000000	25.000000	25.000000	25.000000	25.000000	25.000000	25.000000	25.000000	25.000000	25.000000	25.000000	25.000000	25.000000	25.000000	25.000000	25.000000	25.000000	25.000000	25.000000	25.000000	25.000000	25.000000	25.000000	25.000000	25.000000	25.000000	25.000000	25.000000	25.000000	25.000000	25.000000	25.000000	25.000000	25.000000	25.000000	25.000000	25.000000	25.000000	25.000000	25.000000	25.000000	25.000000	25.000000	25.000000	
25.000000	25.000000	25.000000	25.000000	25.000000	25.000000	25.000000	25.000000	25.000000	25.000000	25.000000	25.000000	25.000000	25.000000	25.000000	25.000000	25.000000	25.000000	25.000000	25.000000	25.000000	25.000000	25.000000	25.000000	25.000000	25.000000	25.000000	25.000000	25.000000	25.000000	25.000000	25.000000	25.000000	25.000000	25.000000	25.000000	25.000000	25.000000	25.000000	25.000000	25.000000	25.000000	25.000000	25.000000	25.000000	25.000000	25.000000	25.000000	25.000000	25.000000	
25.000000	25.000000	25.000000	25.000000	25.000000	25.000000	25.000000	25.000000	25.000000	25.000000	25.000000	25.000000	25.000000	25.000000	25.000000	25.000000	25.000000	25.000000	25.000000	25.000000	25.000000	25.000000	25.000000	25.000000	25.000000	25.000000	25.000000	25.000000	25.000000	25.000000	25.000000	25.000000	25.000000	25.000000	25.000000	25.000000	25.000000	25.000000	25.000000	25.000000	25.000000	25.000000	25.000000	25.000000	25.000000	25.000000	25.000000	25.000000	25.000000	25.000000	
25.000000	25.000000	25.000000	25.000000	25.000000	25.000000	25.000000	25.000000	25.000000	25.000000	25.000000	25.000000	25.000000	25.000000	25.000000	25.000000	25.000000	25.000000	25.000000	25.000000	25.000000	25.000000	25.000000	25.000000	25.000000	25.000000	25.000000	25.000000	25.000000	25.000000	25.000000	25.000000	25.000000	25.000000	25.000000	25.000000	25.000000	25.000000	25.000000	25.000000	25.000000	25.000000	25.000000	25.000000	25.000000	25.000000	25.000000	25.000000	25.000000	25.000000	
25.000000	25.000000	25.000000	25.000000	25.000000	25.000000	25.000000	25.000000	25.000000	25.000000	25.000000	25.000000	25.000000	25.000000	25.000000	25.000000	25.000000	25.000000	25.000000	25.000000	25.000000	25.000000	25.000000	25.000000	25.000000	25.000000	25.000000	25.000000	25.000000	25.000000	25.000000	25.000000	25.000000	25.000000	25.000000	25.000000	25.000000	25.000000	25.000000	25.000000	25.000000	25.000000	25.000000	25.000000	25.000000	25.000000	25.000000	25.000000	25.000000	25.000000	
25.000000	25.000000	25.000000	25.000000	25.000000	25.000000	25.000000	25.000000	25.000000	25.000000	25.000000	25.000000	25.000000	25.000000	25.000000	25.000000	25.000000	25.000000	25.000000	25.000000	25.000000	25.000000	25.000000	25.000000	25.000000	25.000000	25.000000	25.000000	25.000000	25.000000	25.000000	25.000000	25.000000	25.000000	25.000000	25.000000	25.000000	25.000000	25.000000	25.000000	25.000000	25.000000	25.000000	25.000000	25.000000	25.000000	25.000000	25.000000	25.000000	25.000000	
25.000000	25.000000	25.000000	25.000000	25.000000	25.000000	25.000000	25.000000	25.000000	25.000000	25.000000	25.000000	25.000000	25.000000	25.000000	25.000000	25.000000	25.000000	25.000000	25.000000	25.000000	25.000000	25.000000	25.000000	25.000000	25.000000	25.000000	25.000000	25.000000	25.000000	25.000000	25.000000	25.000000	25.000000	25.000000	25.000000	25.000000	25.000000	25.000000	25.000000	25.000000	25.000000	25.000000	25.000000	25.000000	25.000000	25.000000	25.000000	25.000000	25.000000	
25.000000	25.000000	25.000000	25.000000	25.000000	25.000000	25.000000	25.000000	25.000000	25.000000	25.000000	25.000000	25.000000	25.000000	25.000000	25.000000	25.000000	25.000000	25.000000	25.000000	25.000000	25.000000	25.000000	25.000000	25.000000	25.000000	25.000000	25.000000	25.000000	25.000000	25.000000	25.000000	25.000000	25.000000	25.000000	25.000000	25.000000	25.000000	25.000000	25.000000	25.000000	25.000000	25.000000	25.000000	25.000000	25.000000	25.000000	25.000000	25.000000	25.000000	
25.000000	25.000000	25.000000	25.000000	25.000000	25.000000	25.000000	25.000000	25.000000	25.000000	25.000000	25.000000	25.000000	25.000000	25.000000	25.000000	25.000000	25.000000	25.000000	25.000000	25.000000	25.000000	25.000000	25.000000	25.000000	25.000000	25.000000	25.000000	25.000000	25.000000	25.000000	25.000000	25.000000	25.000000	25.000000	25.000000	25.000000	25.000000	25.000000	25.000000	25.000000	25.000000	25.000000	25.000000	25.000000	25.000000	25.000000	25.000000	25.000000	25.000000	
25.000000	25.000000	25.000000	25.000000	25.000000	25.000000	25.000000	25.000000	25.000000	25.000000	25.000000	25.000000	25.000000	25.000000	25.000000	25.000000	25.000000	25.000000	25.000000	25.000000	25.000000	25.000000	25.000000	25.000000	25.000000	25.000000	25.000000	25.000000	25.000000	25.000000	25.000000	25.000000	25.000000	25.000000	25.000000	25.000000	25.000000	25.000000	25.000000	25.000000	25.000000	25.000000	25.000000	25.000000	25.000000	25.000000	25.000000	25.000000	25.000000	25.000000	
