25.005615	25.011208	25.016762	25.022251	25.027664	25.032967	25.038155	25.043188	25.048073	25.052769	25.057276	25.061556	25.065619	25.069420	25.072975	25.076237	25.079227	25.081902	25.084276	25.086323	25.088047	25.089428	25.090473	25.091171	25.091522	25.091522	25.091171	25.090473	25.089430	25.088047	25.086323	25.084276	25.081903	25.079226	25.076239	25.072973	25.069420	25.065620	25.061558	25.057278	25.052769	25.048075	25.043190	25.038155	25.032965	25.027664	25.022251	25.016764	25.011209	25.005615	
25.011208	25.022377	25.033463	25.044430	25.055218	25.065819	25.076153	25.086227	25.095957	25.105352	25.114326	25.122898	25.130978	25.138597	25.145660	25.152206	25.158146	25.163511	25.168230	25.172333	25.175758	25.178532	25.180609	25.182007	25.182705	25.182701	25.182007	25.180611	25.178534	25.175762	25.172333	25.168234	25.163511	25.158148	25.152206	25.145662	25.138597	25.130980	25.122898	25.114326	25.105354	25.095959	25.086229	25.076153	25.065819	25.055216	25.044430	25.033463	25.022381	25.011208	
25.016762	25.033459	25.050045	25.066427	25.082584	25.098408	25.113895	25.128925	25.143509	25.157520	25.170980	25.183754	25.195885	25.207230	25.217838	25.227583	25.236504	25.244492	25.251581	25.257687	25.262835	25.266958	25.270081	25.272163	25.273209	25.273211	25.272161	25.270084	25.266960	25.262838	25.257689	25.251583	25.244492	25.236504	25.227585	25.217840	25.207230	25.195883	25.183756	25.170979	25.157522	25.143509	25.128925	25.113895	25.098408	25.082582	25.066425	25.050045	25.033461	25.016764	
25.022251	25.044430	25.066425	25.088202	25.109619	25.130665	25.151180	25.171181	25.190491	25.209143	25.226955	25.243975	25.260017	25.275139	25.289167	25.302155	25.313948	25.324596	25.333969	25.342110	25.348915	25.354416	25.358541	25.361317	25.362700	25.362700	25.361319	25.358541	25.354418	25.348913	25.342112	25.333969	25.324596	25.313948	25.302155	25.289167	25.275139	25.260017	25.243975	25.226959	25.209143	25.190495	25.171181	25.151180	25.130661	25.109617	25.088200	25.066429	25.044430	25.022251	
25.027664	25.055216	25.082584	25.109619	25.136280	25.162392	25.187950	25.212751	25.236816	25.259935	25.282146	25.303230	25.323246	25.341969	25.359474	25.375553	25.390274	25.403454	25.415157	25.425228	25.433723	25.440533	25.445686	25.449116	25.450844	25.450846	25.449116	25.445686	25.440533	25.433727	25.425230	25.415154	25.403454	25.390272	25.375553	25.359472	25.341970	25.323242	25.303230	25.282146	25.259937	25.236816	25.212749	25.187950	25.162392	25.136276	25.109617	25.082584	25.055218	25.027664	
25.032967	25.065819	25.098408	25.130661	25.162394	25.193565	25.223965	25.253590	25.282202	25.309828	25.336220	25.361429	25.385197	25.407598	25.428379	25.447618	25.465092	25.480865	25.494751	25.506809	25.516890	25.525040	25.531155	25.535261	25.537312	25.537310	25.535263	25.531151	25.525040	25.516888	25.506809	25.494751	25.480864	25.465092	25.447618	25.428379	25.407597	25.385197	25.361427	25.336220	25.309826	25.282200	25.253590	25.223965	25.193565	25.162390	25.130661	25.098408	25.065819	25.032967	
25.038155	25.076153	25.113895	25.151180	25.187950	25.223965	25.259209	25.293415	25.326607	25.358490	25.389120	25.418201	25.445801	25.471630	25.495768	25.517944	25.538244	25.556423	25.572559	25.586456	25.598169	25.607559	25.614666	25.619400	25.621780	25.621782	25.619398	25.614668	25.607557	25.598171	25.586454	25.572559	25.556423	25.538242	25.517944	25.495768	25.471630	25.445799	25.418201	25.389120	25.358490	25.326607	25.293415	25.259209	25.223963	25.187946	25.151178	25.113895	25.076153	25.038153	
25.043190	25.086227	25.128925	25.171181	25.212751	25.253590	25.293415	25.332226	25.369711	25.405907	25.440481	25.473503	25.504646	25.533991	25.561218	25.586422	25.609314	25.629978	25.648170	25.663969	25.677177	25.687851	25.695862	25.701242	25.703930	25.703928	25.701246	25.695862	25.687853	25.677174	25.663969	25.648170	25.629978	25.609312	25.586424	25.561218	25.533991	25.504648	25.473503	25.440481	25.405907	25.369709	25.332226	25.293415	25.253590	25.212749	25.171177	25.128925	25.086227	25.043188	
25.048073	25.095955	25.143509	25.190491	25.236816	25.282200	25.326607	25.369709	25.411528	25.451706	25.490295	25.526939	25.561710	25.594261	25.624672	25.652622	25.678194	25.701103	25.721436	25.738945	25.753704	25.765537	25.774490	25.780455	25.783453	25.783457	25.780453	25.774490	25.765533	25.753704	25.738945	25.721434	25.701103	25.678194	25.652622	25.624672	25.594261	25.561714	25.526939	25.490297	25.451706	25.411526	25.369709	25.326603	25.282200	25.236816	25.190491	25.143509	25.095955	25.048073	
25.052765	25.105350	25.157516	25.209141	25.259937	25.309828	25.358492	25.405905	25.451704	25.495922	25.538172	25.578514	25.616570	25.652414	25.685688	25.716476	25.744448	25.769691	25.791924	25.811222	25.827362	25.840401	25.850189	25.856764	25.860046	25.860043	25.856766	25.850189	25.840403	25.827360	25.811222	25.791924	25.769693	25.744450	25.716476	25.685686	25.652416	25.616570	25.578518	25.538170	25.495922	25.451706	25.405903	25.358492	25.309828	25.259937	25.209141	25.157516	25.105350	25.052767	
25.057274	25.114326	25.170980	25.226957	25.282148	25.336220	25.389122	25.440479	25.490297	25.538172	25.584145	25.627810	25.669231	25.708015	25.744244	25.777544	25.808010	25.835308	25.859526	25.880390	25.897974	25.912075	25.922739	25.929848	25.933418	25.933422	25.929844	25.922739	25.912071	25.897974	25.880392	25.859526	25.835308	25.808010	25.777546	25.744244	25.708014	25.669231	25.627808	25.584145	25.538174	25.490295	25.440483	25.389118	25.336220	25.282145	25.226957	25.170979	25.114326	25.057276	
25.061556	25.122896	25.183758	25.243975	25.303232	25.361431	25.418201	25.473507	25.526941	25.578514	25.627808	25.674864	25.719265	25.761072	25.799892	25.835804	25.868439	25.897882	25.923822	25.946331	25.965160	25.980371	25.991793	25.999458	26.003288	26.003284	25.999460	25.991791	25.980368	25.965160	25.946329	25.923820	25.897882	25.868439	25.835802	25.799892	25.761072	25.719265	25.674866	25.627808	25.578516	25.526941	25.473505	25.418201	25.361427	25.303230	25.243973	25.183754	25.122898	25.061556	
25.065619	25.130981	25.195885	25.260019	25.323246	25.385201	25.445801	25.504650	25.561710	25.616571	25.669230	25.719263	25.766712	25.811153	25.852650	25.890810	25.925705	25.956989	25.984728	26.008638	26.028778	26.044935	26.057150	26.065294	26.069386	26.069389	26.065292	26.057148	26.044933	26.028778	26.008636	25.984728	25.956987	25.925705	25.890812	25.852650	25.811153	25.766712	25.719263	25.669233	25.616570	25.561712	25.504646	25.445797	25.385197	25.323242	25.260017	25.195885	25.130980	25.065619	
25.069420	25.138597	25.207232	25.275143	25.341970	25.407600	25.471630	25.533989	25.594263	25.652416	25.708015	25.761074	25.811153	25.858295	25.902084	25.942574	25.979385	26.012583	26.041840	26.067219	26.088461	26.105610	26.118494	26.127136	26.131456	26.131454	26.127138	26.118492	26.105610	26.088457	26.067221	26.041842	26.012583	25.979385	25.942572	25.902084	25.858295	25.811153	25.761074	25.708015	25.652416	25.594259	25.533991	25.471626	25.407595	25.341970	25.275139	25.207230	25.138597	25.069420	
25.072973	25.145664	25.217838	25.289167	25.359476	25.428379	25.495768	25.561220	25.624674	25.685688	25.744244	25.799892	25.852652	25.902081	25.948225	25.990667	26.029469	26.064262	26.095108	26.121700	26.144094	26.162066	26.175648	26.184708	26.189257	26.189259	26.184708	26.175648	26.162064	26.144094	26.121700	26.095106	26.064264	26.029469	25.990669	25.948221	25.902081	25.852650	25.799892	25.744242	25.685686	25.624674	25.561218	25.495766	25.428377	25.359472	25.289165	25.217838	25.145664	25.072973	
25.076239	25.152206	25.227585	25.302158	25.375555	25.447620	25.517944	25.586422	25.652622	25.716476	25.777544	25.835804	25.890808	25.942574	25.990665	26.035126	26.075560	26.112011	26.144150	26.172012	26.195345	26.214174	26.228325	26.237816	26.242558	26.242559	26.237816	26.228323	26.214174	26.195343	26.172014	26.144150	26.112011	26.075562	26.035124	25.990669	25.942572	25.890808	25.835802	25.777544	25.716476	25.652618	25.586422	25.517944	25.447618	25.375551	25.302155	25.227581	25.152206	25.076237	
25.079226	25.158148	25.236504	25.313950	25.390276	25.465090	25.538244	25.609314	25.678196	25.744448	25.808010	25.868439	25.925705	25.979382	26.029469	26.075558	26.117676	26.155458	26.188938	26.217819	26.242126	26.261641	26.276384	26.286219	26.291161	26.291161	26.286219	26.276382	26.261639	26.242126	26.217817	26.188938	26.155460	26.117676	26.075562	26.029467	25.979383	25.925705	25.868439	25.808010	25.744448	25.678194	25.609312	25.538242	25.465088	25.390274	25.313946	25.236506	25.158144	25.079226	
25.081903	25.163513	25.244493	25.324598	25.403454	25.480867	25.556421	25.629980	25.701103	25.769691	25.835308	25.897881	25.956985	26.012583	26.064262	26.112011	26.155457	26.194611	26.229143	26.259069	26.284140	26.304365	26.319569	26.329763	26.334858	26.334858	26.329762	26.319569	26.304361	26.284140	26.259071	26.229143	26.194609	26.155462	26.112011	26.064264	26.012581	25.956989	25.897882	25.835308	25.769693	25.701103	25.629978	25.556421	25.480865	25.403454	25.324596	25.244490	25.163509	25.081902	
25.084278	25.168232	25.251583	25.333969	25.415157	25.494751	25.572563	25.648170	25.721436	25.791924	25.859524	25.923819	25.984728	26.041840	26.095108	26.144148	26.188938	26.229143	26.264746	26.295479	26.321327	26.342093	26.357771	26.368238	26.373491	26.373491	26.368238	26.357769	26.342091	26.321325	26.295475	26.264748	26.229141	26.188938	26.144150	26.095104	26.041843	25.984726	25.923824	25.859528	25.791924	25.721436	25.648170	25.572559	25.494749	25.415155	25.333969	25.251581	25.168232	25.084276	
25.086323	25.172333	25.257690	25.342112	25.425228	25.506811	25.586456	25.663969	25.738945	25.811222	25.880390	25.946329	26.008635	26.067221	26.121700	26.172014	26.217817	26.259069	26.295475	26.327011	26.353443	26.374748	26.390781	26.401520	26.406893	26.406895	26.401520	26.390781	26.374748	26.353441	26.327011	26.295477	26.259068	26.217819	26.172012	26.121700	26.067219	26.008638	25.946329	25.880394	25.811222	25.738945	25.663967	25.586452	25.506809	25.425232	25.342112	25.257687	25.172333	25.086321	
25.088047	25.175760	25.262835	25.348915	25.433727	25.516891	25.598171	25.677177	25.753706	25.827362	25.897976	25.965160	26.028778	26.088459	26.144096	26.195343	26.242125	26.284138	26.321327	26.353439	26.380438	26.402138	26.418514	26.429451	26.434940	26.434940	26.429451	26.418512	26.402138	26.380440	26.353439	26.321325	26.284138	26.242123	26.195343	26.144093	26.088459	26.028778	25.965160	25.897974	25.827362	25.753706	25.677177	25.598171	25.516888	25.433725	25.348915	25.262836	25.175760	25.088047	
25.089428	25.178532	25.266960	25.354416	25.440533	25.525040	25.607561	25.687853	25.765537	25.840403	25.912075	25.980371	26.044933	26.105610	26.162064	26.214176	26.261639	26.304365	26.342091	26.374750	26.402138	26.424210	26.440819	26.451944	26.457514	26.457512	26.451944	26.440819	26.424206	26.402140	26.374750	26.342091	26.304363	26.261639	26.214174	26.162066	26.105610	26.044933	25.980371	25.912075	25.840405	25.765537	25.687853	25.607559	25.525040	25.440533	25.354416	25.266960	25.178532	25.089428	
25.090475	25.180609	25.270084	25.358541	25.445686	25.531153	25.614668	25.695862	25.774490	25.850189	25.922739	25.991791	26.057150	26.118492	26.175650	26.228323	26.276386	26.319569	26.357771	26.390778	26.418514	26.440819	26.457642	26.468884	26.474522	26.474524	26.468885	26.457642	26.440819	26.418512	26.390779	26.357769	26.319569	26.276382	26.228325	26.175648	26.118492	26.057150	25.991791	25.922741	25.850189	25.774490	25.695862	25.614666	25.531153	25.445688	25.358541	25.270082	25.180611	25.090475	
25.091171	25.182007	25.272161	25.361317	25.449118	25.535259	25.619398	25.701244	25.780453	25.856764	25.929848	25.999458	26.065294	26.127138	26.184706	26.237820	26.286221	26.329765	26.368237	26.401520	26.429451	26.451942	26.468884	26.480221	26.485899	26.485899	26.480225	26.468884	26.451942	26.429451	26.401520	26.368237	26.329763	26.286221	26.237818	26.184706	26.127138	26.065292	25.999456	25.929844	25.856762	25.780453	25.701244	25.619398	25.535263	25.449116	25.361317	25.272163	25.182007	25.091171	
25.091522	25.182705	25.273209	25.362698	25.450844	25.537312	25.621780	25.703928	25.783455	25.860044	25.933420	26.003286	26.069389	26.131454	26.189259	26.242561	26.291162	26.334860	26.373491	26.406893	26.434940	26.457510	26.474522	26.485897	26.491600	26.491602	26.485901	26.474522	26.457512	26.434938	26.406895	26.373491	26.334858	26.291161	26.242559	26.189259	26.131454	26.069386	26.003284	25.933418	25.860043	25.783453	25.703930	25.621782	25.537310	25.450846	25.362698	25.273209	25.182701	25.091522	
25.091522	25.182705	25.273209	25.362698	25.450844	25.537312	25.621780	25.703928	25.783455	25.860044	25.933420	26.003286	26.069389	26.131454	26.189259	26.242561	26.291162	26.334860	26.373491	26.406893	26.434940	26.457510	26.474522	26.485897	26.491600	26.491602	26.485901	26.474522	26.457512	26.434938	26.406895	26.373491	26.334858	26.291161	26.242559	26.189259	26.131454	26.069386	26.003284	25.933418	25.860043	25.783453	25.703930	25.621782	25.537310	25.450846	25.362698	25.273209	25.182701	25.091522	
25.091171	25.182007	25.272161	25.361317	25.449118	25.535259	25.619398	25.701244	25.780453	25.856764	25.929848	25.999458	26.065294	26.127138	26.184706	26.237820	26.286221	26.329765	26.368237	26.401520	26.429451	26.451942	26.468884	26.480221	26.485899	26.485899	26.480225	26.468884	26.451942	26.429451	26.401520	26.368237	26.329763	26.286221	26.237818	26.184706	26.127138	26.065292	25.999456	25.929844	25.856762	25.780453	25.701244	25.619398	25.535263	25.449116	25.361317	25.272163	25.182007	25.091171	
25.090475	25.180609	25.270084	25.358541	25.445686	25.531153	25.614668	25.695862	25.774490	25.850189	25.922739	25.991791	26.057150	26.118492	26.175650	26.228323	26.276386	26.319569	26.357771	26.390778	26.418514	26.440819	26.457642	26.468884	26.474522	26.474524	26.468885	26.457642	26.440819	26.418512	26.390779	26.357769	26.319569	26.276382	26.228325	26.175648	26.118492	26.057150	25.991791	25.922741	25.850189	25.774490	25.695862	25.614666	25.531153	25.445688	25.358541	25.270082	25.180611	25.090475	
25.089428	25.178532	25.266960	25.354416	25.440533	25.525040	25.607561	25.687853	25.765537	25.840403	25.912075	25.980371	26.044933	26.105610	26.162064	26.214176	26.261639	26.304365	26.342091	26.374750	26.402138	26.424210	26.440819	26.451944	26.457514	26.457512	26.451944	26.440819	26.424206	26.402140	26.374750	26.342091	26.304363	26.261639	26.214174	26.162066	26.105610	26.044933	25.980371	25.912075	25.840405	25.765537	25.687853	25.607559	25.525040	25.440533	25.354416	25.266960	25.178532	25.089428	
25.088047	25.175760	25.262835	25.348915	25.433727	25.516891	25.598171	25.677177	25.753706	25.827362	25.897976	25.965160	26.028778	26.088459	26.144096	26.195343	26.242125	26.284138	26.321327	26.353439	26.380438	26.402138	26.418514	26.429451	26.434940	26.434940	26.429451	26.418512	26.402138	26.380440	26.353439	26.321325	26.284138	26.242123	26.195343	26.144093	26.088459	26.028778	25.965160	25.897974	25.827362	25.753706	25.677177	25.598171	25.516888	25.433725	25.348915	25.262836	25.175760	25.088047	
25.086323	25.172333	25.257690	25.342112	25.425228	25.506811	25.586456	25.663969	25.738945	25.811222	25.880390	25.946329	26.008635	26.067221	26.121700	26.172014	26.217817	26.259069	26.295475	26.327011	26.353443	26.374748	26.390781	26.401520	26.406893	26.406895	26.401520	26.390781	26.374748	26.353441	26.327011	26.295477	26.259068	26.217819	26.172012	26.121700	26.067219	26.008638	25.946329	25.880394	25.811222	25.738945	25.663967	25.586452	25.506809	25.425232	25.342112	25.257687	25.172333	25.086321	
25.084278	25.168232	25.251583	25.333969	25.415157	25.494751	25.572563	25.648170	25.721436	25.791924	25.859524	25.923819	25.984728	26.041840	26.095108	26.144148	26.188938	26.229143	26.264746	26.295479	26.321327	26.342093	26.357771	26.368238	26.373491	26.373491	26.368238	26.357769	26.342091	26.321325	26.295475	26.264748	26.229141	26.188938	26.144150	26.095104	26.041843	25.984726	25.923824	25.859528	25.791924	25.721436	25.648170	25.572559	25.494749	25.415155	25.333969	25.251581	25.168232	25.084276	
25.081903	25.163513	25.244493	25.324598	25.403454	25.480867	25.556421	25.629980	25.701103	25.769691	25.835308	25.897881	25.956985	26.012583	26.064262	26.112011	26.155457	26.194611	26.229143	26.259069	26.284140	26.304365	26.319569	26.329763	26.334858	26.334858	26.329762	26.319569	26.304361	26.284140	26.259071	26.229143	26.194609	26.155462	26.112011	26.064264	26.012581	25.956989	25.897882	25.835308	25.769693	25.701103	25.629978	25.556421	25.480865	25.403454	25.324596	25.244490	25.163509	25.081902	
25.079226	25.158148	25.236504	25.313950	25.390276	25.465090	25.538244	25.609314	25.678196	25.744448	25.808010	25.868439	25.925705	25.979382	26.029469	26.075558	26.117676	26.155458	26.188938	26.217819	26.242126	26.261641	26.276384	26.286219	26.291161	26.291161	26.286219	26.276382	26.261639	26.242126	26.217817	26.188938	26.155460	26.117676	26.075562	26.029467	25.979383	25.925705	25.868439	25.808010	25.744448	25.678194	25.609312	25.538242	25.465088	25.390274	25.313946	25.236506	25.158144	25.079226	
25.076239	25.152206	25.227585	25.302158	25.375555	25.447620	25.517944	25.586422	25.652622	25.716476	25.777544	25.835804	25.890808	25.942574	25.990665	26.035126	26.075560	26.112011	26.144150	26.172012	26.195345	26.214174	26.228325	26.237816	26.242558	26.242559	26.237816	26.228323	26.214174	26.195343	26.172014	26.144150	26.112011	26.075562	26.035124	25.990669	25.942572	25.890808	25.835802	25.777544	25.716476	25.652618	25.586422	25.517944	25.447618	25.375551	25.302155	25.227581	25.152206	25.076237	
25.072973	25.145664	25.217838	25.289167	25.359476	25.428379	25.495768	25.561220	25.624674	25.685688	25.744244	25.799892	25.852652	25.902081	25.948225	25.990667	26.029469	26.064262	26.095108	26.121700	26.144094	26.162066	26.175648	26.184708	26.189257	26.189259	26.184708	26.175648	26.162064	26.144094	26.121700	26.095106	26.064264	26.029469	25.990669	25.948221	25.902081	25.852650	25.799892	25.744242	25.685686	25.624674	25.561218	25.495766	25.428377	25.359472	25.289165	25.217838	25.145664	25.072973	
25.069420	25.138597	25.207232	25.275143	25.341970	25.407600	25.471630	25.533989	25.594263	25.652416	25.708015	25.761074	25.811153	25.858295	25.902084	25.942574	25.979385	26.012583	26.041840	26.067219	26.088461	26.105610	26.118494	26.127136	26.131456	26.131454	26.127138	26.118492	26.105610	26.088457	26.067221	26.041842	26.012583	25.979385	25.942572	25.902084	25.858295	25.811153	25.761074	25.708015	25.652416	25.594259	25.533991	25.471626	25.407595	25.341970	25.275139	25.207230	25.138597	25.069420	
25.065619	25.130981	25.195885	25.260019	25.323246	25.385201	25.445801	25.504650	25.561710	25.616571	25.669230	25.719263	25.766712	25.811153	25.852650	25.890810	25.925705	25.956989	25.984728	26.008638	26.028778	26.044935	26.057150	26.065294	26.069386	26.069389	26.065292	26.057148	26.044933	26.028778	26.008636	25.984728	25.956987	25.925705	25.890812	25.852650	25.811153	25.766712	25.719263	25.669233	25.616570	25.561712	25.504646	25.445797	25.385197	25.323242	25.260017	25.195885	25.130980	25.065619	
25.061556	25.122896	25.183758	25.243975	25.303232	25.361431	25.418201	25.473507	25.526941	25.578514	25.627808	25.674864	25.719265	25.761072	25.799892	25.835804	25.868439	25.897882	25.923822	25.946331	25.965160	25.980371	25.991793	25.999458	26.003288	26.003284	25.999460	25.991791	25.980368	25.965160	25.946329	25.923820	25.897882	25.868439	25.835802	25.799892	25.761072	25.719265	25.674866	25.627808	25.578516	25.526941	25.473505	25.418201	25.361427	25.303230	25.243973	25.183754	25.122898	25.061556	
25.057274	25.114326	25.170980	25.226957	25.282148	25.336220	25.389122	25.440479	25.490297	25.538172	25.584145	25.627810	25.669231	25.708015	25.744244	25.777544	25.808010	25.835308	25.859526	25.880390	25.897974	25.912075	25.922739	25.929848	25.933418	25.933422	25.929844	25.922739	25.912071	25.897974	25.880392	25.859526	25.835308	25.808010	25.777546	25.744244	25.708014	25.669231	25.627808	25.584145	25.538174	25.490295	25.440483	25.389118	25.336220	25.282145	25.226957	25.170979	25.114326	25.057276	
25.052765	25.105350	25.157516	25.209141	25.259937	25.309828	25.358492	25.405905	25.451704	25.495922	25.538172	25.578514	25.616570	25.652414	25.685688	25.716476	25.744448	25.769691	25.791924	25.811222	25.827362	25.840401	25.850189	25.856764	25.860046	25.860043	25.856766	25.850189	25.840403	25.827360	25.811222	25.791924	25.769693	25.744450	25.716476	25.685686	25.652416	25.616570	25.578518	25.538170	25.495922	25.451706	25.405903	25.358492	25.309828	25.259937	25.209141	25.157516	25.105350	25.052767	
25.048073	25.095955	25.143509	25.190491	25.236816	25.282200	25.326607	25.369709	25.411528	25.451706	25.490295	25.526939	25.561710	25.594261	25.624672	25.652622	25.678194	25.701103	25.721436	25.738945	25.753704	25.765537	25.774490	25.780455	25.783453	25.783457	25.780453	25.774490	25.765533	25.753704	25.738945	25.721434	25.701103	25.678194	25.652622	25.624672	25.594261	25.561714	25.526939	25.490297	25.451706	25.411526	25.369709	25.326603	25.282200	25.236816	25.190491	25.143509	25.095955	25.048073	
25.043190	25.086227	25.128925	25.171181	25.212751	25.253590	25.293415	25.332226	25.369711	25.405907	25.440481	25.473503	25.504646	25.533991	25.561218	25.586422	25.609314	25.629978	25.648170	25.663969	25.677177	25.687851	25.695862	25.701242	25.703930	25.703928	25.701246	25.695862	25.687853	25.677174	25.663969	25.648170	25.629978	25.609312	25.586424	25.561218	25.533991	25.504648	25.473503	25.440481	25.405907	25.369709	25.332226	25.293415	25.253590	25.212749	25.171177	25.128925	25.086227	25.043188	
25.038155	25.076153	25.113895	25.151180	25.187950	25.223965	25.259209	25.293415	25.326607	25.358490	25.389120	25.418201	25.445801	25.471630	25.495768	25.517944	25.538244	25.556423	25.572559	25.586456	25.598169	25.607559	25.614666	25.619400	25.621780	25.621782	25.619398	25.614668	25.607557	25.598171	25.586454	25.572559	25.556423	25.538242	25.517944	25.495768	25.471630	25.445799	25.418201	25.389120	25.358490	25.326607	25.293415	25.259209	25.223963	25.187946	25.151178	25.113895	25.076153	25.038153	
25.032967	25.065819	25.098408	25.130661	25.162394	25.193565	25.223965	25.253590	25.282202	25.309828	25.336220	25.361429	25.385197	25.407598	25.428379	25.447618	25.465092	25.480865	25.494751	25.506809	25.516890	25.525040	25.531155	25.535261	25.537312	25.537310	25.535263	25.531151	25.525040	25.516888	25.506809	25.494751	25.480864	25.465092	25.447618	25.428379	25.407597	25.385197	25.361427	25.336220	25.309826	25.282200	25.253590	25.223965	25.193565	25.162390	25.130661	25.098408	25.065819	25.032967	
25.027664	25.055216	25.082584	25.109619	25.136280	25.162392	25.187950	25.212751	25.236816	25.259935	25.282146	25.303230	25.323246	25.341969	25.359474	25.375553	25.390274	25.403454	25.415157	25.425228	25.433723	25.440533	25.445686	25.449116	25.450844	25.450846	25.449116	25.445686	25.440533	25.433727	25.425230	25.415154	25.403454	25.390272	25.375553	25.359472	25.341970	25.323242	25.303230	25.282146	25.259937	25.236816	25.212749	25.187950	25.162392	25.136276	25.109617	25.082584	25.055218	25.027664	
25.022251	25.044430	25.066425	25.088202	25.109619	25.130665	25.151180	25.171181	25.190491	25.209143	25.226955	25.243975	25.260017	25.275139	25.289167	25.302155	25.313948	25.324596	25.333969	25.342110	25.348915	25.354416	25.358541	25.361317	25.362700	25.362700	25.361319	25.358541	25.354418	25.348913	25.342112	25.333969	25.324596	25.313948	25.302155	25.289167	25.275139	25.260017	25.243975	25.226959	25.209143	25.190495	25.171181	25.151180	25.130661	25.109617	25.088200	25.066429	25.044430	25.022251	
25.016762	25.033459	25.050045	25.066427	25.082584	25.098408	25.113895	25.128925	25.143509	25.157520	25.170980	25.183754	25.195885	25.207230	25.217838	25.227583	25.236504	25.244492	25.251581	25.257687	25.262835	25.266958	25.270081	25.272163	25.273209	25.273211	25.272161	25.270084	25.266960	25.262838	25.257689	25.251583	25.244492	25.236504	25.227585	25.217840	25.207230	25.195883	25.183756	25.170979	25.157522	25.143509	25.128925	25.113895	25.098408	25.082582	25.066425	25.050045	25.033461	25.016764	
25.011208	25.022377	25.033463	25.044430	25.055218	25.065819	25.076153	25.086227	25.095957	25.105352	25.114326	25.122898	25.130978	25.138597	25.145660	25.152206	25.158146	25.163511	25.168230	25.172333	25.175758	25.178532	25.180609	25.182007	25.182705	25.182701	25.182007	25.180611	25.178534	25.175762	25.172333	25.168234	25.163511	25.158148	25.152206	25.145662	25.138597	25.130980	25.122898	25.114326	25.105354	25.095959	25.086229	25.076153	25.065819	25.055216	25.044430	25.033463	25.022381	25.011208	
25.005615	25.011208	25.016762	25.022251	25.027664	25.032967	25.038155	25.043188	25.048073	25.052769	25.057276	25.061556	25.065619	25.069420	25.072975	25.076237	25.079227	25.081902	25.084276	25.086323	25.088047	25.089428	25.090473	25.091171	25.091522	25.091522	25.091171	25.090473	25.089430	25.088047	25.086323	25.084276	25.081903	25.079226	25.076239	25.072973	25.069420	25.065620	25.061558	25.057278	25.052769	25.048075	25.043190	25.038155	25.032965	25.027664	25.022251	25.016764	25.011209	25.005615	
