25.008881	25.017719	25.026527	25.035217	25.043839	25.052261	25.060577	25.068619	25.076517	25.084061	25.091415	25.098345	25.105034	25.111235	25.117142	25.122509	25.127514	25.131945	25.135954	25.139359	25.142288	25.144600	25.146381	25.147552	25.148151	25.148151	25.147552	25.146385	25.144598	25.142288	25.139359	25.135954	25.131943	25.127514	25.122505	25.117142	25.111237	25.105034	25.098345	25.091415	25.084061	25.076519	25.068619	25.060581	25.052259	25.043839	25.035213	25.026531	25.017719	25.008881	
25.017719	25.035408	25.052937	25.070370	25.087479	25.104424	25.120888	25.137112	25.152699	25.167957	25.182436	25.196486	25.209629	25.222229	25.233807	25.244728	25.254532	25.263557	25.271400	25.278347	25.284069	25.288786	25.292271	25.294655	25.295828	25.295826	25.294659	25.292271	25.288788	25.284067	25.278347	25.271400	25.263557	25.254530	25.244728	25.233807	25.222229	25.209627	25.196487	25.182438	25.167957	25.152697	25.137110	25.120888	25.104424	25.087479	25.070370	25.052935	25.035410	25.017719	
25.026527	25.052935	25.079252	25.105202	25.130962	25.156116	25.180973	25.204990	25.228584	25.251120	25.273087	25.293793	25.313772	25.332304	25.349937	25.365974	25.380928	25.394167	25.406143	25.416317	25.425062	25.431969	25.437294	25.440790	25.442574	25.442579	25.440786	25.437298	25.431969	25.425064	25.416313	25.406143	25.394161	25.380928	25.365973	25.349939	25.332306	25.313772	25.293793	25.273088	25.251120	25.228584	25.204990	25.180973	25.156115	25.130960	25.105202	25.079254	25.052935	25.026529	
25.035213	25.070370	25.105202	25.139843	25.173847	25.207521	25.240240	25.272478	25.303459	25.333778	25.362560	25.390478	25.416597	25.441633	25.464649	25.486343	25.505836	25.523766	25.539360	25.553156	25.564535	25.573904	25.580833	25.585569	25.587898	25.587894	25.585575	25.580830	25.573910	25.564533	25.553158	25.539356	25.523767	25.505835	25.486345	25.464649	25.441635	25.416599	25.390478	25.362560	25.333778	25.303459	25.272480	25.240240	25.207521	25.173847	25.139847	25.105202	25.070370	25.035213	
25.043839	25.087477	25.130960	25.173847	25.216410	25.257982	25.299051	25.338747	25.377728	25.414976	25.451271	25.485497	25.518501	25.549137	25.578266	25.604773	25.629478	25.651360	25.671141	25.687962	25.702410	25.713829	25.722626	25.728401	25.731354	25.731358	25.728399	25.722630	25.713825	25.702412	25.687962	25.671143	25.651358	25.629478	25.604773	25.578266	25.549137	25.518501	25.485497	25.451271	25.414976	25.377731	25.338747	25.299053	25.257982	25.216412	25.173845	25.130962	25.087477	25.043839	
25.052259	25.104427	25.156116	25.207523	25.257982	25.307949	25.356510	25.404339	25.450325	25.495308	25.538029	25.579447	25.618221	25.655361	25.689528	25.721708	25.750645	25.777245	25.800388	25.820858	25.837749	25.851650	25.861931	25.868961	25.872414	25.872414	25.868963	25.861931	25.851650	25.837746	25.820858	25.800390	25.777245	25.750645	25.721710	25.689526	25.655361	25.618221	25.579445	25.538029	25.495308	25.450325	25.404341	25.356510	25.307949	25.257982	25.207523	25.156116	25.104427	25.052259	
25.060581	25.120888	25.180971	25.240240	25.299051	25.356510	25.413250	25.468121	25.521976	25.573463	25.623602	25.670914	25.716509	25.758860	25.799099	25.835743	25.869865	25.900118	25.927441	25.950699	25.970654	25.986441	25.998592	26.006573	26.010654	26.010656	26.006573	25.998596	25.986443	25.970654	25.950699	25.927441	25.900116	25.869865	25.835743	25.799097	25.758858	25.716507	25.670912	25.623604	25.573463	25.521976	25.468121	25.413252	25.356510	25.299051	25.240240	25.180973	25.120888	25.060581	
25.068619	25.137112	25.204990	25.272480	25.338747	25.404341	25.468121	25.530907	25.591305	25.650347	25.706465	25.760822	25.811760	25.860504	25.905388	25.947620	25.985634	26.020538	26.050953	26.077808	26.100002	26.118244	26.131752	26.140976	26.145512	26.145512	26.140978	26.131752	26.118244	26.100000	26.077810	26.050947	26.020540	25.985634	25.947620	25.905384	25.860504	25.811756	25.760822	25.706463	25.650349	25.591305	25.530907	25.468122	25.404343	25.338747	25.272480	25.204988	25.137114	25.068619	
25.076519	25.152699	25.228584	25.303459	25.377731	25.450325	25.521976	25.591305	25.659306	25.724365	25.787670	25.847458	25.905020	25.958544	26.009342	26.055656	26.098732	26.136963	26.171455	26.200855	26.226044	26.245996	26.261337	26.271423	26.276575	26.276577	26.271421	26.261339	26.245996	26.226044	26.200851	26.171457	26.136961	26.098732	26.055653	26.009342	25.958540	25.905018	25.847454	25.787670	25.724363	25.659306	25.591305	25.521976	25.450325	25.377731	25.303459	25.228584	25.152699	25.076519	
25.084061	25.167957	25.251118	25.333778	25.414976	25.495306	25.573463	25.650349	25.724365	25.796663	25.865437	25.931992	25.994423	26.054100	26.109118	26.160822	26.207420	26.250149	26.287426	26.320307	26.347511	26.369843	26.386402	26.397694	26.403255	26.403255	26.397696	26.386402	26.369843	26.347511	26.320309	26.287422	26.250151	26.207418	26.160824	26.109114	26.054100	25.994421	25.931993	25.865433	25.796661	25.724363	25.650349	25.573463	25.495308	25.414978	25.333780	25.251118	25.167957	25.084061	
25.091415	25.182438	25.273088	25.362560	25.451271	25.538029	25.623600	25.706465	25.787670	25.865437	25.941029	26.012497	26.081226	26.145214	26.205864	26.261234	26.312664	26.358372	26.399553	26.434698	26.464771	26.488628	26.506941	26.519001	26.525150	26.525152	26.518997	26.506943	26.488625	26.464773	26.434696	26.399551	26.358370	26.312662	26.261230	26.205864	26.145210	26.081226	26.012493	25.941029	25.865433	25.787670	25.706461	25.623604	25.538029	25.451271	25.362560	25.273087	25.182436	25.091415	
25.098345	25.196487	25.293793	25.390476	25.485497	25.579443	25.670916	25.760822	25.847458	25.931992	26.012497	26.090313	26.163399	26.233168	26.297577	26.358025	26.412579	26.462528	26.506174	26.544611	26.576462	26.602566	26.621958	26.635155	26.641666	26.641665	26.635159	26.621954	26.602570	26.576462	26.544613	26.506174	26.462528	26.412575	26.358025	26.297573	26.233168	26.163395	26.090313	26.012495	25.931992	25.847454	25.760822	25.670910	25.579445	25.485493	25.390476	25.293791	25.196486	25.098345	
25.105034	25.209629	25.313772	25.416599	25.518501	25.618221	25.716507	25.811756	25.905018	25.994423	26.081226	26.163399	26.242315	26.315891	26.385527	26.449196	26.508242	26.560804	26.608082	26.648499	26.683023	26.710461	26.731483	26.745354	26.752411	26.752415	26.745350	26.731485	26.710457	26.683025	26.648499	26.608084	26.560802	26.508240	26.449192	26.385525	26.315887	26.242313	26.163395	26.081226	25.994419	25.905018	25.811756	25.716507	25.618217	25.518501	25.416594	25.313770	25.209627	25.105034	
25.111238	25.222229	25.332304	25.441635	25.549137	25.655361	25.758858	25.860502	25.958542	26.054100	26.145214	26.233166	26.315889	26.394743	26.467648	26.535961	26.597717	26.654163	26.703573	26.747007	26.783070	26.812565	26.834518	26.849430	26.856804	26.856800	26.849432	26.834515	26.812567	26.783066	26.747009	26.703573	26.654165	26.597715	26.535961	26.467648	26.394741	26.315889	26.233166	26.145210	26.054100	25.958538	25.860500	25.758856	25.655361	25.549135	25.441633	25.332302	25.222229	25.111237	
25.117142	25.233807	25.349937	25.464649	25.578268	25.689528	25.799095	25.905388	26.009342	26.109119	26.205864	26.297577	26.385525	26.467648	26.545248	26.616322	26.682116	26.740795	26.793474	26.838596	26.877064	26.907696	26.931118	26.946602	26.954468	26.954470	26.946602	26.931122	26.907692	26.877066	26.838596	26.793474	26.740795	26.682117	26.616322	26.545252	26.467648	26.385527	26.297575	26.205864	26.109114	26.009342	25.905384	25.799097	25.689526	25.578266	25.464649	25.349937	25.233807	25.117142	
25.122509	25.244726	25.365974	25.486343	25.604774	25.721708	25.835745	25.947620	26.055655	26.160824	26.261234	26.358025	26.449196	26.535961	26.616323	26.691484	26.759560	26.821663	26.876131	26.923916	26.963669	26.996117	27.020321	27.036724	27.044853	27.044853	27.036728	27.020321	26.996120	26.963667	26.923916	26.876131	26.821665	26.759560	26.691484	26.616322	26.535961	26.449196	26.358023	26.261232	26.160824	26.055653	25.947624	25.835739	25.721710	25.604773	25.486343	25.365973	25.244728	25.122507	
25.127514	25.254532	25.380930	25.505836	25.629478	25.750647	25.869865	25.985634	26.098732	26.207420	26.312664	26.412579	26.508242	26.597719	26.682117	26.759562	26.831112	26.895058	26.952343	27.001513	27.043343	27.076725	27.102196	27.119072	27.127623	27.127625	27.119068	27.102196	27.076723	27.043343	27.001514	26.952343	26.895058	26.831112	26.759560	26.682116	26.597717	26.508242	26.412577	26.312664	26.207417	26.098732	25.985634	25.869869	25.750643	25.629478	25.505835	25.380928	25.254532	25.127514	
25.131947	25.263557	25.394165	25.523766	25.651358	25.777245	25.900116	26.020540	26.136965	26.250149	26.358374	26.462530	26.560806	26.654167	26.740799	26.821663	26.895058	26.961872	27.020597	27.072001	27.114864	27.149769	27.175867	27.193512	27.202278	27.202278	27.193516	27.175865	27.149773	27.114862	27.072002	27.020597	26.961872	26.895058	26.821663	26.740799	26.654165	26.560804	26.462532	26.358372	26.250153	26.136961	26.020542	25.900114	25.777245	25.651356	25.523769	25.394165	25.263557	25.131945	
25.135954	25.271402	25.406141	25.539362	25.671143	25.800392	25.927444	26.050951	26.171459	26.287430	26.399555	26.506176	26.608086	26.703575	26.793476	26.876135	26.952341	27.020599	27.081606	27.134098	27.178642	27.214277	27.241402	27.259417	27.268524	27.268528	27.259415	27.241405	27.214275	27.178646	27.134096	27.081610	27.020597	26.952341	26.876133	26.793474	26.703575	26.608084	26.506176	26.399555	26.287426	26.171459	26.050949	25.927443	25.800388	25.671143	25.539358	25.406141	25.271400	25.135954	
25.139362	25.278347	25.416319	25.553158	25.687965	25.820860	25.950699	26.077812	26.200855	26.320309	26.434700	26.544613	26.648502	26.747009	26.838596	26.923916	27.001516	27.072001	27.134100	27.188320	27.233650	27.270470	27.298065	27.316683	27.325949	27.325947	27.316681	27.298065	27.270472	27.233646	27.188324	27.134096	27.072002	27.001514	26.923914	26.838596	26.747009	26.648500	26.544613	26.434698	26.320311	26.200855	26.077812	25.950699	25.820858	25.687965	25.553158	25.416315	25.278345	25.139360	
25.142288	25.284073	25.425064	25.564537	25.702412	25.837749	25.970655	26.100002	26.226044	26.347515	26.464773	26.576466	26.683025	26.783070	26.877064	26.963673	27.043344	27.114864	27.178642	27.233650	27.280212	27.317556	27.345911	27.364790	27.374311	27.374311	27.364790	27.345913	27.317556	27.280216	27.233648	27.178644	27.114864	27.043344	26.963669	26.877066	26.783070	26.683025	26.576466	26.464773	26.347511	26.226046	26.100002	25.970655	25.837749	25.702412	25.564533	25.425062	25.284073	25.142288	
25.144600	25.288786	25.431973	25.573906	25.713829	25.851650	25.986441	26.118244	26.245998	26.369846	26.488628	26.602568	26.710461	26.812565	26.907692	26.996119	27.076725	27.149771	27.214279	27.270470	27.317558	27.355711	27.384380	27.403669	27.413296	27.413296	27.403671	27.384380	27.355713	27.317554	27.270470	27.214279	27.149771	27.076725	26.996120	26.907692	26.812565	26.710461	26.602570	26.488628	26.369844	26.245996	26.118244	25.986441	25.851652	25.713829	25.573908	25.431969	25.288788	25.144600	
25.146383	25.292273	25.437296	25.580833	25.722630	25.861935	25.998596	26.131752	26.261339	26.386402	26.506943	26.621956	26.731483	26.834518	26.931118	27.020321	27.102196	27.175867	27.241405	27.298065	27.345909	27.384380	27.413511	27.432961	27.442745	27.442745	27.432961	27.413515	27.384380	27.345913	27.298065	27.241405	27.175869	27.102196	27.020321	26.931120	26.834515	26.731487	26.621958	26.506945	26.386404	26.261339	26.131756	25.998594	25.861933	25.722630	25.580832	25.437298	25.292271	25.146383	
25.147552	25.294655	25.440788	25.585571	25.728397	25.868963	26.006573	26.140978	26.271423	26.397696	26.518999	26.635155	26.745350	26.849432	26.946602	27.036728	27.119072	27.193516	27.259418	27.316681	27.364792	27.403671	27.432962	27.452618	27.462456	27.462456	27.452618	27.432959	27.403669	27.364788	27.316683	27.259418	27.193516	27.119072	27.036728	26.946602	26.849430	26.745354	26.635159	26.519003	26.397697	26.271423	26.140978	26.006575	25.868963	25.728401	25.585571	25.440788	25.294655	25.147551	
25.148151	25.295826	25.442577	25.587898	25.731358	25.872414	26.010658	26.145512	26.276577	26.403255	26.525150	26.641663	26.752411	26.856800	26.954468	27.044853	27.127625	27.202278	27.268526	27.325949	27.374311	27.413296	27.442745	27.462456	27.472343	27.472343	27.462452	27.442743	27.413296	27.374311	27.325947	27.268528	27.202278	27.127625	27.044853	26.954468	26.856802	26.752415	26.641668	26.525154	26.403259	26.276577	26.145515	26.010654	25.872414	25.731354	25.587898	25.442575	25.295826	25.148149	
25.148151	25.295826	25.442577	25.587898	25.731358	25.872414	26.010658	26.145512	26.276577	26.403255	26.525150	26.641663	26.752411	26.856800	26.954468	27.044853	27.127625	27.202278	27.268526	27.325949	27.374311	27.413296	27.442745	27.462456	27.472343	27.472343	27.462452	27.442743	27.413296	27.374311	27.325947	27.268528	27.202278	27.127625	27.044853	26.954468	26.856802	26.752415	26.641668	26.525154	26.403259	26.276577	26.145515	26.010654	25.872414	25.731354	25.587898	25.442575	25.295826	25.148149	
25.147552	25.294655	25.440788	25.585571	25.728397	25.868963	26.006573	26.140978	26.271423	26.397696	26.518999	26.635155	26.745350	26.849432	26.946602	27.036728	27.119072	27.193516	27.259418	27.316681	27.364792	27.403671	27.432962	27.452618	27.462456	27.462456	27.452618	27.432959	27.403669	27.364788	27.316683	27.259418	27.193516	27.119072	27.036728	26.946602	26.849430	26.745354	26.635159	26.519003	26.397697	26.271423	26.140978	26.006575	25.868963	25.728401	25.585571	25.440788	25.294655	25.147551	
25.146383	25.292273	25.437296	25.580833	25.722630	25.861935	25.998596	26.131752	26.261339	26.386402	26.506943	26.621956	26.731483	26.834518	26.931118	27.020321	27.102196	27.175867	27.241405	27.298065	27.345909	27.384380	27.413511	27.432961	27.442745	27.442745	27.432961	27.413515	27.384380	27.345913	27.298065	27.241405	27.175869	27.102196	27.020321	26.931120	26.834515	26.731487	26.621958	26.506945	26.386404	26.261339	26.131756	25.998594	25.861933	25.722630	25.580832	25.437298	25.292271	25.146383	
25.144600	25.288786	25.431973	25.573906	25.713829	25.851650	25.986441	26.118244	26.245998	26.369846	26.488628	26.602568	26.710461	26.812565	26.907692	26.996119	27.076725	27.149771	27.214279	27.270470	27.317558	27.355711	27.384380	27.403669	27.413296	27.413296	27.403671	27.384380	27.355713	27.317554	27.270470	27.214279	27.149771	27.076725	26.996120	26.907692	26.812565	26.710461	26.602570	26.488628	26.369844	26.245996	26.118244	25.986441	25.851652	25.713829	25.573908	25.431969	25.288788	25.144600	
25.142288	25.284073	25.425064	25.564537	25.702412	25.837749	25.970655	26.100002	26.226044	26.347515	26.464773	26.576466	26.683025	26.783070	26.877064	26.963673	27.043344	27.114864	27.178642	27.233650	27.280212	27.317556	27.345911	27.364790	27.374311	27.374311	27.364790	27.345913	27.317556	27.280216	27.233648	27.178644	27.114864	27.043344	26.963669	26.877066	26.783070	26.683025	26.576466	26.464773	26.347511	26.226046	26.100002	25.970655	25.837749	25.702412	25.564533	25.425062	25.284073	25.142288	
25.139362	25.278347	25.416319	25.553158	25.687965	25.820860	25.950699	26.077812	26.200855	26.320309	26.434700	26.544613	26.648502	26.747009	26.838596	26.923916	27.001516	27.072001	27.134100	27.188320	27.233650	27.270470	27.298065	27.316683	27.325949	27.325947	27.316681	27.298065	27.270472	27.233646	27.188324	27.134096	27.072002	27.001514	26.923914	26.838596	26.747009	26.648500	26.544613	26.434698	26.320311	26.200855	26.077812	25.950699	25.820858	25.687965	25.553158	25.416315	25.278345	25.139360	
25.135954	25.271402	25.406141	25.539362	25.671143	25.800392	25.927444	26.050951	26.171459	26.287430	26.399555	26.506176	26.608086	26.703575	26.793476	26.876135	26.952341	27.020599	27.081606	27.134098	27.178642	27.214277	27.241402	27.259417	27.268524	27.268528	27.259415	27.241405	27.214275	27.178646	27.134096	27.081610	27.020597	26.952341	26.876133	26.793474	26.703575	26.608084	26.506176	26.399555	26.287426	26.171459	26.050949	25.927443	25.800388	25.671143	25.539358	25.406141	25.271400	25.135954	
25.131947	25.263557	25.394165	25.523766	25.651358	25.777245	25.900116	26.020540	26.136965	26.250149	26.358374	26.462530	26.560806	26.654167	26.740799	26.821663	26.895058	26.961872	27.020597	27.072001	27.114864	27.149769	27.175867	27.193512	27.202278	27.202278	27.193516	27.175865	27.149773	27.114862	27.072002	27.020597	26.961872	26.895058	26.821663	26.740799	26.654165	26.560804	26.462532	26.358372	26.250153	26.136961	26.020542	25.900114	25.777245	25.651356	25.523769	25.394165	25.263557	25.131945	
25.127514	25.254532	25.380930	25.505836	25.629478	25.750647	25.869865	25.985634	26.098732	26.207420	26.312664	26.412579	26.508242	26.597719	26.682117	26.759562	26.831112	26.895058	26.952343	27.001513	27.043343	27.076725	27.102196	27.119072	27.127623	27.127625	27.119068	27.102196	27.076723	27.043343	27.001514	26.952343	26.895058	26.831112	26.759560	26.682116	26.597717	26.508242	26.412577	26.312664	26.207417	26.098732	25.985634	25.869869	25.750643	25.629478	25.505835	25.380928	25.254532	25.127514	
25.122509	25.244726	25.365974	25.486343	25.604774	25.721708	25.835745	25.947620	26.055655	26.160824	26.261234	26.358025	26.449196	26.535961	26.616323	26.691484	26.759560	26.821663	26.876131	26.923916	26.963669	26.996117	27.020321	27.036724	27.044853	27.044853	27.036728	27.020321	26.996120	26.963667	26.923916	26.876131	26.821665	26.759560	26.691484	26.616322	26.535961	26.449196	26.358023	26.261232	26.160824	26.055653	25.947624	25.835739	25.721710	25.604773	25.486343	25.365973	25.244728	25.122507	
25.117142	25.233807	25.349937	25.464649	25.578268	25.689528	25.799095	25.905388	26.009342	26.109119	26.205864	26.297577	26.385525	26.467648	26.545248	26.616322	26.682116	26.740795	26.793474	26.838596	26.877064	26.907696	26.931118	26.946602	26.954468	26.954470	26.946602	26.931122	26.907692	26.877066	26.838596	26.793474	26.740795	26.682117	26.616322	26.545252	26.467648	26.385527	26.297575	26.205864	26.109114	26.009342	25.905384	25.799097	25.689526	25.578266	25.464649	25.349937	25.233807	25.117142	
25.111238	25.222229	25.332304	25.441635	25.549137	25.655361	25.758858	25.860502	25.958542	26.054100	26.145214	26.233166	26.315889	26.394743	26.467648	26.535961	26.597717	26.654163	26.703573	26.747007	26.783070	26.812565	26.834518	26.849430	26.856804	26.856800	26.849432	26.834515	26.812567	26.783066	26.747009	26.703573	26.654165	26.597715	26.535961	26.467648	26.394741	26.315889	26.233166	26.145210	26.054100	25.958538	25.860500	25.758856	25.655361	25.549135	25.441633	25.332302	25.222229	25.111237	
25.105034	25.209629	25.313772	25.416599	25.518501	25.618221	25.716507	25.811756	25.905018	25.994423	26.081226	26.163399	26.242315	26.315891	26.385527	26.449196	26.508242	26.560804	26.608082	26.648499	26.683023	26.710461	26.731483	26.745354	26.752411	26.752415	26.745350	26.731485	26.710457	26.683025	26.648499	26.608084	26.560802	26.508240	26.449192	26.385525	26.315887	26.242313	26.163395	26.081226	25.994419	25.905018	25.811756	25.716507	25.618217	25.518501	25.416594	25.313770	25.209627	25.105034	
25.098345	25.196487	25.293793	25.390476	25.485497	25.579443	25.670916	25.760822	25.847458	25.931992	26.012497	26.090313	26.163399	26.233168	26.297577	26.358025	26.412579	26.462528	26.506174	26.544611	26.576462	26.602566	26.621958	26.635155	26.641666	26.641665	26.635159	26.621954	26.602570	26.576462	26.544613	26.506174	26.462528	26.412575	26.358025	26.297573	26.233168	26.163395	26.090313	26.012495	25.931992	25.847454	25.760822	25.670910	25.579445	25.485493	25.390476	25.293791	25.196486	25.098345	
25.091415	25.182438	25.273088	25.362560	25.451271	25.538029	25.623600	25.706465	25.787670	25.865437	25.941029	26.012497	26.081226	26.145214	26.205864	26.261234	26.312664	26.358372	26.399553	26.434698	26.464771	26.488628	26.506941	26.519001	26.525150	26.525152	26.518997	26.506943	26.488625	26.464773	26.434696	26.399551	26.358370	26.312662	26.261230	26.205864	26.145210	26.081226	26.012493	25.941029	25.865433	25.787670	25.706461	25.623604	25.538029	25.451271	25.362560	25.273087	25.182436	25.091415	
25.084061	25.167957	25.251118	25.333778	25.414976	25.495306	25.573463	25.650349	25.724365	25.796663	25.865437	25.931992	25.994423	26.054100	26.109118	26.160822	26.207420	26.250149	26.287426	26.320307	26.347511	26.369843	26.386402	26.397694	26.403255	26.403255	26.397696	26.386402	26.369843	26.347511	26.320309	26.287422	26.250151	26.207418	26.160824	26.109114	26.054100	25.994421	25.931993	25.865433	25.796661	25.724363	25.650349	25.573463	25.495308	25.414978	25.333780	25.251118	25.167957	25.084061	
25.076519	25.152699	25.228584	25.303459	25.377731	25.450325	25.521976	25.591305	25.659306	25.724365	25.787670	25.847458	25.905020	25.958544	26.009342	26.055656	26.098732	26.136963	26.171455	26.200855	26.226044	26.245996	26.261337	26.271423	26.276575	26.276577	26.271421	26.261339	26.245996	26.226044	26.200851	26.171457	26.136961	26.098732	26.055653	26.009342	25.958540	25.905018	25.847454	25.787670	25.724363	25.659306	25.591305	25.521976	25.450325	25.377731	25.303459	25.228584	25.152699	25.076519	
25.068619	25.137112	25.204990	25.272480	25.338747	25.404341	25.468121	25.530907	25.591305	25.650347	25.706465	25.760822	25.811760	25.860504	25.905388	25.947620	25.985634	26.020538	26.050953	26.077808	26.100002	26.118244	26.131752	26.140976	26.145512	26.145512	26.140978	26.131752	26.118244	26.100000	26.077810	26.050947	26.020540	25.985634	25.947620	25.905384	25.860504	25.811756	25.760822	25.706463	25.650349	25.591305	25.530907	25.468122	25.404343	25.338747	25.272480	25.204988	25.137114	25.068619	
25.060581	25.120888	25.180971	25.240240	25.299051	25.356510	25.413250	25.468121	25.521976	25.573463	25.623602	25.670914	25.716509	25.758860	25.799099	25.835743	25.869865	25.900118	25.927441	25.950699	25.970654	25.986441	25.998592	26.006573	26.010654	26.010656	26.006573	25.998596	25.986443	25.970654	25.950699	25.927441	25.900116	25.869865	25.835743	25.799097	25.758858	25.716507	25.670912	25.623604	25.573463	25.521976	25.468121	25.413252	25.356510	25.299051	25.240240	25.180973	25.120888	25.060581	
25.052259	25.104427	25.156116	25.207523	25.257982	25.307949	25.356510	25.404339	25.450325	25.495308	25.538029	25.579447	25.618221	25.655361	25.689528	25.721708	25.750645	25.777245	25.800388	25.820858	25.837749	25.851650	25.861931	25.868961	25.872414	25.872414	25.868963	25.861931	25.851650	25.837746	25.820858	25.800390	25.777245	25.750645	25.721710	25.689526	25.655361	25.618221	25.579445	25.538029	25.495308	25.450325	25.404341	25.356510	25.307949	25.257982	25.207523	25.156116	25.104427	25.052259	
25.043839	25.087477	25.130960	25.173847	25.216410	25.257982	25.299051	25.338747	25.377728	25.414976	25.451271	25.485497	25.518501	25.549137	25.578266	25.604773	25.629478	25.651360	25.671141	25.687962	25.702410	25.713829	25.722626	25.728401	25.731354	25.731358	25.728399	25.722630	25.713825	25.702412	25.687962	25.671143	25.651358	25.629478	25.604773	25.578266	25.549137	25.518501	25.485497	25.451271	25.414976	25.377731	25.338747	25.299053	25.257982	25.216412	25.173845	25.130962	25.087477	25.043839	
25.035213	25.070370	25.105202	25.139843	25.173847	25.207521	25.240240	25.272478	25.303459	25.333778	25.362560	25.390478	25.416597	25.441633	25.464649	25.486343	25.505836	25.523766	25.539360	25.553156	25.564535	25.573904	25.580833	25.585569	25.587898	25.587894	25.585575	25.580830	25.573910	25.564533	25.553158	25.539356	25.523767	25.505835	25.486345	25.464649	25.441635	25.416599	25.390478	25.362560	25.333778	25.303459	25.272480	25.240240	25.207521	25.173847	25.139847	25.105202	25.070370	25.035213	
25.026527	25.052935	25.079252	25.105202	25.130962	25.156116	25.180973	25.204990	25.228584	25.251120	25.273087	25.293793	25.313772	25.332304	25.349937	25.365974	25.380928	25.394167	25.406143	25.416317	25.425062	25.431969	25.437294	25.440790	25.442574	25.442579	25.440786	25.437298	25.431969	25.425064	25.416313	25.406143	25.394161	25.380928	25.365973	25.349939	25.332306	25.313772	25.293793	25.273088	25.251120	25.228584	25.204990	25.180973	25.156115	25.130960	25.105202	25.079254	25.052935	25.026529	
25.017719	25.035408	25.052937	25.070370	25.087479	25.104424	25.120888	25.137112	25.152699	25.167957	25.182436	25.196486	25.209629	25.222229	25.233807	25.244728	25.254532	25.263557	25.271400	25.278347	25.284069	25.288786	25.292271	25.294655	25.295828	25.295826	25.294659	25.292271	25.288788	25.284067	25.278347	25.271400	25.263557	25.254530	25.244728	25.233807	25.222229	25.209627	25.196487	25.182438	25.167957	25.152697	25.137110	25.120888	25.104424	25.087479	25.070370	25.052935	25.035410	25.017719	
25.008881	25.017719	25.026527	25.035217	25.043839	25.052261	25.060577	25.068619	25.076517	25.084061	25.091415	25.098345	25.105034	25.111235	25.117142	25.122509	25.127514	25.131945	25.135954	25.139359	25.142288	25.144600	25.146381	25.147552	25.148151	25.148151	25.147552	25.146385	25.144598	25.142288	25.139359	25.135954	25.131943	25.127514	25.122505	25.117142	25.111237	25.105034	25.098345	25.091415	25.084061	25.076519	25.068619	25.060581	25.052259	25.043839	25.035213	25.026531	25.017719	25.008881	
