25.011154	25.022245	25.033445	25.044449	25.055660	25.066532	25.077675	25.088337	25.099295	25.109623	25.120224	25.130043	25.140053	25.149153	25.158310	25.166439	25.174461	25.181362	25.187962	25.193392	25.198313	25.202063	25.205105	25.207020	25.208046	25.208050	25.207018	25.205105	25.202065	25.198315	25.193394	25.187962	25.181362	25.174459	25.166439	25.158310	25.149149	25.140053	25.130043	25.120222	25.109625	25.099297	25.088337	25.077679	25.066528	25.055660	25.044447	25.033447	25.022243	25.011156	
25.022247	25.044603	25.066702	25.089119	25.111004	25.133377	25.154934	25.177067	25.198093	25.219692	25.239891	25.260551	25.279530	25.298759	25.316051	25.333294	25.348391	25.363071	25.375463	25.387037	25.396263	25.404266	25.409958	25.414051	25.415979	25.415974	25.414053	25.409962	25.404266	25.396265	25.387039	25.375463	25.363071	25.348389	25.333296	25.316050	25.298759	25.279526	25.260551	25.239889	25.219692	25.198092	25.177069	25.154930	25.133377	25.111000	25.089119	25.066700	25.044605	25.022243	
25.033447	25.066700	25.100281	25.133274	25.166880	25.199482	25.232889	25.264868	25.297712	25.328693	25.360453	25.389914	25.419910	25.447201	25.474648	25.499031	25.523064	25.543774	25.563545	25.579840	25.594585	25.605835	25.614948	25.620693	25.623775	25.623777	25.620689	25.614948	25.605835	25.594587	25.579838	25.563549	25.543770	25.523064	25.499031	25.474649	25.447201	25.419910	25.389910	25.360451	25.328691	25.297714	25.264866	25.232889	25.199478	25.166880	25.133270	25.100281	25.066698	25.033447	
25.044449	25.089119	25.133274	25.178059	25.221800	25.266483	25.309576	25.353779	25.395813	25.438942	25.479324	25.520578	25.558525	25.596918	25.631493	25.665916	25.696102	25.725410	25.750191	25.773296	25.791750	25.807722	25.819111	25.827274	25.831129	25.831123	25.827276	25.819107	25.807722	25.791748	25.773298	25.750191	25.725414	25.696098	25.665918	25.631489	25.596918	25.558521	25.520580	25.479321	25.438942	25.395811	25.353779	25.309574	25.266485	25.221796	25.178061	25.133272	25.089119	25.044449	
25.055660	25.111004	25.166880	25.221798	25.277699	25.331985	25.387547	25.440798	25.495419	25.547016	25.599823	25.648893	25.698763	25.744228	25.789852	25.830475	25.870424	25.904922	25.937790	25.964935	25.989449	26.008190	26.023333	26.032907	26.038029	26.038033	26.032906	26.023336	26.008188	25.989449	25.964935	25.937792	25.904921	25.870426	25.830471	25.789850	25.744225	25.698765	25.648888	25.599823	25.547009	25.495419	25.440796	25.387548	25.331982	25.277702	25.221796	25.166878	25.111002	25.055660	
25.066532	25.133377	25.199482	25.266487	25.331982	25.398825	25.463362	25.529469	25.592434	25.656923	25.717426	25.779099	25.835958	25.893349	25.945160	25.996616	26.041853	26.085659	26.122797	26.157330	26.184984	26.208855	26.225925	26.238125	26.243898	26.243896	26.238129	26.225924	26.208857	26.184982	26.157330	26.122795	26.085659	26.041851	25.996616	25.945160	25.893351	25.835955	25.779102	25.717421	25.656923	25.592430	25.529469	25.463360	25.398827	25.331982	25.266487	25.199480	25.133379	25.066530	
25.077677	25.154932	25.232891	25.309572	25.387550	25.463360	25.540844	25.615232	25.691383	25.763470	25.837082	25.905653	25.975163	26.038700	26.102280	26.159058	26.214729	26.262947	26.308744	26.346687	26.380840	26.407040	26.428139	26.441521	26.448656	26.448660	26.441521	26.428141	26.407038	26.380842	26.346685	26.308743	26.262943	26.214729	26.159056	26.102278	26.038698	25.975163	25.905649	25.837082	25.763466	25.691383	25.615229	25.540844	25.463358	25.387550	25.309572	25.232891	25.154934	25.077677	
25.088337	25.177069	25.264866	25.353779	25.440798	25.529469	25.615232	25.702904	25.786602	25.872110	25.952545	26.034306	26.109909	26.185980	26.254879	26.323078	26.383240	26.441292	26.490688	26.536444	26.573229	26.604860	26.627563	26.643730	26.651409	26.651407	26.643732	26.627563	26.604862	26.573227	26.536446	26.490685	26.441296	26.383238	26.323078	26.254879	26.185982	26.109905	26.034307	25.952539	25.872110	25.786594	25.702904	25.615227	25.529470	25.440796	25.353781	25.264866	25.177069	25.088337	
25.099298	25.198093	25.297714	25.395811	25.495419	25.592434	25.691385	25.786602	25.883827	25.976120	26.070080	26.157885	26.246592	26.327967	26.409094	26.481819	26.552849	26.614614	26.673040	26.721649	26.765215	26.798780	26.825693	26.842840	26.851942	26.851944	26.842838	26.825695	26.798777	26.765217	26.721645	26.673042	26.614613	26.552847	26.481819	26.409094	26.327963	26.246593	26.157881	26.070080	25.976112	25.883825	25.786596	25.691383	25.592430	25.495420	25.395809	25.297714	25.198093	25.099297	
25.109625	25.219692	25.328690	25.438942	25.547014	25.656925	25.763472	25.872112	25.976120	26.082048	26.182024	26.283291	26.377279	26.471479	26.557148	26.641586	26.716396	26.788269	26.849693	26.906334	26.952084	26.991234	27.019476	27.039486	27.049034	27.049034	27.039488	27.019472	26.991238	26.952080	26.906338	26.849689	26.788267	26.716393	26.641584	26.557144	26.471481	26.377275	26.283293	26.182022	26.082047	25.976116	25.872108	25.763466	25.656923	25.547009	25.438942	25.328690	25.219692	25.109625	
25.120222	25.239891	25.360451	25.479324	25.599821	25.717422	25.837084	25.952545	26.070078	26.182026	26.295578	26.402111	26.509295	26.608040	26.706047	26.794308	26.880104	26.955070	27.025639	27.084637	27.137257	27.177998	27.210499	27.231314	27.242308	27.242310	27.231312	27.210503	27.177996	27.137257	27.084637	27.025639	26.955069	26.880100	26.794304	26.706045	26.608036	26.509296	26.402107	26.295580	26.182022	26.070078	25.952541	25.837082	25.717422	25.599823	25.479321	25.360451	25.239887	25.120224	
25.130043	25.260551	25.389912	25.520578	25.648891	25.779102	25.905651	26.034307	26.157887	26.283289	26.402113	26.521963	26.633690	26.745159	26.847012	26.946911	27.035866	27.120888	27.193930	27.260935	27.315336	27.361649	27.395229	27.418900	27.430256	27.430256	27.418901	27.395231	27.361650	27.315336	27.260937	27.193930	27.120888	27.035864	26.946909	26.847008	26.745159	26.633686	26.521965	26.402105	26.283291	26.157881	26.034309	25.905649	25.779102	25.648888	25.520578	25.389910	25.260551	25.130043	
25.140053	25.279530	25.419910	25.558521	25.698767	25.835957	25.975164	26.109909	26.246593	26.377277	26.509295	26.633686	26.758270	26.873592	26.987488	27.090584	27.190269	27.277849	27.359833	27.428761	27.489887	27.537487	27.575245	27.599562	27.612335	27.612335	27.599562	27.575245	27.537487	27.489887	27.428761	27.359833	27.277847	27.190269	27.090580	26.987488	26.873592	26.758270	26.633682	26.509296	26.377274	26.246595	26.109905	25.975164	25.835953	25.698767	25.558521	25.419910	25.279530	25.140053	
25.149151	25.298761	25.447203	25.596918	25.744228	25.893353	26.038700	26.185984	26.327969	26.471479	26.608040	26.745159	26.873592	27.001095	27.118200	27.232449	27.334738	27.431957	27.515961	27.592567	27.655136	27.708084	27.746708	27.773769	27.786831	27.786831	27.773767	27.746708	27.708084	27.655136	27.592567	27.515957	27.431955	27.334738	27.232449	27.118198	27.001095	26.873590	26.745159	26.608036	26.471481	26.327965	26.185982	26.038700	25.893351	25.744225	25.596918	25.447201	25.298759	25.149151	
25.158312	25.316051	25.474648	25.631491	25.789852	25.945160	26.102280	26.254883	26.409094	26.557148	26.706047	26.847012	26.987488	27.118202	27.246599	27.363472	27.475836	27.575130	27.667526	27.745686	27.814571	27.868546	27.911097	27.938667	27.953062	27.953062	27.938669	27.911095	27.868546	27.814571	27.745682	27.667528	27.575127	27.475834	27.363472	27.246597	27.118198	26.987486	26.847008	26.706047	26.557144	26.409094	26.254881	26.102280	25.945160	25.789852	25.631489	25.474648	25.316051	25.158310	
25.166439	25.333294	25.499033	25.665916	25.830475	25.996620	26.159058	26.323080	26.481819	26.641584	26.794308	26.946911	27.090582	27.232447	27.363472	27.490562	27.605030	27.713161	27.807175	27.892374	27.962404	28.021286	28.064516	28.094608	28.109226	28.109230	28.094610	28.064514	28.021286	27.962402	27.892374	27.807171	27.713161	27.605026	27.490562	27.363470	27.232445	27.090580	26.946911	26.794308	26.641586	26.481819	26.323078	26.159056	25.996616	25.830471	25.665916	25.499031	25.333296	25.166439	
25.174459	25.348389	25.523067	25.696102	25.870426	26.041853	26.214729	26.383240	26.552845	26.716396	26.880100	27.035866	27.190268	27.334738	27.475834	27.605030	27.728485	27.838261	27.939766	28.026184	28.101854	28.161537	28.208275	28.238762	28.254574	28.254574	28.238764	28.208273	28.161535	28.101852	28.026184	27.939766	27.838261	27.728483	27.605028	27.475832	27.334736	27.190269	27.035864	26.880104	26.716396	26.552849	26.383240	26.214729	26.041855	25.870426	25.696102	25.523067	25.348389	25.174459	
25.181362	25.363071	25.543774	25.725412	25.904922	26.085659	26.262945	26.441294	26.614616	26.788265	26.955074	27.120888	27.277847	27.431955	27.575129	27.713161	27.838261	27.955687	28.058443	28.150955	28.227505	28.291431	28.338692	28.371361	28.387342	28.387344	28.371365	28.338688	28.291433	28.227501	28.150955	28.058441	27.955685	27.838261	27.713160	27.575127	27.431953	27.277845	27.120888	26.955070	26.788269	26.614616	26.441296	26.262947	26.085661	25.904922	25.725414	25.543774	25.363071	25.181360	
25.187962	25.375462	25.563547	25.750191	25.937792	26.122795	26.308743	26.490686	26.673037	26.849693	27.025639	27.193932	27.359829	27.515957	27.667524	27.807171	27.939766	28.058443	28.167448	28.260878	28.342133	28.406662	28.456848	28.489815	28.506788	28.506790	28.489813	28.456846	28.406660	28.342133	28.260876	28.167450	28.058441	27.939768	27.807173	27.667524	27.515957	27.359833	27.193928	27.025639	26.849691	26.673038	26.490688	26.308744	26.122797	25.937792	25.750189	25.563547	25.375462	25.187962	
25.193392	25.387035	25.579840	25.773296	25.964931	26.157330	26.346685	26.536444	26.721649	26.906336	27.084639	27.260937	27.428761	27.592567	27.745682	27.892372	28.026182	28.150955	28.260878	28.359169	28.441063	28.508978	28.559542	28.594248	28.611345	28.611345	28.594248	28.559540	28.508980	28.441061	28.359167	28.260876	28.150955	28.026184	27.892376	27.745682	27.592567	27.428759	27.260935	27.084637	26.906338	26.721647	26.536448	26.346687	26.157328	25.964931	25.773296	25.579836	25.387035	25.193392	
25.198313	25.396263	25.594585	25.791748	25.989449	26.184980	26.380840	26.573227	26.765215	26.952084	27.137257	27.315338	27.489887	27.655136	27.814571	27.962402	28.101856	28.227503	28.342133	28.441059	28.526499	28.594833	28.647598	28.682510	28.700356	28.700357	28.682510	28.647596	28.594833	28.526497	28.441061	28.342131	28.227503	28.101852	27.962402	27.814568	27.655136	27.489889	27.315336	27.137257	26.952084	26.765215	26.573231	26.380840	26.184982	25.989449	25.791746	25.594585	25.396263	25.198313	
25.202065	25.404266	25.605835	25.807722	26.008188	26.208855	26.407038	26.604860	26.798780	26.991238	27.177998	27.361652	27.537487	27.708084	27.868546	28.021284	28.161537	28.291433	28.406662	28.508980	28.594835	28.665527	28.718538	28.754662	28.772591	28.772589	28.754662	28.718538	28.665527	28.594833	28.508978	28.406662	28.291431	28.161533	28.021284	27.868542	27.708084	27.537489	27.361649	27.177998	26.991238	26.798779	26.604860	26.407040	26.208853	26.008186	25.807720	25.605835	25.404266	25.202063	
25.205105	25.409962	25.614948	25.819111	26.023333	26.225922	26.428139	26.627565	26.825697	27.019474	27.210503	27.395231	27.575247	27.746708	27.911095	28.064514	28.208275	28.338692	28.456846	28.559540	28.647596	28.718540	28.772915	28.809164	28.827553	28.827555	28.809162	28.772915	28.718536	28.647596	28.559540	28.456844	28.338690	28.208275	28.064514	27.911095	27.746708	27.575247	27.395229	27.210503	27.019476	26.825693	26.627565	26.428139	26.225922	26.023333	25.819107	25.614946	25.409960	25.205105	
25.207020	25.414051	25.620693	25.827272	26.032906	26.238125	26.441521	26.643734	26.842838	27.039486	27.231316	27.418903	27.599564	27.773769	27.938667	28.094608	28.238766	28.371361	28.489813	28.594248	28.682510	28.754662	28.809162	28.846027	28.864460	28.864460	28.846029	28.809162	28.754662	28.682510	28.594246	28.489815	28.371361	28.238764	28.094608	27.938669	27.773769	27.599562	27.418900	27.231314	27.039486	26.842838	26.643732	26.441521	26.238125	26.032906	25.827274	25.620691	25.414051	25.207020	
25.208046	25.415977	25.623774	25.831123	26.038029	26.243895	26.448658	26.651409	26.851944	27.049034	27.242310	27.430258	27.612335	27.786831	27.953060	28.109226	28.254574	28.387342	28.506788	28.611347	28.700356	28.772589	28.827553	28.864462	28.883049	28.883049	28.864462	28.827553	28.772589	28.700356	28.611345	28.506786	28.387344	28.254574	28.109226	27.953060	27.786831	27.612335	27.430256	27.242308	27.049034	26.851944	26.651409	26.448660	26.243896	26.038029	25.831123	25.623775	25.415977	25.208048	
25.208046	25.415977	25.623774	25.831123	26.038029	26.243895	26.448658	26.651409	26.851944	27.049034	27.242310	27.430258	27.612335	27.786831	27.953060	28.109226	28.254574	28.387342	28.506788	28.611347	28.700356	28.772589	28.827553	28.864462	28.883049	28.883049	28.864462	28.827553	28.772589	28.700356	28.611345	28.506786	28.387344	28.254574	28.109226	27.953060	27.786831	27.612335	27.430256	27.242308	27.049034	26.851944	26.651409	26.448660	26.243896	26.038029	25.831123	25.623775	25.415977	25.208048	
25.207020	25.414051	25.620693	25.827272	26.032906	26.238125	26.441521	26.643734	26.842838	27.039486	27.231316	27.418903	27.599564	27.773769	27.938667	28.094608	28.238766	28.371361	28.489813	28.594248	28.682510	28.754662	28.809162	28.846027	28.864460	28.864460	28.846029	28.809162	28.754662	28.682510	28.594246	28.489815	28.371361	28.238764	28.094608	27.938669	27.773769	27.599562	27.418900	27.231314	27.039486	26.842838	26.643732	26.441521	26.238125	26.032906	25.827274	25.620691	25.414051	25.207020	
25.205105	25.409962	25.614948	25.819111	26.023333	26.225922	26.428139	26.627565	26.825697	27.019474	27.210503	27.395231	27.575247	27.746708	27.911095	28.064514	28.208275	28.338692	28.456846	28.559540	28.647596	28.718540	28.772915	28.809164	28.827553	28.827555	28.809162	28.772915	28.718536	28.647596	28.559540	28.456844	28.338690	28.208275	28.064514	27.911095	27.746708	27.575247	27.395229	27.210503	27.019476	26.825693	26.627565	26.428139	26.225922	26.023333	25.819107	25.614946	25.409960	25.205105	
25.202065	25.404266	25.605835	25.807722	26.008188	26.208855	26.407038	26.604860	26.798780	26.991238	27.177998	27.361652	27.537487	27.708084	27.868546	28.021284	28.161537	28.291433	28.406662	28.508980	28.594835	28.665527	28.718538	28.754662	28.772591	28.772589	28.754662	28.718538	28.665527	28.594833	28.508978	28.406662	28.291431	28.161533	28.021284	27.868542	27.708084	27.537489	27.361649	27.177998	26.991238	26.798779	26.604860	26.407040	26.208853	26.008186	25.807720	25.605835	25.404266	25.202063	
25.198313	25.396263	25.594585	25.791748	25.989449	26.184980	26.380840	26.573227	26.765215	26.952084	27.137257	27.315338	27.489887	27.655136	27.814571	27.962402	28.101856	28.227503	28.342133	28.441059	28.526499	28.594833	28.647598	28.682510	28.700356	28.700357	28.682510	28.647596	28.594833	28.526497	28.441061	28.342131	28.227503	28.101852	27.962402	27.814568	27.655136	27.489889	27.315336	27.137257	26.952084	26.765215	26.573231	26.380840	26.184982	25.989449	25.791746	25.594585	25.396263	25.198313	
25.193392	25.387035	25.579840	25.773296	25.964931	26.157330	26.346685	26.536444	26.721649	26.906336	27.084639	27.260937	27.428761	27.592567	27.745682	27.892372	28.026182	28.150955	28.260878	28.359169	28.441063	28.508978	28.559542	28.594248	28.611345	28.611345	28.594248	28.559540	28.508980	28.441061	28.359167	28.260876	28.150955	28.026184	27.892376	27.745682	27.592567	27.428759	27.260935	27.084637	26.906338	26.721647	26.536448	26.346687	26.157328	25.964931	25.773296	25.579836	25.387035	25.193392	
25.187962	25.375462	25.563547	25.750191	25.937792	26.122795	26.308743	26.490686	26.673037	26.849693	27.025639	27.193932	27.359829	27.515957	27.667524	27.807171	27.939766	28.058443	28.167448	28.260878	28.342133	28.406662	28.456848	28.489815	28.506788	28.506790	28.489813	28.456846	28.406660	28.342133	28.260876	28.167450	28.058441	27.939768	27.807173	27.667524	27.515957	27.359833	27.193928	27.025639	26.849691	26.673038	26.490688	26.308744	26.122797	25.937792	25.750189	25.563547	25.375462	25.187962	
25.181362	25.363071	25.543774	25.725412	25.904922	26.085659	26.262945	26.441294	26.614616	26.788265	26.955074	27.120888	27.277847	27.431955	27.575129	27.713161	27.838261	27.955687	28.058443	28.150955	28.227505	28.291431	28.338692	28.371361	28.387342	28.387344	28.371365	28.338688	28.291433	28.227501	28.150955	28.058441	27.955685	27.838261	27.713160	27.575127	27.431953	27.277845	27.120888	26.955070	26.788269	26.614616	26.441296	26.262947	26.085661	25.904922	25.725414	25.543774	25.363071	25.181360	
25.174459	25.348389	25.523067	25.696102	25.870426	26.041853	26.214729	26.383240	26.552845	26.716396	26.880100	27.035866	27.190268	27.334738	27.475834	27.605030	27.728485	27.838261	27.939766	28.026184	28.101854	28.161537	28.208275	28.238762	28.254574	28.254574	28.238764	28.208273	28.161535	28.101852	28.026184	27.939766	27.838261	27.728483	27.605028	27.475832	27.334736	27.190269	27.035864	26.880104	26.716396	26.552849	26.383240	26.214729	26.041855	25.870426	25.696102	25.523067	25.348389	25.174459	
25.166439	25.333294	25.499033	25.665916	25.830475	25.996620	26.159058	26.323080	26.481819	26.641584	26.794308	26.946911	27.090582	27.232447	27.363472	27.490562	27.605030	27.713161	27.807175	27.892374	27.962404	28.021286	28.064516	28.094608	28.109226	28.109230	28.094610	28.064514	28.021286	27.962402	27.892374	27.807171	27.713161	27.605026	27.490562	27.363470	27.232445	27.090580	26.946911	26.794308	26.641586	26.481819	26.323078	26.159056	25.996616	25.830471	25.665916	25.499031	25.333296	25.166439	
25.158312	25.316051	25.474648	25.631491	25.789852	25.945160	26.102280	26.254883	26.409094	26.557148	26.706047	26.847012	26.987488	27.118202	27.246599	27.363472	27.475836	27.575130	27.667526	27.745686	27.814571	27.868546	27.911097	27.938667	27.953062	27.953062	27.938669	27.911095	27.868546	27.814571	27.745682	27.667528	27.575127	27.475834	27.363472	27.246597	27.118198	26.987486	26.847008	26.706047	26.557144	26.409094	26.254881	26.102280	25.945160	25.789852	25.631489	25.474648	25.316051	25.158310	
25.149151	25.298761	25.447203	25.596918	25.744228	25.893353	26.038700	26.185984	26.327969	26.471479	26.608040	26.745159	26.873592	27.001095	27.118200	27.232449	27.334738	27.431957	27.515961	27.592567	27.655136	27.708084	27.746708	27.773769	27.786831	27.786831	27.773767	27.746708	27.708084	27.655136	27.592567	27.515957	27.431955	27.334738	27.232449	27.118198	27.001095	26.873590	26.745159	26.608036	26.471481	26.327965	26.185982	26.038700	25.893351	25.744225	25.596918	25.447201	25.298759	25.149151	
25.140053	25.279530	25.419910	25.558521	25.698767	25.835957	25.975164	26.109909	26.246593	26.377277	26.509295	26.633686	26.758270	26.873592	26.987488	27.090584	27.190269	27.277849	27.359833	27.428761	27.489887	27.537487	27.575245	27.599562	27.612335	27.612335	27.599562	27.575245	27.537487	27.489887	27.428761	27.359833	27.277847	27.190269	27.090580	26.987488	26.873592	26.758270	26.633682	26.509296	26.377274	26.246595	26.109905	25.975164	25.835953	25.698767	25.558521	25.419910	25.279530	25.140053	
25.130043	25.260551	25.389912	25.520578	25.648891	25.779102	25.905651	26.034307	26.157887	26.283289	26.402113	26.521963	26.633690	26.745159	26.847012	26.946911	27.035866	27.120888	27.193930	27.260935	27.315336	27.361649	27.395229	27.418900	27.430256	27.430256	27.418901	27.395231	27.361650	27.315336	27.260937	27.193930	27.120888	27.035864	26.946909	26.847008	26.745159	26.633686	26.521965	26.402105	26.283291	26.157881	26.034309	25.905649	25.779102	25.648888	25.520578	25.389910	25.260551	25.130043	
25.120222	25.239891	25.360451	25.479324	25.599821	25.717422	25.837084	25.952545	26.070078	26.182026	26.295578	26.402111	26.509295	26.608040	26.706047	26.794308	26.880104	26.955070	27.025639	27.084637	27.137257	27.177998	27.210499	27.231314	27.242308	27.242310	27.231312	27.210503	27.177996	27.137257	27.084637	27.025639	26.955069	26.880100	26.794304	26.706045	26.608036	26.509296	26.402107	26.295580	26.182022	26.070078	25.952541	25.837082	25.717422	25.599823	25.479321	25.360451	25.239887	25.120224	
25.109625	25.219692	25.328690	25.438942	25.547014	25.656925	25.763472	25.872112	25.976120	26.082048	26.182024	26.283291	26.377279	26.471479	26.557148	26.641586	26.716396	26.788269	26.849693	26.906334	26.952084	26.991234	27.019476	27.039486	27.049034	27.049034	27.039488	27.019472	26.991238	26.952080	26.906338	26.849689	26.788267	26.716393	26.641584	26.557144	26.471481	26.377275	26.283293	26.182022	26.082047	25.976116	25.872108	25.763466	25.656923	25.547009	25.438942	25.328690	25.219692	25.109625	
25.099298	25.198093	25.297714	25.395811	25.495419	25.592434	25.691385	25.786602	25.883827	25.976120	26.070080	26.157885	26.246592	26.327967	26.409094	26.481819	26.552849	26.614614	26.673040	26.721649	26.765215	26.798780	26.825693	26.842840	26.851942	26.851944	26.842838	26.825695	26.798777	26.765217	26.721645	26.673042	26.614613	26.552847	26.481819	26.409094	26.327963	26.246593	26.157881	26.070080	25.976112	25.883825	25.786596	25.691383	25.592430	25.495420	25.395809	25.297714	25.198093	25.099297	
25.088337	25.177069	25.264866	25.353779	25.440798	25.529469	25.615232	25.702904	25.786602	25.872110	25.952545	26.034306	26.109909	26.185980	26.254879	26.323078	26.383240	26.441292	26.490688	26.536444	26.573229	26.604860	26.627563	26.643730	26.651409	26.651407	26.643732	26.627563	26.604862	26.573227	26.536446	26.490685	26.441296	26.383238	26.323078	26.254879	26.185982	26.109905	26.034307	25.952539	25.872110	25.786594	25.702904	25.615227	25.529470	25.440796	25.353781	25.264866	25.177069	25.088337	
25.077677	25.154932	25.232891	25.309572	25.387550	25.463360	25.540844	25.615232	25.691383	25.763470	25.837082	25.905653	25.975163	26.038700	26.102280	26.159058	26.214729	26.262947	26.308744	26.346687	26.380840	26.407040	26.428139	26.441521	26.448656	26.448660	26.441521	26.428141	26.407038	26.380842	26.346685	26.308743	26.262943	26.214729	26.159056	26.102278	26.038698	25.975163	25.905649	25.837082	25.763466	25.691383	25.615229	25.540844	25.463358	25.387550	25.309572	25.232891	25.154934	25.077677	
25.066532	25.133377	25.199482	25.266487	25.331982	25.398825	25.463362	25.529469	25.592434	25.656923	25.717426	25.779099	25.835958	25.893349	25.945160	25.996616	26.041853	26.085659	26.122797	26.157330	26.184984	26.208855	26.225925	26.238125	26.243898	26.243896	26.238129	26.225924	26.208857	26.184982	26.157330	26.122795	26.085659	26.041851	25.996616	25.945160	25.893351	25.835955	25.779102	25.717421	25.656923	25.592430	25.529469	25.463360	25.398827	25.331982	25.266487	25.199480	25.133379	25.066530	
25.055660	25.111004	25.166880	25.221798	25.277699	25.331985	25.387547	25.440798	25.495419	25.547016	25.599823	25.648893	25.698763	25.744228	25.789852	25.830475	25.870424	25.904922	25.937790	25.964935	25.989449	26.008190	26.023333	26.032907	26.038029	26.038033	26.032906	26.023336	26.008188	25.989449	25.964935	25.937792	25.904921	25.870426	25.830471	25.789850	25.744225	25.698765	25.648888	25.599823	25.547009	25.495419	25.440796	25.387548	25.331982	25.277702	25.221796	25.166878	25.111002	25.055660	
25.044449	25.089119	25.133274	25.178059	25.221800	25.266483	25.309576	25.353779	25.395813	25.438942	25.479324	25.520578	25.558525	25.596918	25.631493	25.665916	25.696102	25.725410	25.750191	25.773296	25.791750	25.807722	25.819111	25.827274	25.831129	25.831123	25.827276	25.819107	25.807722	25.791748	25.773298	25.750191	25.725414	25.696098	25.665918	25.631489	25.596918	25.558521	25.520580	25.479321	25.438942	25.395811	25.353779	25.309574	25.266485	25.221796	25.178061	25.133272	25.089119	25.044449	
25.033447	25.066700	25.100281	25.133274	25.166880	25.199482	25.232889	25.264868	25.297712	25.328693	25.360453	25.389914	25.419910	25.447201	25.474648	25.499031	25.523064	25.543774	25.563545	25.579840	25.594585	25.605835	25.614948	25.620693	25.623775	25.623777	25.620689	25.614948	25.605835	25.594587	25.579838	25.563549	25.543770	25.523064	25.499031	25.474649	25.447201	25.419910	25.389910	25.360451	25.328691	25.297714	25.264866	25.232889	25.199478	25.166880	25.133270	25.100281	25.066698	25.033447	
25.022247	25.044603	25.066702	25.089119	25.111004	25.133377	25.154934	25.177067	25.198093	25.219692	25.239891	25.260551	25.279530	25.298759	25.316051	25.333294	25.348391	25.363071	25.375463	25.387037	25.396263	25.404266	25.409958	25.414051	25.415979	25.415974	25.414053	25.409962	25.404266	25.396265	25.387039	25.375463	25.363071	25.348389	25.333296	25.316050	25.298759	25.279526	25.260551	25.239889	25.219692	25.198092	25.177069	25.154930	25.133377	25.111000	25.089119	25.066700	25.044605	25.022243	
25.011154	25.022245	25.033445	25.044449	25.055660	25.066532	25.077675	25.088337	25.099295	25.109623	25.120224	25.130043	25.140053	25.149153	25.158310	25.166439	25.174461	25.181362	25.187962	25.193392	25.198313	25.202063	25.205105	25.207020	25.208046	25.208050	25.207018	25.205105	25.202065	25.198315	25.193394	25.187962	25.181362	25.174459	25.166439	25.158310	25.149149	25.140053	25.130043	25.120222	25.109625	25.099297	25.088337	25.077679	25.066528	25.055660	25.044447	25.033447	25.022243	25.011156	
