25.000645	25.001289	25.001928	25.002560	25.003181	25.003792	25.004387	25.004967	25.005524	25.006063	25.006578	25.007072	25.007534	25.007969	25.008375	25.008747	25.009090	25.009394	25.009666	25.009899	25.010094	25.010252	25.010368	25.010452	25.010490	25.010490	25.010450	25.010370	25.010254	25.010096	25.009897	25.009666	25.009396	25.009089	25.008749	25.008373	25.007969	25.007534	25.007071	25.006580	25.006065	25.005526	25.004965	25.004387	25.003792	25.003181	25.002560	25.001928	25.001289	25.000645	
25.001289	25.002575	25.003849	25.005110	25.006351	25.007568	25.008759	25.009911	25.011028	25.012102	25.013134	25.014114	25.015039	25.015911	25.016718	25.017464	25.018143	25.018753	25.019293	25.019758	25.020153	25.020462	25.020702	25.020859	25.020941	25.020939	25.020863	25.020702	25.020466	25.020149	25.019760	25.019293	25.018753	25.018143	25.017462	25.016718	25.015907	25.015038	25.014114	25.013134	25.012104	25.011028	25.009911	25.008755	25.007568	25.006351	25.005108	25.003849	25.002573	25.001289	
25.001926	25.003849	25.005756	25.007641	25.009497	25.011318	25.013092	25.014820	25.016491	25.018099	25.019638	25.021105	25.022488	25.023788	25.024998	25.026112	25.027126	25.028040	25.028847	25.029545	25.030128	25.030600	25.030954	25.031193	25.031311	25.031311	25.031193	25.030956	25.030602	25.030132	25.029545	25.028847	25.028042	25.027128	25.026114	25.024998	25.023788	25.022488	25.021103	25.019638	25.018097	25.016491	25.014818	25.013092	25.011316	25.009495	25.007641	25.005756	25.003847	25.001926	
25.002558	25.005108	25.007641	25.010143	25.012604	25.015022	25.017380	25.019674	25.021891	25.024025	25.026070	25.028013	25.029854	25.031578	25.033184	25.034662	25.036011	25.037220	25.038292	25.039219	25.039993	25.040619	25.041092	25.041405	25.041563	25.041565	25.041405	25.041090	25.040619	25.039997	25.039221	25.038296	25.037222	25.036011	25.034664	25.033184	25.031578	25.029852	25.028013	25.026068	25.024025	25.021889	25.019672	25.017380	25.015022	25.012606	25.010141	25.007639	25.005108	25.002560	
25.003181	25.006350	25.009497	25.012606	25.015667	25.018669	25.021601	25.024450	25.027206	25.029860	25.032400	25.034817	25.037102	25.039248	25.041241	25.043083	25.044756	25.046263	25.047592	25.048744	25.049709	25.050484	25.051069	25.051460	25.051659	25.051657	25.051460	25.051069	25.050488	25.049709	25.048744	25.047594	25.046265	25.044758	25.043081	25.041241	25.039246	25.037102	25.034817	25.032398	25.029860	25.027206	25.024448	25.021601	25.018669	25.015667	25.012606	25.009495	25.006351	25.003181	
25.003792	25.007568	25.011314	25.015022	25.018667	25.022247	25.025738	25.029137	25.032417	25.035583	25.038609	25.041489	25.044212	25.046768	25.049145	25.051334	25.053333	25.055126	25.056713	25.058083	25.059233	25.060158	25.060856	25.061321	25.061554	25.061556	25.061321	25.060856	25.060158	25.059235	25.058083	25.056713	25.055126	25.053333	25.051334	25.049145	25.046766	25.044212	25.041489	25.038609	25.035580	25.032419	25.029135	25.025738	25.022247	25.018669	25.015022	25.011316	25.007568	25.003792	
25.004387	25.008755	25.013092	25.017380	25.021601	25.025740	25.029783	25.033707	25.037510	25.041168	25.044670	25.048004	25.051153	25.054110	25.056862	25.059399	25.061707	25.063784	25.065617	25.067204	25.068531	25.069603	25.070408	25.070950	25.071218	25.071220	25.070950	25.070412	25.069607	25.068533	25.067205	25.065617	25.063786	25.061707	25.059397	25.056858	25.054111	25.051153	25.048004	25.044670	25.041168	25.037510	25.033707	25.029781	25.025740	25.021599	25.017380	25.013092	25.008755	25.004387	
25.004967	25.009911	25.014818	25.019672	25.024450	25.029135	25.033707	25.038155	25.042458	25.046598	25.050564	25.054337	25.057903	25.061249	25.064363	25.067230	25.069847	25.072193	25.074274	25.076065	25.077572	25.078785	25.079699	25.080307	25.080612	25.080614	25.080311	25.079700	25.078785	25.077576	25.076069	25.074274	25.072197	25.069847	25.067230	25.064362	25.061245	25.057901	25.054333	25.050564	25.046597	25.042458	25.038157	25.033709	25.029135	25.024452	25.019672	25.014820	25.009911	25.004965	
25.005524	25.011028	25.016491	25.021891	25.027205	25.032421	25.037510	25.042456	25.047243	25.051853	25.056263	25.060463	25.064428	25.068157	25.071617	25.074816	25.077721	25.080338	25.082644	25.084644	25.086319	25.087669	25.088682	25.089363	25.089703	25.089706	25.089363	25.088686	25.087669	25.086319	25.084644	25.082645	25.080339	25.077721	25.074814	25.071617	25.068153	25.064430	25.060459	25.056261	25.051853	25.047245	25.042458	25.037510	25.032421	25.027208	25.021893	25.016489	25.011028	25.005526	
25.006065	25.012106	25.018099	25.024025	25.029858	25.035580	25.041166	25.046597	25.051853	25.056908	25.061752	25.066357	25.070715	25.074799	25.078606	25.082108	25.085304	25.088169	25.090710	25.092897	25.094738	25.096218	25.097334	25.098076	25.098454	25.098452	25.098080	25.097332	25.096218	25.094738	25.092899	25.090708	25.088171	25.085304	25.082106	25.078604	25.074799	25.070713	25.066357	25.061752	25.056908	25.051851	25.046600	25.041168	25.035582	25.029861	25.024025	25.018101	25.012104	25.006063	
25.006580	25.013134	25.019642	25.026070	25.032398	25.038607	25.044670	25.050560	25.056261	25.061750	25.067005	25.072002	25.076729	25.081165	25.085289	25.089094	25.092556	25.095675	25.098421	25.100803	25.102798	25.104404	25.105612	25.106424	25.106827	25.106831	25.106421	25.105614	25.104404	25.102798	25.100801	25.098423	25.095673	25.092556	25.089092	25.085289	25.081163	25.076729	25.072002	25.067003	25.061749	25.056263	25.050562	25.044670	25.038609	25.032402	25.026068	25.019640	25.013134	25.006580	
25.007069	25.014114	25.021105	25.028015	25.034817	25.041489	25.048000	25.054335	25.060461	25.066357	25.072002	25.077374	25.082455	25.087215	25.091654	25.095737	25.099464	25.102808	25.105768	25.108322	25.110466	25.112190	25.113493	25.114359	25.114799	25.114796	25.114361	25.113491	25.112190	25.110468	25.108320	25.105768	25.102810	25.099464	25.095737	25.091652	25.087217	25.082453	25.077377	25.072002	25.066359	25.060463	25.054335	25.048004	25.041489	25.034817	25.028015	25.021103	25.014114	25.007071	
25.007536	25.015039	25.022491	25.029850	25.037102	25.044209	25.051151	25.057899	25.064430	25.070713	25.076729	25.082451	25.087864	25.092941	25.097668	25.102026	25.105989	25.109562	25.112709	25.115435	25.117718	25.119556	25.120941	25.121868	25.122330	25.122334	25.121868	25.120941	25.119556	25.117714	25.115433	25.112709	25.109558	25.105991	25.102024	25.097668	25.092941	25.087864	25.082453	25.076729	25.070713	25.064430	25.057903	25.051155	25.044212	25.037102	25.029852	25.022488	25.015041	25.007534	
25.007969	25.015911	25.023785	25.031578	25.039244	25.046768	25.054108	25.061247	25.068153	25.074802	25.081161	25.087217	25.092943	25.098312	25.103313	25.107922	25.112120	25.115891	25.119225	25.122103	25.124521	25.126465	25.127932	25.128910	25.129402	25.129400	25.128910	25.127930	25.126465	25.124521	25.122101	25.119225	25.115889	25.112118	25.107918	25.103313	25.098312	25.092945	25.087219	25.081163	25.074800	25.068153	25.061249	25.054111	25.046768	25.039246	25.031578	25.023787	25.015907	25.007969	
25.008377	25.016716	25.024998	25.033180	25.041241	25.049145	25.056860	25.064362	25.071617	25.078602	25.085291	25.091652	25.097668	25.103313	25.108564	25.113407	25.117817	25.121784	25.125286	25.128311	25.130852	25.132896	25.134436	25.135466	25.135979	25.135983	25.135466	25.134434	25.132896	25.130852	25.128313	25.125282	25.121784	25.117817	25.113407	25.108564	25.103313	25.097668	25.091656	25.085289	25.078604	25.071619	25.064362	25.056862	25.049145	25.041245	25.033180	25.024998	25.016716	25.008373	
25.008751	25.017466	25.026112	25.034664	25.043079	25.051336	25.059397	25.067230	25.074810	25.082109	25.089094	25.095741	25.102024	25.107918	25.113407	25.118465	25.123074	25.127213	25.130875	25.134035	25.136688	25.138821	25.140432	25.141506	25.142044	25.142046	25.141504	25.140430	25.138823	25.136688	25.134033	25.130871	25.127213	25.123074	25.118464	25.113407	25.107918	25.102026	25.095737	25.089094	25.082108	25.074812	25.067232	25.059399	25.051338	25.043081	25.034662	25.026112	25.017464	25.008747	
25.009090	25.018143	25.027128	25.036011	25.044758	25.053331	25.061707	25.069843	25.077723	25.085302	25.092560	25.099464	25.105991	25.112118	25.117817	25.123074	25.127861	25.132162	25.135963	25.139248	25.142004	25.144222	25.145893	25.147011	25.147570	25.147572	25.147011	25.145893	25.144222	25.142004	25.139248	25.135963	25.132162	25.127859	25.123074	25.117817	25.112120	25.105991	25.099466	25.092556	25.085304	25.077721	25.069847	25.061707	25.053333	25.044758	25.036011	25.027126	25.018143	25.009087	
25.009392	25.018753	25.028040	25.037222	25.046265	25.055126	25.063782	25.072197	25.080336	25.088173	25.095673	25.102810	25.109558	25.115891	25.121784	25.127213	25.132164	25.136608	25.140535	25.143932	25.146782	25.149075	25.150801	25.151957	25.152534	25.152534	25.151958	25.150803	25.149075	25.146782	25.143932	25.140537	25.136608	25.132162	25.127213	25.121782	25.115889	25.109558	25.102810	25.095675	25.088171	25.080338	25.072197	25.063784	25.055126	25.046261	25.037224	25.028038	25.018753	25.009394	
25.009666	25.019291	25.028847	25.038292	25.047592	25.056713	25.065619	25.074270	25.082649	25.090708	25.098423	25.105766	25.112709	25.119225	25.125284	25.130871	25.135963	25.140537	25.144579	25.148071	25.151005	25.153362	25.155140	25.156326	25.156923	25.156921	25.156326	25.155140	25.153362	25.151001	25.148071	25.144575	25.140537	25.135960	25.130871	25.125282	25.119223	25.112709	25.105768	25.098423	25.090708	25.082644	25.074272	25.065617	25.056711	25.047594	25.038292	25.028851	25.019291	25.009663	
25.009895	25.019760	25.029543	25.039217	25.048744	25.058083	25.067202	25.076069	25.084644	25.092899	25.100801	25.108322	25.115433	25.122103	25.128311	25.134033	25.139246	25.143932	25.148071	25.151649	25.154652	25.157066	25.158886	25.160103	25.160713	25.160713	25.160103	25.158886	25.157066	25.154654	25.151648	25.148071	25.143930	25.139248	25.134033	25.128313	25.122101	25.115433	25.108320	25.100803	25.092897	25.084642	25.076065	25.067202	25.058083	25.048740	25.039219	25.029541	25.019760	25.009897	
25.010094	25.020149	25.030128	25.039993	25.049706	25.059231	25.068533	25.077572	25.086319	25.094736	25.102798	25.110466	25.117716	25.124519	25.130852	25.136688	25.142002	25.146782	25.151003	25.154650	25.157711	25.160175	25.162031	25.163273	25.163895	25.163895	25.163273	25.162029	25.160177	25.157711	25.154652	25.151001	25.146782	25.142002	25.136688	25.130852	25.124521	25.117718	25.110466	25.102797	25.094738	25.086319	25.077572	25.068531	25.059231	25.049707	25.039993	25.030128	25.020149	25.010094	
25.010254	25.020464	25.030598	25.040619	25.050484	25.060158	25.069603	25.078785	25.087667	25.096218	25.104401	25.112190	25.119556	25.126465	25.132895	25.138823	25.144222	25.149073	25.153360	25.157066	25.160175	25.162678	25.164562	25.165823	25.166454	25.166454	25.165821	25.164562	25.162678	25.160175	25.157066	25.153362	25.149073	25.144222	25.138823	25.132896	25.126465	25.119556	25.112194	25.104404	25.096218	25.087667	25.078785	25.069603	25.060158	25.050484	25.040619	25.030602	25.020464	25.010252	
25.010372	25.020702	25.030952	25.041088	25.051067	25.060854	25.070410	25.079697	25.088684	25.097332	25.105612	25.113491	25.120941	25.127930	25.134438	25.140430	25.145891	25.150799	25.155136	25.158884	25.162029	25.164562	25.166468	25.167744	25.168383	25.168381	25.167744	25.166466	25.164562	25.162031	25.158886	25.155138	25.150799	25.145893	25.140430	25.134436	25.127932	25.120941	25.113491	25.105614	25.097332	25.088684	25.079697	25.070408	25.060852	25.051067	25.041088	25.030952	25.020702	25.010370	
25.010452	25.020861	25.031191	25.041405	25.051458	25.061321	25.070948	25.080307	25.089363	25.098078	25.106421	25.114361	25.121864	25.128910	25.135464	25.141506	25.147009	25.151955	25.156322	25.160101	25.163271	25.165821	25.167744	25.169029	25.169674	25.169672	25.169027	25.167744	25.165823	25.163273	25.160103	25.156326	25.151955	25.147007	25.141506	25.135466	25.128912	25.121868	25.114365	25.106422	25.098078	25.089361	25.080307	25.070946	25.061321	25.051458	25.041405	25.031193	25.020859	25.010450	
25.010490	25.020939	25.031311	25.041561	25.051657	25.061554	25.071218	25.080612	25.089703	25.098450	25.106825	25.114796	25.122330	25.129400	25.135983	25.142044	25.147570	25.152534	25.156918	25.160709	25.163893	25.166454	25.168381	25.169670	25.170319	25.170319	25.169670	25.168383	25.166454	25.163895	25.160713	25.156921	25.152534	25.147568	25.142044	25.135983	25.129402	25.122334	25.114798	25.106829	25.098454	25.089703	25.080612	25.071218	25.061554	25.051655	25.041561	25.031311	25.020939	25.010490	
25.010490	25.020939	25.031311	25.041561	25.051657	25.061554	25.071218	25.080612	25.089703	25.098450	25.106825	25.114796	25.122330	25.129400	25.135983	25.142044	25.147570	25.152534	25.156918	25.160709	25.163893	25.166454	25.168381	25.169670	25.170319	25.170319	25.169670	25.168383	25.166454	25.163895	25.160713	25.156921	25.152534	25.147568	25.142044	25.135983	25.129402	25.122334	25.114798	25.106829	25.098454	25.089703	25.080612	25.071218	25.061554	25.051655	25.041561	25.031311	25.020939	25.010490	
25.010452	25.020861	25.031191	25.041405	25.051458	25.061321	25.070948	25.080307	25.089363	25.098078	25.106421	25.114361	25.121864	25.128910	25.135464	25.141506	25.147009	25.151955	25.156322	25.160101	25.163271	25.165821	25.167744	25.169029	25.169674	25.169672	25.169027	25.167744	25.165823	25.163273	25.160103	25.156326	25.151955	25.147007	25.141506	25.135466	25.128912	25.121868	25.114365	25.106422	25.098078	25.089361	25.080307	25.070946	25.061321	25.051458	25.041405	25.031193	25.020859	25.010450	
25.010372	25.020702	25.030952	25.041088	25.051067	25.060854	25.070410	25.079697	25.088684	25.097332	25.105612	25.113491	25.120941	25.127930	25.134438	25.140430	25.145891	25.150799	25.155136	25.158884	25.162029	25.164562	25.166468	25.167744	25.168383	25.168381	25.167744	25.166466	25.164562	25.162031	25.158886	25.155138	25.150799	25.145893	25.140430	25.134436	25.127932	25.120941	25.113491	25.105614	25.097332	25.088684	25.079697	25.070408	25.060852	25.051067	25.041088	25.030952	25.020702	25.010370	
25.010254	25.020464	25.030598	25.040619	25.050484	25.060158	25.069603	25.078785	25.087667	25.096218	25.104401	25.112190	25.119556	25.126465	25.132895	25.138823	25.144222	25.149073	25.153360	25.157066	25.160175	25.162678	25.164562	25.165823	25.166454	25.166454	25.165821	25.164562	25.162678	25.160175	25.157066	25.153362	25.149073	25.144222	25.138823	25.132896	25.126465	25.119556	25.112194	25.104404	25.096218	25.087667	25.078785	25.069603	25.060158	25.050484	25.040619	25.030602	25.020464	25.010252	
25.010094	25.020149	25.030128	25.039993	25.049706	25.059231	25.068533	25.077572	25.086319	25.094736	25.102798	25.110466	25.117716	25.124519	25.130852	25.136688	25.142002	25.146782	25.151003	25.154650	25.157711	25.160175	25.162031	25.163273	25.163895	25.163895	25.163273	25.162029	25.160177	25.157711	25.154652	25.151001	25.146782	25.142002	25.136688	25.130852	25.124521	25.117718	25.110466	25.102797	25.094738	25.086319	25.077572	25.068531	25.059231	25.049707	25.039993	25.030128	25.020149	25.010094	
25.009895	25.019760	25.029543	25.039217	25.048744	25.058083	25.067202	25.076069	25.084644	25.092899	25.100801	25.108322	25.115433	25.122103	25.128311	25.134033	25.139246	25.143932	25.148071	25.151649	25.154652	25.157066	25.158886	25.160103	25.160713	25.160713	25.160103	25.158886	25.157066	25.154654	25.151648	25.148071	25.143930	25.139248	25.134033	25.128313	25.122101	25.115433	25.108320	25.100803	25.092897	25.084642	25.076065	25.067202	25.058083	25.048740	25.039219	25.029541	25.019760	25.009897	
25.009666	25.019291	25.028847	25.038292	25.047592	25.056713	25.065619	25.074270	25.082649	25.090708	25.098423	25.105766	25.112709	25.119225	25.125284	25.130871	25.135963	25.140537	25.144579	25.148071	25.151005	25.153362	25.155140	25.156326	25.156923	25.156921	25.156326	25.155140	25.153362	25.151001	25.148071	25.144575	25.140537	25.135960	25.130871	25.125282	25.119223	25.112709	25.105768	25.098423	25.090708	25.082644	25.074272	25.065617	25.056711	25.047594	25.038292	25.028851	25.019291	25.009663	
25.009392	25.018753	25.028040	25.037222	25.046265	25.055126	25.063782	25.072197	25.080336	25.088173	25.095673	25.102810	25.109558	25.115891	25.121784	25.127213	25.132164	25.136608	25.140535	25.143932	25.146782	25.149075	25.150801	25.151957	25.152534	25.152534	25.151958	25.150803	25.149075	25.146782	25.143932	25.140537	25.136608	25.132162	25.127213	25.121782	25.115889	25.109558	25.102810	25.095675	25.088171	25.080338	25.072197	25.063784	25.055126	25.046261	25.037224	25.028038	25.018753	25.009394	
25.009090	25.018143	25.027128	25.036011	25.044758	25.053331	25.061707	25.069843	25.077723	25.085302	25.092560	25.099464	25.105991	25.112118	25.117817	25.123074	25.127861	25.132162	25.135963	25.139248	25.142004	25.144222	25.145893	25.147011	25.147570	25.147572	25.147011	25.145893	25.144222	25.142004	25.139248	25.135963	25.132162	25.127859	25.123074	25.117817	25.112120	25.105991	25.099466	25.092556	25.085304	25.077721	25.069847	25.061707	25.053333	25.044758	25.036011	25.027126	25.018143	25.009087	
25.008751	25.017466	25.026112	25.034664	25.043079	25.051336	25.059397	25.067230	25.074810	25.082109	25.089094	25.095741	25.102024	25.107918	25.113407	25.118465	25.123074	25.127213	25.130875	25.134035	25.136688	25.138821	25.140432	25.141506	25.142044	25.142046	25.141504	25.140430	25.138823	25.136688	25.134033	25.130871	25.127213	25.123074	25.118464	25.113407	25.107918	25.102026	25.095737	25.089094	25.082108	25.074812	25.067232	25.059399	25.051338	25.043081	25.034662	25.026112	25.017464	25.008747	
25.008377	25.016716	25.024998	25.033180	25.041241	25.049145	25.056860	25.064362	25.071617	25.078602	25.085291	25.091652	25.097668	25.103313	25.108564	25.113407	25.117817	25.121784	25.125286	25.128311	25.130852	25.132896	25.134436	25.135466	25.135979	25.135983	25.135466	25.134434	25.132896	25.130852	25.128313	25.125282	25.121784	25.117817	25.113407	25.108564	25.103313	25.097668	25.091656	25.085289	25.078604	25.071619	25.064362	25.056862	25.049145	25.041245	25.033180	25.024998	25.016716	25.008373	
25.007969	25.015911	25.023785	25.031578	25.039244	25.046768	25.054108	25.061247	25.068153	25.074802	25.081161	25.087217	25.092943	25.098312	25.103313	25.107922	25.112120	25.115891	25.119225	25.122103	25.124521	25.126465	25.127932	25.128910	25.129402	25.129400	25.128910	25.127930	25.126465	25.124521	25.122101	25.119225	25.115889	25.112118	25.107918	25.103313	25.098312	25.092945	25.087219	25.081163	25.074800	25.068153	25.061249	25.054111	25.046768	25.039246	25.031578	25.023787	25.015907	25.007969	
25.007536	25.015039	25.022491	25.029850	25.037102	25.044209	25.051151	25.057899	25.064430	25.070713	25.076729	25.082451	25.087864	25.092941	25.097668	25.102026	25.105989	25.109562	25.112709	25.115435	25.117718	25.119556	25.120941	25.121868	25.122330	25.122334	25.121868	25.120941	25.119556	25.117714	25.115433	25.112709	25.109558	25.105991	25.102024	25.097668	25.092941	25.087864	25.082453	25.076729	25.070713	25.064430	25.057903	25.051155	25.044212	25.037102	25.029852	25.022488	25.015041	25.007534	
25.007069	25.014114	25.021105	25.028015	25.034817	25.041489	25.048000	25.054335	25.060461	25.066357	25.072002	25.077374	25.082455	25.087215	25.091654	25.095737	25.099464	25.102808	25.105768	25.108322	25.110466	25.112190	25.113493	25.114359	25.114799	25.114796	25.114361	25.113491	25.112190	25.110468	25.108320	25.105768	25.102810	25.099464	25.095737	25.091652	25.087217	25.082453	25.077377	25.072002	25.066359	25.060463	25.054335	25.048004	25.041489	25.034817	25.028015	25.021103	25.014114	25.007071	
25.006580	25.013134	25.019642	25.026070	25.032398	25.038607	25.044670	25.050560	25.056261	25.061750	25.067005	25.072002	25.076729	25.081165	25.085289	25.089094	25.092556	25.095675	25.098421	25.100803	25.102798	25.104404	25.105612	25.106424	25.106827	25.106831	25.106421	25.105614	25.104404	25.102798	25.100801	25.098423	25.095673	25.092556	25.089092	25.085289	25.081163	25.076729	25.072002	25.067003	25.061749	25.056263	25.050562	25.044670	25.038609	25.032402	25.026068	25.019640	25.013134	25.006580	
25.006065	25.012106	25.018099	25.024025	25.029858	25.035580	25.041166	25.046597	25.051853	25.056908	25.061752	25.066357	25.070715	25.074799	25.078606	25.082108	25.085304	25.088169	25.090710	25.092897	25.094738	25.096218	25.097334	25.098076	25.098454	25.098452	25.098080	25.097332	25.096218	25.094738	25.092899	25.090708	25.088171	25.085304	25.082106	25.078604	25.074799	25.070713	25.066357	25.061752	25.056908	25.051851	25.046600	25.041168	25.035582	25.029861	25.024025	25.018101	25.012104	25.006063	
25.005524	25.011028	25.016491	25.021891	25.027205	25.032421	25.037510	25.042456	25.047243	25.051853	25.056263	25.060463	25.064428	25.068157	25.071617	25.074816	25.077721	25.080338	25.082644	25.084644	25.086319	25.087669	25.088682	25.089363	25.089703	25.089706	25.089363	25.088686	25.087669	25.086319	25.084644	25.082645	25.080339	25.077721	25.074814	25.071617	25.068153	25.064430	25.060459	25.056261	25.051853	25.047245	25.042458	25.037510	25.032421	25.027208	25.021893	25.016489	25.011028	25.005526	
25.004967	25.009911	25.014818	25.019672	25.024450	25.029135	25.033707	25.038155	25.042458	25.046598	25.050564	25.054337	25.057903	25.061249	25.064363	25.067230	25.069847	25.072193	25.074274	25.076065	25.077572	25.078785	25.079699	25.080307	25.080612	25.080614	25.080311	25.079700	25.078785	25.077576	25.076069	25.074274	25.072197	25.069847	25.067230	25.064362	25.061245	25.057901	25.054333	25.050564	25.046597	25.042458	25.038157	25.033709	25.029135	25.024452	25.019672	25.014820	25.009911	25.004965	
25.004387	25.008755	25.013092	25.017380	25.021601	25.025740	25.029783	25.033707	25.037510	25.041168	25.044670	25.048004	25.051153	25.054110	25.056862	25.059399	25.061707	25.063784	25.065617	25.067204	25.068531	25.069603	25.070408	25.070950	25.071218	25.071220	25.070950	25.070412	25.069607	25.068533	25.067205	25.065617	25.063786	25.061707	25.059397	25.056858	25.054111	25.051153	25.048004	25.044670	25.041168	25.037510	25.033707	25.029781	25.025740	25.021599	25.017380	25.013092	25.008755	25.004387	
25.003792	25.007568	25.011314	25.015022	25.018667	25.022247	25.025738	25.029137	25.032417	25.035583	25.038609	25.041489	25.044212	25.046768	25.049145	25.051334	25.053333	25.055126	25.056713	25.058083	25.059233	25.060158	25.060856	25.061321	25.061554	25.061556	25.061321	25.060856	25.060158	25.059235	25.058083	25.056713	25.055126	25.053333	25.051334	25.049145	25.046766	25.044212	25.041489	25.038609	25.035580	25.032419	25.029135	25.025738	25.022247	25.018669	25.015022	25.011316	25.007568	25.003792	
25.003181	25.006350	25.009497	25.012606	25.015667	25.018669	25.021601	25.024450	25.027206	25.029860	25.032400	25.034817	25.037102	25.039248	25.041241	25.043083	25.044756	25.046263	25.047592	25.048744	25.049709	25.050484	25.051069	25.051460	25.051659	25.051657	25.051460	25.051069	25.050488	25.049709	25.048744	25.047594	25.046265	25.044758	25.043081	25.041241	25.039246	25.037102	25.034817	25.032398	25.029860	25.027206	25.024448	25.021601	25.018669	25.015667	25.012606	25.009495	25.006351	25.003181	
25.002558	25.005108	25.007641	25.010143	25.012604	25.015022	25.017380	25.019674	25.021891	25.024025	25.026070	25.028013	25.029854	25.031578	25.033184	25.034662	25.036011	25.037220	25.038292	25.039219	25.039993	25.040619	25.041092	25.041405	25.041563	25.041565	25.041405	25.041090	25.040619	25.039997	25.039221	25.038296	25.037222	25.036011	25.034664	25.033184	25.031578	25.029852	25.028013	25.026068	25.024025	25.021889	25.019672	25.017380	25.015022	25.012606	25.010141	25.007639	25.005108	25.002560	
25.001926	25.003849	25.005756	25.007641	25.009497	25.011318	25.013092	25.014820	25.016491	25.018099	25.019638	25.021105	25.022488	25.023788	25.024998	25.026112	25.027126	25.028040	25.028847	25.029545	25.030128	25.030600	25.030954	25.031193	25.031311	25.031311	25.031193	25.030956	25.030602	25.030132	25.029545	25.028847	25.028042	25.027128	25.026114	25.024998	25.023788	25.022488	25.021103	25.019638	25.018097	25.016491	25.014818	25.013092	25.011316	25.009495	25.007641	25.005756	25.003847	25.001926	
25.001289	25.002575	25.003849	25.005110	25.006351	25.007568	25.008759	25.009911	25.011028	25.012102	25.013134	25.014114	25.015039	25.015911	25.016718	25.017464	25.018143	25.018753	25.019293	25.019758	25.020153	25.020462	25.020702	25.020859	25.020941	25.020939	25.020863	25.020702	25.020466	25.020149	25.019760	25.019293	25.018753	25.018143	25.017462	25.016718	25.015907	25.015038	25.014114	25.013134	25.012104	25.011028	25.009911	25.008755	25.007568	25.006351	25.005108	25.003849	25.002573	25.001289	
25.000645	25.001289	25.001928	25.002560	25.003181	25.003792	25.004387	25.004967	25.005524	25.006063	25.006578	25.007072	25.007534	25.007969	25.008375	25.008747	25.009090	25.009394	25.009666	25.009899	25.010094	25.010252	25.010368	25.010452	25.010490	25.010490	25.010450	25.010370	25.010254	25.010096	25.009897	25.009666	25.009396	25.009089	25.008749	25.008373	25.007969	25.007534	25.007071	25.006580	25.006065	25.005526	25.004965	25.004387	25.003792	25.003181	25.002560	25.001928	25.001289	25.000645	
