48.964745	67.711586	76.020554	80.169449	82.421570	83.711624	84.471733	84.926834	85.198952	85.361664	85.457153	85.512917	85.544456	85.562233	85.571793	85.576965	85.579590	85.580948	85.581589	85.581917	85.582047	85.582123	85.582153	85.582169	85.582184	85.582222	85.582321	85.582527	85.582977	85.583939	85.585907	85.589752	85.597054	85.610359	85.633926	85.673904	85.739952	85.844521	86.005730	86.244324	86.587898	87.063614	87.704010	88.534142	89.579498	90.848862	92.344894	94.047279	95.925758	97.929489	
28.214170	45.990471	56.393234	62.479240	66.100418	68.285713	69.618347	70.430237	70.924614	71.221054	71.397766	71.500244	71.559311	71.592026	71.610138	71.619629	71.624641	71.627121	71.628357	71.628937	71.629211	71.629326	71.629387	71.629425	71.629456	71.629539	71.629715	71.630127	71.631012	71.632904	71.636749	71.644333	71.658638	71.684891	71.731018	71.809944	71.939278	72.145668	72.461639	72.932381	73.606316	74.544533	75.801598	77.438148	79.491531	81.992920	84.933395	88.286575	91.980942	95.925766	
18.026712	31.893333	41.443192	47.724449	51.770683	54.352978	55.983803	57.006866	57.638165	58.024403	58.254715	58.390907	58.468590	58.512688	58.536545	58.549492	58.556087	58.559490	58.561119	58.561920	58.562275	58.562447	58.562515	58.562565	58.562618	58.562729	58.562996	58.563583	58.564888	58.567631	58.573254	58.584251	58.605179	58.643288	58.710831	58.825455	59.014843	59.314899	59.777493	60.462517	61.448956	62.815426	64.654892	67.040268	70.044067	73.692520	77.992470	82.886383	88.286575	94.047279	
12.175451	22.454151	30.268024	35.846878	39.683060	42.248180	43.931839	45.012444	45.696400	46.117996	46.374832	46.526047	46.614342	46.663666	46.691181	46.705673	46.713367	46.717167	46.719086	46.719971	46.720394	46.720581	46.720673	46.720726	46.720795	46.720940	46.721272	46.722034	46.723694	46.727222	46.734390	46.748543	46.775253	46.824329	46.910614	47.058270	47.300491	47.687023	48.279312	49.161713	50.425926	52.185917	54.545403	57.617184	61.473091	66.170273	71.693756	77.992470	84.933395	92.344894	
8.427290	15.892500	21.921829	26.487215	29.781544	32.079754	33.632488	34.658928	35.317436	35.733032	35.986496	36.139256	36.227524	36.278244	36.305878	36.320984	36.328712	36.332722	36.334633	36.335579	36.335995	36.336197	36.336288	36.336349	36.336426	36.336597	36.336994	36.337891	36.339870	36.344048	36.352608	36.369377	36.401314	36.459530	36.562737	36.738129	37.027912	37.487602	38.196297	39.246822	40.759575	42.856873	45.680153	49.343674	53.956997	59.563091	66.170273	73.692513	81.992920	90.848862	
5.867877	11.205817	15.691091	19.224903	21.877243	23.784115	25.113012	26.006855	26.594896	26.968067	27.201120	27.340763	27.423635	27.470404	27.496767	27.510723	27.518190	27.521881	27.523752	27.524612	27.525028	27.525206	27.525299	27.525360	27.525448	27.525640	27.526085	27.527103	27.529337	27.534084	27.543737	27.562813	27.598886	27.665161	27.781895	27.981647	28.309841	28.833551	29.637087	30.834187	32.551102	34.941319	38.148430	42.323719	47.568237	53.956997	61.473087	70.044067	79.491531	89.579498	
4.062410	7.819808	11.056465	13.685349	15.711182	17.210711	18.275188	19.009567	19.496784	19.813412	20.010731	20.132038	20.203064	20.244423	20.267120	20.279644	20.286060	20.289413	20.291012	20.291805	20.292152	20.292322	20.292398	20.292461	20.292555	20.292763	20.293251	20.294357	20.296804	20.301975	20.312576	20.333382	20.373013	20.445408	20.573746	20.792234	21.153215	21.726721	22.610870	23.923138	25.812801	28.435337	31.965668	36.550385	42.323723	49.343674	57.617184	67.040268	77.438156	88.534142	
2.777174	5.371366	7.648039	9.532960	11.021227	12.141570	12.956104	13.523479	13.908733	14.159219	14.319223	14.416610	14.475328	14.508770	14.527827	14.537959	14.543419	14.546118	14.547494	14.548123	14.548430	14.548561	14.548635	14.548689	14.548787	14.549007	14.549522	14.550707	14.553303	14.558831	14.570099	14.592362	14.634557	14.712077	14.848890	15.082994	15.468266	16.083059	17.027672	18.434952	20.455667	23.268818	27.046963	31.965668	38.148430	45.680149	54.545403	64.654900	75.801598	87.704010	
1.864668	3.619929	5.177261	6.489523	7.539434	8.346424	8.938552	9.360087	9.646853	9.837743	9.958776	10.034508	10.079324	10.105753	10.120336	10.128450	10.132615	10.134803	10.135843	10.136361	10.136587	10.136700	10.136755	10.136809	10.136908	10.137136	10.137675	10.138906	10.141628	10.147392	10.159212	10.182465	10.226757	10.307825	10.451538	10.696630	11.101563	11.745852	12.739128	14.215209	16.340767	19.293709	23.268820	28.435337	34.941315	42.856873	52.185913	62.815426	74.544540	87.063614	
1.226240	2.385263	3.424559	4.307935	5.026548	5.583034	5.999393	6.296449	6.503024	6.639744	6.728711	6.783498	6.816989	6.836185	6.847232	6.853117	6.856308	6.857883	6.858690	6.859057	6.859237	6.859315	6.859363	6.859412	6.859511	6.859745	6.860299	6.861570	6.864369	6.870326	6.882497	6.906542	6.952204	7.036096	7.184408	7.438188	7.856463	8.523926	9.550763	11.080544	13.279489	16.340765	20.455669	25.812801	32.551105	40.759575	50.425926	61.448952	73.606308	86.587898	
0.787171	1.534613	2.207808	2.786880	3.260327	3.633069	3.912406	4.115728	4.256433	4.351833	4.413054	4.451915	4.475072	4.488876	4.496511	4.500792	4.502985	4.504143	4.504690	4.504963	4.505083	4.505144	4.505179	4.505226	4.505324	4.505563	4.506127	4.507421	4.510282	4.516354	4.528800	4.553332	4.600061	4.685729	4.837596	5.096961	5.525476	6.208120	7.260530	8.826109	11.080544	14.215210	18.434950	23.923140	30.834187	39.246822	49.161709	60.462521	72.932373	86.244324	
0.492815	0.961404	1.386592	1.753273	2.057042	2.296323	2.478833	2.611061	2.704621	2.767266	2.808616	2.834264	2.850117	2.859228	2.864516	2.867327	2.868861	2.869614	2.870001	2.870176	2.870262	2.870301	2.870331	2.870374	2.870473	2.870713	2.871285	2.872596	2.875491	2.881650	2.894256	2.919159	2.966519	3.053531	3.207555	3.471109	3.905980	4.599922	5.668527	7.260530	9.550764	12.739128	17.027674	22.610868	29.637089	38.196297	48.279316	59.777496	72.461639	86.005730	
0.300065	0.586362	0.846314	1.072681	1.260078	1.409919	1.523658	1.607731	1.666527	1.706936	1.733048	1.749806	1.759821	1.765842	1.769167	1.771044	1.771999	1.772506	1.772744	1.772863	1.772915	1.772944	1.772967	1.773009	1.773107	1.773349	1.773925	1.775246	1.778165	1.784372	1.797096	1.822205	1.870033	1.957811	2.113419	2.379427	2.818921	3.519643	4.599922	6.208120	8.523925	11.745852	16.083059	21.726723	28.833553	37.487606	47.687019	59.314903	72.145668	85.844521	
0.177725	0.347251	0.502156	0.636823	0.749670	0.839438	0.908797	0.959496	0.995811	1.020279	1.036600	1.046751	1.053079	1.056711	1.058832	1.059954	1.060569	1.060867	1.061021	1.061090	1.061125	1.061144	1.061164	1.061203	1.061302	1.061544	1.062122	1.063450	1.066383	1.072624	1.085409	1.110668	1.158746	1.247074	1.403555	1.671310	2.113422	2.818920	3.905980	5.525476	7.856464	11.101563	15.468267	21.153217	28.309843	37.027912	47.300491	59.014843	71.939278	85.739952	
0.102109	0.199813	0.288912	0.367091	0.432253	0.484886	0.525116	0.555168	0.576295	0.590955	0.600450	0.606593	0.610260	0.612478	0.613697	0.614387	0.614735	0.614921	0.615007	0.615050	0.615070	0.615083	0.615100	0.615139	0.615237	0.615480	0.616060	0.617391	0.620332	0.626590	0.639419	0.664752	0.713005	0.801619	0.958707	1.227393	1.671310	2.379427	3.471109	5.096961	7.438188	10.696630	15.082994	20.792238	27.981651	36.738132	47.058273	58.825459	71.809937	85.673904	
0.056967	0.111395	0.161343	0.204946	0.241752	0.271176	0.294105	0.310933	0.323088	0.331292	0.336805	0.340228	0.342375	0.343601	0.344320	0.344696	0.344903	0.345002	0.345054	0.345077	0.345089	0.345098	0.345114	0.345153	0.345251	0.345494	0.346074	0.347407	0.350353	0.356623	0.369471	0.394856	0.443194	0.532001	0.689393	0.958707	1.403555	2.113419	3.207556	4.837596	7.184409	10.451538	14.848893	20.573746	27.781898	36.562737	46.910618	58.710831	71.731018	85.633926	
0.030764	0.060254	0.087201	0.110960	0.130823	0.146973	0.159349	0.168660	0.175211	0.179787	0.182745	0.184669	0.185812	0.186506	0.186883	0.187098	0.187205	0.187262	0.187288	0.187301	0.187308	0.187315	0.187330	0.187369	0.187467	0.187710	0.188290	0.189624	0.192573	0.198847	0.211710	0.237117	0.285512	0.374410	0.532001	0.801619	1.247074	1.957811	3.053531	4.685730	7.036096	10.307827	14.712077	20.445412	27.665161	36.459534	46.824329	58.643288	71.684891	85.610359	
0.016112	0.031516	0.045691	0.058084	0.068594	0.077007	0.083600	0.088439	0.091954	0.094321	0.095919	0.096906	0.097527	0.097878	0.098085	0.098191	0.098250	0.098278	0.098292	0.098299	0.098303	0.098310	0.098324	0.098362	0.098460	0.098703	0.099284	0.100619	0.103568	0.109846	0.122714	0.148136	0.196555	0.285512	0.443194	0.713005	1.158746	1.870033	2.966520	4.600061	6.952205	10.226757	14.634558	20.373014	27.598886	36.401314	46.775253	58.605186	71.658630	85.597061	
0.008153	0.015976	0.023129	0.029454	0.034744	0.039062	0.042370	0.044869	0.046622	0.047852	0.048643	0.049158	0.049462	0.049647	0.049746	0.049802	0.049830	0.049844	0.049851	0.049855	0.049858	0.049863	0.049878	0.049915	0.050013	0.050257	0.050838	0.052172	0.055123	0.061402	0.074273	0.099701	0.148136	0.237117	0.394856	0.664752	1.110668	1.822205	2.919159	4.553332	6.906542	10.182465	14.592362	20.333382	27.562813	36.369377	46.748539	58.584251	71.644333	85.589752	
0.003997	0.007817	0.011339	0.014416	0.017034	0.019127	0.020772	0.021976	0.022853	0.023440	0.023838	0.024081	0.024234	0.024320	0.024370	0.024395	0.024410	0.024416	0.024420	0.024421	0.024424	0.024429	0.024443	0.024481	0.024579	0.024822	0.025403	0.026738	0.029689	0.035968	0.048841	0.074273	0.122714	0.211710	0.369471	0.639419	1.085409	1.797096	2.894256	4.528800	6.882497	10.159213	14.570101	20.312576	27.543739	36.352612	46.734390	58.573250	71.636749	85.585907	
0.001889	0.003703	0.005361	0.006829	0.008055	0.009058	0.009823	0.010403	0.010808	0.011092	0.011273	0.011391	0.011460	0.011501	0.011523	0.011536	0.011542	0.011545	0.011547	0.011548	0.011550	0.011555	0.011569	0.011607	0.011705	0.011948	0.012529	0.013864	0.016815	0.023095	0.035968	0.061402	0.109846	0.198847	0.356622	0.626590	1.072624	1.784372	2.881650	4.516354	6.870326	10.147394	14.558831	20.301975	27.534084	36.344048	46.727219	58.567631	71.632904	85.583939	
0.000864	0.001690	0.002452	0.003117	0.003683	0.004134	0.004489	0.004748	0.004936	0.005061	0.005146	0.005197	0.005229	0.005247	0.005257	0.005262	0.005265	0.005266	0.005267	0.005268	0.005270	0.005275	0.005289	0.005327	0.005424	0.005668	0.006249	0.007584	0.010535	0.016815	0.029689	0.055123	0.103568	0.192573	0.350353	0.620332	1.066383	1.778165	2.875491	4.510282	6.864369	10.141628	14.553305	20.296804	27.529335	36.339874	46.723690	58.564884	71.631012	85.582977	
0.000381	0.000746	0.001080	0.001376	0.001622	0.001823	0.001976	0.002092	0.002172	0.002228	0.002264	0.002287	0.002300	0.002308	0.002312	0.002314	0.002315	0.002316	0.002316	0.002317	0.002319	0.002324	0.002338	0.002376	0.002474	0.002717	0.003298	0.004633	0.007584	0.013864	0.026738	0.052172	0.100619	0.189624	0.347407	0.617391	1.063450	1.775246	2.872597	4.507422	6.861570	10.138906	14.550706	20.294357	27.527103	36.337891	46.722031	58.563583	71.630127	85.582520	
0.000162	0.000317	0.000460	0.000584	0.000690	0.000774	0.000840	0.000887	0.000922	0.000945	0.000960	0.000969	0.000975	0.000978	0.000980	0.000981	0.000981	0.000981	0.000982	0.000982	0.000984	0.000989	0.001003	0.001041	0.001139	0.001382	0.001963	0.003298	0.006249	0.012529	0.025403	0.050838	0.099284	0.188290	0.346074	0.616060	1.062123	1.773925	2.871285	4.506128	6.860300	10.137676	14.549523	20.293251	27.526085	36.336994	46.721275	58.562988	71.629715	85.582314	
0.000066	0.000130	0.000188	0.000239	0.000282	0.000317	0.000343	0.000363	0.000376	0.000386	0.000392	0.000396	0.000398	0.000399	0.000400	0.000400	0.000400	0.000400	0.000401	0.000401	0.000403	0.000408	0.000422	0.000460	0.000558	0.000801	0.001382	0.002717	0.005668	0.011948	0.024822	0.050257	0.098703	0.187710	0.345494	0.615480	1.061544	1.773349	2.870714	4.505563	6.859746	10.137136	14.549007	20.292763	27.525640	36.336601	46.720940	58.562725	71.629532	85.582214	
0.000026	0.000051	0.000074	0.000094	0.000111	0.000125	0.000135	0.000143	0.000148	0.000152	0.000154	0.000155	0.000156	0.000157	0.000157	0.000157	0.000157	0.000157	0.000157	0.000158	0.000160	0.000165	0.000179	0.000216	0.000314	0.000558	0.001139	0.002474	0.005424	0.011705	0.024579	0.050013	0.098460	0.187467	0.345251	0.615237	1.061302	1.773107	2.870473	4.505325	6.859511	10.136908	14.548787	20.292557	27.525448	36.336430	46.720795	58.562622	71.629448	85.582184	
0.000010	0.000019	0.000028	0.000036	0.000042	0.000047	0.000051	0.000054	0.000056	0.000057	0.000058	0.000059	0.000059	0.000059	0.000059	0.000059	0.000059	0.000059	0.000060	0.000060	0.000062	0.000067	0.000081	0.000119	0.000216	0.000460	0.001041	0.002376	0.005327	0.011607	0.024481	0.049915	0.098362	0.187369	0.345153	0.615139	1.061204	1.773009	2.870374	4.505226	6.859412	10.136810	14.548691	20.292461	27.525360	36.336346	46.720726	58.562561	71.629425	85.582153	
0.000004	0.000007	0.000010	0.000013	0.000015	0.000017	0.000019	0.000020	0.000020	0.000021	0.000021	0.000021	0.000021	0.000021	0.000021	0.000021	0.000022	0.000022	0.000022	0.000022	0.000024	0.000029	0.000043	0.000081	0.000179	0.000422	0.001003	0.002338	0.005289	0.011569	0.024443	0.049878	0.098324	0.187330	0.345114	0.615100	1.061164	1.772967	2.870331	4.505179	6.859364	10.136755	14.548635	20.292400	27.525299	36.336285	46.720669	58.562515	71.629379	85.582146	
0.000001	0.000002	0.000004	0.000005	0.000005	0.000006	0.000006	0.000007	0.000007	0.000007	0.000007	0.000007	0.000007	0.000007	0.000007	0.000007	0.000007	0.000008	0.000008	0.000008	0.000010	0.000015	0.000029	0.000067	0.000165	0.000408	0.000989	0.002324	0.005275	0.011555	0.024429	0.049863	0.098310	0.187315	0.345098	0.615083	1.061144	1.772944	2.870301	4.505144	6.859316	10.136700	14.548563	20.292324	27.525208	36.336193	46.720581	58.562439	71.629326	85.582108	
0.000000	0.000001	0.000001	0.000002	0.000002	0.000002	0.000002	0.000002	0.000002	0.000002	0.000002	0.000002	0.000002	0.000002	0.000002	0.000002	0.000003	0.000003	0.000003	0.000003	0.000005	0.000010	0.000024	0.000062	0.000160	0.000403	0.000984	0.002319	0.005270	0.011550	0.024424	0.049858	0.098303	0.187308	0.345089	0.615069	1.061125	1.772915	2.870262	4.505083	6.859237	10.136589	14.548430	20.292154	27.525028	36.335999	46.720390	58.562275	71.629211	85.582047	
0.000000	0.000000	0.000000	0.000000	0.000001	0.000001	0.000001	0.000001	0.000001	0.000001	0.000001	0.000001	0.000001	0.000001	0.000001	0.000001	0.000001	0.000001	0.000001	0.000002	0.000003	0.000008	0.000022	0.000060	0.000158	0.000401	0.000982	0.002317	0.005268	0.011548	0.024421	0.049855	0.098299	0.187301	0.345077	0.615050	1.061090	1.772863	2.870176	4.504963	6.859057	10.136361	14.548124	20.291805	27.524612	36.335579	46.719971	58.561916	71.628929	85.581909	
0.000000	0.000000	0.000000	0.000000	0.000000	0.000000	0.000000	0.000000	0.000000	0.000000	0.000000	0.000000	0.000000	0.000000	0.000000	0.000000	0.000000	0.000000	0.000000	0.000001	0.000003	0.000008	0.000022	0.000060	0.000157	0.000401	0.000982	0.002316	0.005267	0.011547	0.024420	0.049851	0.098292	0.187288	0.345054	0.615007	1.061022	1.772744	2.870001	4.504690	6.858691	10.135843	14.547494	20.291012	27.523754	36.334633	46.719090	58.561119	71.628357	85.581589	
0.000000	0.000000	0.000000	0.000000	0.000000	0.000000	0.000000	0.000000	0.000000	0.000000	0.000000	0.000000	0.000000	0.000000	0.000000	0.000000	0.000000	0.000000	0.000000	0.000001	0.000003	0.000008	0.000022	0.000059	0.000157	0.000400	0.000981	0.002316	0.005266	0.011545	0.024416	0.049844	0.098278	0.187262	0.345002	0.614921	1.060867	1.772506	2.869614	4.504143	6.857883	10.134804	14.546118	20.289413	27.521879	36.332722	46.717171	58.559490	71.627121	85.580948	
0.000000	0.000000	0.000000	0.000000	0.000000	0.000000	0.000000	0.000000	0.000000	0.000000	0.000000	0.000000	0.000000	0.000000	0.000000	0.000000	0.000000	0.000000	0.000000	0.000001	0.000003	0.000007	0.000022	0.000059	0.000157	0.000400	0.000981	0.002315	0.005265	0.011542	0.024410	0.049830	0.098250	0.187205	0.344903	0.614735	1.060569	1.771999	2.868862	4.502984	6.856309	10.132614	14.543419	20.286060	27.518192	36.328712	46.713371	58.556087	71.624641	85.579590	
0.000000	0.000000	0.000000	0.000000	0.000000	0.000000	0.000000	0.000000	0.000000	0.000000	0.000000	0.000000	0.000000	0.000000	0.000000	0.000000	0.000000	0.000000	0.000000	0.000001	0.000002	0.000007	0.000021	0.000059	0.000157	0.000400	0.000981	0.002314	0.005262	0.011536	0.024395	0.049802	0.098191	0.187098	0.344696	0.614387	1.059954	1.771044	2.867327	4.500792	6.853117	10.128451	14.537960	20.279644	27.510723	36.320992	46.705673	58.549492	71.619629	85.576965	
0.000000	0.000000	0.000000	0.000000	0.000000	0.000000	0.000000	0.000000	0.000000	0.000000	0.000000	0.000000	0.000000	0.000000	0.000000	0.000000	0.000000	0.000000	0.000000	0.000001	0.000002	0.000007	0.000021	0.000059	0.000157	0.000400	0.000980	0.002312	0.005257	0.011523	0.024370	0.049746	0.098085	0.186883	0.344320	0.613696	1.058832	1.769167	2.864516	4.496510	6.847233	10.120336	14.527828	20.267120	27.496767	36.305878	46.691181	58.536549	71.610123	85.571793	
0.000000	0.000000	0.000000	0.000000	0.000000	0.000000	0.000000	0.000000	0.000000	0.000000	0.000000	0.000000	0.000000	0.000000	0.000000	0.000000	0.000000	0.000000	0.000000	0.000001	0.000002	0.000007	0.000021	0.000059	0.000157	0.000399	0.000978	0.002308	0.005247	0.011501	0.024320	0.049647	0.097878	0.186506	0.343601	0.612478	1.056711	1.765842	2.859228	4.488877	6.836185	10.105753	14.508770	20.244423	27.470404	36.278244	46.663666	58.512688	71.592033	85.562225	
0.000000	0.000000	0.000000	0.000000	0.000000	0.000000	0.000000	0.000000	0.000000	0.000000	0.000000	0.000000	0.000000	0.000000	0.000000	0.000000	0.000000	0.000000	0.000000	0.000001	0.000002	0.000007	0.000021	0.000059	0.000156	0.000398	0.000975	0.002300	0.005229	0.011460	0.024234	0.049462	0.097527	0.185812	0.342375	0.610260	1.053079	1.759821	2.850117	4.475072	6.816990	10.079324	14.475330	20.203062	27.423637	36.227524	46.614342	58.468590	71.559303	85.544456	
0.000000	0.000000	0.000000	0.000000	0.000000	0.000000	0.000000	0.000000	0.000000	0.000000	0.000000	0.000000	0.000000	0.000000	0.000000	0.000000	0.000000	0.000000	0.000000	0.000001	0.000002	0.000007	0.000021	0.000059	0.000155	0.000396	0.000969	0.002287	0.005197	0.011391	0.024081	0.049158	0.096906	0.184669	0.340228	0.606593	1.046751	1.749806	2.834264	4.451915	6.783498	10.034508	14.416611	20.132040	27.340765	36.139252	46.526047	58.390900	71.500237	85.512917	
0.000000	0.000000	0.000000	0.000000	0.000000	0.000000	0.000000	0.000000	0.000000	0.000000	0.000000	0.000000	0.000000	0.000000	0.000000	0.000000	0.000000	0.000000	0.000000	0.000001	0.000002	0.000007	0.000021	0.000058	0.000154	0.000392	0.000960	0.002264	0.005146	0.011273	0.023838	0.048643	0.095919	0.182745	0.336805	0.600451	1.036600	1.733048	2.808616	4.413054	6.728711	9.958776	14.319225	20.010731	27.201120	35.986496	46.374832	58.254715	71.397766	85.457153	
0.000000	0.000000	0.000000	0.000000	0.000000	0.000000	0.000000	0.000000	0.000000	0.000000	0.000000	0.000000	0.000000	0.000000	0.000000	0.000000	0.000000	0.000000	0.000000	0.000001	0.000002	0.000007	0.000021	0.000057	0.000152	0.000386	0.000945	0.002228	0.005061	0.011092	0.023440	0.047852	0.094321	0.179787	0.331292	0.590955	1.020279	1.706936	2.767266	4.351833	6.639745	9.837742	14.159220	19.813412	26.968071	35.733032	46.117996	58.024399	71.221054	85.361664	
0.000000	0.000000	0.000000	0.000000	0.000000	0.000000	0.000000	0.000000	0.000000	0.000000	0.000000	0.000000	0.000000	0.000000	0.000000	0.000000	0.000000	0.000000	0.000000	0.000001	0.000002	0.000007	0.000020	0.000056	0.000148	0.000376	0.000922	0.002172	0.004936	0.010808	0.022853	0.046622	0.091954	0.175211	0.323088	0.576295	0.995811	1.666527	2.704621	4.256432	6.503024	9.646853	13.908735	19.496786	26.594896	35.317440	45.696396	57.638161	70.924606	85.198952	
0.000000	0.000000	0.000000	0.000000	0.000000	0.000000	0.000000	0.000000	0.000000	0.000000	0.000000	0.000000	0.000000	0.000000	0.000000	0.000000	0.000000	0.000000	0.000000	0.000001	0.000002	0.000007	0.000020	0.000054	0.000143	0.000363	0.000887	0.002092	0.004748	0.010403	0.021976	0.044869	0.088439	0.168660	0.310933	0.555168	0.959496	1.607731	2.611061	4.115728	6.296449	9.360087	13.523481	19.009567	26.006861	34.658928	45.012444	57.006863	70.430237	84.926834	
0.000000	0.000000	0.000000	0.000000	0.000000	0.000000	0.000000	0.000000	0.000000	0.000000	0.000000	0.000000	0.000000	0.000000	0.000000	0.000000	0.000000	0.000000	0.000000	0.000001	0.000002	0.000006	0.000019	0.000051	0.000135	0.000343	0.000840	0.001976	0.004489	0.009823	0.020772	0.042370	0.083600	0.159349	0.294105	0.525116	0.908797	1.523658	2.478833	3.912406	5.999393	8.938552	12.956105	18.275192	25.113012	33.632492	43.931843	55.983803	69.618347	84.471733	
0.000000	0.000000	0.000000	0.000000	0.000000	0.000000	0.000000	0.000000	0.000000	0.000000	0.000000	0.000000	0.000000	0.000000	0.000000	0.000000	0.000000	0.000000	0.000000	0.000001	0.000002	0.000006	0.000017	0.000047	0.000125	0.000317	0.000774	0.001823	0.004134	0.009058	0.019127	0.039062	0.077007	0.146973	0.271176	0.484886	0.839438	1.409918	2.296323	3.633069	5.583034	8.346424	12.141571	17.210712	23.784117	32.079758	42.248184	54.352978	68.285713	83.711624	
0.000000	0.000000	0.000000	0.000000	0.000000	0.000000	0.000000	0.000000	0.000000	0.000000	0.000000	0.000000	0.000000	0.000000	0.000000	0.000000	0.000000	0.000000	0.000000	0.000001	0.000002	0.000005	0.000015	0.000042	0.000111	0.000282	0.000690	0.001622	0.003683	0.008055	0.017034	0.034744	0.068594	0.130823	0.241752	0.432253	0.749670	1.260078	2.057041	3.260327	5.026548	7.539434	11.021227	15.711184	21.877247	29.781548	39.683064	51.770683	66.100418	82.421570	
0.000000	0.000000	0.000000	0.000000	0.000000	0.000000	0.000000	0.000000	0.000000	0.000000	0.000000	0.000000	0.000000	0.000000	0.000000	0.000000	0.000000	0.000000	0.000000	0.000000	0.000002	0.000005	0.000013	0.000036	0.000094	0.000239	0.000584	0.001376	0.003117	0.006829	0.014416	0.029454	0.058084	0.110960	0.204946	0.367091	0.636823	1.072680	1.753273	2.786880	4.307935	6.489523	9.532960	13.685349	19.224903	26.487217	35.846878	47.724449	62.479244	80.169441	
0.000000	0.000000	0.000000	0.000000	0.000000	0.000000	0.000000	0.000000	0.000000	0.000000	0.000000	0.000000	0.000000	0.000000	0.000000	0.000000	0.000000	0.000000	0.000000	0.000000	0.000001	0.000004	0.000010	0.000028	0.000074	0.000188	0.000460	0.001080	0.002452	0.005361	0.011339	0.023129	0.045691	0.087201	0.161343	0.288912	0.502156	0.846314	1.386592	2.207808	3.424559	5.177260	7.648039	11.056465	15.691092	21.921833	30.268024	41.443192	56.393234	76.020561	
0.000000	0.000000	0.000000	0.000000	0.000000	0.000000	0.000000	0.000000	0.000000	0.000000	0.000000	0.000000	0.000000	0.000000	0.000000	0.000000	0.000000	0.000000	0.000000	0.000000	0.000001	0.000002	0.000007	0.000019	0.000051	0.000130	0.000317	0.000746	0.001690	0.003703	0.007817	0.015976	0.031516	0.060254	0.111395	0.199813	0.347251	0.586362	0.961404	1.534613	2.385263	3.619929	5.371365	7.819808	11.205818	15.892500	22.454155	31.893335	45.990471	67.711594	
0.000000	0.000000	0.000000	0.000000	0.000000	0.000000	0.000000	0.000000	0.000000	0.000000	0.000000	0.000000	0.000000	0.000000	0.000000	0.000000	0.000000	0.000000	0.000000	0.000000	0.000000	0.000001	0.000004	0.000010	0.000026	0.000066	0.000162	0.000381	0.000864	0.001889	0.003997	0.008153	0.016112	0.030764	0.056967	0.102109	0.177725	0.300065	0.492815	0.787171	1.226240	1.864668	2.777174	4.062410	5.867878	8.427290	12.175451	18.026712	28.214172	48.964745	
