25.000729	25.001453	25.002172	25.002886	25.003586	25.004272	25.004944	25.005596	25.006226	25.006836	25.007416	25.007969	25.008492	25.008984	25.009439	25.009859	25.010242	25.010586	25.010891	25.011156	25.011375	25.011555	25.011688	25.011776	25.011824	25.011824	25.011778	25.011688	25.011555	25.011377	25.011154	25.010891	25.010588	25.010244	25.009861	25.009438	25.008982	25.008492	25.007969	25.007416	25.006834	25.006227	25.005596	25.004944	25.004272	25.003586	25.002884	25.002174	25.001453	25.000729	
25.001453	25.002903	25.004337	25.005756	25.007160	25.008530	25.009869	25.011169	25.012432	25.013641	25.014805	25.015907	25.016953	25.017929	25.018841	25.019682	25.020447	25.021133	25.021744	25.022268	25.022711	25.023064	25.023335	25.023510	25.023602	25.023602	25.023510	25.023333	25.023067	25.022709	25.022270	25.021744	25.021137	25.020449	25.019682	25.018843	25.017929	25.016951	25.015907	25.014805	25.013641	25.012430	25.011171	25.009869	25.008530	25.007156	25.005760	25.004337	25.002903	25.001453	
25.002174	25.004337	25.006485	25.008614	25.010702	25.012754	25.014755	25.016703	25.018585	25.020401	25.022133	25.023785	25.025347	25.026810	25.028175	25.029430	25.030575	25.031605	25.032513	25.033298	25.033957	25.034489	25.034885	25.035156	25.035290	25.035290	25.035156	25.034887	25.034487	25.033958	25.033298	25.032513	25.031603	25.030577	25.029430	25.028175	25.026810	25.025345	25.023787	25.022133	25.020399	25.018585	25.016705	25.014757	25.012753	25.010704	25.008610	25.006489	25.004341	25.002174	
25.002884	25.005756	25.008614	25.011429	25.014208	25.016930	25.019588	25.022171	25.024672	25.027077	25.029381	25.031572	25.033646	25.035589	25.037399	25.039066	25.040585	25.041950	25.043159	25.044199	25.045076	25.045780	25.046310	25.046665	25.046844	25.046844	25.046665	25.046310	25.045784	25.045074	25.044201	25.043156	25.041952	25.040585	25.039066	25.037399	25.035587	25.033646	25.031570	25.029381	25.027077	25.024673	25.022171	25.019587	25.016930	25.014206	25.011431	25.008610	25.005760	25.002886	
25.003586	25.007156	25.010700	25.014208	25.017656	25.021042	25.024345	25.027555	25.030663	25.033653	25.036516	25.039242	25.041813	25.044231	25.046482	25.048553	25.050444	25.052139	25.053638	25.054937	25.056023	25.056896	25.057556	25.057999	25.058220	25.058220	25.057999	25.057560	25.056898	25.056026	25.054935	25.053640	25.052139	25.050446	25.048553	25.046482	25.044231	25.041815	25.039242	25.036514	25.033655	25.030663	25.027557	25.024343	25.021042	25.017658	25.014206	25.010704	25.007158	25.003586	
25.004272	25.008530	25.012753	25.016928	25.021042	25.025074	25.029011	25.032835	25.036537	25.040100	25.043514	25.046761	25.049828	25.052708	25.055387	25.057858	25.060108	25.062130	25.063919	25.065464	25.066757	25.067802	25.068586	25.069111	25.069374	25.069374	25.069113	25.068588	25.067804	25.066757	25.065464	25.063917	25.062134	25.060108	25.057859	25.055389	25.052708	25.049828	25.046759	25.043514	25.040100	25.036539	25.032837	25.029011	25.025072	25.021040	25.016928	25.012753	25.008530	25.004272	
25.004944	25.009869	25.014755	25.019587	25.024345	25.029011	25.033564	25.037991	25.042274	25.046396	25.050343	25.054102	25.057652	25.060986	25.064085	25.066942	25.069546	25.071888	25.073952	25.075743	25.077240	25.078445	25.079357	25.079964	25.080269	25.080267	25.079964	25.079357	25.078447	25.077244	25.075741	25.073956	25.071886	25.069548	25.066944	25.064087	25.060984	25.057652	25.054104	25.050344	25.046398	25.042274	25.037991	25.033566	25.029009	25.024343	25.019588	25.014755	25.009867	25.004944	
25.005594	25.011168	25.016705	25.022171	25.027557	25.032835	25.037991	25.043003	25.047853	25.052521	25.056986	25.061237	25.065258	25.069029	25.072536	25.075775	25.078720	25.081369	25.083710	25.085732	25.087429	25.088795	25.089823	25.090511	25.090857	25.090855	25.090511	25.089825	25.088795	25.087429	25.085733	25.083708	25.081371	25.078720	25.075775	25.072538	25.069031	25.065258	25.061237	25.056988	25.052519	25.047852	25.043003	25.037992	25.032833	25.027557	25.022171	25.016703	25.011171	25.005596	
25.006226	25.012430	25.018585	25.024672	25.030663	25.036537	25.042274	25.047852	25.053249	25.058439	25.063412	25.068142	25.072615	25.076813	25.080719	25.084316	25.087595	25.090546	25.093147	25.095398	25.097284	25.098804	25.099949	25.100716	25.101101	25.101099	25.100716	25.099951	25.098808	25.097286	25.095398	25.093147	25.090542	25.087597	25.084316	25.080717	25.076813	25.072617	25.068142	25.063412	25.058441	25.053247	25.047852	25.042274	25.036539	25.030663	25.024672	25.018585	25.012432	25.006227	
25.006836	25.013641	25.020399	25.027075	25.033653	25.040100	25.046398	25.052519	25.058437	25.064140	25.069593	25.074787	25.079697	25.084305	25.088589	25.092541	25.096138	25.099373	25.102234	25.104702	25.106775	25.108440	25.109699	25.110538	25.110962	25.110962	25.110538	25.109699	25.108444	25.106777	25.104702	25.102232	25.099373	25.096138	25.092541	25.088589	25.084303	25.079695	25.074787	25.069595	25.064140	25.058441	25.052519	25.046402	25.040100	25.033655	25.027077	25.020401	25.013641	25.006832	
25.007416	25.014803	25.022133	25.029381	25.036514	25.043514	25.050346	25.056986	25.063412	25.069595	25.075518	25.081148	25.086477	25.091473	25.096127	25.100410	25.104319	25.107830	25.110931	25.113611	25.115856	25.117668	25.119030	25.119942	25.120399	25.120399	25.119942	25.119034	25.117668	25.115858	25.113607	25.110929	25.107826	25.104317	25.100414	25.096127	25.091475	25.086475	25.081150	25.075514	25.069597	25.063412	25.056988	25.050344	25.043514	25.036514	25.029381	25.022133	25.014803	25.007416	
25.007969	25.015907	25.023785	25.031572	25.039242	25.046759	25.054102	25.061239	25.068142	25.074789	25.081150	25.087204	25.092928	25.098299	25.103298	25.107903	25.112099	25.115873	25.119205	25.122086	25.124502	25.126446	25.127911	25.128891	25.129383	25.129383	25.128891	25.127913	25.126448	25.124500	25.122086	25.119205	25.115873	25.112101	25.107904	25.103298	25.098301	25.092930	25.087206	25.081150	25.074787	25.068142	25.061237	25.054104	25.046759	25.039242	25.031570	25.023787	25.015907	25.007969	
25.008492	25.016949	25.025349	25.033646	25.041817	25.049829	25.057652	25.065258	25.072617	25.079697	25.086477	25.092926	25.099028	25.104752	25.110077	25.114985	25.119461	25.123478	25.127029	25.130098	25.132673	25.134747	25.136307	25.137352	25.137875	25.137873	25.137350	25.136307	25.134745	25.132675	25.130096	25.127029	25.123478	25.119459	25.114986	25.110077	25.104752	25.099030	25.092930	25.086477	25.079699	25.072617	25.065258	25.057652	25.049831	25.041815	25.033646	25.025345	25.016951	25.008492	
25.008980	25.017933	25.026810	25.035591	25.044233	25.052708	25.060986	25.069029	25.076813	25.084301	25.091473	25.098297	25.104750	25.110806	25.116440	25.121632	25.126362	25.130615	25.134371	25.137619	25.140343	25.142532	25.144184	25.145288	25.145844	25.145844	25.145290	25.144184	25.142534	25.140341	25.137619	25.134369	25.130615	25.126364	25.121632	25.116440	25.110806	25.104752	25.098301	25.091476	25.084305	25.076813	25.069029	25.060986	25.052708	25.044235	25.035589	25.026814	25.017929	25.008984	
25.009441	25.018841	25.028175	25.037399	25.046482	25.055389	25.064085	25.072538	25.080719	25.088589	25.096125	25.103298	25.110077	25.116440	25.122360	25.127815	25.132786	25.137257	25.141203	25.144615	25.147476	25.149780	25.151516	25.152676	25.153255	25.153259	25.152676	25.151516	25.149780	25.147478	25.144611	25.141205	25.137255	25.132788	25.127815	25.122360	25.116440	25.110077	25.103298	25.096127	25.088591	25.080719	25.072540	25.064087	25.055389	25.046480	25.037403	25.028172	25.018845	25.009438	
25.009857	25.019684	25.029430	25.039066	25.048555	25.057858	25.066940	25.075775	25.084316	25.092539	25.100410	25.107903	25.114986	25.121632	25.127815	25.133518	25.138710	25.143377	25.147499	25.151062	25.154053	25.156460	25.158272	25.159483	25.160091	25.160091	25.159485	25.158272	25.156460	25.154053	25.151064	25.147497	25.143375	25.138710	25.133516	25.127817	25.121632	25.114986	25.107906	25.100414	25.092541	25.084318	25.075773	25.066944	25.057859	25.048557	25.039062	25.029432	25.019680	25.009861	
25.010246	25.020447	25.030577	25.040588	25.050442	25.060110	25.069546	25.078720	25.087595	25.096138	25.104317	25.112103	25.119457	25.126362	25.132790	25.138710	25.144106	25.148954	25.153236	25.156940	25.160046	25.162546	25.164429	25.165688	25.166319	25.166319	25.165688	25.164429	25.162544	25.160046	25.156937	25.153236	25.148952	25.144104	25.138710	25.132788	25.126362	25.119459	25.112101	25.104319	25.096142	25.087597	25.078722	25.069546	25.060112	25.050442	25.040588	25.030573	25.020451	25.010242	
25.010590	25.021137	25.031603	25.041952	25.052141	25.062130	25.071884	25.081369	25.090544	25.099373	25.107826	25.115871	25.123478	25.130611	25.137257	25.143377	25.148954	25.153965	25.158392	25.162220	25.165432	25.168015	25.169960	25.171265	25.171915	25.171913	25.171261	25.169962	25.168015	25.165428	25.162220	25.158390	25.153965	25.148952	25.143375	25.137257	25.130615	25.123478	25.115871	25.107828	25.099377	25.090546	25.081367	25.071888	25.062132	25.052143	25.041950	25.031605	25.021133	25.010590	
25.010895	25.021744	25.032513	25.043159	25.053638	25.063919	25.073954	25.083710	25.093145	25.102234	25.110928	25.119205	25.127029	25.134371	25.141203	25.147499	25.153236	25.158392	25.162949	25.166882	25.170189	25.172846	25.174850	25.176186	25.176859	25.176857	25.176189	25.174847	25.172846	25.170189	25.166882	25.162949	25.158392	25.153236	25.147499	25.141205	25.134369	25.127029	25.119204	25.110928	25.102234	25.093149	25.083710	25.073954	25.063919	25.053642	25.043159	25.032511	25.021744	25.010891	
25.011154	25.022270	25.033300	25.044201	25.054935	25.065460	25.075741	25.085732	25.095398	25.104700	25.113609	25.122082	25.130096	25.137617	25.144615	25.151062	25.156939	25.162220	25.166882	25.170916	25.174297	25.177023	25.179073	25.180447	25.181129	25.181133	25.180443	25.179073	25.177025	25.174299	25.170916	25.166885	25.162220	25.156937	25.151064	25.144615	25.137615	25.130096	25.122084	25.113609	25.104702	25.095398	25.085732	25.075743	25.065464	25.054937	25.044201	25.033298	25.022268	25.011156	
25.011375	25.022713	25.033957	25.045076	25.056023	25.066759	25.077238	25.087429	25.097286	25.106775	25.115856	25.124500	25.132671	25.140341	25.147476	25.154053	25.160046	25.165428	25.170189	25.174297	25.177750	25.180527	25.182621	25.184015	25.184719	25.184715	25.184017	25.182617	25.180527	25.177753	25.174301	25.170189	25.165430	25.160046	25.154053	25.147476	25.140339	25.132669	25.124500	25.115856	25.106773	25.097284	25.087429	25.077240	25.066759	25.056023	25.045078	25.033955	25.022711	25.011375	
25.011555	25.023066	25.034489	25.045776	25.056900	25.067799	25.078445	25.088793	25.098806	25.108440	25.117668	25.126446	25.134747	25.142532	25.149780	25.156460	25.162544	25.168015	25.172844	25.177023	25.180525	25.183346	25.185471	25.186892	25.187603	25.187603	25.186890	25.185471	25.183348	25.180529	25.177025	25.172848	25.168015	25.162544	25.156458	25.149780	25.142532	25.134745	25.126442	25.117666	25.108440	25.098804	25.088795	25.078447	25.067799	25.056900	25.045780	25.034489	25.023062	25.011555	
25.011688	25.023335	25.034885	25.046312	25.057556	25.068588	25.079357	25.089825	25.099949	25.109697	25.119030	25.127911	25.136307	25.144184	25.151516	25.158272	25.164429	25.169960	25.174850	25.179073	25.182617	25.185471	25.187620	25.189056	25.189777	25.189775	25.189058	25.187618	25.185472	25.182617	25.179073	25.174850	25.169962	25.164429	25.158274	25.151516	25.144184	25.136305	25.127911	25.119030	25.109699	25.099949	25.089823	25.079353	25.068588	25.057556	25.046310	25.034885	25.023333	25.011688	
25.011780	25.023510	25.035154	25.046663	25.057999	25.069113	25.079964	25.090511	25.100716	25.110538	25.119942	25.128889	25.137352	25.145290	25.152676	25.159485	25.165688	25.171263	25.176188	25.180447	25.184017	25.186892	25.189054	25.190506	25.191227	25.191231	25.190504	25.189058	25.186892	25.184017	25.180445	25.176189	25.171265	25.165689	25.159485	25.152676	25.145288	25.137348	25.128889	25.119942	25.110538	25.100716	25.090511	25.079964	25.069111	25.057999	25.046665	25.035156	25.023510	25.011778	
25.011822	25.023600	25.035288	25.046844	25.058220	25.069376	25.080269	25.090855	25.101099	25.110960	25.120398	25.129379	25.137873	25.145842	25.153259	25.160091	25.166321	25.171913	25.176861	25.181131	25.184719	25.187603	25.189777	25.191229	25.191957	25.191956	25.191231	25.189777	25.187603	25.184719	25.181133	25.176861	25.171917	25.166321	25.160093	25.153257	25.145844	25.137871	25.129381	25.120398	25.110958	25.101097	25.090855	25.080267	25.069374	25.058220	25.046844	25.035288	25.023602	25.011822	
25.011822	25.023600	25.035288	25.046844	25.058220	25.069376	25.080269	25.090855	25.101099	25.110960	25.120398	25.129379	25.137873	25.145842	25.153259	25.160091	25.166321	25.171913	25.176861	25.181131	25.184719	25.187603	25.189777	25.191229	25.191957	25.191956	25.191231	25.189777	25.187603	25.184719	25.181133	25.176861	25.171917	25.166321	25.160093	25.153257	25.145844	25.137871	25.129381	25.120398	25.110958	25.101097	25.090855	25.080267	25.069374	25.058220	25.046844	25.035288	25.023602	25.011822	
25.011780	25.023510	25.035154	25.046663	25.057999	25.069113	25.079964	25.090511	25.100716	25.110538	25.119942	25.128889	25.137352	25.145290	25.152676	25.159485	25.165688	25.171263	25.176188	25.180447	25.184017	25.186892	25.189054	25.190506	25.191227	25.191231	25.190504	25.189058	25.186892	25.184017	25.180445	25.176189	25.171265	25.165689	25.159485	25.152676	25.145288	25.137348	25.128889	25.119942	25.110538	25.100716	25.090511	25.079964	25.069111	25.057999	25.046665	25.035156	25.023510	25.011778	
25.011688	25.023335	25.034885	25.046312	25.057556	25.068588	25.079357	25.089825	25.099949	25.109697	25.119030	25.127911	25.136307	25.144184	25.151516	25.158272	25.164429	25.169960	25.174850	25.179073	25.182617	25.185471	25.187620	25.189056	25.189777	25.189775	25.189058	25.187618	25.185472	25.182617	25.179073	25.174850	25.169962	25.164429	25.158274	25.151516	25.144184	25.136305	25.127911	25.119030	25.109699	25.099949	25.089823	25.079353	25.068588	25.057556	25.046310	25.034885	25.023333	25.011688	
25.011555	25.023066	25.034489	25.045776	25.056900	25.067799	25.078445	25.088793	25.098806	25.108440	25.117668	25.126446	25.134747	25.142532	25.149780	25.156460	25.162544	25.168015	25.172844	25.177023	25.180525	25.183346	25.185471	25.186892	25.187603	25.187603	25.186890	25.185471	25.183348	25.180529	25.177025	25.172848	25.168015	25.162544	25.156458	25.149780	25.142532	25.134745	25.126442	25.117666	25.108440	25.098804	25.088795	25.078447	25.067799	25.056900	25.045780	25.034489	25.023062	25.011555	
25.011375	25.022713	25.033957	25.045076	25.056023	25.066759	25.077238	25.087429	25.097286	25.106775	25.115856	25.124500	25.132671	25.140341	25.147476	25.154053	25.160046	25.165428	25.170189	25.174297	25.177750	25.180527	25.182621	25.184015	25.184719	25.184715	25.184017	25.182617	25.180527	25.177753	25.174301	25.170189	25.165430	25.160046	25.154053	25.147476	25.140339	25.132669	25.124500	25.115856	25.106773	25.097284	25.087429	25.077240	25.066759	25.056023	25.045078	25.033955	25.022711	25.011375	
25.011154	25.022270	25.033300	25.044201	25.054935	25.065460	25.075741	25.085732	25.095398	25.104700	25.113609	25.122082	25.130096	25.137617	25.144615	25.151062	25.156939	25.162220	25.166882	25.170916	25.174297	25.177023	25.179073	25.180447	25.181129	25.181133	25.180443	25.179073	25.177025	25.174299	25.170916	25.166885	25.162220	25.156937	25.151064	25.144615	25.137615	25.130096	25.122084	25.113609	25.104702	25.095398	25.085732	25.075743	25.065464	25.054937	25.044201	25.033298	25.022268	25.011156	
25.010895	25.021744	25.032513	25.043159	25.053638	25.063919	25.073954	25.083710	25.093145	25.102234	25.110928	25.119205	25.127029	25.134371	25.141203	25.147499	25.153236	25.158392	25.162949	25.166882	25.170189	25.172846	25.174850	25.176186	25.176859	25.176857	25.176189	25.174847	25.172846	25.170189	25.166882	25.162949	25.158392	25.153236	25.147499	25.141205	25.134369	25.127029	25.119204	25.110928	25.102234	25.093149	25.083710	25.073954	25.063919	25.053642	25.043159	25.032511	25.021744	25.010891	
25.010590	25.021137	25.031603	25.041952	25.052141	25.062130	25.071884	25.081369	25.090544	25.099373	25.107826	25.115871	25.123478	25.130611	25.137257	25.143377	25.148954	25.153965	25.158392	25.162220	25.165432	25.168015	25.169960	25.171265	25.171915	25.171913	25.171261	25.169962	25.168015	25.165428	25.162220	25.158390	25.153965	25.148952	25.143375	25.137257	25.130615	25.123478	25.115871	25.107828	25.099377	25.090546	25.081367	25.071888	25.062132	25.052143	25.041950	25.031605	25.021133	25.010590	
25.010246	25.020447	25.030577	25.040588	25.050442	25.060110	25.069546	25.078720	25.087595	25.096138	25.104317	25.112103	25.119457	25.126362	25.132790	25.138710	25.144106	25.148954	25.153236	25.156940	25.160046	25.162546	25.164429	25.165688	25.166319	25.166319	25.165688	25.164429	25.162544	25.160046	25.156937	25.153236	25.148952	25.144104	25.138710	25.132788	25.126362	25.119459	25.112101	25.104319	25.096142	25.087597	25.078722	25.069546	25.060112	25.050442	25.040588	25.030573	25.020451	25.010242	
25.009857	25.019684	25.029430	25.039066	25.048555	25.057858	25.066940	25.075775	25.084316	25.092539	25.100410	25.107903	25.114986	25.121632	25.127815	25.133518	25.138710	25.143377	25.147499	25.151062	25.154053	25.156460	25.158272	25.159483	25.160091	25.160091	25.159485	25.158272	25.156460	25.154053	25.151064	25.147497	25.143375	25.138710	25.133516	25.127817	25.121632	25.114986	25.107906	25.100414	25.092541	25.084318	25.075773	25.066944	25.057859	25.048557	25.039062	25.029432	25.019680	25.009861	
25.009441	25.018841	25.028175	25.037399	25.046482	25.055389	25.064085	25.072538	25.080719	25.088589	25.096125	25.103298	25.110077	25.116440	25.122360	25.127815	25.132786	25.137257	25.141203	25.144615	25.147476	25.149780	25.151516	25.152676	25.153255	25.153259	25.152676	25.151516	25.149780	25.147478	25.144611	25.141205	25.137255	25.132788	25.127815	25.122360	25.116440	25.110077	25.103298	25.096127	25.088591	25.080719	25.072540	25.064087	25.055389	25.046480	25.037403	25.028172	25.018845	25.009438	
25.008980	25.017933	25.026810	25.035591	25.044233	25.052708	25.060986	25.069029	25.076813	25.084301	25.091473	25.098297	25.104750	25.110806	25.116440	25.121632	25.126362	25.130615	25.134371	25.137619	25.140343	25.142532	25.144184	25.145288	25.145844	25.145844	25.145290	25.144184	25.142534	25.140341	25.137619	25.134369	25.130615	25.126364	25.121632	25.116440	25.110806	25.104752	25.098301	25.091476	25.084305	25.076813	25.069029	25.060986	25.052708	25.044235	25.035589	25.026814	25.017929	25.008984	
25.008492	25.016949	25.025349	25.033646	25.041817	25.049829	25.057652	25.065258	25.072617	25.079697	25.086477	25.092926	25.099028	25.104752	25.110077	25.114985	25.119461	25.123478	25.127029	25.130098	25.132673	25.134747	25.136307	25.137352	25.137875	25.137873	25.137350	25.136307	25.134745	25.132675	25.130096	25.127029	25.123478	25.119459	25.114986	25.110077	25.104752	25.099030	25.092930	25.086477	25.079699	25.072617	25.065258	25.057652	25.049831	25.041815	25.033646	25.025345	25.016951	25.008492	
25.007969	25.015907	25.023785	25.031572	25.039242	25.046759	25.054102	25.061239	25.068142	25.074789	25.081150	25.087204	25.092928	25.098299	25.103298	25.107903	25.112099	25.115873	25.119205	25.122086	25.124502	25.126446	25.127911	25.128891	25.129383	25.129383	25.128891	25.127913	25.126448	25.124500	25.122086	25.119205	25.115873	25.112101	25.107904	25.103298	25.098301	25.092930	25.087206	25.081150	25.074787	25.068142	25.061237	25.054104	25.046759	25.039242	25.031570	25.023787	25.015907	25.007969	
25.007416	25.014803	25.022133	25.029381	25.036514	25.043514	25.050346	25.056986	25.063412	25.069595	25.075518	25.081148	25.086477	25.091473	25.096127	25.100410	25.104319	25.107830	25.110931	25.113611	25.115856	25.117668	25.119030	25.119942	25.120399	25.120399	25.119942	25.119034	25.117668	25.115858	25.113607	25.110929	25.107826	25.104317	25.100414	25.096127	25.091475	25.086475	25.081150	25.075514	25.069597	25.063412	25.056988	25.050344	25.043514	25.036514	25.029381	25.022133	25.014803	25.007416	
25.006836	25.013641	25.020399	25.027075	25.033653	25.040100	25.046398	25.052519	25.058437	25.064140	25.069593	25.074787	25.079697	25.084305	25.088589	25.092541	25.096138	25.099373	25.102234	25.104702	25.106775	25.108440	25.109699	25.110538	25.110962	25.110962	25.110538	25.109699	25.108444	25.106777	25.104702	25.102232	25.099373	25.096138	25.092541	25.088589	25.084303	25.079695	25.074787	25.069595	25.064140	25.058441	25.052519	25.046402	25.040100	25.033655	25.027077	25.020401	25.013641	25.006832	
25.006226	25.012430	25.018585	25.024672	25.030663	25.036537	25.042274	25.047852	25.053249	25.058439	25.063412	25.068142	25.072615	25.076813	25.080719	25.084316	25.087595	25.090546	25.093147	25.095398	25.097284	25.098804	25.099949	25.100716	25.101101	25.101099	25.100716	25.099951	25.098808	25.097286	25.095398	25.093147	25.090542	25.087597	25.084316	25.080717	25.076813	25.072617	25.068142	25.063412	25.058441	25.053247	25.047852	25.042274	25.036539	25.030663	25.024672	25.018585	25.012432	25.006227	
25.005594	25.011168	25.016705	25.022171	25.027557	25.032835	25.037991	25.043003	25.047853	25.052521	25.056986	25.061237	25.065258	25.069029	25.072536	25.075775	25.078720	25.081369	25.083710	25.085732	25.087429	25.088795	25.089823	25.090511	25.090857	25.090855	25.090511	25.089825	25.088795	25.087429	25.085733	25.083708	25.081371	25.078720	25.075775	25.072538	25.069031	25.065258	25.061237	25.056988	25.052519	25.047852	25.043003	25.037992	25.032833	25.027557	25.022171	25.016703	25.011171	25.005596	
25.004944	25.009869	25.014755	25.019587	25.024345	25.029011	25.033564	25.037991	25.042274	25.046396	25.050343	25.054102	25.057652	25.060986	25.064085	25.066942	25.069546	25.071888	25.073952	25.075743	25.077240	25.078445	25.079357	25.079964	25.080269	25.080267	25.079964	25.079357	25.078447	25.077244	25.075741	25.073956	25.071886	25.069548	25.066944	25.064087	25.060984	25.057652	25.054104	25.050344	25.046398	25.042274	25.037991	25.033566	25.029009	25.024343	25.019588	25.014755	25.009867	25.004944	
25.004272	25.008530	25.012753	25.016928	25.021042	25.025074	25.029011	25.032835	25.036537	25.040100	25.043514	25.046761	25.049828	25.052708	25.055387	25.057858	25.060108	25.062130	25.063919	25.065464	25.066757	25.067802	25.068586	25.069111	25.069374	25.069374	25.069113	25.068588	25.067804	25.066757	25.065464	25.063917	25.062134	25.060108	25.057859	25.055389	25.052708	25.049828	25.046759	25.043514	25.040100	25.036539	25.032837	25.029011	25.025072	25.021040	25.016928	25.012753	25.008530	25.004272	
25.003586	25.007156	25.010700	25.014208	25.017656	25.021042	25.024345	25.027555	25.030663	25.033653	25.036516	25.039242	25.041813	25.044231	25.046482	25.048553	25.050444	25.052139	25.053638	25.054937	25.056023	25.056896	25.057556	25.057999	25.058220	25.058220	25.057999	25.057560	25.056898	25.056026	25.054935	25.053640	25.052139	25.050446	25.048553	25.046482	25.044231	25.041815	25.039242	25.036514	25.033655	25.030663	25.027557	25.024343	25.021042	25.017658	25.014206	25.010704	25.007158	25.003586	
25.002884	25.005756	25.008614	25.011429	25.014208	25.016930	25.019588	25.022171	25.024672	25.027077	25.029381	25.031572	25.033646	25.035589	25.037399	25.039066	25.040585	25.041950	25.043159	25.044199	25.045076	25.045780	25.046310	25.046665	25.046844	25.046844	25.046665	25.046310	25.045784	25.045074	25.044201	25.043156	25.041952	25.040585	25.039066	25.037399	25.035587	25.033646	25.031570	25.029381	25.027077	25.024673	25.022171	25.019587	25.016930	25.014206	25.011431	25.008610	25.005760	25.002886	
25.002174	25.004337	25.006485	25.008614	25.010702	25.012754	25.014755	25.016703	25.018585	25.020401	25.022133	25.023785	25.025347	25.026810	25.028175	25.029430	25.030575	25.031605	25.032513	25.033298	25.033957	25.034489	25.034885	25.035156	25.035290	25.035290	25.035156	25.034887	25.034487	25.033958	25.033298	25.032513	25.031603	25.030577	25.029430	25.028175	25.026810	25.025345	25.023787	25.022133	25.020399	25.018585	25.016705	25.014757	25.012753	25.010704	25.008610	25.006489	25.004341	25.002174	
25.001453	25.002903	25.004337	25.005756	25.007160	25.008530	25.009869	25.011169	25.012432	25.013641	25.014805	25.015907	25.016953	25.017929	25.018841	25.019682	25.020447	25.021133	25.021744	25.022268	25.022711	25.023064	25.023335	25.023510	25.023602	25.023602	25.023510	25.023333	25.023067	25.022709	25.022270	25.021744	25.021137	25.020449	25.019682	25.018843	25.017929	25.016951	25.015907	25.014805	25.013641	25.012430	25.011171	25.009869	25.008530	25.007156	25.005760	25.004337	25.002903	25.001453	
25.000729	25.001453	25.002172	25.002886	25.003586	25.004272	25.004944	25.005596	25.006226	25.006836	25.007416	25.007969	25.008492	25.008984	25.009439	25.009859	25.010242	25.010586	25.010891	25.011156	25.011375	25.011555	25.011688	25.011776	25.011824	25.011824	25.011778	25.011688	25.011555	25.011377	25.011154	25.010891	25.010588	25.010244	25.009861	25.009438	25.008982	25.008492	25.007969	25.007416	25.006834	25.006227	25.005596	25.004944	25.004272	25.003586	25.002884	25.002174	25.001453	25.000729	
