25.011055	25.022205	25.033211	25.044487	25.055470	25.066868	25.077812	25.089264	25.100094	25.111450	25.122017	25.133060	25.143139	25.153574	25.162886	25.172367	25.180599	25.188763	25.195587	25.202082	25.207201	25.211720	25.214895	25.217213	25.218290	25.218290	25.217213	25.214897	25.211721	25.207203	25.202082	25.195587	25.188763	25.180597	25.172367	25.162884	25.153574	25.143137	25.133060	25.122017	25.111452	25.100090	25.089264	25.077812	25.066868	25.055470	25.044487	25.033211	25.022205	25.011055	
25.022205	25.044270	25.066698	25.088699	25.111391	25.133343	25.156225	25.178041	25.200905	25.222361	25.244835	25.265556	25.287123	25.306602	25.326618	25.344254	25.361996	25.377142	25.391890	25.403912	25.414993	25.423346	25.430227	25.434509	25.436844	25.436844	25.434509	25.430229	25.423347	25.414993	25.403910	25.391888	25.377142	25.361996	25.344254	25.326616	25.306602	25.287125	25.265556	25.244837	25.222361	25.200907	25.178041	25.156227	25.133343	25.111391	25.088699	25.066700	25.044270	25.022205	
25.033211	25.066700	25.099766	25.133629	25.166634	25.200859	25.233749	25.268129	25.300676	25.334778	25.366531	25.399683	25.429977	25.461304	25.489294	25.517761	25.542496	25.567007	25.587519	25.607010	25.622402	25.635963	25.645512	25.652470	25.655706	25.655704	25.652472	25.645512	25.635963	25.622402	25.607010	25.587521	25.567005	25.542498	25.517757	25.489292	25.461302	25.429974	25.399685	25.366528	25.334780	25.300674	25.268129	25.233747	25.200859	25.166634	25.133629	25.099768	25.066698	25.033211	
25.044487	25.088699	25.133631	25.177725	25.223167	25.267176	25.312994	25.356739	25.402508	25.445530	25.490517	25.532074	25.575241	25.614307	25.654366	25.689735	25.725250	25.755623	25.785135	25.809250	25.831423	25.848183	25.861950	25.870541	25.875210	25.875212	25.870541	25.861950	25.848179	25.831425	25.809246	25.785135	25.755623	25.725250	25.689735	25.654364	25.614305	25.575237	25.532070	25.490520	25.445530	25.402510	25.356737	25.312994	25.267178	25.223169	25.177723	25.133631	25.088699	25.044487	
25.055470	25.111389	25.166634	25.223169	25.278320	25.335438	25.390417	25.447781	25.502193	25.559084	25.612173	25.667477	25.718132	25.770380	25.817188	25.864666	25.906036	25.946909	25.981216	26.013718	26.039463	26.062073	26.078047	26.089645	26.095062	26.095060	26.089645	26.078045	26.062073	26.039461	26.013721	25.981215	25.946909	25.906034	25.864664	25.817188	25.770380	25.718128	25.667477	25.612173	25.559084	25.502190	25.447781	25.390417	25.335440	25.278318	25.223167	25.166634	25.111389	25.055470	
25.066868	25.133345	25.200859	25.267178	25.335438	25.401649	25.470449	25.536278	25.604994	25.669750	25.737278	25.799831	25.864618	25.923435	25.983547	26.036804	26.090092	26.135826	26.180107	26.216413	26.249685	26.274918	26.295578	26.308514	26.315521	26.315521	26.308514	26.295576	26.274916	26.249687	26.216412	26.180107	26.135824	26.090092	26.036800	25.983547	25.923431	25.864614	25.799828	25.737278	25.669748	25.604996	25.536276	25.470451	25.401649	25.335438	25.267176	25.200857	25.133343	25.066868	
25.077812	25.156225	25.233751	25.312992	25.390419	25.470449	25.547655	25.628006	25.704437	25.784107	25.858694	25.936127	26.007299	26.080444	26.146221	26.212677	26.270821	26.328026	26.376242	26.421734	26.457914	26.489559	26.512009	26.528244	26.535854	26.535854	26.528244	26.512007	26.489559	26.457912	26.421736	26.376240	26.328030	26.270815	26.212681	26.146217	26.080444	26.007294	25.936123	25.858690	25.784107	25.704435	25.628010	25.547653	25.470451	25.390415	25.312994	25.233749	25.156225	25.077812	
25.089264	25.178043	25.268127	25.356737	25.447779	25.536280	25.628006	25.716022	25.807608	25.894211	25.984192	26.067863	26.154175	26.232861	26.312935	26.384188	26.455162	26.516357	26.575329	26.623913	26.668221	26.701986	26.729494	26.746809	26.756138	26.756138	26.746807	26.729496	26.701984	26.668222	26.623909	26.575331	26.516354	26.455162	26.384182	26.312935	26.232857	26.154175	26.067862	25.984196	25.894207	25.807610	25.716021	25.628008	25.536278	25.447781	25.356735	25.268129	25.178043	25.089264	
25.100094	25.200907	25.300674	25.402508	25.502193	25.604992	25.704437	25.807606	25.906086	26.008347	26.104469	26.203838	26.295578	26.389429	26.474224	26.559479	26.634438	26.707821	26.769985	26.828331	26.874985	26.915571	26.944517	26.965340	26.975153	26.975151	26.965340	26.944515	26.915573	26.874981	26.828335	26.769981	26.707821	26.634434	26.559479	26.474220	26.389427	26.295574	26.203836	26.104465	26.008347	25.906082	25.807610	25.704433	25.604996	25.502190	25.402510	25.300674	25.200905	25.100092	
25.111452	25.222361	25.334778	25.445530	25.559082	25.669750	25.784105	25.894213	26.008347	26.116718	26.228821	26.333546	26.441051	26.539551	26.639271	26.728477	26.816854	26.893475	26.966900	27.027731	27.082893	27.125175	27.159424	27.181105	27.192717	27.192717	27.181101	27.159424	27.125172	27.082897	27.027729	26.966900	26.893475	26.816856	26.728476	26.639271	26.539547	26.441051	26.333542	26.228821	26.116713	26.008347	25.894207	25.784109	25.669748	25.559084	25.445528	25.334778	25.222359	25.111450	
25.122015	25.244837	25.366531	25.490520	25.612175	25.737278	25.858694	25.984192	26.104471	26.228821	26.346260	26.467052	26.579161	26.693222	26.796860	26.900455	26.992081	27.081242	27.157234	27.228121	27.285152	27.334461	27.369846	27.395142	27.407139	27.407137	27.395142	27.369843	27.334459	27.285149	27.228123	27.157230	27.081242	26.992077	26.900455	26.796856	26.693222	26.579157	26.467052	26.346256	26.228821	26.104467	25.984196	25.858692	25.737280	25.612171	25.490520	25.366528	25.244835	25.122015	
25.133060	25.265556	25.399685	25.532072	25.667477	25.799831	25.936125	26.067865	26.203838	26.333549	26.467052	26.592434	26.720427	26.838379	26.957079	27.063917	27.169102	27.260874	27.348249	27.421116	27.486759	27.537403	27.578156	27.604126	27.617947	27.617945	27.604122	27.578156	27.537397	27.486759	27.421112	27.348248	27.260870	27.169102	27.063915	26.957079	26.838375	26.720425	26.592428	26.467052	26.333542	26.203836	26.067860	25.936127	25.799829	25.667477	25.532072	25.399685	25.265556	25.133060	
25.143137	25.287121	25.429977	25.575239	25.718132	25.864616	26.007301	26.154177	26.295582	26.441051	26.579161	26.720425	26.852301	26.985662	27.107594	27.228695	27.336508	27.440720	27.530144	27.612991	27.680107	27.737730	27.779373	27.808935	27.823053	27.823053	27.808935	27.779369	27.737730	27.680101	27.612991	27.530140	27.440720	27.336504	27.228695	27.107590	26.985661	26.852299	26.720427	26.579159	26.441051	26.295578	26.154175	26.007298	25.864620	25.718132	25.575239	25.429976	25.287123	25.143137	
25.153574	25.306602	25.461304	25.614307	25.770382	25.923435	26.080446	26.232862	26.389431	26.539555	26.693222	26.838379	26.985661	27.122250	27.258804	27.382542	27.503527	27.609829	27.710320	27.794727	27.870218	27.928885	27.975752	28.005836	28.021729	28.021727	28.005833	27.975750	27.928883	27.870216	27.794724	27.710316	27.609823	27.503529	27.382542	27.258804	27.122246	26.985661	26.838379	26.693222	26.539551	26.389429	26.232861	26.080448	25.923433	25.770384	25.614305	25.461304	25.306602	25.153574	
25.162886	25.326616	25.489292	25.654366	25.817188	25.983547	26.146223	26.312937	26.474226	26.639273	26.796860	26.957081	27.107594	27.258804	27.397999	27.535286	27.658375	27.776501	27.878607	27.972504	28.049141	28.114445	28.161999	28.195499	28.211620	28.211620	28.195499	28.161993	28.114445	28.049137	27.972502	27.878601	27.776499	27.658373	27.535286	27.397999	27.258806	27.107592	26.957081	26.796858	26.639273	26.474224	26.312939	26.146221	25.983551	25.817188	25.654367	25.489292	25.326618	25.162886	
25.172367	25.344254	25.517759	25.689735	25.864666	26.036804	26.212681	26.384188	26.559479	26.728479	26.900459	27.063919	27.228695	27.382544	27.535286	27.674685	27.809986	27.929752	28.042122	28.137230	28.221638	28.287745	28.340141	28.374041	28.391809	28.391811	28.374041	28.340141	28.287741	28.221638	28.137228	28.042122	27.929749	27.809986	27.674683	27.535286	27.382542	27.228697	27.063917	26.900455	26.728477	26.559481	26.384186	26.212681	26.036802	25.864668	25.689735	25.517761	25.344252	25.172371	
25.180599	25.362000	25.542496	25.725250	25.906036	26.090092	26.270819	26.455162	26.634438	26.816856	26.992083	27.169102	27.336506	27.503529	27.658379	27.809986	27.946939	28.077366	28.190983	28.294651	28.379932	28.452026	28.504944	28.541929	28.559868	28.559868	28.541927	28.504942	28.452026	28.379930	28.294651	28.190981	28.077366	27.946938	27.809984	27.658375	27.503529	27.336506	27.169100	26.992079	26.816856	26.634438	26.455166	26.270817	26.090092	25.906034	25.725250	25.542496	25.362000	25.180597	
25.188765	25.377144	25.567007	25.755623	25.946911	26.135824	26.328030	26.516357	26.707819	26.893478	27.081242	27.260874	27.440722	27.609829	27.776501	27.929752	28.077366	28.209049	28.331631	28.436216	28.528282	28.600979	28.658131	28.695410	28.714790	28.714790	28.695408	28.658127	28.600977	28.528282	28.436214	28.331629	28.209049	28.077364	27.929750	27.776499	27.609829	27.440720	27.260872	27.081244	26.893475	26.707821	26.516356	26.328028	26.135824	25.946911	25.755621	25.567005	25.377140	25.188763	
25.195587	25.391890	25.587519	25.785135	25.981215	26.180107	26.376240	26.575329	26.769983	26.966900	27.157234	27.348249	27.530146	27.710320	27.878609	28.042122	28.190983	28.331631	28.455141	28.566921	28.659636	28.737366	28.794899	28.834772	28.854279	28.854277	28.834770	28.794895	28.737366	28.659634	28.566921	28.455139	28.331627	28.190981	28.042122	27.878605	27.710320	27.530144	27.348248	27.157230	26.966900	26.769983	26.575329	26.376240	26.180105	25.981215	25.785135	25.587519	25.391888	25.195587	
25.202082	25.403908	25.607012	25.809248	26.013721	26.216413	26.421736	26.623913	26.828335	27.027733	27.228125	27.421116	27.612993	27.794731	27.972504	28.137232	28.294649	28.436216	28.566921	28.679359	28.777523	28.855684	28.916616	28.956701	28.977362	28.977362	28.956699	28.916616	28.855682	28.777525	28.679359	28.566919	28.436214	28.294649	28.137232	27.972504	27.794729	27.612993	27.421116	27.228123	27.027729	26.828331	26.623911	26.421730	26.216413	26.013720	25.809246	25.607010	25.403912	25.202080	
25.207201	25.414991	25.622400	25.831425	26.039463	26.249687	26.457914	26.668222	26.874985	27.082897	27.285152	27.486759	27.680107	27.870220	28.049141	28.221636	28.379932	28.528282	28.659634	28.777523	28.876129	28.958105	29.019299	29.061344	29.082092	29.082092	29.061346	29.019299	28.958105	28.876129	28.777525	28.659632	28.528282	28.379932	28.221638	28.049141	27.870220	27.680105	27.486759	27.285151	27.082897	26.874985	26.668221	26.457912	26.249685	26.039461	25.831423	25.622402	25.414991	25.207203	
25.211720	25.423346	25.635962	25.848179	26.062077	26.274918	26.489559	26.701982	26.915573	27.125175	27.334461	27.537403	27.737732	27.928886	28.114445	28.287746	28.452024	28.600979	28.737366	28.855682	28.958105	29.040356	29.103928	29.146111	29.167667	29.167667	29.146111	29.103926	29.040356	28.958105	28.855682	28.737366	28.600979	28.452026	28.287746	28.114445	27.928883	27.737732	27.537401	27.334461	27.125172	26.915573	26.701981	26.489559	26.274918	26.062075	25.848181	25.635963	25.423347	25.211720	
25.214895	25.430225	25.645512	25.861950	26.078045	26.295578	26.512005	26.729494	26.944515	27.159424	27.369846	27.578157	27.779373	27.975750	28.161997	28.340139	28.504944	28.658129	28.794899	28.916615	29.019297	29.103928	29.167650	29.211060	29.232666	29.232664	29.211061	29.167650	29.103926	29.019299	28.916615	28.794895	28.658129	28.504948	28.340141	28.161997	27.975750	27.779373	27.578156	27.369844	27.159424	26.944515	26.729496	26.512005	26.295578	26.078045	25.861950	25.645510	25.430225	25.214897	
25.217215	25.434509	25.652470	25.870541	26.089649	26.308514	26.528242	26.746807	26.965340	27.181103	27.395142	27.604126	27.808933	28.005836	28.195498	28.374043	28.541927	28.695408	28.834770	28.956699	29.061344	29.146111	29.211058	29.254536	29.276558	29.276556	29.254534	29.211060	29.146111	29.061346	28.956699	28.834772	28.695412	28.541927	28.374044	28.195499	28.005835	27.808933	27.604126	27.395142	27.181103	26.965342	26.746807	26.528244	26.308514	26.089649	25.870541	25.652470	25.434509	25.217213	
25.218290	25.436844	25.655704	25.875212	26.095060	26.315521	26.535852	26.756138	26.975153	27.192719	27.407139	27.617947	27.823051	28.021729	28.211618	28.391809	28.559870	28.714790	28.854277	28.977360	29.082092	29.167667	29.232666	29.276558	29.298595	29.298595	29.276558	29.232666	29.167667	29.082092	28.977362	28.854277	28.714790	28.559870	28.391811	28.211620	28.021729	27.823051	27.617947	27.407137	27.192719	26.975153	26.756138	26.535854	26.315521	26.095062	25.875210	25.655706	25.436844	25.218290	
25.218290	25.436844	25.655704	25.875212	26.095060	26.315521	26.535852	26.756138	26.975153	27.192719	27.407139	27.617947	27.823051	28.021729	28.211618	28.391809	28.559870	28.714790	28.854277	28.977360	29.082092	29.167667	29.232666	29.276558	29.298595	29.298595	29.276558	29.232666	29.167667	29.082092	28.977362	28.854277	28.714790	28.559870	28.391811	28.211620	28.021729	27.823051	27.617947	27.407137	27.192719	26.975153	26.756138	26.535854	26.315521	26.095062	25.875210	25.655706	25.436844	25.218290	
25.217215	25.434509	25.652470	25.870541	26.089649	26.308514	26.528242	26.746807	26.965340	27.181103	27.395142	27.604126	27.808933	28.005836	28.195498	28.374043	28.541927	28.695408	28.834770	28.956699	29.061344	29.146111	29.211058	29.254536	29.276558	29.276556	29.254534	29.211060	29.146111	29.061346	28.956699	28.834772	28.695412	28.541927	28.374044	28.195499	28.005835	27.808933	27.604126	27.395142	27.181103	26.965342	26.746807	26.528244	26.308514	26.089649	25.870541	25.652470	25.434509	25.217213	
25.214895	25.430225	25.645512	25.861950	26.078045	26.295578	26.512005	26.729494	26.944515	27.159424	27.369846	27.578157	27.779373	27.975750	28.161997	28.340139	28.504944	28.658129	28.794899	28.916615	29.019297	29.103928	29.167650	29.211060	29.232666	29.232664	29.211061	29.167650	29.103926	29.019299	28.916615	28.794895	28.658129	28.504948	28.340141	28.161997	27.975750	27.779373	27.578156	27.369844	27.159424	26.944515	26.729496	26.512005	26.295578	26.078045	25.861950	25.645510	25.430225	25.214897	
25.211720	25.423346	25.635962	25.848179	26.062077	26.274918	26.489559	26.701982	26.915573	27.125175	27.334461	27.537403	27.737732	27.928886	28.114445	28.287746	28.452024	28.600979	28.737366	28.855682	28.958105	29.040356	29.103928	29.146111	29.167667	29.167667	29.146111	29.103926	29.040356	28.958105	28.855682	28.737366	28.600979	28.452026	28.287746	28.114445	27.928883	27.737732	27.537401	27.334461	27.125172	26.915573	26.701981	26.489559	26.274918	26.062075	25.848181	25.635963	25.423347	25.211720	
25.207201	25.414991	25.622400	25.831425	26.039463	26.249687	26.457914	26.668222	26.874985	27.082897	27.285152	27.486759	27.680107	27.870220	28.049141	28.221636	28.379932	28.528282	28.659634	28.777523	28.876129	28.958105	29.019299	29.061344	29.082092	29.082092	29.061346	29.019299	28.958105	28.876129	28.777525	28.659632	28.528282	28.379932	28.221638	28.049141	27.870220	27.680105	27.486759	27.285151	27.082897	26.874985	26.668221	26.457912	26.249685	26.039461	25.831423	25.622402	25.414991	25.207203	
25.202082	25.403908	25.607012	25.809248	26.013721	26.216413	26.421736	26.623913	26.828335	27.027733	27.228125	27.421116	27.612993	27.794731	27.972504	28.137232	28.294649	28.436216	28.566921	28.679359	28.777523	28.855684	28.916616	28.956701	28.977362	28.977362	28.956699	28.916616	28.855682	28.777525	28.679359	28.566919	28.436214	28.294649	28.137232	27.972504	27.794729	27.612993	27.421116	27.228123	27.027729	26.828331	26.623911	26.421730	26.216413	26.013720	25.809246	25.607010	25.403912	25.202080	
25.195587	25.391890	25.587519	25.785135	25.981215	26.180107	26.376240	26.575329	26.769983	26.966900	27.157234	27.348249	27.530146	27.710320	27.878609	28.042122	28.190983	28.331631	28.455141	28.566921	28.659636	28.737366	28.794899	28.834772	28.854279	28.854277	28.834770	28.794895	28.737366	28.659634	28.566921	28.455139	28.331627	28.190981	28.042122	27.878605	27.710320	27.530144	27.348248	27.157230	26.966900	26.769983	26.575329	26.376240	26.180105	25.981215	25.785135	25.587519	25.391888	25.195587	
25.188765	25.377144	25.567007	25.755623	25.946911	26.135824	26.328030	26.516357	26.707819	26.893478	27.081242	27.260874	27.440722	27.609829	27.776501	27.929752	28.077366	28.209049	28.331631	28.436216	28.528282	28.600979	28.658131	28.695410	28.714790	28.714790	28.695408	28.658127	28.600977	28.528282	28.436214	28.331629	28.209049	28.077364	27.929750	27.776499	27.609829	27.440720	27.260872	27.081244	26.893475	26.707821	26.516356	26.328028	26.135824	25.946911	25.755621	25.567005	25.377140	25.188763	
25.180599	25.362000	25.542496	25.725250	25.906036	26.090092	26.270819	26.455162	26.634438	26.816856	26.992083	27.169102	27.336506	27.503529	27.658379	27.809986	27.946939	28.077366	28.190983	28.294651	28.379932	28.452026	28.504944	28.541929	28.559868	28.559868	28.541927	28.504942	28.452026	28.379930	28.294651	28.190981	28.077366	27.946938	27.809984	27.658375	27.503529	27.336506	27.169100	26.992079	26.816856	26.634438	26.455166	26.270817	26.090092	25.906034	25.725250	25.542496	25.362000	25.180597	
25.172367	25.344254	25.517759	25.689735	25.864666	26.036804	26.212681	26.384188	26.559479	26.728479	26.900459	27.063919	27.228695	27.382544	27.535286	27.674685	27.809986	27.929752	28.042122	28.137230	28.221638	28.287745	28.340141	28.374041	28.391809	28.391811	28.374041	28.340141	28.287741	28.221638	28.137228	28.042122	27.929749	27.809986	27.674683	27.535286	27.382542	27.228697	27.063917	26.900455	26.728477	26.559481	26.384186	26.212681	26.036802	25.864668	25.689735	25.517761	25.344252	25.172371	
25.162886	25.326616	25.489292	25.654366	25.817188	25.983547	26.146223	26.312937	26.474226	26.639273	26.796860	26.957081	27.107594	27.258804	27.397999	27.535286	27.658375	27.776501	27.878607	27.972504	28.049141	28.114445	28.161999	28.195499	28.211620	28.211620	28.195499	28.161993	28.114445	28.049137	27.972502	27.878601	27.776499	27.658373	27.535286	27.397999	27.258806	27.107592	26.957081	26.796858	26.639273	26.474224	26.312939	26.146221	25.983551	25.817188	25.654367	25.489292	25.326618	25.162886	
25.153574	25.306602	25.461304	25.614307	25.770382	25.923435	26.080446	26.232862	26.389431	26.539555	26.693222	26.838379	26.985661	27.122250	27.258804	27.382542	27.503527	27.609829	27.710320	27.794727	27.870218	27.928885	27.975752	28.005836	28.021729	28.021727	28.005833	27.975750	27.928883	27.870216	27.794724	27.710316	27.609823	27.503529	27.382542	27.258804	27.122246	26.985661	26.838379	26.693222	26.539551	26.389429	26.232861	26.080448	25.923433	25.770384	25.614305	25.461304	25.306602	25.153574	
25.143137	25.287121	25.429977	25.575239	25.718132	25.864616	26.007301	26.154177	26.295582	26.441051	26.579161	26.720425	26.852301	26.985662	27.107594	27.228695	27.336508	27.440720	27.530144	27.612991	27.680107	27.737730	27.779373	27.808935	27.823053	27.823053	27.808935	27.779369	27.737730	27.680101	27.612991	27.530140	27.440720	27.336504	27.228695	27.107590	26.985661	26.852299	26.720427	26.579159	26.441051	26.295578	26.154175	26.007298	25.864620	25.718132	25.575239	25.429976	25.287123	25.143137	
25.133060	25.265556	25.399685	25.532072	25.667477	25.799831	25.936125	26.067865	26.203838	26.333549	26.467052	26.592434	26.720427	26.838379	26.957079	27.063917	27.169102	27.260874	27.348249	27.421116	27.486759	27.537403	27.578156	27.604126	27.617947	27.617945	27.604122	27.578156	27.537397	27.486759	27.421112	27.348248	27.260870	27.169102	27.063915	26.957079	26.838375	26.720425	26.592428	26.467052	26.333542	26.203836	26.067860	25.936127	25.799829	25.667477	25.532072	25.399685	25.265556	25.133060	
25.122015	25.244837	25.366531	25.490520	25.612175	25.737278	25.858694	25.984192	26.104471	26.228821	26.346260	26.467052	26.579161	26.693222	26.796860	26.900455	26.992081	27.081242	27.157234	27.228121	27.285152	27.334461	27.369846	27.395142	27.407139	27.407137	27.395142	27.369843	27.334459	27.285149	27.228123	27.157230	27.081242	26.992077	26.900455	26.796856	26.693222	26.579157	26.467052	26.346256	26.228821	26.104467	25.984196	25.858692	25.737280	25.612171	25.490520	25.366528	25.244835	25.122015	
25.111452	25.222361	25.334778	25.445530	25.559082	25.669750	25.784105	25.894213	26.008347	26.116718	26.228821	26.333546	26.441051	26.539551	26.639271	26.728477	26.816854	26.893475	26.966900	27.027731	27.082893	27.125175	27.159424	27.181105	27.192717	27.192717	27.181101	27.159424	27.125172	27.082897	27.027729	26.966900	26.893475	26.816856	26.728476	26.639271	26.539547	26.441051	26.333542	26.228821	26.116713	26.008347	25.894207	25.784109	25.669748	25.559084	25.445528	25.334778	25.222359	25.111450	
25.100094	25.200907	25.300674	25.402508	25.502193	25.604992	25.704437	25.807606	25.906086	26.008347	26.104469	26.203838	26.295578	26.389429	26.474224	26.559479	26.634438	26.707821	26.769985	26.828331	26.874985	26.915571	26.944517	26.965340	26.975153	26.975151	26.965340	26.944515	26.915573	26.874981	26.828335	26.769981	26.707821	26.634434	26.559479	26.474220	26.389427	26.295574	26.203836	26.104465	26.008347	25.906082	25.807610	25.704433	25.604996	25.502190	25.402510	25.300674	25.200905	25.100092	
25.089264	25.178043	25.268127	25.356737	25.447779	25.536280	25.628006	25.716022	25.807608	25.894211	25.984192	26.067863	26.154175	26.232861	26.312935	26.384188	26.455162	26.516357	26.575329	26.623913	26.668221	26.701986	26.729494	26.746809	26.756138	26.756138	26.746807	26.729496	26.701984	26.668222	26.623909	26.575331	26.516354	26.455162	26.384182	26.312935	26.232857	26.154175	26.067862	25.984196	25.894207	25.807610	25.716021	25.628008	25.536278	25.447781	25.356735	25.268129	25.178043	25.089264	
25.077812	25.156225	25.233751	25.312992	25.390419	25.470449	25.547655	25.628006	25.704437	25.784107	25.858694	25.936127	26.007299	26.080444	26.146221	26.212677	26.270821	26.328026	26.376242	26.421734	26.457914	26.489559	26.512009	26.528244	26.535854	26.535854	26.528244	26.512007	26.489559	26.457912	26.421736	26.376240	26.328030	26.270815	26.212681	26.146217	26.080444	26.007294	25.936123	25.858690	25.784107	25.704435	25.628010	25.547653	25.470451	25.390415	25.312994	25.233749	25.156225	25.077812	
25.066868	25.133345	25.200859	25.267178	25.335438	25.401649	25.470449	25.536278	25.604994	25.669750	25.737278	25.799831	25.864618	25.923435	25.983547	26.036804	26.090092	26.135826	26.180107	26.216413	26.249685	26.274918	26.295578	26.308514	26.315521	26.315521	26.308514	26.295576	26.274916	26.249687	26.216412	26.180107	26.135824	26.090092	26.036800	25.983547	25.923431	25.864614	25.799828	25.737278	25.669748	25.604996	25.536276	25.470451	25.401649	25.335438	25.267176	25.200857	25.133343	25.066868	
25.055470	25.111389	25.166634	25.223169	25.278320	25.335438	25.390417	25.447781	25.502193	25.559084	25.612173	25.667477	25.718132	25.770380	25.817188	25.864666	25.906036	25.946909	25.981216	26.013718	26.039463	26.062073	26.078047	26.089645	26.095062	26.095060	26.089645	26.078045	26.062073	26.039461	26.013721	25.981215	25.946909	25.906034	25.864664	25.817188	25.770380	25.718128	25.667477	25.612173	25.559084	25.502190	25.447781	25.390417	25.335440	25.278318	25.223167	25.166634	25.111389	25.055470	
25.044487	25.088699	25.133631	25.177725	25.223167	25.267176	25.312994	25.356739	25.402508	25.445530	25.490517	25.532074	25.575241	25.614307	25.654366	25.689735	25.725250	25.755623	25.785135	25.809250	25.831423	25.848183	25.861950	25.870541	25.875210	25.875212	25.870541	25.861950	25.848179	25.831425	25.809246	25.785135	25.755623	25.725250	25.689735	25.654364	25.614305	25.575237	25.532070	25.490520	25.445530	25.402510	25.356737	25.312994	25.267178	25.223169	25.177723	25.133631	25.088699	25.044487	
25.033211	25.066700	25.099766	25.133629	25.166634	25.200859	25.233749	25.268129	25.300676	25.334778	25.366531	25.399683	25.429977	25.461304	25.489294	25.517761	25.542496	25.567007	25.587519	25.607010	25.622402	25.635963	25.645512	25.652470	25.655706	25.655704	25.652472	25.645512	25.635963	25.622402	25.607010	25.587521	25.567005	25.542498	25.517757	25.489292	25.461302	25.429974	25.399685	25.366528	25.334780	25.300674	25.268129	25.233747	25.200859	25.166634	25.133629	25.099768	25.066698	25.033211	
25.022205	25.044270	25.066698	25.088699	25.111391	25.133343	25.156225	25.178041	25.200905	25.222361	25.244835	25.265556	25.287123	25.306602	25.326618	25.344254	25.361996	25.377142	25.391890	25.403912	25.414993	25.423346	25.430227	25.434509	25.436844	25.436844	25.434509	25.430229	25.423347	25.414993	25.403910	25.391888	25.377142	25.361996	25.344254	25.326616	25.306602	25.287125	25.265556	25.244837	25.222361	25.200907	25.178041	25.156227	25.133343	25.111391	25.088699	25.066700	25.044270	25.022205	
25.011055	25.022205	25.033211	25.044487	25.055470	25.066868	25.077812	25.089264	25.100094	25.111450	25.122017	25.133060	25.143139	25.153574	25.162886	25.172367	25.180599	25.188763	25.195587	25.202082	25.207201	25.211720	25.214895	25.217213	25.218290	25.218290	25.217213	25.214897	25.211721	25.207203	25.202082	25.195587	25.188763	25.180597	25.172367	25.162884	25.153574	25.143137	25.133060	25.122017	25.111452	25.100090	25.089264	25.077812	25.066868	25.055470	25.044487	25.033211	25.022205	25.011055	
