25.003700	25.007389	25.011047	25.014668	25.018229	25.021721	25.025133	25.028450	25.031660	25.034746	25.037704	25.040520	25.043182	25.045677	25.048004	25.050142	25.052099	25.053854	25.055405	25.056744	25.057869	25.058773	25.059456	25.059910	25.060139	25.060139	25.059912	25.059456	25.058773	25.057869	25.056742	25.055405	25.053852	25.052099	25.050144	25.048004	25.045677	25.043180	25.040520	25.037706	25.034746	25.031658	25.028450	25.025135	25.021723	25.018229	25.014666	25.011047	25.007389	25.003700	
25.007389	25.014750	25.022053	25.029278	25.036388	25.043362	25.050171	25.056793	25.063194	25.069366	25.075264	25.080887	25.086197	25.091187	25.095823	25.100105	25.104000	25.107504	25.110598	25.113274	25.115517	25.117325	25.118683	25.119595	25.120050	25.120052	25.119596	25.118685	25.117325	25.115517	25.113274	25.110596	25.107502	25.103998	25.100103	25.095823	25.091185	25.086197	25.080887	25.075268	25.069365	25.063194	25.056791	25.050171	25.043362	25.036388	25.029278	25.022055	25.014748	25.007389	
25.011047	25.022053	25.032978	25.043776	25.054409	25.064838	25.075022	25.084917	25.094501	25.103716	25.112547	25.120945	25.128895	25.136345	25.143288	25.149679	25.155510	25.160746	25.165375	25.169373	25.172733	25.175430	25.177467	25.178827	25.179512	25.179510	25.178827	25.177467	25.175432	25.172733	25.169373	25.165375	25.160744	25.155510	25.149677	25.143286	25.136345	25.128893	25.120945	25.112549	25.103716	25.094498	25.084919	25.075020	25.064837	25.054411	25.043776	25.032976	25.022057	25.011047	
25.014668	25.029278	25.043776	25.058113	25.072224	25.086071	25.099585	25.112728	25.125439	25.137684	25.149395	25.160555	25.171093	25.180996	25.190201	25.198696	25.206427	25.213383	25.219522	25.224836	25.229288	25.232876	25.235577	25.237385	25.238289	25.238293	25.237385	25.235577	25.232878	25.229288	25.224838	25.219522	25.213383	25.206425	25.198696	25.190201	25.180992	25.171091	25.160553	25.149395	25.137682	25.125437	25.112728	25.099583	25.086071	25.072226	25.058113	25.043777	25.029274	25.014668	
25.018227	25.036386	25.054411	25.072224	25.089771	25.106974	25.123777	25.140102	25.155910	25.171120	25.185692	25.199547	25.212660	25.224953	25.236408	25.246952	25.256573	25.265209	25.272850	25.279444	25.284988	25.289438	25.292801	25.295042	25.296169	25.296169	25.295044	25.292801	25.289440	25.284988	25.279446	25.272850	25.265209	25.256573	25.246950	25.236403	25.224951	25.212656	25.199543	25.185690	25.171120	25.155914	25.140104	25.123777	25.106972	25.089771	25.072226	25.054409	25.036388	25.018227	
25.021721	25.043362	25.064835	25.086069	25.106972	25.127480	25.147491	25.166958	25.185783	25.203920	25.221268	25.237797	25.253407	25.268072	25.281706	25.294285	25.305737	25.316040	25.325134	25.333004	25.339600	25.344913	25.348911	25.351589	25.352928	25.352930	25.351589	25.348911	25.344912	25.339600	25.333004	25.325134	25.316040	25.305737	25.294285	25.281704	25.268070	25.253403	25.237793	25.221268	25.203922	25.185783	25.166962	25.147491	25.127480	25.106972	25.086067	25.064837	25.043358	25.021723	
25.025131	25.050171	25.075020	25.099583	25.123775	25.147491	25.170662	25.193174	25.214970	25.235935	25.256027	25.275131	25.293211	25.310162	25.325954	25.340494	25.353760	25.365667	25.376202	25.385294	25.392937	25.399076	25.403709	25.406801	25.408354	25.408356	25.406801	25.403709	25.399076	25.392937	25.385294	25.376202	25.365667	25.353758	25.340496	25.325954	25.310160	25.293207	25.275129	25.256027	25.235937	25.214972	25.193172	25.170662	25.147491	25.123775	25.099583	25.075020	25.050171	25.025131	
25.028450	25.056793	25.084917	25.112724	25.140102	25.166958	25.193172	25.218670	25.243324	25.267076	25.289799	25.311443	25.331888	25.351095	25.368954	25.385429	25.400429	25.413925	25.425835	25.436140	25.444778	25.451738	25.456974	25.460484	25.462238	25.462234	25.460482	25.456974	25.451738	25.444777	25.436140	25.425831	25.413925	25.400429	25.385429	25.368954	25.351095	25.331890	25.311443	25.289799	25.267078	25.243326	25.218670	25.193172	25.166960	25.140102	25.112724	25.084917	25.056789	25.028450	
25.031658	25.063194	25.094494	25.125435	25.155907	25.185783	25.214966	25.243322	25.270777	25.297188	25.322495	25.346556	25.369331	25.390682	25.410574	25.428890	25.445597	25.460598	25.473867	25.485321	25.494947	25.502682	25.508518	25.512417	25.514370	25.514372	25.512413	25.508518	25.502682	25.494947	25.485321	25.473869	25.460598	25.445602	25.428890	25.410576	25.390682	25.369331	25.346560	25.322495	25.297188	25.270779	25.243324	25.214968	25.185781	25.155907	25.125435	25.094496	25.063194	25.031658	
25.034744	25.069363	25.103714	25.137680	25.171116	25.203915	25.235933	25.267073	25.297188	25.326195	25.353947	25.380384	25.405354	25.428814	25.450623	25.470749	25.489067	25.505547	25.520094	25.532682	25.543232	25.551735	25.558128	25.562414	25.564556	25.564556	25.562414	25.558128	25.551735	25.543234	25.532682	25.520094	25.505548	25.489067	25.470749	25.450623	25.428814	25.405355	25.380383	25.353947	25.326195	25.297186	25.267075	25.235935	25.203918	25.171114	25.137678	25.103714	25.069363	25.034746	
25.037704	25.075264	25.112543	25.149391	25.185684	25.221264	25.256021	25.289795	25.322491	25.353947	25.384087	25.412746	25.439869	25.465298	25.488991	25.510801	25.530699	25.548567	25.564367	25.578012	25.589476	25.598690	25.605639	25.610279	25.612608	25.612608	25.610279	25.605639	25.598690	25.589476	25.578012	25.564371	25.548569	25.530704	25.510803	25.488991	25.465298	25.439869	25.412746	25.384087	25.353947	25.322495	25.289795	25.256023	25.221264	25.185686	25.149391	25.112545	25.075262	25.037704	
25.040520	25.080883	25.120943	25.160549	25.199539	25.237789	25.275126	25.311438	25.346554	25.380379	25.412743	25.443569	25.472691	25.500046	25.525478	25.548946	25.570309	25.589527	25.606489	25.621168	25.633472	25.643387	25.650846	25.655840	25.658340	25.658339	25.655840	25.650845	25.643387	25.633476	25.621170	25.606491	25.589529	25.570309	25.548948	25.525478	25.500046	25.472691	25.443569	25.412746	25.380381	25.346556	25.311440	25.275127	25.237789	25.199539	25.160551	25.120941	25.080885	25.040520	
25.043179	25.086195	25.128887	25.171089	25.212650	25.253399	25.293201	25.331884	25.369324	25.405350	25.439865	25.472689	25.503748	25.532871	25.560001	25.584988	25.607775	25.628237	25.646332	25.661957	25.675087	25.685638	25.693596	25.698914	25.701578	25.701580	25.698912	25.693598	25.685638	25.675091	25.661961	25.646336	25.628239	25.607779	25.584988	25.560005	25.532873	25.503750	25.472691	25.439865	25.405352	25.369328	25.331884	25.293205	25.253401	25.212654	25.171087	25.128891	25.086193	25.043179	
25.045677	25.091183	25.136339	25.180990	25.224945	25.268063	25.310154	25.351088	25.390678	25.428806	25.465294	25.500042	25.532873	25.563705	25.592382	25.618835	25.642921	25.664583	25.683706	25.700254	25.714128	25.725304	25.733713	25.739340	25.742161	25.742159	25.739342	25.733713	25.725304	25.714130	25.700258	25.683712	25.664585	25.642921	25.618839	25.592382	25.563709	25.532871	25.500042	25.465296	25.428810	25.390678	25.351091	25.310154	25.268064	25.224947	25.180992	25.136341	25.091183	25.045677	
25.048000	25.095821	25.143282	25.190195	25.236397	25.281696	25.325947	25.368946	25.410570	25.450619	25.488983	25.525475	25.560001	25.592382	25.622540	25.650318	25.675646	25.698395	25.718510	25.735882	25.750479	25.762207	25.771055	25.776964	25.779928	25.779930	25.776966	25.771055	25.762209	25.750477	25.735886	25.718513	25.698399	25.675650	25.650316	25.622543	25.592381	25.560005	25.525478	25.488987	25.450621	25.410572	25.368946	25.325949	25.281700	25.236401	25.190197	25.143284	25.095821	25.048000	
25.050142	25.100101	25.149673	25.198689	25.246944	25.294277	25.340487	25.385424	25.428885	25.470743	25.510799	25.548941	25.584984	25.618832	25.650314	25.679352	25.705795	25.729576	25.750572	25.768736	25.783968	25.796232	25.805466	25.811647	25.814741	25.814741	25.811647	25.805468	25.796234	25.783970	25.768736	25.750576	25.729578	25.705795	25.679356	25.650314	25.618837	25.584984	25.548944	25.510799	25.470743	25.428885	25.385424	25.340488	25.294281	25.246946	25.198692	25.149675	25.100100	25.050144	
25.052097	25.103992	25.155502	25.206421	25.256565	25.305729	25.353754	25.400421	25.445593	25.489059	25.530697	25.570305	25.607771	25.642916	25.675644	25.705791	25.733282	25.757973	25.779802	25.798660	25.814499	25.827230	25.836830	25.843246	25.846464	25.846462	25.843246	25.836834	25.827230	25.814499	25.798660	25.779804	25.757973	25.733284	25.705793	25.675646	25.642918	25.607773	25.570305	25.530699	25.489063	25.445593	25.400421	25.353752	25.305731	25.256565	25.206423	25.155504	25.103996	25.052097	
25.053848	25.107500	25.160740	25.213377	25.265203	25.316034	25.365662	25.413918	25.460592	25.505545	25.548563	25.589523	25.628233	25.664581	25.698391	25.729574	25.757973	25.783508	25.806061	25.825565	25.841927	25.855097	25.865015	25.871653	25.874975	25.874975	25.871651	25.865015	25.855101	25.841927	25.825569	25.806063	25.783512	25.757973	25.729576	25.698391	25.664585	25.628233	25.589525	25.548567	25.505545	25.460596	25.413919	25.365662	25.316034	25.265202	25.213379	25.160742	25.107500	25.053852	
25.055401	25.110592	25.165371	25.219517	25.272842	25.325127	25.376196	25.425829	25.473862	25.520092	25.564365	25.606487	25.646328	25.683704	25.718508	25.750568	25.779800	25.806061	25.829273	25.849331	25.866169	25.879715	25.889923	25.896746	25.900167	25.900166	25.896746	25.889923	25.879713	25.866173	25.849331	25.829277	25.806061	25.779802	25.750570	25.718510	25.683704	25.646332	25.606487	25.564367	25.520092	25.473864	25.425827	25.376196	25.325130	25.272844	25.219521	25.165371	25.110596	25.055401	
25.056740	25.113270	25.169369	25.224831	25.279440	25.332998	25.385290	25.436134	25.485319	25.532679	25.578009	25.621166	25.661953	25.700253	25.735878	25.768732	25.798656	25.825565	25.849329	25.869879	25.887119	25.900997	25.911446	25.918438	25.921940	25.921940	25.918440	25.911446	25.900997	25.887117	25.869881	25.849331	25.825565	25.798656	25.768734	25.735880	25.700256	25.661955	25.621170	25.578011	25.532681	25.485319	25.436138	25.385290	25.333000	25.279442	25.224833	25.169371	25.113270	25.056744	
25.057865	25.115513	25.172728	25.229286	25.284981	25.339596	25.392933	25.444777	25.494946	25.543232	25.589476	25.633472	25.675083	25.714125	25.750473	25.783964	25.814493	25.841925	25.866169	25.887115	25.904705	25.918852	25.929514	25.936642	25.940214	25.940216	25.936642	25.929516	25.918850	25.904709	25.887117	25.866169	25.841925	25.814495	25.783966	25.750477	25.714127	25.675087	25.633474	25.589474	25.543234	25.494947	25.444777	25.392933	25.339598	25.284981	25.229288	25.172729	25.115517	25.057867	
25.058771	25.117321	25.175428	25.232876	25.289436	25.344913	25.399075	25.451738	25.502682	25.551733	25.598690	25.643385	25.685635	25.725300	25.762205	25.796230	25.827229	25.855093	25.879711	25.900993	25.918852	25.933224	25.944050	25.951292	25.954922	25.954918	25.951294	25.944050	25.933228	25.918850	25.900995	25.879711	25.855095	25.827229	25.796232	25.762209	25.725304	25.685638	25.643389	25.598690	25.551735	25.502684	25.451736	25.399076	25.344910	25.289440	25.232876	25.175432	25.117321	25.058773	
25.059452	25.118683	25.177464	25.235573	25.292797	25.348909	25.403709	25.456974	25.508518	25.558128	25.605639	25.650846	25.693596	25.733709	25.771051	25.805464	25.836826	25.865011	25.889919	25.911446	25.929512	25.944050	25.955002	25.962330	25.965996	25.965998	25.962326	25.955002	25.944050	25.929512	25.911444	25.889921	25.865013	25.836828	25.805466	25.771053	25.733711	25.693596	25.650848	25.605640	25.558134	25.508520	25.456976	25.403709	25.348911	25.292797	25.235577	25.177464	25.118683	25.059454	
25.059910	25.119595	25.178825	25.237383	25.295040	25.351587	25.406799	25.460482	25.512413	25.562414	25.610279	25.655842	25.698910	25.739342	25.776962	25.811642	25.843243	25.871647	25.896744	25.918436	25.936642	25.951290	25.962326	25.969707	25.973406	25.973404	25.969707	25.962328	25.951290	25.936642	25.918438	25.896744	25.871649	25.843246	25.811646	25.776966	25.739342	25.698915	25.655844	25.610283	25.562416	25.512419	25.460482	25.406803	25.351587	25.295042	25.237385	25.178825	25.119595	25.059910	
25.060137	25.120049	25.179508	25.238287	25.296167	25.352928	25.408354	25.462238	25.514370	25.564556	25.612610	25.658340	25.701578	25.742159	25.779926	25.814737	25.846458	25.874969	25.900162	25.921936	25.940212	25.954916	25.965996	25.973404	25.977116	25.977118	25.973404	25.965996	25.954918	25.940212	25.921940	25.900166	25.874973	25.846464	25.814741	25.779930	25.742161	25.701580	25.658342	25.612610	25.564560	25.514374	25.462238	25.408356	25.352926	25.296167	25.238287	25.179508	25.120049	25.060139	
25.060137	25.120049	25.179508	25.238287	25.296167	25.352928	25.408354	25.462238	25.514370	25.564556	25.612610	25.658340	25.701578	25.742159	25.779926	25.814737	25.846458	25.874969	25.900162	25.921936	25.940212	25.954916	25.965996	25.973404	25.977116	25.977118	25.973404	25.965996	25.954918	25.940212	25.921940	25.900166	25.874973	25.846464	25.814741	25.779930	25.742161	25.701580	25.658342	25.612610	25.564560	25.514374	25.462238	25.408356	25.352926	25.296167	25.238287	25.179508	25.120049	25.060139	
25.059910	25.119595	25.178825	25.237383	25.295040	25.351587	25.406799	25.460482	25.512413	25.562414	25.610279	25.655842	25.698910	25.739342	25.776962	25.811642	25.843243	25.871647	25.896744	25.918436	25.936642	25.951290	25.962326	25.969707	25.973406	25.973404	25.969707	25.962328	25.951290	25.936642	25.918438	25.896744	25.871649	25.843246	25.811646	25.776966	25.739342	25.698915	25.655844	25.610283	25.562416	25.512419	25.460482	25.406803	25.351587	25.295042	25.237385	25.178825	25.119595	25.059910	
25.059452	25.118683	25.177464	25.235573	25.292797	25.348909	25.403709	25.456974	25.508518	25.558128	25.605639	25.650846	25.693596	25.733709	25.771051	25.805464	25.836826	25.865011	25.889919	25.911446	25.929512	25.944050	25.955002	25.962330	25.965996	25.965998	25.962326	25.955002	25.944050	25.929512	25.911444	25.889921	25.865013	25.836828	25.805466	25.771053	25.733711	25.693596	25.650848	25.605640	25.558134	25.508520	25.456976	25.403709	25.348911	25.292797	25.235577	25.177464	25.118683	25.059454	
25.058771	25.117321	25.175428	25.232876	25.289436	25.344913	25.399075	25.451738	25.502682	25.551733	25.598690	25.643385	25.685635	25.725300	25.762205	25.796230	25.827229	25.855093	25.879711	25.900993	25.918852	25.933224	25.944050	25.951292	25.954922	25.954918	25.951294	25.944050	25.933228	25.918850	25.900995	25.879711	25.855095	25.827229	25.796232	25.762209	25.725304	25.685638	25.643389	25.598690	25.551735	25.502684	25.451736	25.399076	25.344910	25.289440	25.232876	25.175432	25.117321	25.058773	
25.057865	25.115513	25.172728	25.229286	25.284981	25.339596	25.392933	25.444777	25.494946	25.543232	25.589476	25.633472	25.675083	25.714125	25.750473	25.783964	25.814493	25.841925	25.866169	25.887115	25.904705	25.918852	25.929514	25.936642	25.940214	25.940216	25.936642	25.929516	25.918850	25.904709	25.887117	25.866169	25.841925	25.814495	25.783966	25.750477	25.714127	25.675087	25.633474	25.589474	25.543234	25.494947	25.444777	25.392933	25.339598	25.284981	25.229288	25.172729	25.115517	25.057867	
25.056740	25.113270	25.169369	25.224831	25.279440	25.332998	25.385290	25.436134	25.485319	25.532679	25.578009	25.621166	25.661953	25.700253	25.735878	25.768732	25.798656	25.825565	25.849329	25.869879	25.887119	25.900997	25.911446	25.918438	25.921940	25.921940	25.918440	25.911446	25.900997	25.887117	25.869881	25.849331	25.825565	25.798656	25.768734	25.735880	25.700256	25.661955	25.621170	25.578011	25.532681	25.485319	25.436138	25.385290	25.333000	25.279442	25.224833	25.169371	25.113270	25.056744	
25.055401	25.110592	25.165371	25.219517	25.272842	25.325127	25.376196	25.425829	25.473862	25.520092	25.564365	25.606487	25.646328	25.683704	25.718508	25.750568	25.779800	25.806061	25.829273	25.849331	25.866169	25.879715	25.889923	25.896746	25.900167	25.900166	25.896746	25.889923	25.879713	25.866173	25.849331	25.829277	25.806061	25.779802	25.750570	25.718510	25.683704	25.646332	25.606487	25.564367	25.520092	25.473864	25.425827	25.376196	25.325130	25.272844	25.219521	25.165371	25.110596	25.055401	
25.053848	25.107500	25.160740	25.213377	25.265203	25.316034	25.365662	25.413918	25.460592	25.505545	25.548563	25.589523	25.628233	25.664581	25.698391	25.729574	25.757973	25.783508	25.806061	25.825565	25.841927	25.855097	25.865015	25.871653	25.874975	25.874975	25.871651	25.865015	25.855101	25.841927	25.825569	25.806063	25.783512	25.757973	25.729576	25.698391	25.664585	25.628233	25.589525	25.548567	25.505545	25.460596	25.413919	25.365662	25.316034	25.265202	25.213379	25.160742	25.107500	25.053852	
25.052097	25.103992	25.155502	25.206421	25.256565	25.305729	25.353754	25.400421	25.445593	25.489059	25.530697	25.570305	25.607771	25.642916	25.675644	25.705791	25.733282	25.757973	25.779802	25.798660	25.814499	25.827230	25.836830	25.843246	25.846464	25.846462	25.843246	25.836834	25.827230	25.814499	25.798660	25.779804	25.757973	25.733284	25.705793	25.675646	25.642918	25.607773	25.570305	25.530699	25.489063	25.445593	25.400421	25.353752	25.305731	25.256565	25.206423	25.155504	25.103996	25.052097	
25.050142	25.100101	25.149673	25.198689	25.246944	25.294277	25.340487	25.385424	25.428885	25.470743	25.510799	25.548941	25.584984	25.618832	25.650314	25.679352	25.705795	25.729576	25.750572	25.768736	25.783968	25.796232	25.805466	25.811647	25.814741	25.814741	25.811647	25.805468	25.796234	25.783970	25.768736	25.750576	25.729578	25.705795	25.679356	25.650314	25.618837	25.584984	25.548944	25.510799	25.470743	25.428885	25.385424	25.340488	25.294281	25.246946	25.198692	25.149675	25.100100	25.050144	
25.048000	25.095821	25.143282	25.190195	25.236397	25.281696	25.325947	25.368946	25.410570	25.450619	25.488983	25.525475	25.560001	25.592382	25.622540	25.650318	25.675646	25.698395	25.718510	25.735882	25.750479	25.762207	25.771055	25.776964	25.779928	25.779930	25.776966	25.771055	25.762209	25.750477	25.735886	25.718513	25.698399	25.675650	25.650316	25.622543	25.592381	25.560005	25.525478	25.488987	25.450621	25.410572	25.368946	25.325949	25.281700	25.236401	25.190197	25.143284	25.095821	25.048000	
25.045677	25.091183	25.136339	25.180990	25.224945	25.268063	25.310154	25.351088	25.390678	25.428806	25.465294	25.500042	25.532873	25.563705	25.592382	25.618835	25.642921	25.664583	25.683706	25.700254	25.714128	25.725304	25.733713	25.739340	25.742161	25.742159	25.739342	25.733713	25.725304	25.714130	25.700258	25.683712	25.664585	25.642921	25.618839	25.592382	25.563709	25.532871	25.500042	25.465296	25.428810	25.390678	25.351091	25.310154	25.268064	25.224947	25.180992	25.136341	25.091183	25.045677	
25.043179	25.086195	25.128887	25.171089	25.212650	25.253399	25.293201	25.331884	25.369324	25.405350	25.439865	25.472689	25.503748	25.532871	25.560001	25.584988	25.607775	25.628237	25.646332	25.661957	25.675087	25.685638	25.693596	25.698914	25.701578	25.701580	25.698912	25.693598	25.685638	25.675091	25.661961	25.646336	25.628239	25.607779	25.584988	25.560005	25.532873	25.503750	25.472691	25.439865	25.405352	25.369328	25.331884	25.293205	25.253401	25.212654	25.171087	25.128891	25.086193	25.043179	
25.040520	25.080883	25.120943	25.160549	25.199539	25.237789	25.275126	25.311438	25.346554	25.380379	25.412743	25.443569	25.472691	25.500046	25.525478	25.548946	25.570309	25.589527	25.606489	25.621168	25.633472	25.643387	25.650846	25.655840	25.658340	25.658339	25.655840	25.650845	25.643387	25.633476	25.621170	25.606491	25.589529	25.570309	25.548948	25.525478	25.500046	25.472691	25.443569	25.412746	25.380381	25.346556	25.311440	25.275127	25.237789	25.199539	25.160551	25.120941	25.080885	25.040520	
25.037704	25.075264	25.112543	25.149391	25.185684	25.221264	25.256021	25.289795	25.322491	25.353947	25.384087	25.412746	25.439869	25.465298	25.488991	25.510801	25.530699	25.548567	25.564367	25.578012	25.589476	25.598690	25.605639	25.610279	25.612608	25.612608	25.610279	25.605639	25.598690	25.589476	25.578012	25.564371	25.548569	25.530704	25.510803	25.488991	25.465298	25.439869	25.412746	25.384087	25.353947	25.322495	25.289795	25.256023	25.221264	25.185686	25.149391	25.112545	25.075262	25.037704	
25.034744	25.069363	25.103714	25.137680	25.171116	25.203915	25.235933	25.267073	25.297188	25.326195	25.353947	25.380384	25.405354	25.428814	25.450623	25.470749	25.489067	25.505547	25.520094	25.532682	25.543232	25.551735	25.558128	25.562414	25.564556	25.564556	25.562414	25.558128	25.551735	25.543234	25.532682	25.520094	25.505548	25.489067	25.470749	25.450623	25.428814	25.405355	25.380383	25.353947	25.326195	25.297186	25.267075	25.235935	25.203918	25.171114	25.137678	25.103714	25.069363	25.034746	
25.031658	25.063194	25.094494	25.125435	25.155907	25.185783	25.214966	25.243322	25.270777	25.297188	25.322495	25.346556	25.369331	25.390682	25.410574	25.428890	25.445597	25.460598	25.473867	25.485321	25.494947	25.502682	25.508518	25.512417	25.514370	25.514372	25.512413	25.508518	25.502682	25.494947	25.485321	25.473869	25.460598	25.445602	25.428890	25.410576	25.390682	25.369331	25.346560	25.322495	25.297188	25.270779	25.243324	25.214968	25.185781	25.155907	25.125435	25.094496	25.063194	25.031658	
25.028450	25.056793	25.084917	25.112724	25.140102	25.166958	25.193172	25.218670	25.243324	25.267076	25.289799	25.311443	25.331888	25.351095	25.368954	25.385429	25.400429	25.413925	25.425835	25.436140	25.444778	25.451738	25.456974	25.460484	25.462238	25.462234	25.460482	25.456974	25.451738	25.444777	25.436140	25.425831	25.413925	25.400429	25.385429	25.368954	25.351095	25.331890	25.311443	25.289799	25.267078	25.243326	25.218670	25.193172	25.166960	25.140102	25.112724	25.084917	25.056789	25.028450	
25.025131	25.050171	25.075020	25.099583	25.123775	25.147491	25.170662	25.193174	25.214970	25.235935	25.256027	25.275131	25.293211	25.310162	25.325954	25.340494	25.353760	25.365667	25.376202	25.385294	25.392937	25.399076	25.403709	25.406801	25.408354	25.408356	25.406801	25.403709	25.399076	25.392937	25.385294	25.376202	25.365667	25.353758	25.340496	25.325954	25.310160	25.293207	25.275129	25.256027	25.235937	25.214972	25.193172	25.170662	25.147491	25.123775	25.099583	25.075020	25.050171	25.025131	
25.021721	25.043362	25.064835	25.086069	25.106972	25.127480	25.147491	25.166958	25.185783	25.203920	25.221268	25.237797	25.253407	25.268072	25.281706	25.294285	25.305737	25.316040	25.325134	25.333004	25.339600	25.344913	25.348911	25.351589	25.352928	25.352930	25.351589	25.348911	25.344912	25.339600	25.333004	25.325134	25.316040	25.305737	25.294285	25.281704	25.268070	25.253403	25.237793	25.221268	25.203922	25.185783	25.166962	25.147491	25.127480	25.106972	25.086067	25.064837	25.043358	25.021723	
25.018227	25.036386	25.054411	25.072224	25.089771	25.106974	25.123777	25.140102	25.155910	25.171120	25.185692	25.199547	25.212660	25.224953	25.236408	25.246952	25.256573	25.265209	25.272850	25.279444	25.284988	25.289438	25.292801	25.295042	25.296169	25.296169	25.295044	25.292801	25.289440	25.284988	25.279446	25.272850	25.265209	25.256573	25.246950	25.236403	25.224951	25.212656	25.199543	25.185690	25.171120	25.155914	25.140104	25.123777	25.106972	25.089771	25.072226	25.054409	25.036388	25.018227	
25.014668	25.029278	25.043776	25.058113	25.072224	25.086071	25.099585	25.112728	25.125439	25.137684	25.149395	25.160555	25.171093	25.180996	25.190201	25.198696	25.206427	25.213383	25.219522	25.224836	25.229288	25.232876	25.235577	25.237385	25.238289	25.238293	25.237385	25.235577	25.232878	25.229288	25.224838	25.219522	25.213383	25.206425	25.198696	25.190201	25.180992	25.171091	25.160553	25.149395	25.137682	25.125437	25.112728	25.099583	25.086071	25.072226	25.058113	25.043777	25.029274	25.014668	
25.011047	25.022053	25.032978	25.043776	25.054409	25.064838	25.075022	25.084917	25.094501	25.103716	25.112547	25.120945	25.128895	25.136345	25.143288	25.149679	25.155510	25.160746	25.165375	25.169373	25.172733	25.175430	25.177467	25.178827	25.179512	25.179510	25.178827	25.177467	25.175432	25.172733	25.169373	25.165375	25.160744	25.155510	25.149677	25.143286	25.136345	25.128893	25.120945	25.112549	25.103716	25.094498	25.084919	25.075020	25.064837	25.054411	25.043776	25.032976	25.022057	25.011047	
25.007389	25.014750	25.022053	25.029278	25.036388	25.043362	25.050171	25.056793	25.063194	25.069366	25.075264	25.080887	25.086197	25.091187	25.095823	25.100105	25.104000	25.107504	25.110598	25.113274	25.115517	25.117325	25.118683	25.119595	25.120050	25.120052	25.119596	25.118685	25.117325	25.115517	25.113274	25.110596	25.107502	25.103998	25.100103	25.095823	25.091185	25.086197	25.080887	25.075268	25.069365	25.063194	25.056791	25.050171	25.043362	25.036388	25.029278	25.022055	25.014748	25.007389	
25.003700	25.007389	25.011047	25.014668	25.018229	25.021721	25.025133	25.028450	25.031660	25.034746	25.037704	25.040520	25.043182	25.045677	25.048004	25.050142	25.052099	25.053854	25.055405	25.056744	25.057869	25.058773	25.059456	25.059910	25.060139	25.060139	25.059912	25.059456	25.058773	25.057869	25.056742	25.055405	25.053852	25.052099	25.050144	25.048004	25.045677	25.043180	25.040520	25.037706	25.034746	25.031658	25.028450	25.025135	25.021723	25.018229	25.014666	25.011047	25.007389	25.003700	
