25.000397	25.000793	25.001188	25.001577	25.001961	25.002337	25.002705	25.003059	25.003403	25.003735	25.004055	25.004358	25.004642	25.004911	25.005161	25.005390	25.005600	25.005789	25.005957	25.006100	25.006222	25.006317	25.006390	25.006439	25.006464	25.006466	25.006439	25.006390	25.006317	25.006220	25.006100	25.005955	25.005791	25.005600	25.005392	25.005161	25.004911	25.004642	25.004356	25.004057	25.003736	25.003405	25.003059	25.002705	25.002338	25.001961	25.001577	25.001186	25.000793	25.000399	
25.000793	25.001587	25.002373	25.003149	25.003914	25.004662	25.005396	25.006107	25.006798	25.007458	25.008095	25.008698	25.009270	25.009804	25.010302	25.010761	25.011181	25.011559	25.011889	25.012178	25.012417	25.012611	25.012756	25.012856	25.012901	25.012905	25.012854	25.012756	25.012608	25.012419	25.012175	25.011890	25.011555	25.011181	25.010761	25.010303	25.009804	25.009270	25.008699	25.008095	25.007458	25.006796	25.006109	25.005394	25.004665	25.003914	25.003147	25.002373	25.001587	25.000793	
25.001190	25.002373	25.003548	25.004707	25.005852	25.006973	25.008066	25.009132	25.010162	25.011152	25.012102	25.013006	25.013859	25.014660	25.015408	25.016090	25.016720	25.017281	25.017778	25.018208	25.018570	25.018858	25.019077	25.019222	25.019295	25.019295	25.019222	25.019073	25.018856	25.018566	25.018209	25.017776	25.017281	25.016716	25.016092	25.015404	25.014660	25.013859	25.013004	25.012104	25.011154	25.010162	25.009132	25.008070	25.006973	25.005852	25.004709	25.003548	25.002373	25.001190	
25.001579	25.003147	25.004709	25.006250	25.007771	25.009254	25.010710	25.012123	25.013489	25.014805	25.016066	25.017263	25.018398	25.019461	25.020449	25.021362	25.022190	25.022940	25.023598	25.024170	25.024647	25.025032	25.025322	25.025517	25.025610	25.025614	25.025515	25.025322	25.025028	25.024647	25.024168	25.023598	25.022938	25.022192	25.021360	25.020451	25.019459	25.018396	25.017265	25.016064	25.014805	25.013489	25.012123	25.010712	25.009258	25.007769	25.006248	25.004711	25.003149	25.001577	
25.001961	25.003914	25.005852	25.007771	25.009655	25.011505	25.013309	25.015068	25.016766	25.018402	25.019966	25.021458	25.022865	25.024185	25.025417	25.026548	25.027584	25.028507	25.029331	25.030039	25.030636	25.031113	25.031471	25.031712	25.031836	25.031830	25.031713	25.031469	25.031113	25.030632	25.030037	25.029329	25.028511	25.027580	25.026550	25.025414	25.024185	25.022865	25.021456	25.019966	25.018402	25.016766	25.015068	25.013311	25.011505	25.009655	25.007767	25.005852	25.003914	25.001961	
25.002335	25.004665	25.006973	25.009256	25.011505	25.013710	25.015862	25.017952	25.019978	25.021927	25.023792	25.025566	25.027245	25.028820	25.030285	25.031637	25.032866	25.033974	25.034950	25.035797	25.036503	25.037073	25.037502	25.037788	25.037931	25.037933	25.037788	25.037502	25.037069	25.036503	25.035793	25.034948	25.033970	25.032867	25.031635	25.030285	25.028820	25.027245	25.025566	25.023792	25.021927	25.019979	25.017954	25.015862	25.013710	25.011505	25.009258	25.006973	25.004665	25.002337	
25.002705	25.005398	25.008068	25.010712	25.013311	25.015862	25.018353	25.020775	25.023113	25.025370	25.027527	25.029583	25.031523	25.033344	25.035040	25.036602	25.038029	25.039305	25.040436	25.041414	25.042234	25.042892	25.043388	25.043724	25.043888	25.043888	25.043722	25.043388	25.042892	25.042233	25.041416	25.040436	25.039307	25.038025	25.036602	25.035040	25.033344	25.031525	25.029581	25.027527	25.025372	25.023115	25.020773	25.018353	25.015862	25.013313	25.010712	25.008070	25.005396	25.002705	
25.003059	25.006107	25.009132	25.012123	25.015068	25.017954	25.020775	25.023514	25.026165	25.028717	25.031162	25.033482	25.035683	25.037743	25.039663	25.041431	25.043041	25.044491	25.045773	25.046877	25.047806	25.048550	25.049114	25.049488	25.049679	25.049679	25.049488	25.049114	25.048550	25.047806	25.046875	25.045773	25.044491	25.043041	25.041431	25.039663	25.037745	25.035681	25.033485	25.031158	25.028717	25.026165	25.023514	25.020773	25.017954	25.015068	25.012123	25.009132	25.006111	25.003059	
25.003403	25.006794	25.010162	25.013489	25.016766	25.019981	25.023115	25.026165	25.029114	25.031956	25.034670	25.037260	25.039703	25.042000	25.044136	25.046104	25.047897	25.049507	25.050930	25.052162	25.053196	25.054026	25.054649	25.055069	25.055279	25.055279	25.055071	25.054649	25.054028	25.053192	25.052162	25.050930	25.049507	25.047894	25.046103	25.044136	25.042000	25.039705	25.037258	25.034672	25.031954	25.029114	25.026165	25.023117	25.019978	25.016766	25.013489	25.010164	25.006796	25.003407	
25.003738	25.007458	25.011154	25.014805	25.018402	25.021927	25.025370	25.028717	25.031956	25.035069	25.038055	25.040890	25.043577	25.046095	25.048439	25.050600	25.052570	25.054337	25.055899	25.057249	25.058380	25.059292	25.059980	25.060438	25.060669	25.060671	25.060440	25.059982	25.059292	25.058382	25.057247	25.055901	25.054335	25.052568	25.050598	25.048439	25.046093	25.043577	25.040892	25.038055	25.035069	25.031954	25.028717	25.025370	25.021927	25.018402	25.014807	25.011154	25.007462	25.003736	
25.004051	25.008095	25.012100	25.016064	25.019966	25.023792	25.027527	25.031158	25.034672	25.038055	25.041290	25.044373	25.047283	25.050014	25.052559	25.054905	25.057041	25.058958	25.060654	25.062119	25.063349	25.064337	25.065083	25.065580	25.065830	25.065830	25.065582	25.065083	25.064339	25.063345	25.062119	25.060654	25.058960	25.057037	25.054903	25.052559	25.050018	25.047283	25.044373	25.041290	25.038054	25.034672	25.031158	25.027527	25.023792	25.019966	25.016066	25.012102	25.008095	25.004055	
25.004356	25.008694	25.013006	25.017262	25.021458	25.025566	25.029581	25.033484	25.037258	25.040892	25.044373	25.047680	25.050812	25.053747	25.056480	25.059002	25.061295	25.063356	25.065178	25.066753	25.068075	25.069138	25.069939	25.070473	25.070742	25.070744	25.070473	25.069942	25.069138	25.068075	25.066753	25.065178	25.063356	25.061295	25.058998	25.056480	25.053745	25.050812	25.047682	25.044373	25.040894	25.037258	25.033485	25.029583	25.025566	25.021456	25.017263	25.013004	25.008698	25.004356	
25.004642	25.009270	25.013855	25.018394	25.022861	25.027245	25.031521	25.035681	25.039703	25.043575	25.047283	25.050812	25.054144	25.057274	25.060188	25.062874	25.065319	25.067514	25.069454	25.071133	25.072542	25.073675	25.074530	25.075100	25.075386	25.075386	25.075100	25.074530	25.073677	25.072544	25.071135	25.069458	25.067516	25.065315	25.062874	25.060188	25.057278	25.054146	25.050812	25.047283	25.043577	25.039705	25.035681	25.031525	25.027245	25.022865	25.018398	25.013859	25.009270	25.004642	
25.004910	25.009804	25.014660	25.019459	25.024185	25.028818	25.033344	25.037743	25.041998	25.046097	25.050014	25.053749	25.057274	25.060587	25.063667	25.066505	25.069092	25.071417	25.073469	25.075245	25.076735	25.077934	25.078835	25.079441	25.079742	25.079741	25.079439	25.078838	25.077932	25.076736	25.075245	25.073473	25.071417	25.069094	25.066505	25.063667	25.060585	25.057276	25.053747	25.050018	25.046097	25.041998	25.037745	25.033344	25.028820	25.024185	25.019459	25.014660	25.009804	25.004910	
25.005161	25.010302	25.015404	25.020451	25.025415	25.030285	25.035040	25.039663	25.044136	25.048439	25.052561	25.056480	25.060188	25.063663	25.066906	25.069885	25.072605	25.075047	25.077206	25.079069	25.080637	25.081894	25.082844	25.083477	25.083796	25.083797	25.083479	25.082844	25.081898	25.080637	25.079073	25.077206	25.075050	25.072605	25.069889	25.066904	25.063667	25.060188	25.056480	25.052559	25.048439	25.044136	25.039661	25.035040	25.030285	25.025415	25.020449	25.015404	25.010303	25.005161	
25.005390	25.010761	25.016092	25.021362	25.026546	25.031635	25.036604	25.041431	25.046101	25.050602	25.054901	25.059002	25.062870	25.066505	25.069885	25.073006	25.075842	25.078396	25.080647	25.082596	25.084232	25.085548	25.086536	25.087200	25.087532	25.087532	25.087200	25.086540	25.085548	25.084234	25.082598	25.080650	25.078396	25.075846	25.073002	25.069889	25.066505	25.062874	25.058998	25.054903	25.050598	25.046103	25.041431	25.036602	25.031635	25.026548	25.021360	25.016090	25.010761	25.005390	
25.005600	25.011181	25.016716	25.022190	25.027582	25.032866	25.038025	25.043041	25.047895	25.052567	25.057041	25.061295	25.065317	25.069092	25.072607	25.075842	25.078796	25.081444	25.083786	25.085808	25.087507	25.088873	25.089905	25.090591	25.090939	25.090939	25.090595	25.089905	25.088875	25.087511	25.085812	25.083786	25.081448	25.078793	25.075846	25.072603	25.069094	25.065317	25.061295	25.057037	25.052568	25.047895	25.043041	25.038025	25.032867	25.027580	25.022190	25.016716	25.011181	25.005600	
25.005787	25.011555	25.017281	25.022938	25.028507	25.033974	25.039307	25.044491	25.049505	25.054337	25.058956	25.063358	25.067513	25.071419	25.075047	25.078396	25.081442	25.084185	25.086605	25.088696	25.090450	25.091866	25.092928	25.093641	25.093998	25.093998	25.093641	25.092930	25.091866	25.090454	25.088697	25.086605	25.084183	25.081446	25.078396	25.075050	25.071417	25.067516	25.063354	25.058960	25.054337	25.049507	25.044491	25.039305	25.033970	25.028509	25.022936	25.017281	25.011555	25.005789	
25.005955	25.011887	25.017778	25.023598	25.029331	25.034946	25.040438	25.045769	25.050930	25.055897	25.060654	25.065178	25.069458	25.073469	25.077208	25.080647	25.083786	25.086605	25.089092	25.091248	25.093052	25.094505	25.095602	25.096333	25.096703	25.096699	25.096336	25.095602	25.094509	25.093052	25.091248	25.089094	25.086607	25.083786	25.080650	25.077206	25.073471	25.069456	25.065180	25.060650	25.055897	25.050930	25.045771	25.040436	25.034950	25.029329	25.023596	25.017776	25.011889	25.005955	
25.006100	25.012177	25.018208	25.024168	25.030037	25.035793	25.041412	25.046877	25.052160	25.057247	25.062119	25.066753	25.071133	25.075249	25.079071	25.082598	25.085810	25.088696	25.091248	25.093451	25.095303	25.096790	25.097908	25.098661	25.099037	25.099037	25.098661	25.097914	25.096790	25.095303	25.093452	25.091248	25.088696	25.085812	25.082598	25.079075	25.075249	25.071136	25.066751	25.062119	25.057247	25.052162	25.046875	25.041412	25.035793	25.030037	25.024168	25.018206	25.012175	25.006100	
25.006222	25.012417	25.018566	25.024647	25.030632	25.036501	25.042233	25.047804	25.053196	25.058380	25.063347	25.068073	25.072542	25.076733	25.080639	25.084232	25.087509	25.090454	25.093052	25.095303	25.097187	25.098705	25.099850	25.100613	25.100998	25.100998	25.100616	25.099850	25.098707	25.097187	25.095303	25.093056	25.090454	25.087509	25.084236	25.080637	25.076736	25.072544	25.068075	25.063347	25.058384	25.053192	25.047806	25.042231	25.036503	25.030632	25.024643	25.018566	25.012417	25.006220	
25.006317	25.012611	25.018856	25.025032	25.031111	25.037071	25.042892	25.048552	25.054024	25.059294	25.064337	25.069138	25.073673	25.077934	25.081898	25.085548	25.088875	25.091866	25.094505	25.096788	25.098705	25.100246	25.101408	25.102184	25.102573	25.102577	25.102188	25.101412	25.100248	25.098705	25.096792	25.094509	25.091866	25.088875	25.085550	25.081898	25.077934	25.073675	25.069138	25.064339	25.059292	25.054024	25.048550	25.042892	25.037069	25.031109	25.025030	25.018854	25.012611	25.006317	
25.006393	25.012758	25.019075	25.025324	25.031471	25.037502	25.043388	25.049114	25.054651	25.059980	25.065083	25.069939	25.074530	25.078838	25.082848	25.086540	25.089905	25.092930	25.095600	25.097912	25.099848	25.101410	25.102585	25.103371	25.103765	25.103764	25.103371	25.102583	25.101410	25.099850	25.097914	25.095604	25.092930	25.089905	25.086540	25.082846	25.078836	25.074528	25.069939	25.065083	25.059980	25.054649	25.049114	25.043388	25.037502	25.031469	25.025318	25.019073	25.012754	25.006390	
25.006439	25.012856	25.019222	25.025517	25.031713	25.037790	25.043722	25.049492	25.055071	25.060440	25.065582	25.070477	25.075100	25.079443	25.083481	25.087204	25.090593	25.093641	25.096336	25.098660	25.100615	25.102186	25.103371	25.104162	25.104557	25.104561	25.104162	25.103371	25.102188	25.100616	25.098663	25.096334	25.093643	25.090595	25.087204	25.083481	25.079441	25.075100	25.070473	25.065582	25.060440	25.055069	25.049488	25.043720	25.037788	25.031712	25.025513	25.019218	25.012856	25.006439	
25.006466	25.012905	25.019295	25.025612	25.031834	25.037933	25.043890	25.049679	25.055279	25.060671	25.065832	25.070744	25.075388	25.079742	25.083799	25.087536	25.090939	25.093998	25.096703	25.099037	25.100998	25.102573	25.103764	25.104559	25.104958	25.104958	25.104561	25.103764	25.102575	25.100998	25.099037	25.096703	25.093998	25.090939	25.087536	25.083797	25.079742	25.075386	25.070744	25.065830	25.060669	25.055279	25.049679	25.043888	25.037933	25.031832	25.025612	25.019291	25.012903	25.006464	
25.006466	25.012905	25.019295	25.025612	25.031834	25.037933	25.043890	25.049679	25.055279	25.060671	25.065832	25.070744	25.075388	25.079742	25.083799	25.087536	25.090939	25.093998	25.096703	25.099037	25.100998	25.102573	25.103764	25.104559	25.104958	25.104958	25.104561	25.103764	25.102575	25.100998	25.099037	25.096703	25.093998	25.090939	25.087536	25.083797	25.079742	25.075386	25.070744	25.065830	25.060669	25.055279	25.049679	25.043888	25.037933	25.031832	25.025612	25.019291	25.012903	25.006464	
25.006439	25.012856	25.019222	25.025517	25.031713	25.037790	25.043722	25.049492	25.055071	25.060440	25.065582	25.070477	25.075100	25.079443	25.083481	25.087204	25.090593	25.093641	25.096336	25.098660	25.100615	25.102186	25.103371	25.104162	25.104557	25.104561	25.104162	25.103371	25.102188	25.100616	25.098663	25.096334	25.093643	25.090595	25.087204	25.083481	25.079441	25.075100	25.070473	25.065582	25.060440	25.055069	25.049488	25.043720	25.037788	25.031712	25.025513	25.019218	25.012856	25.006439	
25.006393	25.012758	25.019075	25.025324	25.031471	25.037502	25.043388	25.049114	25.054651	25.059980	25.065083	25.069939	25.074530	25.078838	25.082848	25.086540	25.089905	25.092930	25.095600	25.097912	25.099848	25.101410	25.102585	25.103371	25.103765	25.103764	25.103371	25.102583	25.101410	25.099850	25.097914	25.095604	25.092930	25.089905	25.086540	25.082846	25.078836	25.074528	25.069939	25.065083	25.059980	25.054649	25.049114	25.043388	25.037502	25.031469	25.025318	25.019073	25.012754	25.006390	
25.006317	25.012611	25.018856	25.025032	25.031111	25.037071	25.042892	25.048552	25.054024	25.059294	25.064337	25.069138	25.073673	25.077934	25.081898	25.085548	25.088875	25.091866	25.094505	25.096788	25.098705	25.100246	25.101408	25.102184	25.102573	25.102577	25.102188	25.101412	25.100248	25.098705	25.096792	25.094509	25.091866	25.088875	25.085550	25.081898	25.077934	25.073675	25.069138	25.064339	25.059292	25.054024	25.048550	25.042892	25.037069	25.031109	25.025030	25.018854	25.012611	25.006317	
25.006222	25.012417	25.018566	25.024647	25.030632	25.036501	25.042233	25.047804	25.053196	25.058380	25.063347	25.068073	25.072542	25.076733	25.080639	25.084232	25.087509	25.090454	25.093052	25.095303	25.097187	25.098705	25.099850	25.100613	25.100998	25.100998	25.100616	25.099850	25.098707	25.097187	25.095303	25.093056	25.090454	25.087509	25.084236	25.080637	25.076736	25.072544	25.068075	25.063347	25.058384	25.053192	25.047806	25.042231	25.036503	25.030632	25.024643	25.018566	25.012417	25.006220	
25.006100	25.012177	25.018208	25.024168	25.030037	25.035793	25.041412	25.046877	25.052160	25.057247	25.062119	25.066753	25.071133	25.075249	25.079071	25.082598	25.085810	25.088696	25.091248	25.093451	25.095303	25.096790	25.097908	25.098661	25.099037	25.099037	25.098661	25.097914	25.096790	25.095303	25.093452	25.091248	25.088696	25.085812	25.082598	25.079075	25.075249	25.071136	25.066751	25.062119	25.057247	25.052162	25.046875	25.041412	25.035793	25.030037	25.024168	25.018206	25.012175	25.006100	
25.005955	25.011887	25.017778	25.023598	25.029331	25.034946	25.040438	25.045769	25.050930	25.055897	25.060654	25.065178	25.069458	25.073469	25.077208	25.080647	25.083786	25.086605	25.089092	25.091248	25.093052	25.094505	25.095602	25.096333	25.096703	25.096699	25.096336	25.095602	25.094509	25.093052	25.091248	25.089094	25.086607	25.083786	25.080650	25.077206	25.073471	25.069456	25.065180	25.060650	25.055897	25.050930	25.045771	25.040436	25.034950	25.029329	25.023596	25.017776	25.011889	25.005955	
25.005787	25.011555	25.017281	25.022938	25.028507	25.033974	25.039307	25.044491	25.049505	25.054337	25.058956	25.063358	25.067513	25.071419	25.075047	25.078396	25.081442	25.084185	25.086605	25.088696	25.090450	25.091866	25.092928	25.093641	25.093998	25.093998	25.093641	25.092930	25.091866	25.090454	25.088697	25.086605	25.084183	25.081446	25.078396	25.075050	25.071417	25.067516	25.063354	25.058960	25.054337	25.049507	25.044491	25.039305	25.033970	25.028509	25.022936	25.017281	25.011555	25.005789	
25.005600	25.011181	25.016716	25.022190	25.027582	25.032866	25.038025	25.043041	25.047895	25.052567	25.057041	25.061295	25.065317	25.069092	25.072607	25.075842	25.078796	25.081444	25.083786	25.085808	25.087507	25.088873	25.089905	25.090591	25.090939	25.090939	25.090595	25.089905	25.088875	25.087511	25.085812	25.083786	25.081448	25.078793	25.075846	25.072603	25.069094	25.065317	25.061295	25.057037	25.052568	25.047895	25.043041	25.038025	25.032867	25.027580	25.022190	25.016716	25.011181	25.005600	
25.005390	25.010761	25.016092	25.021362	25.026546	25.031635	25.036604	25.041431	25.046101	25.050602	25.054901	25.059002	25.062870	25.066505	25.069885	25.073006	25.075842	25.078396	25.080647	25.082596	25.084232	25.085548	25.086536	25.087200	25.087532	25.087532	25.087200	25.086540	25.085548	25.084234	25.082598	25.080650	25.078396	25.075846	25.073002	25.069889	25.066505	25.062874	25.058998	25.054903	25.050598	25.046103	25.041431	25.036602	25.031635	25.026548	25.021360	25.016090	25.010761	25.005390	
25.005161	25.010302	25.015404	25.020451	25.025415	25.030285	25.035040	25.039663	25.044136	25.048439	25.052561	25.056480	25.060188	25.063663	25.066906	25.069885	25.072605	25.075047	25.077206	25.079069	25.080637	25.081894	25.082844	25.083477	25.083796	25.083797	25.083479	25.082844	25.081898	25.080637	25.079073	25.077206	25.075050	25.072605	25.069889	25.066904	25.063667	25.060188	25.056480	25.052559	25.048439	25.044136	25.039661	25.035040	25.030285	25.025415	25.020449	25.015404	25.010303	25.005161	
25.004910	25.009804	25.014660	25.019459	25.024185	25.028818	25.033344	25.037743	25.041998	25.046097	25.050014	25.053749	25.057274	25.060587	25.063667	25.066505	25.069092	25.071417	25.073469	25.075245	25.076735	25.077934	25.078835	25.079441	25.079742	25.079741	25.079439	25.078838	25.077932	25.076736	25.075245	25.073473	25.071417	25.069094	25.066505	25.063667	25.060585	25.057276	25.053747	25.050018	25.046097	25.041998	25.037745	25.033344	25.028820	25.024185	25.019459	25.014660	25.009804	25.004910	
25.004642	25.009270	25.013855	25.018394	25.022861	25.027245	25.031521	25.035681	25.039703	25.043575	25.047283	25.050812	25.054144	25.057274	25.060188	25.062874	25.065319	25.067514	25.069454	25.071133	25.072542	25.073675	25.074530	25.075100	25.075386	25.075386	25.075100	25.074530	25.073677	25.072544	25.071135	25.069458	25.067516	25.065315	25.062874	25.060188	25.057278	25.054146	25.050812	25.047283	25.043577	25.039705	25.035681	25.031525	25.027245	25.022865	25.018398	25.013859	25.009270	25.004642	
25.004356	25.008694	25.013006	25.017262	25.021458	25.025566	25.029581	25.033484	25.037258	25.040892	25.044373	25.047680	25.050812	25.053747	25.056480	25.059002	25.061295	25.063356	25.065178	25.066753	25.068075	25.069138	25.069939	25.070473	25.070742	25.070744	25.070473	25.069942	25.069138	25.068075	25.066753	25.065178	25.063356	25.061295	25.058998	25.056480	25.053745	25.050812	25.047682	25.044373	25.040894	25.037258	25.033485	25.029583	25.025566	25.021456	25.017263	25.013004	25.008698	25.004356	
25.004051	25.008095	25.012100	25.016064	25.019966	25.023792	25.027527	25.031158	25.034672	25.038055	25.041290	25.044373	25.047283	25.050014	25.052559	25.054905	25.057041	25.058958	25.060654	25.062119	25.063349	25.064337	25.065083	25.065580	25.065830	25.065830	25.065582	25.065083	25.064339	25.063345	25.062119	25.060654	25.058960	25.057037	25.054903	25.052559	25.050018	25.047283	25.044373	25.041290	25.038054	25.034672	25.031158	25.027527	25.023792	25.019966	25.016066	25.012102	25.008095	25.004055	
25.003738	25.007458	25.011154	25.014805	25.018402	25.021927	25.025370	25.028717	25.031956	25.035069	25.038055	25.040890	25.043577	25.046095	25.048439	25.050600	25.052570	25.054337	25.055899	25.057249	25.058380	25.059292	25.059980	25.060438	25.060669	25.060671	25.060440	25.059982	25.059292	25.058382	25.057247	25.055901	25.054335	25.052568	25.050598	25.048439	25.046093	25.043577	25.040892	25.038055	25.035069	25.031954	25.028717	25.025370	25.021927	25.018402	25.014807	25.011154	25.007462	25.003736	
25.003403	25.006794	25.010162	25.013489	25.016766	25.019981	25.023115	25.026165	25.029114	25.031956	25.034670	25.037260	25.039703	25.042000	25.044136	25.046104	25.047897	25.049507	25.050930	25.052162	25.053196	25.054026	25.054649	25.055069	25.055279	25.055279	25.055071	25.054649	25.054028	25.053192	25.052162	25.050930	25.049507	25.047894	25.046103	25.044136	25.042000	25.039705	25.037258	25.034672	25.031954	25.029114	25.026165	25.023117	25.019978	25.016766	25.013489	25.010164	25.006796	25.003407	
25.003059	25.006107	25.009132	25.012123	25.015068	25.017954	25.020775	25.023514	25.026165	25.028717	25.031162	25.033482	25.035683	25.037743	25.039663	25.041431	25.043041	25.044491	25.045773	25.046877	25.047806	25.048550	25.049114	25.049488	25.049679	25.049679	25.049488	25.049114	25.048550	25.047806	25.046875	25.045773	25.044491	25.043041	25.041431	25.039663	25.037745	25.035681	25.033485	25.031158	25.028717	25.026165	25.023514	25.020773	25.017954	25.015068	25.012123	25.009132	25.006111	25.003059	
25.002705	25.005398	25.008068	25.010712	25.013311	25.015862	25.018353	25.020775	25.023113	25.025370	25.027527	25.029583	25.031523	25.033344	25.035040	25.036602	25.038029	25.039305	25.040436	25.041414	25.042234	25.042892	25.043388	25.043724	25.043888	25.043888	25.043722	25.043388	25.042892	25.042233	25.041416	25.040436	25.039307	25.038025	25.036602	25.035040	25.033344	25.031525	25.029581	25.027527	25.025372	25.023115	25.020773	25.018353	25.015862	25.013313	25.010712	25.008070	25.005396	25.002705	
25.002335	25.004665	25.006973	25.009256	25.011505	25.013710	25.015862	25.017952	25.019978	25.021927	25.023792	25.025566	25.027245	25.028820	25.030285	25.031637	25.032866	25.033974	25.034950	25.035797	25.036503	25.037073	25.037502	25.037788	25.037931	25.037933	25.037788	25.037502	25.037069	25.036503	25.035793	25.034948	25.033970	25.032867	25.031635	25.030285	25.028820	25.027245	25.025566	25.023792	25.021927	25.019979	25.017954	25.015862	25.013710	25.011505	25.009258	25.006973	25.004665	25.002337	
25.001961	25.003914	25.005852	25.007771	25.009655	25.011505	25.013309	25.015068	25.016766	25.018402	25.019966	25.021458	25.022865	25.024185	25.025417	25.026548	25.027584	25.028507	25.029331	25.030039	25.030636	25.031113	25.031471	25.031712	25.031836	25.031830	25.031713	25.031469	25.031113	25.030632	25.030037	25.029329	25.028511	25.027580	25.026550	25.025414	25.024185	25.022865	25.021456	25.019966	25.018402	25.016766	25.015068	25.013311	25.011505	25.009655	25.007767	25.005852	25.003914	25.001961	
25.001579	25.003147	25.004709	25.006250	25.007771	25.009254	25.010710	25.012123	25.013489	25.014805	25.016066	25.017263	25.018398	25.019461	25.020449	25.021362	25.022190	25.022940	25.023598	25.024170	25.024647	25.025032	25.025322	25.025517	25.025610	25.025614	25.025515	25.025322	25.025028	25.024647	25.024168	25.023598	25.022938	25.022192	25.021360	25.020451	25.019459	25.018396	25.017265	25.016064	25.014805	25.013489	25.012123	25.010712	25.009258	25.007769	25.006248	25.004711	25.003149	25.001577	
25.001190	25.002373	25.003548	25.004707	25.005852	25.006973	25.008066	25.009132	25.010162	25.011152	25.012102	25.013006	25.013859	25.014660	25.015408	25.016090	25.016720	25.017281	25.017778	25.018208	25.018570	25.018858	25.019077	25.019222	25.019295	25.019295	25.019222	25.019073	25.018856	25.018566	25.018209	25.017776	25.017281	25.016716	25.016092	25.015404	25.014660	25.013859	25.013004	25.012104	25.011154	25.010162	25.009132	25.008070	25.006973	25.005852	25.004709	25.003548	25.002373	25.001190	
25.000793	25.001587	25.002373	25.003149	25.003914	25.004662	25.005396	25.006107	25.006798	25.007458	25.008095	25.008698	25.009270	25.009804	25.010302	25.010761	25.011181	25.011559	25.011889	25.012178	25.012417	25.012611	25.012756	25.012856	25.012901	25.012905	25.012854	25.012756	25.012608	25.012419	25.012175	25.011890	25.011555	25.011181	25.010761	25.010303	25.009804	25.009270	25.008699	25.008095	25.007458	25.006796	25.006109	25.005394	25.004665	25.003914	25.003147	25.002373	25.001587	25.000793	
25.000397	25.000793	25.001188	25.001577	25.001961	25.002337	25.002705	25.003059	25.003403	25.003735	25.004055	25.004358	25.004642	25.004911	25.005161	25.005390	25.005600	25.005789	25.005957	25.006100	25.006222	25.006317	25.006390	25.006439	25.006464	25.006466	25.006439	25.006390	25.006317	25.006220	25.006100	25.005955	25.005791	25.005600	25.005392	25.005161	25.004911	25.004642	25.004356	25.004057	25.003736	25.003405	25.003059	25.002705	25.002338	25.001961	25.001577	25.001186	25.000793	25.000399	
