25.006771	25.013515	25.020214	25.026833	25.033369	25.039764	25.046038	25.052116	25.058031	25.063705	25.069176	25.074356	25.079296	25.083904	25.088230	25.092192	25.095837	25.099091	25.101992	25.104481	25.106590	25.108273	25.109552	25.110401	25.110828	25.110830	25.110401	25.109552	25.108273	25.106588	25.104481	25.101992	25.099089	25.095837	25.092194	25.088230	25.083904	25.079294	25.074360	25.069174	25.063705	25.058031	25.052116	25.046038	25.039764	25.033367	25.026833	25.020216	25.013514	25.006771	
25.013512	25.026989	25.040346	25.053585	25.066597	25.079407	25.091883	25.104071	25.115826	25.127213	25.138071	25.148479	25.158272	25.167538	25.176111	25.184082	25.191301	25.197847	25.203590	25.208603	25.212776	25.216167	25.218700	25.220407	25.221258	25.221256	25.220409	25.218697	25.216166	25.212774	25.208603	25.203590	25.197849	25.191299	25.184082	25.176111	25.167536	25.158274	25.148479	25.138071	25.127214	25.115828	25.104073	25.091883	25.079407	25.066597	25.053585	25.040344	25.026987	25.013512	
25.020214	25.040346	25.060356	25.080112	25.099623	25.118717	25.137445	25.155598	25.173262	25.190201	25.206532	25.222002	25.236740	25.250504	25.263418	25.275249	25.286129	25.295841	25.304504	25.311935	25.318230	25.323256	25.327076	25.329611	25.330891	25.330893	25.329609	25.327076	25.323254	25.318228	25.311932	25.304504	25.295839	25.286131	25.275248	25.263416	25.250502	25.236740	25.222002	25.206532	25.190201	25.173262	25.155600	25.137447	25.118717	25.099625	25.080111	25.060356	25.040344	25.020216	
25.026833	25.053585	25.080112	25.106396	25.132233	25.157667	25.182442	25.206644	25.229982	25.252594	25.274151	25.294817	25.314260	25.332657	25.349682	25.365509	25.379843	25.392841	25.404243	25.414196	25.422482	25.429214	25.434242	25.437635	25.439323	25.439323	25.437637	25.434242	25.429213	25.422482	25.414196	25.404247	25.392841	25.379839	25.365509	25.349680	25.332657	25.314260	25.294819	25.274151	25.252594	25.229984	25.206644	25.182442	25.157669	25.132233	25.106396	25.080112	25.053585	25.026833	
25.033367	25.066597	25.099625	25.132233	25.164440	25.195957	25.226871	25.256832	25.285986	25.313950	25.340900	25.366440	25.390770	25.413483	25.434801	25.454332	25.472290	25.488319	25.502615	25.514881	25.525272	25.533567	25.539873	25.544060	25.546173	25.546173	25.544056	25.539875	25.533566	25.525272	25.514879	25.502615	25.488317	25.472288	25.454330	25.434799	25.413481	25.390770	25.366440	25.340902	25.313950	25.285988	25.256832	25.226868	25.195957	25.164440	25.132233	25.099625	25.066597	25.033367	
25.039764	25.079407	25.118717	25.157665	25.195957	25.233643	25.270357	25.306221	25.340813	25.374317	25.406263	25.436886	25.465704	25.492962	25.518192	25.541645	25.562885	25.582148	25.599049	25.613792	25.626076	25.636047	25.643501	25.648529	25.651030	25.651031	25.648533	25.643499	25.636049	25.626072	25.613794	25.599049	25.582148	25.562885	25.541645	25.518190	25.492962	25.465702	25.436890	25.406261	25.374313	25.340813	25.306221	25.270357	25.233643	25.195957	25.157665	25.118717	25.079407	25.039764	
25.046036	25.091883	25.137444	25.182438	25.226868	25.270357	25.313000	25.354345	25.394562	25.433147	25.470327	25.505562	25.539124	25.570469	25.599873	25.626825	25.651594	25.673717	25.693434	25.710361	25.724693	25.736141	25.744843	25.750614	25.753532	25.753532	25.750612	25.744843	25.736139	25.724693	25.710360	25.693432	25.673714	25.651592	25.626823	25.599873	25.570467	25.539125	25.505564	25.470325	25.433144	25.394562	25.354343	25.313000	25.270355	25.226868	25.182440	25.137444	25.091881	25.046036	
25.052116	25.104071	25.155600	25.206642	25.256836	25.306219	25.354347	25.401342	25.446688	25.490589	25.532471	25.572599	25.610374	25.646093	25.679169	25.709902	25.737747	25.762985	25.785143	25.804462	25.820564	25.833632	25.843403	25.849995	25.853271	25.853271	25.849997	25.843401	25.833633	25.820560	25.804462	25.785141	25.762983	25.737745	25.709902	25.679169	25.646095	25.610374	25.572598	25.532469	25.490589	25.446686	25.401344	25.354343	25.306221	25.256830	25.206642	25.155598	25.104071	25.052116	
25.058031	25.115829	25.173262	25.229984	25.285988	25.340815	25.394558	25.446690	25.497375	25.546026	25.592884	25.637316	25.679613	25.719133	25.756191	25.790176	25.821388	25.849287	25.874136	25.895481	25.913544	25.927977	25.938942	25.946222	25.949900	25.949900	25.946220	25.938946	25.927975	25.913546	25.895477	25.874138	25.849283	25.821392	25.790174	25.756193	25.719131	25.679611	25.637314	25.592884	25.546024	25.497377	25.446686	25.394562	25.340813	25.285986	25.229982	25.173262	25.115826	25.058033	
25.063705	25.127214	25.190203	25.252594	25.313951	25.374313	25.433147	25.490589	25.546026	25.599680	25.650888	25.699926	25.746117	25.789766	25.830208	25.867764	25.901812	25.932652	25.959749	25.983355	26.003042	26.019011	26.030960	26.039015	26.043020	26.043020	26.039017	26.030956	26.019012	26.003038	25.983355	25.959743	25.932653	25.901810	25.867767	25.830208	25.789768	25.746113	25.699928	25.650883	25.599682	25.546022	25.490589	25.433146	25.374315	25.313950	25.252594	25.190203	25.127213	25.063707	
25.069176	25.138071	25.206532	25.274153	25.340904	25.406265	25.470324	25.532473	25.592884	25.650888	25.706734	25.759708	25.810116	25.857239	25.901402	25.941921	25.979118	26.012383	26.041994	26.067448	26.088970	26.106184	26.119249	26.127930	26.132311	26.132311	26.127928	26.119251	26.106180	26.088972	26.067442	26.041996	26.012379	25.979120	25.941919	25.901402	25.857235	25.810118	25.759705	25.706734	25.650883	25.592888	25.532471	25.470325	25.406265	25.340900	25.274151	25.206528	25.138073	25.069176	
25.074358	25.148479	25.222002	25.294819	25.366440	25.436888	25.505566	25.572598	25.637318	25.699928	25.759708	25.816933	25.870857	25.921793	25.969006	26.012829	26.052578	26.088564	26.120199	26.147743	26.170731	26.189363	26.203318	26.212711	26.217392	26.217390	26.212715	26.203312	26.189365	26.170729	26.147743	26.120195	26.088566	26.052578	26.012831	25.969004	25.921791	25.870853	25.816935	25.759705	25.699930	25.637314	25.572599	25.505564	25.436886	25.366440	25.294817	25.222000	25.148479	25.074358	
25.079296	25.158274	25.236742	25.314260	25.390770	25.465702	25.539124	25.610374	25.679613	25.746115	25.810116	25.870853	25.928621	25.982653	26.033262	26.079723	26.122351	26.160490	26.194424	26.223610	26.248276	26.268013	26.282984	26.292938	26.297956	26.297956	26.292936	26.282986	26.268009	26.248276	26.223608	26.194426	26.160490	26.122351	26.079723	26.033262	25.982651	25.928623	25.870853	25.810116	25.746111	25.679615	25.610373	25.539124	25.465702	25.390768	25.314260	25.236740	25.158272	25.079296	
25.083904	25.167540	25.250502	25.332661	25.413481	25.492962	25.570467	25.646093	25.719135	25.789766	25.857237	25.921791	25.982653	26.040108	26.093403	26.142834	26.187702	26.228292	26.264000	26.295067	26.321018	26.342031	26.357782	26.368382	26.373663	26.373659	26.368382	26.357779	26.342033	26.321014	26.295071	26.263998	26.228294	26.187698	26.142834	26.093399	26.040108	25.982649	25.921791	25.857233	25.789768	25.719130	25.646095	25.570467	25.492960	25.413483	25.332657	25.250502	25.167538	25.083904	
25.088230	25.176109	25.263420	25.349678	25.434803	25.518192	25.599874	25.679173	25.756193	25.830208	25.901402	25.969006	26.033262	26.093399	26.149696	26.201410	26.248823	26.291279	26.329021	26.361507	26.388939	26.410913	26.427565	26.438648	26.444229	26.444231	26.438644	26.427568	26.410910	26.388943	26.361507	26.329023	26.291277	26.248827	26.201412	26.149696	26.093399	26.033260	25.969002	25.901402	25.830204	25.756195	25.679169	25.599873	25.518192	25.434799	25.349682	25.263416	25.176109	25.088230	
25.092192	25.184086	25.275249	25.365513	25.454330	25.541649	25.626823	25.709904	25.790176	25.867765	25.941921	26.012829	26.079723	26.142834	26.201412	26.255705	26.305025	26.349609	26.388857	26.422981	26.451504	26.474586	26.491901	26.503540	26.509346	26.509344	26.503542	26.491898	26.474588	26.451504	26.422981	26.388855	26.349607	26.305023	26.255705	26.201412	26.142832	26.079720	26.012829	25.941917	25.867765	25.790173	25.709902	25.626823	25.541645	25.454332	25.365509	25.275249	25.184082	25.092194	
25.095839	25.191299	25.286133	25.379841	25.472290	25.562887	25.651594	25.737747	25.821392	25.901810	25.979120	26.052578	26.122349	26.187700	26.248825	26.305023	26.356504	26.402641	26.443621	26.478924	26.508709	26.532587	26.550667	26.562710	26.568769	26.568771	26.562710	26.550667	26.532585	26.508711	26.478924	26.443621	26.402637	26.356506	26.305025	26.248825	26.187700	26.122353	26.052576	25.979122	25.901808	25.821390	25.737745	25.651592	25.562885	25.472286	25.379841	25.286129	25.191299	25.095837	
25.099089	25.197851	25.295841	25.392845	25.488319	25.582150	25.673716	25.762985	25.849283	25.932652	26.012383	26.088564	26.160492	26.228292	26.291279	26.349607	26.402639	26.450535	26.492741	26.529400	26.560070	26.584867	26.603483	26.615990	26.622231	26.622231	26.615992	26.603483	26.584869	26.560070	26.529400	26.492741	26.450535	26.402639	26.349607	26.291279	26.228292	26.160488	26.088566	26.012379	25.932652	25.849283	25.762985	25.673714	25.582148	25.488319	25.392841	25.295839	25.197849	25.099091	
25.101992	25.203592	25.304504	25.404247	25.502617	25.599052	25.693436	25.785141	25.874134	25.959747	26.041992	26.120201	26.194422	26.264000	26.329021	26.388857	26.443619	26.492741	26.536335	26.573921	26.605606	26.631027	26.650257	26.663082	26.669529	26.669531	26.663082	26.650263	26.631029	26.605606	26.573921	26.536331	26.492739	26.443619	26.388857	26.329021	26.263998	26.194426	26.120195	26.041996	25.959743	25.874138	25.785141	25.693436	25.599049	25.502615	25.404243	25.304504	25.203590	25.101992	
25.104479	25.208603	25.311934	25.414198	25.514881	25.613794	25.710361	25.804462	25.895477	25.983353	26.067446	26.147741	26.223610	26.295067	26.361507	26.422981	26.478924	26.529400	26.573919	26.612555	26.644909	26.671040	26.690680	26.703857	26.710445	26.710443	26.703861	26.690680	26.671043	26.644909	26.612556	26.573921	26.529398	26.478920	26.422981	26.361507	26.295071	26.223606	26.147745	26.067444	25.983355	25.895479	25.804462	25.710360	25.613794	25.514881	25.414196	25.311932	25.208603	25.104479	
25.106588	25.212776	25.318230	25.422483	25.525274	25.626076	25.724695	25.820562	25.913544	26.003040	26.088970	26.170731	26.248272	26.321016	26.388941	26.451506	26.508709	26.560070	26.605606	26.644909	26.678003	26.704588	26.724674	26.738087	26.744818	26.744822	26.738083	26.724678	26.704586	26.678005	26.644909	26.605606	26.560068	26.508709	26.451504	26.388943	26.321016	26.248276	26.170731	26.088972	26.003042	25.913546	25.820562	25.724695	25.626076	25.525272	25.422480	25.318228	25.212776	25.106588	
25.108273	25.216167	25.323254	25.429214	25.533569	25.636049	25.736143	25.833633	25.927977	26.019011	26.106182	26.189365	26.268009	26.342033	26.410912	26.474588	26.532587	26.584869	26.631027	26.671043	26.704590	26.731651	26.752014	26.765665	26.772493	26.772493	26.765667	26.752014	26.731655	26.704588	26.671040	26.631027	26.584866	26.532583	26.474588	26.410912	26.342035	26.268009	26.189367	26.106184	26.019014	25.927977	25.833633	25.736141	25.636049	25.533566	25.429214	25.323254	25.216167	25.108273	
25.109552	25.218697	25.327076	25.434242	25.539875	25.643505	25.744843	25.843403	25.938944	26.030960	26.119249	26.203314	26.282984	26.357780	26.427567	26.491901	26.550667	26.603485	26.650261	26.690681	26.724676	26.752014	26.772650	26.786438	26.793360	26.793360	26.786442	26.772652	26.752012	26.724676	26.690678	26.650259	26.603479	26.550667	26.491898	26.427567	26.357780	26.282986	26.203316	26.119251	26.030960	25.938944	25.843407	25.744843	25.643503	25.539875	25.434244	25.327076	25.218700	25.109552	
25.110401	25.220411	25.329609	25.437637	25.544060	25.648533	25.750618	25.849995	25.946222	26.039015	26.127930	26.212711	26.292936	26.368380	26.438646	26.503540	26.562710	26.615992	26.663082	26.703861	26.738083	26.765665	26.786438	26.800350	26.807314	26.807316	26.800350	26.786440	26.765667	26.738083	26.703857	26.663082	26.615990	26.562706	26.503542	26.438644	26.368385	26.292936	26.212713	26.127930	26.039017	25.946224	25.849997	25.750618	25.648533	25.544060	25.437637	25.329609	25.220409	25.110401	
25.110830	25.221258	25.330891	25.439323	25.546175	25.651031	25.753532	25.853271	25.949898	26.043020	26.132309	26.217388	26.297955	26.373659	26.444227	26.509344	26.568771	26.622231	26.669533	26.710443	26.744820	26.772491	26.793358	26.807312	26.814308	26.814312	26.807316	26.793358	26.772491	26.744820	26.710442	26.669529	26.622229	26.568768	26.509344	26.444231	26.373661	26.297960	26.217390	26.132313	26.043022	25.949902	25.853271	25.753534	25.651033	25.546173	25.439323	25.330891	25.221258	25.110830	
25.110830	25.221258	25.330891	25.439323	25.546175	25.651031	25.753532	25.853271	25.949898	26.043020	26.132309	26.217388	26.297955	26.373659	26.444227	26.509344	26.568771	26.622231	26.669533	26.710443	26.744820	26.772491	26.793358	26.807312	26.814308	26.814312	26.807316	26.793358	26.772491	26.744820	26.710442	26.669529	26.622229	26.568768	26.509344	26.444231	26.373661	26.297960	26.217390	26.132313	26.043022	25.949902	25.853271	25.753534	25.651033	25.546173	25.439323	25.330891	25.221258	25.110830	
25.110401	25.220411	25.329609	25.437637	25.544060	25.648533	25.750618	25.849995	25.946222	26.039015	26.127930	26.212711	26.292936	26.368380	26.438646	26.503540	26.562710	26.615992	26.663082	26.703861	26.738083	26.765665	26.786438	26.800350	26.807314	26.807316	26.800350	26.786440	26.765667	26.738083	26.703857	26.663082	26.615990	26.562706	26.503542	26.438644	26.368385	26.292936	26.212713	26.127930	26.039017	25.946224	25.849997	25.750618	25.648533	25.544060	25.437637	25.329609	25.220409	25.110401	
25.109552	25.218697	25.327076	25.434242	25.539875	25.643505	25.744843	25.843403	25.938944	26.030960	26.119249	26.203314	26.282984	26.357780	26.427567	26.491901	26.550667	26.603485	26.650261	26.690681	26.724676	26.752014	26.772650	26.786438	26.793360	26.793360	26.786442	26.772652	26.752012	26.724676	26.690678	26.650259	26.603479	26.550667	26.491898	26.427567	26.357780	26.282986	26.203316	26.119251	26.030960	25.938944	25.843407	25.744843	25.643503	25.539875	25.434244	25.327076	25.218700	25.109552	
25.108273	25.216167	25.323254	25.429214	25.533569	25.636049	25.736143	25.833633	25.927977	26.019011	26.106182	26.189365	26.268009	26.342033	26.410912	26.474588	26.532587	26.584869	26.631027	26.671043	26.704590	26.731651	26.752014	26.765665	26.772493	26.772493	26.765667	26.752014	26.731655	26.704588	26.671040	26.631027	26.584866	26.532583	26.474588	26.410912	26.342035	26.268009	26.189367	26.106184	26.019014	25.927977	25.833633	25.736141	25.636049	25.533566	25.429214	25.323254	25.216167	25.108273	
25.106588	25.212776	25.318230	25.422483	25.525274	25.626076	25.724695	25.820562	25.913544	26.003040	26.088970	26.170731	26.248272	26.321016	26.388941	26.451506	26.508709	26.560070	26.605606	26.644909	26.678003	26.704588	26.724674	26.738087	26.744818	26.744822	26.738083	26.724678	26.704586	26.678005	26.644909	26.605606	26.560068	26.508709	26.451504	26.388943	26.321016	26.248276	26.170731	26.088972	26.003042	25.913546	25.820562	25.724695	25.626076	25.525272	25.422480	25.318228	25.212776	25.106588	
25.104479	25.208603	25.311934	25.414198	25.514881	25.613794	25.710361	25.804462	25.895477	25.983353	26.067446	26.147741	26.223610	26.295067	26.361507	26.422981	26.478924	26.529400	26.573919	26.612555	26.644909	26.671040	26.690680	26.703857	26.710445	26.710443	26.703861	26.690680	26.671043	26.644909	26.612556	26.573921	26.529398	26.478920	26.422981	26.361507	26.295071	26.223606	26.147745	26.067444	25.983355	25.895479	25.804462	25.710360	25.613794	25.514881	25.414196	25.311932	25.208603	25.104479	
25.101992	25.203592	25.304504	25.404247	25.502617	25.599052	25.693436	25.785141	25.874134	25.959747	26.041992	26.120201	26.194422	26.264000	26.329021	26.388857	26.443619	26.492741	26.536335	26.573921	26.605606	26.631027	26.650257	26.663082	26.669529	26.669531	26.663082	26.650263	26.631029	26.605606	26.573921	26.536331	26.492739	26.443619	26.388857	26.329021	26.263998	26.194426	26.120195	26.041996	25.959743	25.874138	25.785141	25.693436	25.599049	25.502615	25.404243	25.304504	25.203590	25.101992	
25.099089	25.197851	25.295841	25.392845	25.488319	25.582150	25.673716	25.762985	25.849283	25.932652	26.012383	26.088564	26.160492	26.228292	26.291279	26.349607	26.402639	26.450535	26.492741	26.529400	26.560070	26.584867	26.603483	26.615990	26.622231	26.622231	26.615992	26.603483	26.584869	26.560070	26.529400	26.492741	26.450535	26.402639	26.349607	26.291279	26.228292	26.160488	26.088566	26.012379	25.932652	25.849283	25.762985	25.673714	25.582148	25.488319	25.392841	25.295839	25.197849	25.099091	
25.095839	25.191299	25.286133	25.379841	25.472290	25.562887	25.651594	25.737747	25.821392	25.901810	25.979120	26.052578	26.122349	26.187700	26.248825	26.305023	26.356504	26.402641	26.443621	26.478924	26.508709	26.532587	26.550667	26.562710	26.568769	26.568771	26.562710	26.550667	26.532585	26.508711	26.478924	26.443621	26.402637	26.356506	26.305025	26.248825	26.187700	26.122353	26.052576	25.979122	25.901808	25.821390	25.737745	25.651592	25.562885	25.472286	25.379841	25.286129	25.191299	25.095837	
25.092192	25.184086	25.275249	25.365513	25.454330	25.541649	25.626823	25.709904	25.790176	25.867765	25.941921	26.012829	26.079723	26.142834	26.201412	26.255705	26.305025	26.349609	26.388857	26.422981	26.451504	26.474586	26.491901	26.503540	26.509346	26.509344	26.503542	26.491898	26.474588	26.451504	26.422981	26.388855	26.349607	26.305023	26.255705	26.201412	26.142832	26.079720	26.012829	25.941917	25.867765	25.790173	25.709902	25.626823	25.541645	25.454332	25.365509	25.275249	25.184082	25.092194	
25.088230	25.176109	25.263420	25.349678	25.434803	25.518192	25.599874	25.679173	25.756193	25.830208	25.901402	25.969006	26.033262	26.093399	26.149696	26.201410	26.248823	26.291279	26.329021	26.361507	26.388939	26.410913	26.427565	26.438648	26.444229	26.444231	26.438644	26.427568	26.410910	26.388943	26.361507	26.329023	26.291277	26.248827	26.201412	26.149696	26.093399	26.033260	25.969002	25.901402	25.830204	25.756195	25.679169	25.599873	25.518192	25.434799	25.349682	25.263416	25.176109	25.088230	
25.083904	25.167540	25.250502	25.332661	25.413481	25.492962	25.570467	25.646093	25.719135	25.789766	25.857237	25.921791	25.982653	26.040108	26.093403	26.142834	26.187702	26.228292	26.264000	26.295067	26.321018	26.342031	26.357782	26.368382	26.373663	26.373659	26.368382	26.357779	26.342033	26.321014	26.295071	26.263998	26.228294	26.187698	26.142834	26.093399	26.040108	25.982649	25.921791	25.857233	25.789768	25.719130	25.646095	25.570467	25.492960	25.413483	25.332657	25.250502	25.167538	25.083904	
25.079296	25.158274	25.236742	25.314260	25.390770	25.465702	25.539124	25.610374	25.679613	25.746115	25.810116	25.870853	25.928621	25.982653	26.033262	26.079723	26.122351	26.160490	26.194424	26.223610	26.248276	26.268013	26.282984	26.292938	26.297956	26.297956	26.292936	26.282986	26.268009	26.248276	26.223608	26.194426	26.160490	26.122351	26.079723	26.033262	25.982651	25.928623	25.870853	25.810116	25.746111	25.679615	25.610373	25.539124	25.465702	25.390768	25.314260	25.236740	25.158272	25.079296	
25.074358	25.148479	25.222002	25.294819	25.366440	25.436888	25.505566	25.572598	25.637318	25.699928	25.759708	25.816933	25.870857	25.921793	25.969006	26.012829	26.052578	26.088564	26.120199	26.147743	26.170731	26.189363	26.203318	26.212711	26.217392	26.217390	26.212715	26.203312	26.189365	26.170729	26.147743	26.120195	26.088566	26.052578	26.012831	25.969004	25.921791	25.870853	25.816935	25.759705	25.699930	25.637314	25.572599	25.505564	25.436886	25.366440	25.294817	25.222000	25.148479	25.074358	
25.069176	25.138071	25.206532	25.274153	25.340904	25.406265	25.470324	25.532473	25.592884	25.650888	25.706734	25.759708	25.810116	25.857239	25.901402	25.941921	25.979118	26.012383	26.041994	26.067448	26.088970	26.106184	26.119249	26.127930	26.132311	26.132311	26.127928	26.119251	26.106180	26.088972	26.067442	26.041996	26.012379	25.979120	25.941919	25.901402	25.857235	25.810118	25.759705	25.706734	25.650883	25.592888	25.532471	25.470325	25.406265	25.340900	25.274151	25.206528	25.138073	25.069176	
25.063705	25.127214	25.190203	25.252594	25.313951	25.374313	25.433147	25.490589	25.546026	25.599680	25.650888	25.699926	25.746117	25.789766	25.830208	25.867764	25.901812	25.932652	25.959749	25.983355	26.003042	26.019011	26.030960	26.039015	26.043020	26.043020	26.039017	26.030956	26.019012	26.003038	25.983355	25.959743	25.932653	25.901810	25.867767	25.830208	25.789768	25.746113	25.699928	25.650883	25.599682	25.546022	25.490589	25.433146	25.374315	25.313950	25.252594	25.190203	25.127213	25.063707	
25.058031	25.115829	25.173262	25.229984	25.285988	25.340815	25.394558	25.446690	25.497375	25.546026	25.592884	25.637316	25.679613	25.719133	25.756191	25.790176	25.821388	25.849287	25.874136	25.895481	25.913544	25.927977	25.938942	25.946222	25.949900	25.949900	25.946220	25.938946	25.927975	25.913546	25.895477	25.874138	25.849283	25.821392	25.790174	25.756193	25.719131	25.679611	25.637314	25.592884	25.546024	25.497377	25.446686	25.394562	25.340813	25.285986	25.229982	25.173262	25.115826	25.058033	
25.052116	25.104071	25.155600	25.206642	25.256836	25.306219	25.354347	25.401342	25.446688	25.490589	25.532471	25.572599	25.610374	25.646093	25.679169	25.709902	25.737747	25.762985	25.785143	25.804462	25.820564	25.833632	25.843403	25.849995	25.853271	25.853271	25.849997	25.843401	25.833633	25.820560	25.804462	25.785141	25.762983	25.737745	25.709902	25.679169	25.646095	25.610374	25.572598	25.532469	25.490589	25.446686	25.401344	25.354343	25.306221	25.256830	25.206642	25.155598	25.104071	25.052116	
25.046036	25.091883	25.137444	25.182438	25.226868	25.270357	25.313000	25.354345	25.394562	25.433147	25.470327	25.505562	25.539124	25.570469	25.599873	25.626825	25.651594	25.673717	25.693434	25.710361	25.724693	25.736141	25.744843	25.750614	25.753532	25.753532	25.750612	25.744843	25.736139	25.724693	25.710360	25.693432	25.673714	25.651592	25.626823	25.599873	25.570467	25.539125	25.505564	25.470325	25.433144	25.394562	25.354343	25.313000	25.270355	25.226868	25.182440	25.137444	25.091881	25.046036	
25.039764	25.079407	25.118717	25.157665	25.195957	25.233643	25.270357	25.306221	25.340813	25.374317	25.406263	25.436886	25.465704	25.492962	25.518192	25.541645	25.562885	25.582148	25.599049	25.613792	25.626076	25.636047	25.643501	25.648529	25.651030	25.651031	25.648533	25.643499	25.636049	25.626072	25.613794	25.599049	25.582148	25.562885	25.541645	25.518190	25.492962	25.465702	25.436890	25.406261	25.374313	25.340813	25.306221	25.270357	25.233643	25.195957	25.157665	25.118717	25.079407	25.039764	
25.033367	25.066597	25.099625	25.132233	25.164440	25.195957	25.226871	25.256832	25.285986	25.313950	25.340900	25.366440	25.390770	25.413483	25.434801	25.454332	25.472290	25.488319	25.502615	25.514881	25.525272	25.533567	25.539873	25.544060	25.546173	25.546173	25.544056	25.539875	25.533566	25.525272	25.514879	25.502615	25.488317	25.472288	25.454330	25.434799	25.413481	25.390770	25.366440	25.340902	25.313950	25.285988	25.256832	25.226868	25.195957	25.164440	25.132233	25.099625	25.066597	25.033367	
25.026833	25.053585	25.080112	25.106396	25.132233	25.157667	25.182442	25.206644	25.229982	25.252594	25.274151	25.294817	25.314260	25.332657	25.349682	25.365509	25.379843	25.392841	25.404243	25.414196	25.422482	25.429214	25.434242	25.437635	25.439323	25.439323	25.437637	25.434242	25.429213	25.422482	25.414196	25.404247	25.392841	25.379839	25.365509	25.349680	25.332657	25.314260	25.294819	25.274151	25.252594	25.229984	25.206644	25.182442	25.157669	25.132233	25.106396	25.080112	25.053585	25.026833	
25.020214	25.040346	25.060356	25.080112	25.099623	25.118717	25.137445	25.155598	25.173262	25.190201	25.206532	25.222002	25.236740	25.250504	25.263418	25.275249	25.286129	25.295841	25.304504	25.311935	25.318230	25.323256	25.327076	25.329611	25.330891	25.330893	25.329609	25.327076	25.323254	25.318228	25.311932	25.304504	25.295839	25.286131	25.275248	25.263416	25.250502	25.236740	25.222002	25.206532	25.190201	25.173262	25.155600	25.137447	25.118717	25.099625	25.080111	25.060356	25.040344	25.020216	
25.013512	25.026989	25.040346	25.053585	25.066597	25.079407	25.091883	25.104071	25.115826	25.127213	25.138071	25.148479	25.158272	25.167538	25.176111	25.184082	25.191301	25.197847	25.203590	25.208603	25.212776	25.216167	25.218700	25.220407	25.221258	25.221256	25.220409	25.218697	25.216166	25.212774	25.208603	25.203590	25.197849	25.191299	25.184082	25.176111	25.167536	25.158274	25.148479	25.138071	25.127214	25.115828	25.104073	25.091883	25.079407	25.066597	25.053585	25.040344	25.026987	25.013512	
25.006771	25.013515	25.020214	25.026833	25.033369	25.039764	25.046038	25.052116	25.058031	25.063705	25.069176	25.074356	25.079296	25.083904	25.088230	25.092192	25.095837	25.099091	25.101992	25.104481	25.106590	25.108273	25.109552	25.110401	25.110828	25.110830	25.110401	25.109552	25.108273	25.106588	25.104481	25.101992	25.099089	25.095837	25.092194	25.088230	25.083904	25.079294	25.074360	25.069174	25.063705	25.058031	25.052116	25.046038	25.039764	25.033367	25.026833	25.020216	25.013514	25.006771	
