25.005581	25.011457	25.017218	25.023855	25.030224	25.038002	25.045307	25.054457	25.062859	25.073412	25.082870	25.094614	25.104860	25.117317	25.127869	25.140331	25.150520	25.162106	25.171165	25.180939	25.188095	25.195183	25.199772	25.203499	25.205082	25.205086	25.203499	25.199772	25.195183	25.188091	25.180939	25.171164	25.162106	25.150518	25.140331	25.127869	25.117317	25.104860	25.094612	25.082869	25.073412	25.062857	25.054457	25.045307	25.038002	25.030224	25.023853	25.017218	25.011457	25.005581	
25.011457	25.022804	25.035339	25.047504	25.061985	25.075752	25.092808	25.108679	25.128595	25.146698	25.169300	25.189325	25.213909	25.235094	25.260454	25.281616	25.306131	25.325800	25.347599	25.364185	25.381405	25.393431	25.404484	25.410805	25.414616	25.414616	25.410805	25.404482	25.393427	25.381405	25.364180	25.347599	25.325798	25.306131	25.281616	25.260454	25.235094	25.213909	25.189323	25.169298	25.146698	25.128597	25.108677	25.092808	25.075752	25.061985	25.047506	25.035337	25.022804	25.011457	
25.017218	25.035339	25.053123	25.073570	25.093254	25.117195	25.139774	25.167934	25.193903	25.226377	25.255608	25.291737	25.323406	25.361725	25.394333	25.432663	25.464153	25.499790	25.527786	25.557842	25.579956	25.601749	25.615940	25.627399	25.632294	25.632292	25.627399	25.615936	25.601749	25.579950	25.557846	25.527782	25.499794	25.464151	25.432663	25.394333	25.361725	25.323406	25.291735	25.255608	25.226376	25.193905	25.167933	25.139772	25.117195	25.093252	25.073570	25.053123	25.035336	25.017218	
25.023855	25.047506	25.073570	25.098961	25.129040	25.157782	25.193192	25.226334	25.267666	25.305471	25.352356	25.394178	25.445168	25.489405	25.542000	25.586191	25.637020	25.678087	25.723286	25.757914	25.793619	25.818722	25.841637	25.854837	25.862736	25.862736	25.854837	25.841637	25.818722	25.793621	25.757910	25.723289	25.678083	25.637024	25.586189	25.542002	25.489407	25.445168	25.394178	25.352354	25.305473	25.267664	25.226336	25.193192	25.157782	25.129036	25.098961	25.073570	25.047506	25.023853	
25.030226	25.061985	25.093256	25.129036	25.163677	25.205536	25.245285	25.294485	25.340219	25.396927	25.448406	25.511473	25.567245	25.634125	25.691542	25.758429	25.813871	25.876059	25.925343	25.977787	26.016710	26.054737	26.079712	26.099707	26.108316	26.108316	26.099705	26.079712	26.054735	26.016706	25.977789	25.925339	25.876060	25.813871	25.758430	25.691542	25.634125	25.567245	25.511471	25.448406	25.396925	25.340218	25.294485	25.245285	25.205534	25.163677	25.129036	25.093254	25.061983	25.030224	
25.038002	25.075752	25.117199	25.157780	25.205536	25.251518	25.307690	25.360725	25.426245	25.486757	25.561035	25.627977	25.708738	25.779541	25.862825	25.933540	26.014023	26.079733	26.151291	26.206690	26.263218	26.303377	26.339647	26.360765	26.373270	26.373270	26.360765	26.339647	26.303375	26.263214	26.206688	26.151291	26.079727	26.014025	25.933540	25.862825	25.779539	25.708738	25.627975	25.561033	25.486755	25.426241	25.360729	25.307688	25.251518	25.205536	25.157782	25.117195	25.075750	25.038002	
25.045307	25.092808	25.139774	25.193193	25.245283	25.307690	25.367508	25.440788	25.509626	25.594038	25.671534	25.765368	25.849321	25.948801	26.035225	26.134691	26.218132	26.310596	26.384758	26.462732	26.521297	26.577831	26.615408	26.645136	26.658089	26.658089	26.645134	26.615406	26.577827	26.521296	26.462730	26.384754	26.310598	26.218130	26.134691	26.035223	25.948799	25.849321	25.765364	25.671532	25.594036	25.509626	25.440784	25.367508	25.307688	25.245285	25.193192	25.139774	25.092808	25.045307	
25.054459	25.108677	25.167934	25.226334	25.294487	25.360725	25.440788	25.517227	25.610535	25.697760	25.803490	25.899984	26.014898	26.116949	26.235420	26.337337	26.451799	26.546486	26.648247	26.728067	26.808445	26.866306	26.917881	26.948303	26.966082	26.966084	26.948303	26.917881	26.866304	26.808443	26.728065	26.648247	26.546486	26.451801	26.337334	26.235420	26.116945	26.014896	25.899984	25.803490	25.697760	25.610533	25.517227	25.440786	25.360725	25.294485	25.226334	25.167934	25.108679	25.054455	
25.062859	25.128597	25.193901	25.267666	25.340216	25.426245	25.509624	25.610535	25.706520	25.822676	25.930742	26.059805	26.176870	26.313654	26.434151	26.570887	26.687210	26.814301	26.917671	27.024834	27.106461	27.184149	27.236521	27.277369	27.295422	27.295422	27.277369	27.236521	27.184149	27.106461	27.024834	26.917671	26.814301	26.687206	26.570887	26.434147	26.313652	26.176870	26.059803	25.930740	25.822674	25.706520	25.610533	25.509624	25.426243	25.340214	25.267666	25.193903	25.128595	25.062859	
25.073412	25.146698	25.226377	25.305473	25.396929	25.486752	25.594038	25.697762	25.822676	25.941057	26.082527	26.213484	26.367180	26.505667	26.664082	26.802368	26.955393	27.083851	27.219875	27.328157	27.435585	27.514072	27.583000	27.624271	27.648027	27.648029	27.624268	27.583000	27.514074	27.435585	27.328159	27.219877	27.083851	26.955391	26.802368	26.664078	26.505663	26.367180	26.213486	26.082525	25.941059	25.822674	25.697760	25.594036	25.486752	25.396925	25.305471	25.226376	25.146698	25.073412	
25.082869	25.169298	25.255610	25.352354	25.448404	25.561035	25.671532	25.803490	25.930742	26.082525	26.225805	26.394377	26.549576	26.728170	26.887903	27.066399	27.220579	27.386457	27.523453	27.663305	27.771475	27.872856	27.942253	27.995556	28.019478	28.019476	27.995558	27.942253	27.872856	27.771475	27.663303	27.523453	27.386457	27.220577	27.066399	26.887897	26.728172	26.549576	26.394375	26.225805	26.082525	25.930742	25.803490	25.671532	25.561033	25.448402	25.352352	25.255608	25.169298	25.082870	
25.094612	25.189323	25.291733	25.394178	25.511471	25.627975	25.765366	25.899984	26.059805	26.213486	26.394375	26.564384	26.760834	26.940598	27.143021	27.322512	27.518009	27.684725	27.858482	27.999001	28.136215	28.238060	28.326096	28.379642	28.409985	28.409985	28.379639	28.326096	28.238058	28.136213	27.998999	27.858482	27.684725	27.518009	27.322510	27.143021	26.940598	26.760832	26.564384	26.394375	26.213484	26.059807	25.899984	25.765368	25.627975	25.511471	25.394176	25.291733	25.189323	25.094612	
25.104858	25.213909	25.323406	25.445168	25.567244	25.708736	25.849319	26.014896	26.176872	26.367182	26.549576	26.760832	26.958397	27.182148	27.385460	27.609039	27.805264	28.013006	28.187346	28.362473	28.500120	28.627058	28.715364	28.782104	28.812542	28.812540	28.782103	28.715363	28.627058	28.500120	28.362469	28.187347	28.013006	27.805264	27.609039	27.385460	27.182148	26.958397	26.760832	26.549576	26.367184	26.176870	26.014900	25.849319	25.708738	25.567242	25.445168	25.323406	25.213909	25.104858	
25.117315	25.235092	25.361725	25.489407	25.634121	25.779537	25.948797	26.116943	26.313654	26.505667	26.728172	26.940598	27.182148	27.406750	27.655590	27.879822	28.120108	28.328363	28.541897	28.717413	28.886023	29.013229	29.121401	29.188278	29.225565	29.225563	29.188280	29.121401	29.013229	28.886024	28.717415	28.541899	28.328367	28.120110	27.879826	27.655590	27.406750	27.182150	26.940598	26.728172	26.505667	26.313658	26.116947	25.948801	25.779537	25.634125	25.489405	25.361725	25.235092	25.117317	
25.127869	25.260454	25.394333	25.541998	25.691540	25.862823	26.035219	26.235420	26.434147	26.664082	26.887897	27.143023	27.385456	27.655590	27.905060	28.174931	28.415680	28.666397	28.880283	29.091614	29.260473	29.413647	29.521969	29.602501	29.639835	29.639839	29.602501	29.521973	29.413647	29.260475	29.091614	28.880287	28.666399	28.415684	28.174929	27.905060	27.655590	27.385460	27.143024	26.887901	26.664083	26.434147	26.235422	26.035221	25.862825	25.691540	25.542000	25.394333	25.260456	25.127867	
25.140329	25.281616	25.432661	25.586189	25.758427	25.933540	26.134689	26.337334	26.570885	26.802364	27.066401	27.322506	27.609043	27.879822	28.174929	28.445251	28.730164	28.981207	29.234371	29.445930	29.645821	29.799143	29.927376	30.007978	30.052181	30.052177	30.007982	29.927376	29.799145	29.645823	29.445934	29.234373	28.981209	28.730165	28.445255	28.174929	27.879822	27.609039	27.322510	27.066401	26.802368	26.570889	26.337337	26.134691	25.933542	25.758430	25.586189	25.432661	25.281616	25.140329	
25.150518	25.306133	25.464151	25.637020	25.813869	26.014023	26.218130	26.451799	26.687206	26.955391	27.220573	27.518011	27.805260	28.120108	28.415680	28.730165	29.015394	29.307518	29.560902	29.807110	30.007145	30.185589	30.313904	30.407721	30.451942	30.451948	30.407719	30.313908	30.185591	30.007149	29.807114	29.560904	29.307520	29.015396	28.730164	28.415684	28.120108	27.805264	27.518011	27.220577	26.955395	26.687206	26.451801	26.218132	26.014023	25.813871	25.637020	25.464151	25.306129	25.150518	
25.162107	25.325798	25.499790	25.678085	25.876060	26.079731	26.310598	26.546484	26.814301	27.083851	27.386456	27.684723	28.013006	28.328362	28.666397	28.981205	29.307518	29.599857	29.889778	30.136131	30.365025	30.543554	30.690388	30.784241	30.834854	30.834850	30.784245	30.690388	30.543558	30.365025	30.136131	29.889778	29.599859	29.307518	28.981209	28.666399	28.328365	28.013006	27.684725	27.386457	27.083851	26.814302	26.546482	26.310600	26.079729	25.876059	25.678085	25.499790	25.325798	25.162106	
25.171164	25.347599	25.527782	25.723289	25.925339	26.151293	26.384754	26.648249	26.917667	27.219875	27.523451	27.858482	28.187346	28.541901	28.880283	29.234371	29.560902	29.889776	30.179840	30.457006	30.685986	30.886856	31.033733	31.139338	31.189957	31.189960	31.139332	31.033739	30.886854	30.685989	30.457008	30.179840	29.889778	29.560904	29.234371	28.880287	28.541897	28.187346	27.858482	27.523453	27.219875	26.917667	26.648249	26.384756	26.151291	25.925339	25.723288	25.527782	25.347597	25.171164	
25.180939	25.364182	25.557842	25.757910	25.977787	26.206686	26.462734	26.728065	27.024834	27.328157	27.663303	27.998997	28.362473	28.717411	29.091614	29.445932	29.807112	30.136131	30.457005	30.734261	30.987577	31.188492	31.350988	31.456608	31.512619	31.512615	31.456612	31.350986	31.188496	30.987577	30.734261	30.457008	30.136133	29.807114	29.445934	29.091614	28.717415	28.362471	27.999001	27.663305	27.328159	27.024834	26.728065	26.462734	26.206690	25.977787	25.757912	25.557842	25.364182	25.180939	
25.188095	25.381405	25.579952	25.793619	26.016708	26.263216	26.521296	26.808445	27.106459	27.435585	27.771477	28.136215	28.500120	28.886024	29.260475	29.645819	30.007147	30.365025	30.685989	30.987577	31.240946	31.459503	31.622025	31.736923	31.792934	31.792938	31.736919	31.622026	31.459503	31.240948	30.987579	30.685989	30.365026	30.007149	29.645823	29.260479	28.886024	28.500124	28.136215	27.771477	27.435587	27.106461	26.808445	26.521297	26.263216	26.016708	25.793621	25.579952	25.381405	25.188095	
25.195181	25.393429	25.601749	25.818720	26.054737	26.303375	26.577831	26.866302	27.184149	27.514074	27.872854	28.238060	28.627058	29.013227	29.413647	29.799145	30.185589	30.543556	30.886854	31.188494	31.459503	31.678089	31.851925	31.966835	32.026752	32.026749	31.966839	31.851927	31.678089	31.459503	31.188496	30.886856	30.543556	30.185591	29.799145	29.413649	29.013231	28.627060	28.238064	27.872856	27.514076	27.184151	26.866306	26.577833	26.303377	26.054739	25.818722	25.601751	25.393431	25.195181	
25.199772	25.404480	25.615936	25.841637	26.079710	26.339649	26.615406	26.917881	27.236519	27.583000	27.942251	28.326094	28.715361	29.121399	29.521971	29.927376	30.313906	30.690388	31.033733	31.350986	31.622023	31.851927	32.025780	32.146637	32.206558	32.206558	32.146637	32.025780	31.851925	31.622025	31.350986	31.033737	30.690388	30.313908	29.927376	29.521973	29.121401	28.715366	28.326096	27.942253	27.583004	27.236521	26.917883	26.615410	26.339651	26.079712	25.841640	25.615938	25.404484	25.199774	
25.203499	25.410803	25.627398	25.854837	26.099709	26.360765	26.645136	26.948303	27.277369	27.624268	27.995556	28.379639	28.782101	29.188278	29.602501	30.007982	30.407719	30.784243	31.139332	31.456608	31.736919	31.966835	32.146637	32.267502	32.329475	32.329472	32.267506	32.146637	31.966839	31.736919	31.456610	31.139336	30.784245	30.407719	30.007982	29.602501	29.188282	28.782104	28.379641	27.995560	27.624269	27.277374	26.948307	26.645138	26.360767	26.099709	25.854837	25.627401	25.410805	25.203501	
25.205082	25.414614	25.632290	25.862736	26.108316	26.373270	26.658089	26.966082	27.295422	27.648026	28.019476	28.409985	28.812538	29.225563	29.639835	30.052181	30.451946	30.834850	31.189957	31.512615	31.792934	32.026752	32.206558	32.329475	32.391449	32.391449	32.329475	32.206558	32.026752	31.792934	31.512617	31.189959	30.834852	30.451946	30.052181	29.639837	29.225565	28.812542	28.409988	28.019482	27.648031	27.295424	26.966085	26.658092	26.373272	26.108318	25.862740	25.632290	25.414616	25.205082	
25.205082	25.414614	25.632290	25.862736	26.108316	26.373270	26.658089	26.966082	27.295422	27.648026	28.019476	28.409985	28.812538	29.225563	29.639835	30.052181	30.451946	30.834850	31.189957	31.512615	31.792934	32.026752	32.206558	32.329475	32.391449	32.391449	32.329475	32.206558	32.026752	31.792934	31.512617	31.189959	30.834852	30.451946	30.052181	29.639837	29.225565	28.812542	28.409988	28.019482	27.648031	27.295424	26.966085	26.658092	26.373272	26.108318	25.862740	25.632290	25.414616	25.205082	
25.203499	25.410803	25.627398	25.854837	26.099709	26.360765	26.645136	26.948303	27.277369	27.624268	27.995556	28.379639	28.782101	29.188278	29.602501	30.007982	30.407719	30.784243	31.139332	31.456608	31.736919	31.966835	32.146637	32.267502	32.329475	32.329472	32.267506	32.146637	31.966839	31.736919	31.456610	31.139336	30.784245	30.407719	30.007982	29.602501	29.188282	28.782104	28.379641	27.995560	27.624269	27.277374	26.948307	26.645138	26.360767	26.099709	25.854837	25.627401	25.410805	25.203501	
25.199772	25.404480	25.615936	25.841637	26.079710	26.339649	26.615406	26.917881	27.236519	27.583000	27.942251	28.326094	28.715361	29.121399	29.521971	29.927376	30.313906	30.690388	31.033733	31.350986	31.622023	31.851927	32.025780	32.146637	32.206558	32.206558	32.146637	32.025780	31.851925	31.622025	31.350986	31.033737	30.690388	30.313908	29.927376	29.521973	29.121401	28.715366	28.326096	27.942253	27.583004	27.236521	26.917883	26.615410	26.339651	26.079712	25.841640	25.615938	25.404484	25.199774	
25.195181	25.393429	25.601749	25.818720	26.054737	26.303375	26.577831	26.866302	27.184149	27.514074	27.872854	28.238060	28.627058	29.013227	29.413647	29.799145	30.185589	30.543556	30.886854	31.188494	31.459503	31.678089	31.851925	31.966835	32.026752	32.026749	31.966839	31.851927	31.678089	31.459503	31.188496	30.886856	30.543556	30.185591	29.799145	29.413649	29.013231	28.627060	28.238064	27.872856	27.514076	27.184151	26.866306	26.577833	26.303377	26.054739	25.818722	25.601751	25.393431	25.195181	
25.188095	25.381405	25.579952	25.793619	26.016708	26.263216	26.521296	26.808445	27.106459	27.435585	27.771477	28.136215	28.500120	28.886024	29.260475	29.645819	30.007147	30.365025	30.685989	30.987577	31.240946	31.459503	31.622025	31.736923	31.792934	31.792938	31.736919	31.622026	31.459503	31.240948	30.987579	30.685989	30.365026	30.007149	29.645823	29.260479	28.886024	28.500124	28.136215	27.771477	27.435587	27.106461	26.808445	26.521297	26.263216	26.016708	25.793621	25.579952	25.381405	25.188095	
25.180939	25.364182	25.557842	25.757910	25.977787	26.206686	26.462734	26.728065	27.024834	27.328157	27.663303	27.998997	28.362473	28.717411	29.091614	29.445932	29.807112	30.136131	30.457005	30.734261	30.987577	31.188492	31.350988	31.456608	31.512619	31.512615	31.456612	31.350986	31.188496	30.987577	30.734261	30.457008	30.136133	29.807114	29.445934	29.091614	28.717415	28.362471	27.999001	27.663305	27.328159	27.024834	26.728065	26.462734	26.206690	25.977787	25.757912	25.557842	25.364182	25.180939	
25.171164	25.347599	25.527782	25.723289	25.925339	26.151293	26.384754	26.648249	26.917667	27.219875	27.523451	27.858482	28.187346	28.541901	28.880283	29.234371	29.560902	29.889776	30.179840	30.457006	30.685986	30.886856	31.033733	31.139338	31.189957	31.189960	31.139332	31.033739	30.886854	30.685989	30.457008	30.179840	29.889778	29.560904	29.234371	28.880287	28.541897	28.187346	27.858482	27.523453	27.219875	26.917667	26.648249	26.384756	26.151291	25.925339	25.723288	25.527782	25.347597	25.171164	
25.162107	25.325798	25.499790	25.678085	25.876060	26.079731	26.310598	26.546484	26.814301	27.083851	27.386456	27.684723	28.013006	28.328362	28.666397	28.981205	29.307518	29.599857	29.889778	30.136131	30.365025	30.543554	30.690388	30.784241	30.834854	30.834850	30.784245	30.690388	30.543558	30.365025	30.136131	29.889778	29.599859	29.307518	28.981209	28.666399	28.328365	28.013006	27.684725	27.386457	27.083851	26.814302	26.546482	26.310600	26.079729	25.876059	25.678085	25.499790	25.325798	25.162106	
25.150518	25.306133	25.464151	25.637020	25.813869	26.014023	26.218130	26.451799	26.687206	26.955391	27.220573	27.518011	27.805260	28.120108	28.415680	28.730165	29.015394	29.307518	29.560902	29.807110	30.007145	30.185589	30.313904	30.407721	30.451942	30.451948	30.407719	30.313908	30.185591	30.007149	29.807114	29.560904	29.307520	29.015396	28.730164	28.415684	28.120108	27.805264	27.518011	27.220577	26.955395	26.687206	26.451801	26.218132	26.014023	25.813871	25.637020	25.464151	25.306129	25.150518	
25.140329	25.281616	25.432661	25.586189	25.758427	25.933540	26.134689	26.337334	26.570885	26.802364	27.066401	27.322506	27.609043	27.879822	28.174929	28.445251	28.730164	28.981207	29.234371	29.445930	29.645821	29.799143	29.927376	30.007978	30.052181	30.052177	30.007982	29.927376	29.799145	29.645823	29.445934	29.234373	28.981209	28.730165	28.445255	28.174929	27.879822	27.609039	27.322510	27.066401	26.802368	26.570889	26.337337	26.134691	25.933542	25.758430	25.586189	25.432661	25.281616	25.140329	
25.127869	25.260454	25.394333	25.541998	25.691540	25.862823	26.035219	26.235420	26.434147	26.664082	26.887897	27.143023	27.385456	27.655590	27.905060	28.174931	28.415680	28.666397	28.880283	29.091614	29.260473	29.413647	29.521969	29.602501	29.639835	29.639839	29.602501	29.521973	29.413647	29.260475	29.091614	28.880287	28.666399	28.415684	28.174929	27.905060	27.655590	27.385460	27.143024	26.887901	26.664083	26.434147	26.235422	26.035221	25.862825	25.691540	25.542000	25.394333	25.260456	25.127867	
25.117315	25.235092	25.361725	25.489407	25.634121	25.779537	25.948797	26.116943	26.313654	26.505667	26.728172	26.940598	27.182148	27.406750	27.655590	27.879822	28.120108	28.328363	28.541897	28.717413	28.886023	29.013229	29.121401	29.188278	29.225565	29.225563	29.188280	29.121401	29.013229	28.886024	28.717415	28.541899	28.328367	28.120110	27.879826	27.655590	27.406750	27.182150	26.940598	26.728172	26.505667	26.313658	26.116947	25.948801	25.779537	25.634125	25.489405	25.361725	25.235092	25.117317	
25.104858	25.213909	25.323406	25.445168	25.567244	25.708736	25.849319	26.014896	26.176872	26.367182	26.549576	26.760832	26.958397	27.182148	27.385460	27.609039	27.805264	28.013006	28.187346	28.362473	28.500120	28.627058	28.715364	28.782104	28.812542	28.812540	28.782103	28.715363	28.627058	28.500120	28.362469	28.187347	28.013006	27.805264	27.609039	27.385460	27.182148	26.958397	26.760832	26.549576	26.367184	26.176870	26.014900	25.849319	25.708738	25.567242	25.445168	25.323406	25.213909	25.104858	
25.094612	25.189323	25.291733	25.394178	25.511471	25.627975	25.765366	25.899984	26.059805	26.213486	26.394375	26.564384	26.760834	26.940598	27.143021	27.322512	27.518009	27.684725	27.858482	27.999001	28.136215	28.238060	28.326096	28.379642	28.409985	28.409985	28.379639	28.326096	28.238058	28.136213	27.998999	27.858482	27.684725	27.518009	27.322510	27.143021	26.940598	26.760832	26.564384	26.394375	26.213484	26.059807	25.899984	25.765368	25.627975	25.511471	25.394176	25.291733	25.189323	25.094612	
25.082869	25.169298	25.255610	25.352354	25.448404	25.561035	25.671532	25.803490	25.930742	26.082525	26.225805	26.394377	26.549576	26.728170	26.887903	27.066399	27.220579	27.386457	27.523453	27.663305	27.771475	27.872856	27.942253	27.995556	28.019478	28.019476	27.995558	27.942253	27.872856	27.771475	27.663303	27.523453	27.386457	27.220577	27.066399	26.887897	26.728172	26.549576	26.394375	26.225805	26.082525	25.930742	25.803490	25.671532	25.561033	25.448402	25.352352	25.255608	25.169298	25.082870	
25.073412	25.146698	25.226377	25.305473	25.396929	25.486752	25.594038	25.697762	25.822676	25.941057	26.082527	26.213484	26.367180	26.505667	26.664082	26.802368	26.955393	27.083851	27.219875	27.328157	27.435585	27.514072	27.583000	27.624271	27.648027	27.648029	27.624268	27.583000	27.514074	27.435585	27.328159	27.219877	27.083851	26.955391	26.802368	26.664078	26.505663	26.367180	26.213486	26.082525	25.941059	25.822674	25.697760	25.594036	25.486752	25.396925	25.305471	25.226376	25.146698	25.073412	
25.062859	25.128597	25.193901	25.267666	25.340216	25.426245	25.509624	25.610535	25.706520	25.822676	25.930742	26.059805	26.176870	26.313654	26.434151	26.570887	26.687210	26.814301	26.917671	27.024834	27.106461	27.184149	27.236521	27.277369	27.295422	27.295422	27.277369	27.236521	27.184149	27.106461	27.024834	26.917671	26.814301	26.687206	26.570887	26.434147	26.313652	26.176870	26.059803	25.930740	25.822674	25.706520	25.610533	25.509624	25.426243	25.340214	25.267666	25.193903	25.128595	25.062859	
25.054459	25.108677	25.167934	25.226334	25.294487	25.360725	25.440788	25.517227	25.610535	25.697760	25.803490	25.899984	26.014898	26.116949	26.235420	26.337337	26.451799	26.546486	26.648247	26.728067	26.808445	26.866306	26.917881	26.948303	26.966082	26.966084	26.948303	26.917881	26.866304	26.808443	26.728065	26.648247	26.546486	26.451801	26.337334	26.235420	26.116945	26.014896	25.899984	25.803490	25.697760	25.610533	25.517227	25.440786	25.360725	25.294485	25.226334	25.167934	25.108679	25.054455	
25.045307	25.092808	25.139774	25.193193	25.245283	25.307690	25.367508	25.440788	25.509626	25.594038	25.671534	25.765368	25.849321	25.948801	26.035225	26.134691	26.218132	26.310596	26.384758	26.462732	26.521297	26.577831	26.615408	26.645136	26.658089	26.658089	26.645134	26.615406	26.577827	26.521296	26.462730	26.384754	26.310598	26.218130	26.134691	26.035223	25.948799	25.849321	25.765364	25.671532	25.594036	25.509626	25.440784	25.367508	25.307688	25.245285	25.193192	25.139774	25.092808	25.045307	
25.038002	25.075752	25.117199	25.157780	25.205536	25.251518	25.307690	25.360725	25.426245	25.486757	25.561035	25.627977	25.708738	25.779541	25.862825	25.933540	26.014023	26.079733	26.151291	26.206690	26.263218	26.303377	26.339647	26.360765	26.373270	26.373270	26.360765	26.339647	26.303375	26.263214	26.206688	26.151291	26.079727	26.014025	25.933540	25.862825	25.779539	25.708738	25.627975	25.561033	25.486755	25.426241	25.360729	25.307688	25.251518	25.205536	25.157782	25.117195	25.075750	25.038002	
25.030226	25.061985	25.093256	25.129036	25.163677	25.205536	25.245285	25.294485	25.340219	25.396927	25.448406	25.511473	25.567245	25.634125	25.691542	25.758429	25.813871	25.876059	25.925343	25.977787	26.016710	26.054737	26.079712	26.099707	26.108316	26.108316	26.099705	26.079712	26.054735	26.016706	25.977789	25.925339	25.876060	25.813871	25.758430	25.691542	25.634125	25.567245	25.511471	25.448406	25.396925	25.340218	25.294485	25.245285	25.205534	25.163677	25.129036	25.093254	25.061983	25.030224	
25.023855	25.047506	25.073570	25.098961	25.129040	25.157782	25.193192	25.226334	25.267666	25.305471	25.352356	25.394178	25.445168	25.489405	25.542000	25.586191	25.637020	25.678087	25.723286	25.757914	25.793619	25.818722	25.841637	25.854837	25.862736	25.862736	25.854837	25.841637	25.818722	25.793621	25.757910	25.723289	25.678083	25.637024	25.586189	25.542002	25.489407	25.445168	25.394178	25.352354	25.305473	25.267664	25.226336	25.193192	25.157782	25.129036	25.098961	25.073570	25.047506	25.023853	
25.017218	25.035339	25.053123	25.073570	25.093254	25.117195	25.139774	25.167934	25.193903	25.226377	25.255608	25.291737	25.323406	25.361725	25.394333	25.432663	25.464153	25.499790	25.527786	25.557842	25.579956	25.601749	25.615940	25.627399	25.632294	25.632292	25.627399	25.615936	25.601749	25.579950	25.557846	25.527782	25.499794	25.464151	25.432663	25.394333	25.361725	25.323406	25.291735	25.255608	25.226376	25.193905	25.167933	25.139772	25.117195	25.093252	25.073570	25.053123	25.035336	25.017218	
25.011457	25.022804	25.035339	25.047504	25.061985	25.075752	25.092808	25.108679	25.128595	25.146698	25.169300	25.189325	25.213909	25.235094	25.260454	25.281616	25.306131	25.325800	25.347599	25.364185	25.381405	25.393431	25.404484	25.410805	25.414616	25.414616	25.410805	25.404482	25.393427	25.381405	25.364180	25.347599	25.325798	25.306131	25.281616	25.260454	25.235094	25.213909	25.189323	25.169298	25.146698	25.128597	25.108677	25.092808	25.075752	25.061985	25.047506	25.035337	25.022804	25.011457	
25.005581	25.011457	25.017218	25.023855	25.030224	25.038002	25.045307	25.054457	25.062859	25.073412	25.082870	25.094614	25.104860	25.117317	25.127869	25.140331	25.150520	25.162106	25.171165	25.180939	25.188095	25.195183	25.199772	25.203499	25.205082	25.205086	25.203499	25.199772	25.195183	25.188091	25.180939	25.171164	25.162106	25.150518	25.140331	25.127869	25.117317	25.104860	25.094612	25.082869	25.073412	25.062857	25.054457	25.045307	25.038002	25.030224	25.023853	25.017218	25.011457	25.005581	
