25.001369	25.002735	25.004089	25.005428	25.006748	25.008041	25.009302	25.010530	25.011717	25.012859	25.013954	25.014994	25.015980	25.016903	25.017761	25.018555	25.019276	25.019924	25.020498	25.020992	25.021408	25.021740	25.021996	25.022163	25.022247	25.022247	25.022163	25.021994	25.021742	25.021408	25.020992	25.020496	25.019924	25.019276	25.018555	25.017761	25.016901	25.015978	25.014994	25.013954	25.012859	25.011717	25.010529	25.009300	25.008039	25.006746	25.005428	25.004089	25.002735	25.001369	
25.002735	25.005459	25.008163	25.010838	25.013470	25.016048	25.018570	25.021019	25.023390	25.025671	25.027855	25.029930	25.031897	25.033741	25.035456	25.037037	25.038479	25.039776	25.040916	25.041904	25.042732	25.043404	25.043903	25.044243	25.044411	25.044411	25.044243	25.043907	25.043404	25.042734	25.041904	25.040913	25.039772	25.038479	25.037037	25.035454	25.033737	25.031895	25.029934	25.027853	25.025673	25.023388	25.021019	25.018570	25.016048	25.013468	25.010838	25.008163	25.005459	25.002735	
25.004089	25.008163	25.012207	25.016205	25.020142	25.023998	25.027767	25.031429	25.034975	25.038383	25.041649	25.044756	25.047695	25.050449	25.053017	25.055382	25.057535	25.059471	25.061180	25.062658	25.063900	25.064898	25.065649	25.066151	25.066402	25.066404	25.066154	25.065647	25.064898	25.063900	25.062656	25.061180	25.059467	25.057533	25.055380	25.053015	25.050449	25.047691	25.044756	25.041649	25.038383	25.034971	25.031429	25.027763	25.023998	25.020138	25.016205	25.012207	25.008163	25.004089	
25.005428	25.010838	25.016203	25.021509	25.026737	25.031857	25.036858	25.041721	25.046423	25.050953	25.055286	25.059412	25.063309	25.066971	25.070374	25.073513	25.076372	25.078943	25.081211	25.083176	25.084822	25.086147	25.087147	25.087812	25.088146	25.088146	25.087811	25.087145	25.086147	25.084820	25.083176	25.081211	25.078945	25.076372	25.073513	25.070374	25.066967	25.063309	25.059410	25.055286	25.050949	25.046425	25.041719	25.036858	25.031857	25.026735	25.021511	25.016205	25.010836	25.005428	
25.006748	25.013466	25.020138	25.026733	25.033226	25.039595	25.045811	25.051851	25.057699	25.063328	25.068714	25.073839	25.078686	25.083233	25.087467	25.091366	25.094921	25.098114	25.100937	25.103374	25.105423	25.107071	25.108311	25.109140	25.109554	25.109554	25.109137	25.108307	25.107069	25.105423	25.103374	25.100939	25.098114	25.094921	25.091366	25.087465	25.083235	25.078686	25.073841	25.068712	25.063326	25.057697	25.051853	25.045811	25.039593	25.033228	25.026735	25.020138	25.013468	25.006746	
25.008041	25.016048	25.023998	25.031857	25.039595	25.047182	25.054588	25.061790	25.068756	25.075462	25.081879	25.087990	25.093763	25.099184	25.104225	25.108875	25.113108	25.116917	25.120277	25.123186	25.125622	25.127586	25.129063	25.130051	25.130547	25.130547	25.130051	25.129063	25.127584	25.125622	25.123184	25.120277	25.116917	25.113110	25.108875	25.104227	25.099182	25.093765	25.087986	25.081879	25.075460	25.068754	25.061787	25.054588	25.047180	25.039593	25.031857	25.023998	25.016048	25.008039	
25.009304	25.018570	25.027765	25.036858	25.045811	25.054588	25.063160	25.071487	25.079552	25.087307	25.094736	25.101803	25.108488	25.114754	25.120594	25.125969	25.130871	25.135271	25.139164	25.142525	25.145348	25.147617	25.149328	25.150471	25.151047	25.151043	25.150471	25.149326	25.147617	25.145348	25.142525	25.139162	25.135273	25.130871	25.125969	25.120590	25.114758	25.108484	25.101805	25.094738	25.087307	25.079552	25.071489	25.063160	25.054588	25.045811	25.036858	25.027767	25.018570	25.009302	
25.010529	25.021019	25.031429	25.041721	25.051853	25.061789	25.071491	25.080921	25.090042	25.098825	25.107231	25.115234	25.122795	25.129894	25.136497	25.142588	25.148130	25.153118	25.157520	25.161327	25.164518	25.167091	25.169025	25.170322	25.170969	25.170969	25.170319	25.169025	25.167089	25.164520	25.161327	25.157520	25.153116	25.148132	25.142586	25.136497	25.129894	25.122795	25.115232	25.107233	25.098827	25.090042	25.080921	25.071491	25.061787	25.051853	25.041719	25.031429	25.021019	25.010529	
25.011717	25.023388	25.034973	25.046423	25.057699	25.068756	25.079552	25.090042	25.100197	25.109966	25.119324	25.128223	25.136641	25.144535	25.151890	25.158661	25.164833	25.170376	25.175282	25.179512	25.183067	25.185926	25.188084	25.189522	25.190245	25.190243	25.189522	25.188080	25.185928	25.183067	25.179516	25.175278	25.170380	25.164833	25.158661	25.151888	25.144539	25.136639	25.128227	25.119322	25.109966	25.100197	25.090044	25.079548	25.068754	25.057697	25.046425	25.034969	25.023392	25.011715	
25.012859	25.025669	25.038383	25.050951	25.063328	25.075462	25.087307	25.098825	25.109964	25.120693	25.130959	25.140730	25.149963	25.158638	25.166698	25.174135	25.180906	25.186996	25.192371	25.197021	25.200924	25.204063	25.206425	25.208008	25.208797	25.208801	25.208004	25.206425	25.204060	25.200922	25.197021	25.192375	25.186995	25.180910	25.174133	25.166700	25.158634	25.149967	25.140728	25.130959	25.120691	25.109966	25.098825	25.087311	25.075459	25.063326	25.050949	25.038385	25.025669	25.012859	
25.013954	25.027853	25.041649	25.055286	25.068714	25.081879	25.094736	25.107231	25.119324	25.130959	25.142101	25.152700	25.162727	25.172127	25.180883	25.188948	25.196301	25.202900	25.208740	25.213781	25.218016	25.221420	25.223988	25.225700	25.226562	25.226559	25.225700	25.223984	25.221420	25.218012	25.213783	25.208736	25.202904	25.196297	25.188950	25.180882	25.172129	25.162722	25.152702	25.142099	25.130959	25.119324	25.107233	25.094734	25.081879	25.068712	25.055286	25.041649	25.027855	25.013952	
25.014992	25.029932	25.044754	25.059408	25.073837	25.087988	25.101803	25.115234	25.128225	25.140730	25.152700	25.164097	25.174862	25.184975	25.194374	25.203049	25.210941	25.218042	25.224312	25.229733	25.234280	25.237938	25.240696	25.242542	25.243462	25.243465	25.242538	25.240696	25.237938	25.234282	25.229729	25.224312	25.218039	25.210945	25.203045	25.194374	25.184969	25.174864	25.164093	25.152702	25.140732	25.128223	25.115232	25.101805	25.087986	25.073839	25.059408	25.044756	25.029930	25.014996	
25.015980	25.031895	25.047691	25.063309	25.078684	25.093761	25.108486	25.122795	25.136641	25.149965	25.162727	25.174862	25.186342	25.197111	25.207138	25.216370	25.224791	25.232349	25.239035	25.244808	25.249657	25.253555	25.256493	25.258457	25.259445	25.259441	25.258459	25.256491	25.253557	25.249653	25.244812	25.239033	25.232353	25.224787	25.216372	25.207134	25.197109	25.186338	25.174866	25.162724	25.149967	25.136639	25.122795	25.108484	25.093763	25.078686	25.063311	25.047691	25.031895	25.015978	
25.016899	25.033741	25.050449	25.066967	25.083233	25.099182	25.114754	25.129894	25.144537	25.158634	25.172127	25.184973	25.197111	25.208508	25.219105	25.228878	25.237778	25.245781	25.252846	25.258961	25.264084	25.268211	25.271317	25.273396	25.274435	25.274439	25.273396	25.271320	25.268208	25.264088	25.258957	25.252850	25.245781	25.237782	25.228876	25.219107	25.208504	25.197113	25.184969	25.172131	25.158634	25.144539	25.129894	25.114756	25.099182	25.083233	25.066967	25.050451	25.033741	25.016903	
25.017761	25.035454	25.053017	25.070374	25.087465	25.104225	25.120590	25.136497	25.151890	25.166702	25.180883	25.194376	25.207134	25.219105	25.230247	25.240513	25.249868	25.258274	25.265705	25.272123	25.277512	25.281849	25.285112	25.287296	25.288391	25.288391	25.287296	25.285110	25.281849	25.277512	25.272127	25.265705	25.258282	25.249870	25.240517	25.230246	25.219109	25.207134	25.194378	25.180880	25.166702	25.151888	25.136497	25.120592	25.104225	25.087463	25.070374	25.053015	25.035454	25.017761	
25.018551	25.037037	25.055378	25.073513	25.091364	25.108873	25.125965	25.142586	25.158661	25.174135	25.188948	25.203045	25.216370	25.228878	25.240515	25.251240	25.261009	25.269794	25.277552	25.284260	25.289886	25.294416	25.297829	25.300106	25.301250	25.301250	25.300106	25.297827	25.294415	25.289890	25.284260	25.277555	25.269794	25.261017	25.251240	25.240517	25.228878	25.216373	25.203045	25.188950	25.174133	25.158661	25.142586	25.125967	25.108873	25.091366	25.073509	25.055380	25.037037	25.018555	
25.019276	25.038475	25.057533	25.076370	25.094921	25.113106	25.130867	25.148129	25.164831	25.180908	25.196299	25.210941	25.224785	25.237780	25.249870	25.261009	25.271166	25.280287	25.288349	25.295315	25.301163	25.305866	25.309410	25.311781	25.312967	25.312967	25.311781	25.309410	25.305866	25.301161	25.295315	25.288349	25.280291	25.271164	25.261015	25.249870	25.237782	25.224787	25.210945	25.196297	25.180908	25.164833	25.148132	25.130871	25.113108	25.094919	25.076370	25.057533	25.038479	25.019276	
25.019920	25.039772	25.059467	25.078941	25.098112	25.116915	25.135269	25.153114	25.170376	25.186996	25.202902	25.218039	25.232349	25.245779	25.258278	25.269794	25.280289	25.289719	25.298050	25.305252	25.311295	25.316156	25.319822	25.322269	25.323498	25.323498	25.322269	25.319820	25.316158	25.311295	25.305250	25.298050	25.289719	25.280291	25.269794	25.258278	25.245781	25.232353	25.218039	25.202902	25.186993	25.170378	25.153116	25.135269	25.116913	25.098114	25.078941	25.059469	25.039772	25.019924	
25.020498	25.040913	25.061180	25.081211	25.100935	25.120274	25.139160	25.157516	25.175278	25.192371	25.208736	25.224308	25.239031	25.252846	25.265705	25.277552	25.288349	25.298050	25.306623	25.314030	25.320248	25.325251	25.329018	25.331539	25.332802	25.332800	25.331539	25.329018	25.325249	25.320244	25.314030	25.306620	25.298054	25.288349	25.277555	25.265705	25.252850	25.239033	25.224312	25.208736	25.192371	25.175278	25.157518	25.139162	25.120277	25.100935	25.081211	25.061180	25.040916	25.020498	
25.020988	25.041904	25.062656	25.083172	25.103371	25.123180	25.142521	25.161324	25.179512	25.197020	25.213779	25.229729	25.244804	25.258957	25.272123	25.284258	25.295315	25.305252	25.314030	25.321617	25.327986	25.333107	25.336967	25.339546	25.340839	25.340843	25.339548	25.336966	25.333107	25.327984	25.321613	25.314030	25.305250	25.295319	25.284260	25.272125	25.258957	25.244808	25.229729	25.213779	25.197018	25.179510	25.161324	25.142521	25.123182	25.103374	25.083176	25.062658	25.041906	25.020992	
25.021408	25.042732	25.063896	25.084820	25.105419	25.125618	25.145344	25.164516	25.183065	25.200920	25.218014	25.234276	25.249653	25.264082	25.277510	25.289886	25.301163	25.311295	25.320246	25.327984	25.334476	25.339699	25.343636	25.346268	25.347588	25.347588	25.346270	25.343637	25.339701	25.334476	25.327984	25.320248	25.311296	25.301161	25.289890	25.277512	25.264086	25.249653	25.234276	25.218012	25.200918	25.183064	25.164516	25.145344	25.125622	25.105421	25.084820	25.063900	25.042734	25.021408	
25.021740	25.043400	25.064898	25.086143	25.107067	25.127583	25.147614	25.167088	25.185925	25.204056	25.221416	25.237936	25.253551	25.268208	25.281845	25.294415	25.305866	25.316156	25.325249	25.333107	25.339699	25.345009	25.349003	25.351677	25.353016	25.353016	25.351677	25.349003	25.345007	25.339699	25.333107	25.325249	25.316154	25.305866	25.294415	25.281849	25.268209	25.253553	25.237934	25.221416	25.204058	25.185925	25.167088	25.147614	25.127583	25.107067	25.086147	25.064896	25.043402	25.021742	
25.021996	25.043903	25.065647	25.087143	25.108307	25.129059	25.149324	25.169022	25.188078	25.206421	25.223980	25.240692	25.256489	25.271315	25.285110	25.297825	25.309408	25.319818	25.329014	25.336964	25.343636	25.349003	25.353046	25.355751	25.357105	25.357105	25.355751	25.353046	25.349003	25.343637	25.336966	25.329016	25.319820	25.309406	25.297827	25.285110	25.271317	25.256489	25.240692	25.223980	25.206421	25.188080	25.169024	25.149326	25.129061	25.108311	25.087143	25.065651	25.043903	25.021996	
25.022163	25.044241	25.066151	25.087811	25.109137	25.130051	25.150469	25.170315	25.189518	25.208000	25.225697	25.242535	25.258453	25.273392	25.287292	25.300104	25.311779	25.322269	25.331535	25.339546	25.346268	25.351677	25.355749	25.358475	25.359840	25.359840	25.358475	25.355751	25.351677	25.346268	25.339546	25.331537	25.322268	25.311779	25.300106	25.287296	25.273392	25.258453	25.242537	25.225700	25.208004	25.189522	25.170319	25.150471	25.130051	25.109138	25.087812	25.066151	25.044243	25.022163	
25.022247	25.044411	25.066402	25.088142	25.109554	25.130545	25.151041	25.170963	25.190239	25.208794	25.226555	25.243460	25.259439	25.274433	25.288385	25.301247	25.312965	25.323494	25.332796	25.340839	25.347586	25.353014	25.357105	25.359840	25.361210	25.361210	25.359840	25.357105	25.353016	25.347588	25.340839	25.332798	25.323496	25.312965	25.301250	25.288387	25.274433	25.259438	25.243460	25.226557	25.208797	25.190243	25.170967	25.151043	25.130547	25.109554	25.088146	25.066402	25.044411	25.022247	
25.022247	25.044411	25.066402	25.088142	25.109554	25.130545	25.151041	25.170963	25.190239	25.208794	25.226555	25.243460	25.259439	25.274433	25.288385	25.301247	25.312965	25.323494	25.332796	25.340839	25.347586	25.353014	25.357105	25.359840	25.361210	25.361210	25.359840	25.357105	25.353016	25.347588	25.340839	25.332798	25.323496	25.312965	25.301250	25.288387	25.274433	25.259438	25.243460	25.226557	25.208797	25.190243	25.170967	25.151043	25.130547	25.109554	25.088146	25.066402	25.044411	25.022247	
25.022163	25.044241	25.066151	25.087811	25.109137	25.130051	25.150469	25.170315	25.189518	25.208000	25.225697	25.242535	25.258453	25.273392	25.287292	25.300104	25.311779	25.322269	25.331535	25.339546	25.346268	25.351677	25.355749	25.358475	25.359840	25.359840	25.358475	25.355751	25.351677	25.346268	25.339546	25.331537	25.322268	25.311779	25.300106	25.287296	25.273392	25.258453	25.242537	25.225700	25.208004	25.189522	25.170319	25.150471	25.130051	25.109138	25.087812	25.066151	25.044243	25.022163	
25.021996	25.043903	25.065647	25.087143	25.108307	25.129059	25.149324	25.169022	25.188078	25.206421	25.223980	25.240692	25.256489	25.271315	25.285110	25.297825	25.309408	25.319818	25.329014	25.336964	25.343636	25.349003	25.353046	25.355751	25.357105	25.357105	25.355751	25.353046	25.349003	25.343637	25.336966	25.329016	25.319820	25.309406	25.297827	25.285110	25.271317	25.256489	25.240692	25.223980	25.206421	25.188080	25.169024	25.149326	25.129061	25.108311	25.087143	25.065651	25.043903	25.021996	
25.021740	25.043400	25.064898	25.086143	25.107067	25.127583	25.147614	25.167088	25.185925	25.204056	25.221416	25.237936	25.253551	25.268208	25.281845	25.294415	25.305866	25.316156	25.325249	25.333107	25.339699	25.345009	25.349003	25.351677	25.353016	25.353016	25.351677	25.349003	25.345007	25.339699	25.333107	25.325249	25.316154	25.305866	25.294415	25.281849	25.268209	25.253553	25.237934	25.221416	25.204058	25.185925	25.167088	25.147614	25.127583	25.107067	25.086147	25.064896	25.043402	25.021742	
25.021408	25.042732	25.063896	25.084820	25.105419	25.125618	25.145344	25.164516	25.183065	25.200920	25.218014	25.234276	25.249653	25.264082	25.277510	25.289886	25.301163	25.311295	25.320246	25.327984	25.334476	25.339699	25.343636	25.346268	25.347588	25.347588	25.346270	25.343637	25.339701	25.334476	25.327984	25.320248	25.311296	25.301161	25.289890	25.277512	25.264086	25.249653	25.234276	25.218012	25.200918	25.183064	25.164516	25.145344	25.125622	25.105421	25.084820	25.063900	25.042734	25.021408	
25.020988	25.041904	25.062656	25.083172	25.103371	25.123180	25.142521	25.161324	25.179512	25.197020	25.213779	25.229729	25.244804	25.258957	25.272123	25.284258	25.295315	25.305252	25.314030	25.321617	25.327986	25.333107	25.336967	25.339546	25.340839	25.340843	25.339548	25.336966	25.333107	25.327984	25.321613	25.314030	25.305250	25.295319	25.284260	25.272125	25.258957	25.244808	25.229729	25.213779	25.197018	25.179510	25.161324	25.142521	25.123182	25.103374	25.083176	25.062658	25.041906	25.020992	
25.020498	25.040913	25.061180	25.081211	25.100935	25.120274	25.139160	25.157516	25.175278	25.192371	25.208736	25.224308	25.239031	25.252846	25.265705	25.277552	25.288349	25.298050	25.306623	25.314030	25.320248	25.325251	25.329018	25.331539	25.332802	25.332800	25.331539	25.329018	25.325249	25.320244	25.314030	25.306620	25.298054	25.288349	25.277555	25.265705	25.252850	25.239033	25.224312	25.208736	25.192371	25.175278	25.157518	25.139162	25.120277	25.100935	25.081211	25.061180	25.040916	25.020498	
25.019920	25.039772	25.059467	25.078941	25.098112	25.116915	25.135269	25.153114	25.170376	25.186996	25.202902	25.218039	25.232349	25.245779	25.258278	25.269794	25.280289	25.289719	25.298050	25.305252	25.311295	25.316156	25.319822	25.322269	25.323498	25.323498	25.322269	25.319820	25.316158	25.311295	25.305250	25.298050	25.289719	25.280291	25.269794	25.258278	25.245781	25.232353	25.218039	25.202902	25.186993	25.170378	25.153116	25.135269	25.116913	25.098114	25.078941	25.059469	25.039772	25.019924	
25.019276	25.038475	25.057533	25.076370	25.094921	25.113106	25.130867	25.148129	25.164831	25.180908	25.196299	25.210941	25.224785	25.237780	25.249870	25.261009	25.271166	25.280287	25.288349	25.295315	25.301163	25.305866	25.309410	25.311781	25.312967	25.312967	25.311781	25.309410	25.305866	25.301161	25.295315	25.288349	25.280291	25.271164	25.261015	25.249870	25.237782	25.224787	25.210945	25.196297	25.180908	25.164833	25.148132	25.130871	25.113108	25.094919	25.076370	25.057533	25.038479	25.019276	
25.018551	25.037037	25.055378	25.073513	25.091364	25.108873	25.125965	25.142586	25.158661	25.174135	25.188948	25.203045	25.216370	25.228878	25.240515	25.251240	25.261009	25.269794	25.277552	25.284260	25.289886	25.294416	25.297829	25.300106	25.301250	25.301250	25.300106	25.297827	25.294415	25.289890	25.284260	25.277555	25.269794	25.261017	25.251240	25.240517	25.228878	25.216373	25.203045	25.188950	25.174133	25.158661	25.142586	25.125967	25.108873	25.091366	25.073509	25.055380	25.037037	25.018555	
25.017761	25.035454	25.053017	25.070374	25.087465	25.104225	25.120590	25.136497	25.151890	25.166702	25.180883	25.194376	25.207134	25.219105	25.230247	25.240513	25.249868	25.258274	25.265705	25.272123	25.277512	25.281849	25.285112	25.287296	25.288391	25.288391	25.287296	25.285110	25.281849	25.277512	25.272127	25.265705	25.258282	25.249870	25.240517	25.230246	25.219109	25.207134	25.194378	25.180880	25.166702	25.151888	25.136497	25.120592	25.104225	25.087463	25.070374	25.053015	25.035454	25.017761	
25.016899	25.033741	25.050449	25.066967	25.083233	25.099182	25.114754	25.129894	25.144537	25.158634	25.172127	25.184973	25.197111	25.208508	25.219105	25.228878	25.237778	25.245781	25.252846	25.258961	25.264084	25.268211	25.271317	25.273396	25.274435	25.274439	25.273396	25.271320	25.268208	25.264088	25.258957	25.252850	25.245781	25.237782	25.228876	25.219107	25.208504	25.197113	25.184969	25.172131	25.158634	25.144539	25.129894	25.114756	25.099182	25.083233	25.066967	25.050451	25.033741	25.016903	
25.015980	25.031895	25.047691	25.063309	25.078684	25.093761	25.108486	25.122795	25.136641	25.149965	25.162727	25.174862	25.186342	25.197111	25.207138	25.216370	25.224791	25.232349	25.239035	25.244808	25.249657	25.253555	25.256493	25.258457	25.259445	25.259441	25.258459	25.256491	25.253557	25.249653	25.244812	25.239033	25.232353	25.224787	25.216372	25.207134	25.197109	25.186338	25.174866	25.162724	25.149967	25.136639	25.122795	25.108484	25.093763	25.078686	25.063311	25.047691	25.031895	25.015978	
25.014992	25.029932	25.044754	25.059408	25.073837	25.087988	25.101803	25.115234	25.128225	25.140730	25.152700	25.164097	25.174862	25.184975	25.194374	25.203049	25.210941	25.218042	25.224312	25.229733	25.234280	25.237938	25.240696	25.242542	25.243462	25.243465	25.242538	25.240696	25.237938	25.234282	25.229729	25.224312	25.218039	25.210945	25.203045	25.194374	25.184969	25.174864	25.164093	25.152702	25.140732	25.128223	25.115232	25.101805	25.087986	25.073839	25.059408	25.044756	25.029930	25.014996	
25.013954	25.027853	25.041649	25.055286	25.068714	25.081879	25.094736	25.107231	25.119324	25.130959	25.142101	25.152700	25.162727	25.172127	25.180883	25.188948	25.196301	25.202900	25.208740	25.213781	25.218016	25.221420	25.223988	25.225700	25.226562	25.226559	25.225700	25.223984	25.221420	25.218012	25.213783	25.208736	25.202904	25.196297	25.188950	25.180882	25.172129	25.162722	25.152702	25.142099	25.130959	25.119324	25.107233	25.094734	25.081879	25.068712	25.055286	25.041649	25.027855	25.013952	
25.012859	25.025669	25.038383	25.050951	25.063328	25.075462	25.087307	25.098825	25.109964	25.120693	25.130959	25.140730	25.149963	25.158638	25.166698	25.174135	25.180906	25.186996	25.192371	25.197021	25.200924	25.204063	25.206425	25.208008	25.208797	25.208801	25.208004	25.206425	25.204060	25.200922	25.197021	25.192375	25.186995	25.180910	25.174133	25.166700	25.158634	25.149967	25.140728	25.130959	25.120691	25.109966	25.098825	25.087311	25.075459	25.063326	25.050949	25.038385	25.025669	25.012859	
25.011717	25.023388	25.034973	25.046423	25.057699	25.068756	25.079552	25.090042	25.100197	25.109966	25.119324	25.128223	25.136641	25.144535	25.151890	25.158661	25.164833	25.170376	25.175282	25.179512	25.183067	25.185926	25.188084	25.189522	25.190245	25.190243	25.189522	25.188080	25.185928	25.183067	25.179516	25.175278	25.170380	25.164833	25.158661	25.151888	25.144539	25.136639	25.128227	25.119322	25.109966	25.100197	25.090044	25.079548	25.068754	25.057697	25.046425	25.034969	25.023392	25.011715	
25.010529	25.021019	25.031429	25.041721	25.051853	25.061789	25.071491	25.080921	25.090042	25.098825	25.107231	25.115234	25.122795	25.129894	25.136497	25.142588	25.148130	25.153118	25.157520	25.161327	25.164518	25.167091	25.169025	25.170322	25.170969	25.170969	25.170319	25.169025	25.167089	25.164520	25.161327	25.157520	25.153116	25.148132	25.142586	25.136497	25.129894	25.122795	25.115232	25.107233	25.098827	25.090042	25.080921	25.071491	25.061787	25.051853	25.041719	25.031429	25.021019	25.010529	
25.009304	25.018570	25.027765	25.036858	25.045811	25.054588	25.063160	25.071487	25.079552	25.087307	25.094736	25.101803	25.108488	25.114754	25.120594	25.125969	25.130871	25.135271	25.139164	25.142525	25.145348	25.147617	25.149328	25.150471	25.151047	25.151043	25.150471	25.149326	25.147617	25.145348	25.142525	25.139162	25.135273	25.130871	25.125969	25.120590	25.114758	25.108484	25.101805	25.094738	25.087307	25.079552	25.071489	25.063160	25.054588	25.045811	25.036858	25.027767	25.018570	25.009302	
25.008041	25.016048	25.023998	25.031857	25.039595	25.047182	25.054588	25.061790	25.068756	25.075462	25.081879	25.087990	25.093763	25.099184	25.104225	25.108875	25.113108	25.116917	25.120277	25.123186	25.125622	25.127586	25.129063	25.130051	25.130547	25.130547	25.130051	25.129063	25.127584	25.125622	25.123184	25.120277	25.116917	25.113110	25.108875	25.104227	25.099182	25.093765	25.087986	25.081879	25.075460	25.068754	25.061787	25.054588	25.047180	25.039593	25.031857	25.023998	25.016048	25.008039	
25.006748	25.013466	25.020138	25.026733	25.033226	25.039595	25.045811	25.051851	25.057699	25.063328	25.068714	25.073839	25.078686	25.083233	25.087467	25.091366	25.094921	25.098114	25.100937	25.103374	25.105423	25.107071	25.108311	25.109140	25.109554	25.109554	25.109137	25.108307	25.107069	25.105423	25.103374	25.100939	25.098114	25.094921	25.091366	25.087465	25.083235	25.078686	25.073841	25.068712	25.063326	25.057697	25.051853	25.045811	25.039593	25.033228	25.026735	25.020138	25.013468	25.006746	
25.005428	25.010838	25.016203	25.021509	25.026737	25.031857	25.036858	25.041721	25.046423	25.050953	25.055286	25.059412	25.063309	25.066971	25.070374	25.073513	25.076372	25.078943	25.081211	25.083176	25.084822	25.086147	25.087147	25.087812	25.088146	25.088146	25.087811	25.087145	25.086147	25.084820	25.083176	25.081211	25.078945	25.076372	25.073513	25.070374	25.066967	25.063309	25.059410	25.055286	25.050949	25.046425	25.041719	25.036858	25.031857	25.026735	25.021511	25.016205	25.010836	25.005428	
25.004089	25.008163	25.012207	25.016205	25.020142	25.023998	25.027767	25.031429	25.034975	25.038383	25.041649	25.044756	25.047695	25.050449	25.053017	25.055382	25.057535	25.059471	25.061180	25.062658	25.063900	25.064898	25.065649	25.066151	25.066402	25.066404	25.066154	25.065647	25.064898	25.063900	25.062656	25.061180	25.059467	25.057533	25.055380	25.053015	25.050449	25.047691	25.044756	25.041649	25.038383	25.034971	25.031429	25.027763	25.023998	25.020138	25.016205	25.012207	25.008163	25.004089	
25.002735	25.005459	25.008163	25.010838	25.013470	25.016048	25.018570	25.021019	25.023390	25.025671	25.027855	25.029930	25.031897	25.033741	25.035456	25.037037	25.038479	25.039776	25.040916	25.041904	25.042732	25.043404	25.043903	25.044243	25.044411	25.044411	25.044243	25.043907	25.043404	25.042734	25.041904	25.040913	25.039772	25.038479	25.037037	25.035454	25.033737	25.031895	25.029934	25.027853	25.025673	25.023388	25.021019	25.018570	25.016048	25.013468	25.010838	25.008163	25.005459	25.002735	
25.001369	25.002735	25.004089	25.005428	25.006748	25.008041	25.009302	25.010530	25.011717	25.012859	25.013954	25.014994	25.015980	25.016903	25.017761	25.018555	25.019276	25.019924	25.020498	25.020992	25.021408	25.021740	25.021996	25.022163	25.022247	25.022247	25.022163	25.021994	25.021742	25.021408	25.020992	25.020496	25.019924	25.019276	25.018555	25.017761	25.016901	25.015978	25.014994	25.013954	25.012859	25.011717	25.010529	25.009300	25.008039	25.006746	25.005428	25.004089	25.002735	25.001369	
