25.010353	25.020714	25.030966	25.041237	25.051285	25.061356	25.071102	25.080847	25.090164	25.099449	25.108204	25.116865	25.124905	25.132778	25.139946	25.146852	25.152988	25.158760	25.163713	25.168194	25.171839	25.174904	25.177132	25.178690	25.179440	25.179440	25.178690	25.177132	25.174904	25.171841	25.168198	25.163715	25.158760	25.152985	25.146851	25.139942	25.132776	25.124903	25.116867	25.108204	25.099449	25.090164	25.080849	25.071098	25.061356	25.051287	25.041233	25.030964	25.020714	25.010353	
25.020714	25.041317	25.061951	25.082254	25.102600	25.122402	25.142227	25.161304	25.180347	25.198437	25.216402	25.233215	25.249775	25.265003	25.279810	25.293137	25.305843	25.316957	25.327232	25.335850	25.343416	25.349302	25.353939	25.356922	25.358482	25.358486	25.356924	25.353937	25.349304	25.343418	25.335852	25.327234	25.316956	25.305841	25.293135	25.279808	25.265003	25.249773	25.233215	25.216400	25.198437	25.180347	25.161303	25.142229	25.122402	25.102600	25.082256	25.061951	25.041319	25.020712	
25.030964	25.061951	25.092611	25.123323	25.153391	25.183500	25.212654	25.241798	25.269674	25.297430	25.323620	25.349520	25.373569	25.397110	25.418552	25.439205	25.457561	25.474819	25.489643	25.503044	25.513941	25.523106	25.529772	25.534428	25.536671	25.536671	25.534428	25.529774	25.523106	25.513941	25.503044	25.489639	25.474819	25.457560	25.439201	25.418549	25.397110	25.373569	25.349522	25.323618	25.297432	25.269672	25.241798	25.212654	25.183500	25.153389	25.123322	25.092613	25.061949	25.030964	
25.041233	25.082254	25.123322	25.163754	25.204243	25.243679	25.283134	25.321121	25.359020	25.395039	25.430790	25.464275	25.497225	25.527557	25.557018	25.583561	25.608843	25.630978	25.651428	25.668591	25.683647	25.695370	25.704590	25.710539	25.713644	25.713642	25.710537	25.704590	25.695370	25.683645	25.668591	25.651428	25.630976	25.608841	25.583559	25.557018	25.527555	25.497225	25.464272	25.430790	25.395039	25.359016	25.321117	25.283133	25.243675	25.204241	25.163754	25.123322	25.082254	25.041233	
25.051287	25.102598	25.153389	25.204243	25.254055	25.303913	25.352211	25.400467	25.446648	25.492603	25.535992	25.578869	25.618725	25.657688	25.693222	25.727406	25.757828	25.786392	25.810955	25.833141	25.851200	25.866367	25.877419	25.885122	25.888840	25.888840	25.885124	25.877419	25.866371	25.851196	25.833139	25.810955	25.786392	25.757824	25.727406	25.693218	25.657688	25.618721	25.578869	25.535990	25.492603	25.446648	25.400463	25.352209	25.303909	25.254055	25.204241	25.153389	25.102600	25.051285	
25.061356	25.122404	25.183500	25.243679	25.303913	25.362614	25.421303	25.477850	25.534222	25.587847	25.641014	25.690870	25.739870	25.785034	25.828842	25.868370	25.905960	25.938923	25.969332	25.994890	26.017275	26.034733	26.048441	26.057299	26.061916	26.061916	26.057301	26.048441	26.034731	26.017275	25.994890	25.969330	25.938921	25.905960	25.868366	25.828842	25.785030	25.739870	25.690868	25.641014	25.587845	25.534218	25.477848	25.421301	25.362610	25.303911	25.243675	25.183500	25.122402	25.061356	
25.071102	25.142227	25.212654	25.283134	25.352211	25.421303	25.488291	25.555151	25.619209	25.682877	25.743069	25.802471	25.857761	25.911736	25.961033	26.008385	26.050592	26.090158	26.124245	26.154968	26.180027	26.201038	26.216370	26.227036	26.232197	26.232197	26.227039	26.216370	26.201036	26.180027	26.154968	26.124241	26.090160	26.050589	26.008387	25.961027	25.911736	25.857756	25.802471	25.743065	25.682877	25.619205	25.555149	25.488285	25.421301	25.352211	25.283134	25.212652	25.142227	25.071100	
25.080847	25.161303	25.241798	25.321117	25.400467	25.477848	25.555153	25.629707	25.703941	25.774656	25.844666	25.910416	25.974930	26.034498	26.092171	26.144308	26.193792	26.237274	26.277302	26.311018	26.340485	26.363514	26.381557	26.393242	26.399319	26.399323	26.393244	26.381557	26.363512	26.340483	26.311018	26.277302	26.237270	26.193794	26.144302	26.092175	26.034496	25.974930	25.910412	25.844666	25.774654	25.703938	25.629702	25.555149	25.477848	25.400463	25.321117	25.241798	25.161304	25.080847	
25.090164	25.180347	25.269672	25.359020	25.446648	25.534220	25.619209	25.703941	25.785229	25.865904	25.942291	26.017551	26.087727	26.156101	26.218679	26.278658	26.332241	26.382357	26.425629	26.464542	26.496359	26.522966	26.542433	26.555943	26.562496	26.562496	26.555944	26.542431	26.522964	26.496357	26.464544	26.425627	26.382359	26.332237	26.278662	26.218676	26.156105	26.087725	26.017551	25.942289	25.865902	25.785225	25.703939	25.619205	25.534218	25.446644	25.359020	25.269672	25.180347	25.090164	
25.099449	25.198435	25.297432	25.395041	25.492603	25.587845	25.682880	25.774656	25.865902	25.952965	26.039009	26.119968	26.199245	26.272602	26.343468	26.407679	26.468475	26.522034	26.571207	26.612736	26.648933	26.677305	26.699465	26.713865	26.721325	26.721329	26.713860	26.699467	26.677301	26.648933	26.612734	26.571209	26.522030	26.468479	26.407673	26.343470	26.272602	26.199247	26.119965	26.039009	25.952963	25.865902	25.774651	25.682878	25.587841	25.492603	25.395037	25.297430	25.198437	25.099449	
25.108204	25.216400	25.323618	25.430790	25.535992	25.641014	25.743069	25.844667	25.942291	26.039007	26.130764	26.220974	26.305283	26.387230	26.462414	26.534294	26.598677	26.658730	26.710730	26.757357	26.795591	26.827469	26.850868	26.867050	26.874931	26.874928	26.867054	26.850864	26.827471	26.795588	26.757359	26.710728	26.658733	26.598675	26.534298	26.462410	26.387234	26.305279	26.220976	26.130764	26.039007	25.942289	25.844666	25.743065	25.641016	25.535988	25.430790	25.323616	25.216400	25.108202	
25.116863	25.233215	25.349518	25.464275	25.578871	25.690868	25.802469	25.910412	26.017548	26.119968	26.220974	26.316229	26.409283	26.495602	26.578768	26.654331	26.725677	26.788708	26.846409	26.895290	26.937759	26.971153	26.997158	27.014107	27.022861	27.022863	27.014103	26.997158	26.971151	26.937761	26.895288	26.846409	26.788706	26.725681	26.654327	26.578770	26.495598	26.409283	26.316225	26.220974	26.119965	26.017550	25.910412	25.802471	25.690868	25.578873	25.464275	25.349522	25.233215	25.116865	
25.124905	25.249771	25.373571	25.497223	25.618723	25.739868	25.857758	25.974928	26.087727	26.199244	26.305283	26.409279	26.506721	26.601183	26.688089	26.770937	26.845367	26.914574	26.974689	27.028423	27.072630	27.109364	27.136417	27.155066	27.164175	27.164171	27.155067	27.136414	27.109365	27.072628	27.028423	26.974689	26.914576	26.845362	26.770937	26.688087	26.601181	26.506718	26.409279	26.305279	26.199245	26.087727	25.974930	25.857758	25.739868	25.618723	25.497225	25.373569	25.249775	25.124905	
25.132776	25.265003	25.397108	25.527555	25.657688	25.785034	25.911734	26.034496	26.156101	26.272604	26.387230	26.495602	26.601183	26.699406	26.793755	26.879749	26.960682	27.032417	27.097866	27.153503	27.201675	27.239683	27.269176	27.288467	27.298397	27.298399	27.288464	27.269178	27.239681	27.201674	27.153503	27.097866	27.032415	26.960682	26.879745	26.793755	26.699402	26.601181	26.495598	26.387228	26.272602	26.156101	26.034496	25.911736	25.785034	25.657688	25.527555	25.397110	25.265003	25.132778	
25.139946	25.279808	25.418550	25.557014	25.693218	25.828842	25.961031	26.092171	26.218678	26.343468	26.462416	26.578768	26.688091	26.793755	26.891277	26.983936	27.067463	27.144863	27.212334	27.272423	27.322037	27.363113	27.393478	27.414331	27.424557	27.424553	27.414333	27.393476	27.363115	27.322037	27.272421	27.212332	27.144863	27.067463	26.983936	26.891273	26.793755	26.688087	26.578766	26.462414	26.343468	26.218678	26.092171	25.961031	25.828842	25.693218	25.557016	25.418549	25.279808	25.139946	
25.146851	25.293137	25.439201	25.583561	25.727406	25.868370	26.008383	26.144308	26.278658	26.407677	26.534296	26.654331	26.770935	26.879749	26.983936	27.079216	27.168573	27.248062	27.320320	27.381973	27.435150	27.477272	27.509829	27.531208	27.542168	27.542171	27.531206	27.509830	27.477272	27.435150	27.381975	27.320320	27.248062	27.168573	27.079212	26.983936	26.879747	26.770937	26.654331	26.534294	26.407677	26.278660	26.144306	26.008385	25.868368	25.727406	25.583559	25.439205	25.293137	25.146851	
25.152988	25.305841	25.457558	25.608841	25.757828	25.905960	26.050592	26.193790	26.332241	26.468475	26.598679	26.725679	26.845367	26.960682	27.067465	27.168573	27.260048	27.344492	27.418386	27.483936	27.538284	27.583094	27.616352	27.639099	27.650299	27.650299	27.639103	27.616352	27.583096	27.538282	27.483940	27.418386	27.344492	27.260044	27.168571	27.067463	26.960680	26.845366	26.725676	26.598677	26.468475	26.332241	26.193790	26.050591	25.905960	25.757822	25.608841	25.457560	25.305841	25.152988	
25.158760	25.316956	25.474819	25.630978	25.786390	25.938925	26.090157	26.237274	26.382355	26.522030	26.658733	26.788708	26.914574	27.032417	27.144863	27.248064	27.344490	27.430601	27.508564	27.575359	27.632730	27.678370	27.713493	27.736654	27.748484	27.748486	27.736656	27.713497	27.678371	27.632734	27.575361	27.508568	27.430599	27.344490	27.248060	27.144859	27.032417	26.914574	26.788706	26.658730	26.522030	26.382355	26.237270	26.090157	25.938921	25.786392	25.630978	25.474815	25.316956	25.158758	
25.163713	25.327234	25.489639	25.651428	25.810955	25.969330	26.124243	26.277298	26.425629	26.571207	26.710730	26.846411	26.974691	27.097868	27.212336	27.320318	27.418388	27.508566	27.587795	27.657791	27.716064	27.763912	27.799574	27.823864	27.835871	27.835873	27.823864	27.799576	27.763912	27.716068	27.657793	27.587799	27.508566	27.418386	27.320318	27.212334	27.097866	26.974691	26.846409	26.710728	26.571205	26.425625	26.277300	26.124241	25.969330	25.810955	25.651428	25.489639	25.327232	25.163715	
25.168198	25.335850	25.503044	25.668592	25.833139	25.994890	26.154966	26.311020	26.464542	26.612738	26.757359	26.895290	27.028427	27.153503	27.272421	27.381975	27.483940	27.575359	27.657793	27.728712	27.789371	27.837826	27.874962	27.899555	27.912062	27.912060	27.899559	27.874962	27.837830	27.789370	27.728716	27.657795	27.575359	27.483938	27.381973	27.272419	27.153503	27.028419	26.895290	26.757357	26.612734	26.464540	26.311014	26.154966	25.994888	25.833139	25.668591	25.503040	25.335850	25.168194	
25.171839	25.343418	25.513939	25.683647	25.851202	26.017273	26.180027	26.340481	26.496359	26.648933	26.795589	26.937763	27.072630	27.201674	27.322037	27.435150	27.538284	27.632732	27.716066	27.789371	27.850662	27.900768	27.938280	27.963718	27.976347	27.976353	27.963718	27.938286	27.900768	27.850666	27.789371	27.716068	27.632732	27.538284	27.435148	27.322039	27.201672	27.072632	26.937759	26.795589	26.648932	26.496357	26.340481	26.180023	26.017273	25.851198	25.683645	25.513939	25.343416	25.171839	
25.174904	25.349302	25.523106	25.695370	25.866367	26.034733	26.201035	26.363514	26.522964	26.677299	26.827471	26.971153	27.109365	27.239681	27.363115	27.477272	27.583094	27.678371	27.763912	27.837830	27.900768	27.951277	27.989809	28.015442	28.028419	28.028418	28.015446	27.989809	27.951277	27.900768	27.837830	27.763912	27.678370	27.583096	27.477274	27.363113	27.239683	27.109364	26.971153	26.827469	26.677299	26.522964	26.363514	26.201036	26.034733	25.866369	25.695370	25.523104	25.349302	25.174904	
25.177132	25.353937	25.529774	25.704588	25.877419	26.048439	26.216370	26.381556	26.542433	26.699467	26.850866	26.997160	27.136417	27.269176	27.393478	27.509830	27.616352	27.713493	27.799576	27.874964	27.938282	27.989807	28.028563	28.054720	28.067768	28.067768	28.054722	28.028564	27.989809	27.938284	27.874962	27.799576	27.713497	27.616352	27.509827	27.393480	27.269176	27.136417	26.997156	26.850864	26.699465	26.542433	26.381557	26.216368	26.048443	25.877419	25.704588	25.529772	25.353935	25.177132	
25.178688	25.356922	25.534424	25.710537	25.885118	26.057301	26.227036	26.393244	26.555941	26.713863	26.867052	27.014103	27.155067	27.288465	27.414333	27.531208	27.639103	27.736656	27.823864	27.899559	27.963715	28.015446	28.054722	28.080975	28.094200	28.094200	28.080975	28.054720	28.015444	27.963718	27.899559	27.823868	27.736656	27.639103	27.531208	27.414333	27.288467	27.155066	27.014103	26.867052	26.713861	26.555943	26.393242	26.227037	26.057299	25.885120	25.710537	25.534428	25.356922	25.178688	
25.179438	25.358484	25.536671	25.713642	25.888840	26.061914	26.232197	26.399319	26.562496	26.721329	26.874929	27.022863	27.164173	27.298399	27.424557	27.542173	27.650299	27.748486	27.835873	27.912062	27.976349	28.028418	28.067768	28.094200	28.107449	28.107449	28.094198	28.067770	28.028419	27.976349	27.912064	27.835875	27.748486	27.650299	27.542171	27.424555	27.298397	27.164173	27.022861	26.874928	26.721327	26.562496	26.399319	26.232197	26.061914	25.888840	25.713642	25.536671	25.358484	25.179440	
25.179438	25.358484	25.536671	25.713642	25.888840	26.061914	26.232197	26.399319	26.562496	26.721329	26.874929	27.022863	27.164173	27.298399	27.424557	27.542173	27.650299	27.748486	27.835873	27.912062	27.976349	28.028418	28.067768	28.094200	28.107449	28.107449	28.094198	28.067770	28.028419	27.976349	27.912064	27.835875	27.748486	27.650299	27.542171	27.424555	27.298397	27.164173	27.022861	26.874928	26.721327	26.562496	26.399319	26.232197	26.061914	25.888840	25.713642	25.536671	25.358484	25.179440	
25.178688	25.356922	25.534424	25.710537	25.885118	26.057301	26.227036	26.393244	26.555941	26.713863	26.867052	27.014103	27.155067	27.288465	27.414333	27.531208	27.639103	27.736656	27.823864	27.899559	27.963715	28.015446	28.054722	28.080975	28.094200	28.094200	28.080975	28.054720	28.015444	27.963718	27.899559	27.823868	27.736656	27.639103	27.531208	27.414333	27.288467	27.155066	27.014103	26.867052	26.713861	26.555943	26.393242	26.227037	26.057299	25.885120	25.710537	25.534428	25.356922	25.178688	
25.177132	25.353937	25.529774	25.704588	25.877419	26.048439	26.216370	26.381556	26.542433	26.699467	26.850866	26.997160	27.136417	27.269176	27.393478	27.509830	27.616352	27.713493	27.799576	27.874964	27.938282	27.989807	28.028563	28.054720	28.067768	28.067768	28.054722	28.028564	27.989809	27.938284	27.874962	27.799576	27.713497	27.616352	27.509827	27.393480	27.269176	27.136417	26.997156	26.850864	26.699465	26.542433	26.381557	26.216368	26.048443	25.877419	25.704588	25.529772	25.353935	25.177132	
25.174904	25.349302	25.523106	25.695370	25.866367	26.034733	26.201035	26.363514	26.522964	26.677299	26.827471	26.971153	27.109365	27.239681	27.363115	27.477272	27.583094	27.678371	27.763912	27.837830	27.900768	27.951277	27.989809	28.015442	28.028419	28.028418	28.015446	27.989809	27.951277	27.900768	27.837830	27.763912	27.678370	27.583096	27.477274	27.363113	27.239683	27.109364	26.971153	26.827469	26.677299	26.522964	26.363514	26.201036	26.034733	25.866369	25.695370	25.523104	25.349302	25.174904	
25.171839	25.343418	25.513939	25.683647	25.851202	26.017273	26.180027	26.340481	26.496359	26.648933	26.795589	26.937763	27.072630	27.201674	27.322037	27.435150	27.538284	27.632732	27.716066	27.789371	27.850662	27.900768	27.938280	27.963718	27.976347	27.976353	27.963718	27.938286	27.900768	27.850666	27.789371	27.716068	27.632732	27.538284	27.435148	27.322039	27.201672	27.072632	26.937759	26.795589	26.648932	26.496357	26.340481	26.180023	26.017273	25.851198	25.683645	25.513939	25.343416	25.171839	
25.168198	25.335850	25.503044	25.668592	25.833139	25.994890	26.154966	26.311020	26.464542	26.612738	26.757359	26.895290	27.028427	27.153503	27.272421	27.381975	27.483940	27.575359	27.657793	27.728712	27.789371	27.837826	27.874962	27.899555	27.912062	27.912060	27.899559	27.874962	27.837830	27.789370	27.728716	27.657795	27.575359	27.483938	27.381973	27.272419	27.153503	27.028419	26.895290	26.757357	26.612734	26.464540	26.311014	26.154966	25.994888	25.833139	25.668591	25.503040	25.335850	25.168194	
25.163713	25.327234	25.489639	25.651428	25.810955	25.969330	26.124243	26.277298	26.425629	26.571207	26.710730	26.846411	26.974691	27.097868	27.212336	27.320318	27.418388	27.508566	27.587795	27.657791	27.716064	27.763912	27.799574	27.823864	27.835871	27.835873	27.823864	27.799576	27.763912	27.716068	27.657793	27.587799	27.508566	27.418386	27.320318	27.212334	27.097866	26.974691	26.846409	26.710728	26.571205	26.425625	26.277300	26.124241	25.969330	25.810955	25.651428	25.489639	25.327232	25.163715	
25.158760	25.316956	25.474819	25.630978	25.786390	25.938925	26.090157	26.237274	26.382355	26.522030	26.658733	26.788708	26.914574	27.032417	27.144863	27.248064	27.344490	27.430601	27.508564	27.575359	27.632730	27.678370	27.713493	27.736654	27.748484	27.748486	27.736656	27.713497	27.678371	27.632734	27.575361	27.508568	27.430599	27.344490	27.248060	27.144859	27.032417	26.914574	26.788706	26.658730	26.522030	26.382355	26.237270	26.090157	25.938921	25.786392	25.630978	25.474815	25.316956	25.158758	
25.152988	25.305841	25.457558	25.608841	25.757828	25.905960	26.050592	26.193790	26.332241	26.468475	26.598679	26.725679	26.845367	26.960682	27.067465	27.168573	27.260048	27.344492	27.418386	27.483936	27.538284	27.583094	27.616352	27.639099	27.650299	27.650299	27.639103	27.616352	27.583096	27.538282	27.483940	27.418386	27.344492	27.260044	27.168571	27.067463	26.960680	26.845366	26.725676	26.598677	26.468475	26.332241	26.193790	26.050591	25.905960	25.757822	25.608841	25.457560	25.305841	25.152988	
25.146851	25.293137	25.439201	25.583561	25.727406	25.868370	26.008383	26.144308	26.278658	26.407677	26.534296	26.654331	26.770935	26.879749	26.983936	27.079216	27.168573	27.248062	27.320320	27.381973	27.435150	27.477272	27.509829	27.531208	27.542168	27.542171	27.531206	27.509830	27.477272	27.435150	27.381975	27.320320	27.248062	27.168573	27.079212	26.983936	26.879747	26.770937	26.654331	26.534294	26.407677	26.278660	26.144306	26.008385	25.868368	25.727406	25.583559	25.439205	25.293137	25.146851	
25.139946	25.279808	25.418550	25.557014	25.693218	25.828842	25.961031	26.092171	26.218678	26.343468	26.462416	26.578768	26.688091	26.793755	26.891277	26.983936	27.067463	27.144863	27.212334	27.272423	27.322037	27.363113	27.393478	27.414331	27.424557	27.424553	27.414333	27.393476	27.363115	27.322037	27.272421	27.212332	27.144863	27.067463	26.983936	26.891273	26.793755	26.688087	26.578766	26.462414	26.343468	26.218678	26.092171	25.961031	25.828842	25.693218	25.557016	25.418549	25.279808	25.139946	
25.132776	25.265003	25.397108	25.527555	25.657688	25.785034	25.911734	26.034496	26.156101	26.272604	26.387230	26.495602	26.601183	26.699406	26.793755	26.879749	26.960682	27.032417	27.097866	27.153503	27.201675	27.239683	27.269176	27.288467	27.298397	27.298399	27.288464	27.269178	27.239681	27.201674	27.153503	27.097866	27.032415	26.960682	26.879745	26.793755	26.699402	26.601181	26.495598	26.387228	26.272602	26.156101	26.034496	25.911736	25.785034	25.657688	25.527555	25.397110	25.265003	25.132778	
25.124905	25.249771	25.373571	25.497223	25.618723	25.739868	25.857758	25.974928	26.087727	26.199244	26.305283	26.409279	26.506721	26.601183	26.688089	26.770937	26.845367	26.914574	26.974689	27.028423	27.072630	27.109364	27.136417	27.155066	27.164175	27.164171	27.155067	27.136414	27.109365	27.072628	27.028423	26.974689	26.914576	26.845362	26.770937	26.688087	26.601181	26.506718	26.409279	26.305279	26.199245	26.087727	25.974930	25.857758	25.739868	25.618723	25.497225	25.373569	25.249775	25.124905	
25.116863	25.233215	25.349518	25.464275	25.578871	25.690868	25.802469	25.910412	26.017548	26.119968	26.220974	26.316229	26.409283	26.495602	26.578768	26.654331	26.725677	26.788708	26.846409	26.895290	26.937759	26.971153	26.997158	27.014107	27.022861	27.022863	27.014103	26.997158	26.971151	26.937761	26.895288	26.846409	26.788706	26.725681	26.654327	26.578770	26.495598	26.409283	26.316225	26.220974	26.119965	26.017550	25.910412	25.802471	25.690868	25.578873	25.464275	25.349522	25.233215	25.116865	
25.108204	25.216400	25.323618	25.430790	25.535992	25.641014	25.743069	25.844667	25.942291	26.039007	26.130764	26.220974	26.305283	26.387230	26.462414	26.534294	26.598677	26.658730	26.710730	26.757357	26.795591	26.827469	26.850868	26.867050	26.874931	26.874928	26.867054	26.850864	26.827471	26.795588	26.757359	26.710728	26.658733	26.598675	26.534298	26.462410	26.387234	26.305279	26.220976	26.130764	26.039007	25.942289	25.844666	25.743065	25.641016	25.535988	25.430790	25.323616	25.216400	25.108202	
25.099449	25.198435	25.297432	25.395041	25.492603	25.587845	25.682880	25.774656	25.865902	25.952965	26.039009	26.119968	26.199245	26.272602	26.343468	26.407679	26.468475	26.522034	26.571207	26.612736	26.648933	26.677305	26.699465	26.713865	26.721325	26.721329	26.713860	26.699467	26.677301	26.648933	26.612734	26.571209	26.522030	26.468479	26.407673	26.343470	26.272602	26.199247	26.119965	26.039009	25.952963	25.865902	25.774651	25.682878	25.587841	25.492603	25.395037	25.297430	25.198437	25.099449	
25.090164	25.180347	25.269672	25.359020	25.446648	25.534220	25.619209	25.703941	25.785229	25.865904	25.942291	26.017551	26.087727	26.156101	26.218679	26.278658	26.332241	26.382357	26.425629	26.464542	26.496359	26.522966	26.542433	26.555943	26.562496	26.562496	26.555944	26.542431	26.522964	26.496357	26.464544	26.425627	26.382359	26.332237	26.278662	26.218676	26.156105	26.087725	26.017551	25.942289	25.865902	25.785225	25.703939	25.619205	25.534218	25.446644	25.359020	25.269672	25.180347	25.090164	
25.080847	25.161303	25.241798	25.321117	25.400467	25.477848	25.555153	25.629707	25.703941	25.774656	25.844666	25.910416	25.974930	26.034498	26.092171	26.144308	26.193792	26.237274	26.277302	26.311018	26.340485	26.363514	26.381557	26.393242	26.399319	26.399323	26.393244	26.381557	26.363512	26.340483	26.311018	26.277302	26.237270	26.193794	26.144302	26.092175	26.034496	25.974930	25.910412	25.844666	25.774654	25.703938	25.629702	25.555149	25.477848	25.400463	25.321117	25.241798	25.161304	25.080847	
25.071102	25.142227	25.212654	25.283134	25.352211	25.421303	25.488291	25.555151	25.619209	25.682877	25.743069	25.802471	25.857761	25.911736	25.961033	26.008385	26.050592	26.090158	26.124245	26.154968	26.180027	26.201038	26.216370	26.227036	26.232197	26.232197	26.227039	26.216370	26.201036	26.180027	26.154968	26.124241	26.090160	26.050589	26.008387	25.961027	25.911736	25.857756	25.802471	25.743065	25.682877	25.619205	25.555149	25.488285	25.421301	25.352211	25.283134	25.212652	25.142227	25.071100	
25.061356	25.122404	25.183500	25.243679	25.303913	25.362614	25.421303	25.477850	25.534222	25.587847	25.641014	25.690870	25.739870	25.785034	25.828842	25.868370	25.905960	25.938923	25.969332	25.994890	26.017275	26.034733	26.048441	26.057299	26.061916	26.061916	26.057301	26.048441	26.034731	26.017275	25.994890	25.969330	25.938921	25.905960	25.868366	25.828842	25.785030	25.739870	25.690868	25.641014	25.587845	25.534218	25.477848	25.421301	25.362610	25.303911	25.243675	25.183500	25.122402	25.061356	
25.051287	25.102598	25.153389	25.204243	25.254055	25.303913	25.352211	25.400467	25.446648	25.492603	25.535992	25.578869	25.618725	25.657688	25.693222	25.727406	25.757828	25.786392	25.810955	25.833141	25.851200	25.866367	25.877419	25.885122	25.888840	25.888840	25.885124	25.877419	25.866371	25.851196	25.833139	25.810955	25.786392	25.757824	25.727406	25.693218	25.657688	25.618721	25.578869	25.535990	25.492603	25.446648	25.400463	25.352209	25.303909	25.254055	25.204241	25.153389	25.102600	25.051285	
25.041233	25.082254	25.123322	25.163754	25.204243	25.243679	25.283134	25.321121	25.359020	25.395039	25.430790	25.464275	25.497225	25.527557	25.557018	25.583561	25.608843	25.630978	25.651428	25.668591	25.683647	25.695370	25.704590	25.710539	25.713644	25.713642	25.710537	25.704590	25.695370	25.683645	25.668591	25.651428	25.630976	25.608841	25.583559	25.557018	25.527555	25.497225	25.464272	25.430790	25.395039	25.359016	25.321117	25.283133	25.243675	25.204241	25.163754	25.123322	25.082254	25.041233	
25.030964	25.061951	25.092611	25.123323	25.153391	25.183500	25.212654	25.241798	25.269674	25.297430	25.323620	25.349520	25.373569	25.397110	25.418552	25.439205	25.457561	25.474819	25.489643	25.503044	25.513941	25.523106	25.529772	25.534428	25.536671	25.536671	25.534428	25.529774	25.523106	25.513941	25.503044	25.489639	25.474819	25.457560	25.439201	25.418549	25.397110	25.373569	25.349522	25.323618	25.297432	25.269672	25.241798	25.212654	25.183500	25.153389	25.123322	25.092613	25.061949	25.030964	
25.020714	25.041317	25.061951	25.082254	25.102600	25.122402	25.142227	25.161304	25.180347	25.198437	25.216402	25.233215	25.249775	25.265003	25.279810	25.293137	25.305843	25.316957	25.327232	25.335850	25.343416	25.349302	25.353939	25.356922	25.358482	25.358486	25.356924	25.353937	25.349304	25.343418	25.335852	25.327234	25.316956	25.305841	25.293135	25.279808	25.265003	25.249773	25.233215	25.216400	25.198437	25.180347	25.161303	25.142229	25.122402	25.102600	25.082256	25.061951	25.041319	25.020712	
25.010353	25.020714	25.030966	25.041237	25.051285	25.061356	25.071102	25.080847	25.090164	25.099449	25.108204	25.116865	25.124905	25.132778	25.139946	25.146852	25.152988	25.158760	25.163713	25.168194	25.171839	25.174904	25.177132	25.178690	25.179440	25.179440	25.178690	25.177132	25.174904	25.171841	25.168198	25.163715	25.158760	25.152985	25.146851	25.139942	25.132776	25.124903	25.116867	25.108204	25.099449	25.090164	25.080849	25.071098	25.061356	25.051287	25.041233	25.030964	25.020714	25.010353	
