25.010006	25.019964	25.029917	25.039719	25.049507	25.059048	25.068554	25.077713	25.086809	25.095461	25.104006	25.112015	25.119852	25.127079	25.134056	25.140354	25.146318	25.151554	25.156361	25.160410	25.163940	25.166698	25.168858	25.170254	25.170979	25.170979	25.170254	25.168858	25.166695	25.163939	25.160408	25.156361	25.151552	25.146318	25.140352	25.134056	25.127079	25.119852	25.112013	25.104004	25.095461	25.086809	25.077713	25.068554	25.059046	25.049507	25.039719	25.029917	25.019962	25.010006	
25.019962	25.039925	25.059685	25.079426	25.098774	25.118073	25.136780	25.155392	25.173214	25.190865	25.207542	25.223940	25.239193	25.254026	25.267570	25.280531	25.292084	25.302876	25.312176	25.320530	25.327351	25.333048	25.337212	25.340101	25.341501	25.341503	25.340103	25.337210	25.333046	25.327345	25.320526	25.312170	25.302872	25.292080	25.280531	25.267567	25.254026	25.239191	25.223938	25.207542	25.190865	25.173214	25.155390	25.136780	25.118073	25.098770	25.079426	25.059683	25.039923	25.019962	
25.029915	25.059685	25.089437	25.118744	25.148006	25.176529	25.204948	25.232334	25.259521	25.285397	25.310928	25.334881	25.358307	25.379915	25.400768	25.419605	25.437431	25.453085	25.467457	25.479559	25.490110	25.498360	25.504808	25.508987	25.511158	25.511160	25.508986	25.504810	25.498356	25.490108	25.479555	25.467453	25.453083	25.437431	25.419603	25.400768	25.379913	25.358307	25.334881	25.310928	25.285393	25.259521	25.232330	25.204947	25.176527	25.148005	25.118742	25.089436	25.059681	25.029915	
25.039719	25.079428	25.118744	25.158024	25.196514	25.234911	25.272131	25.309153	25.344620	25.379726	25.412916	25.445526	25.475883	25.505383	25.532339	25.558115	25.581110	25.602570	25.621080	25.637691	25.651264	25.662601	25.670891	25.676636	25.679428	25.679426	25.676640	25.670887	25.662601	25.651262	25.637690	25.621075	25.602568	25.581108	25.558115	25.532339	25.505383	25.475883	25.445526	25.412914	25.379726	25.344616	25.309151	25.272129	25.234907	25.196512	25.158020	25.118742	25.079428	25.039719	
25.049507	25.098774	25.148006	25.196514	25.244934	25.292143	25.339165	25.384499	25.429478	25.472309	25.514547	25.554203	25.592957	25.628731	25.663227	25.694412	25.723896	25.749817	25.773584	25.793629	25.811077	25.824738	25.835403	25.842327	25.845917	25.845917	25.842325	25.835407	25.824734	25.811079	25.793623	25.773584	25.749815	25.723896	25.694410	25.663223	25.628729	25.592953	25.554201	25.514545	25.472307	25.429478	25.384497	25.339165	25.292141	25.244932	25.196512	25.148003	25.098772	25.049507	
25.059048	25.118076	25.176529	25.234909	25.292141	25.349209	25.404556	25.459576	25.512318	25.564487	25.613850	25.662304	25.707455	25.751289	25.791386	25.829679	25.863882	25.895763	25.923298	25.947977	25.968170	25.985008	25.997341	26.005880	26.010029	26.010027	26.005880	25.997337	25.985008	25.968166	25.947977	25.923292	25.895763	25.863880	25.829679	25.791382	25.751287	25.707455	25.662302	25.613846	25.564487	25.512316	25.459572	25.404556	25.349205	25.292141	25.234905	25.176529	25.118073	25.059048	
25.068554	25.136780	25.204948	25.272129	25.339165	25.404556	25.469648	25.532448	25.594706	25.654045	25.712503	25.767448	25.821077	25.870649	25.918385	25.961601	26.002399	26.038319	26.071207	26.098980	26.123127	26.142056	26.156815	26.166410	26.171375	26.171377	26.166407	26.156815	26.142052	26.123125	26.098976	26.071207	26.038315	26.002399	25.961601	25.918385	25.870651	25.821077	25.767448	25.712503	25.654043	25.594704	25.532446	25.469645	25.404556	25.339161	25.272129	25.204945	25.136780	25.068554	
25.077713	25.155392	25.232334	25.309151	25.384499	25.459574	25.532446	25.604824	25.674274	25.742889	25.807898	25.871624	25.931093	25.988735	26.041546	26.091906	26.136955	26.178879	26.215145	26.247601	26.274197	26.296339	26.312588	26.323811	26.329277	26.329275	26.323812	26.312584	26.296339	26.274195	26.247601	26.215141	26.178879	26.136953	26.091906	26.041544	25.988735	25.931091	25.871624	25.807896	25.742893	25.674273	25.604820	25.532448	25.459572	25.384499	25.309149	25.232334	25.155390	25.077713	
25.086809	25.173214	25.259521	25.344618	25.429478	25.512318	25.594707	25.674274	25.753065	25.828259	25.902233	25.971867	26.039719	26.102551	26.162945	26.217722	26.269337	26.314861	26.356470	26.391674	26.422222	26.446218	26.464888	26.477051	26.483332	26.483332	26.477047	26.464890	26.446217	26.422222	26.391670	26.356472	26.314857	26.269335	26.217720	26.162945	26.102547	26.039722	25.971861	25.902233	25.828257	25.753067	25.674273	25.594702	25.512318	25.429476	25.344618	25.259521	25.173212	25.086809	
25.095463	25.190865	25.285393	25.379726	25.472309	25.564486	25.654045	25.742891	25.828259	25.912483	25.992395	26.070606	26.143719	26.214457	26.279388	26.341183	26.396576	26.448017	26.492611	26.532433	26.565140	26.592308	26.612286	26.626060	26.632780	26.632782	26.626060	26.612284	26.592308	26.565140	26.532433	26.492609	26.448017	26.396576	26.341183	26.279387	26.214458	26.143715	26.070606	25.992392	25.912483	25.828255	25.742891	25.654045	25.564484	25.472309	25.379725	25.285395	25.190865	25.095461	
25.104004	25.207542	25.310928	25.412914	25.514545	25.613850	25.712502	25.807896	25.902233	25.992395	26.080950	26.164454	26.245674	26.321028	26.393312	26.459011	26.520784	26.575396	26.625187	26.667416	26.703968	26.732754	26.755096	26.769686	26.777205	26.777206	26.769684	26.755098	26.732752	26.703968	26.667412	26.625187	26.575390	26.520784	26.459013	26.393314	26.321026	26.245676	26.164452	26.080952	25.992392	25.902233	25.807896	25.712500	25.613846	25.514545	25.412914	25.310928	25.207541	25.104004	
25.112013	25.223938	25.334881	25.445524	25.554203	25.662302	25.767448	25.871624	25.971867	26.070602	26.164455	26.256130	26.342007	26.424915	26.501190	26.573610	26.638683	26.698967	26.751356	26.798019	26.836445	26.868279	26.891750	26.907890	26.915789	26.915787	26.907894	26.891748	26.868277	26.836445	26.798019	26.751354	26.698965	26.638683	26.573612	26.501190	26.424917	26.342003	26.256132	26.164452	26.070606	25.971861	25.871624	25.767448	25.662300	25.554199	25.445524	25.334879	25.223938	25.112013	
25.119852	25.239193	25.358307	25.475882	25.592955	25.707458	25.821075	25.931095	26.039719	26.143719	26.245672	26.342009	26.435503	26.522448	26.605644	26.681461	26.752552	26.815571	26.872875	26.921610	26.963676	26.996899	27.022606	27.039444	27.048094	27.048096	27.039442	27.022606	26.996895	26.963673	26.921608	26.872875	26.815571	26.752552	26.681458	26.605648	26.522446	26.435505	26.342005	26.245674	26.143715	26.039721	25.931091	25.821075	25.707457	25.592953	25.475882	25.358305	25.239193	25.119852	
25.127079	25.254025	25.379913	25.505383	25.628731	25.751289	25.870651	25.988735	26.102551	26.214455	26.321030	26.424913	26.522448	26.616383	26.703022	26.785063	26.858990	26.927275	26.986797	27.039650	27.083311	27.119362	27.146034	27.164314	27.173288	27.173285	27.164316	27.146030	27.119364	27.083309	27.039650	26.986794	26.927277	26.858990	26.785067	26.703022	26.616386	26.522446	26.424915	26.321028	26.214455	26.102547	25.988735	25.870647	25.751289	25.628731	25.505383	25.379913	25.254026	25.127079	
25.134056	25.267570	25.400768	25.532341	25.663225	25.791384	25.918385	26.041550	26.162941	26.279392	26.393311	26.501194	26.605646	26.703024	26.795959	26.880884	26.960289	27.030888	27.094885	27.149487	27.196461	27.233685	27.262394	27.281261	27.290918	27.290920	27.281260	27.262398	27.233683	27.196463	27.149483	27.094887	27.030886	26.960293	26.880884	26.795963	26.703022	26.605648	26.501188	26.393312	26.279388	26.162943	26.041546	25.918385	25.791384	25.663225	25.532339	25.400770	25.267569	25.134056	
25.140354	25.280531	25.419605	25.558117	25.694416	25.829678	25.961603	26.091904	26.217724	26.341183	26.459017	26.573608	26.681463	26.785065	26.880886	26.971357	27.053127	27.128422	27.194263	27.252539	27.300838	27.340588	27.370094	27.390245	27.400173	27.400169	27.390247	27.370090	27.340588	27.300835	27.252541	27.194263	27.128422	27.053127	26.971359	26.880882	26.785065	26.681458	26.573612	26.459013	26.341183	26.217720	26.091904	25.961599	25.829678	25.694410	25.558117	25.419603	25.280531	25.140354	
25.146318	25.292084	25.437429	25.581112	25.723896	25.863880	26.002398	26.136957	26.269333	26.396582	26.520782	26.638689	26.752552	26.858994	26.960289	27.053131	27.139664	27.216854	27.286592	27.346289	27.397478	27.438179	27.469461	27.490093	27.500614	27.500618	27.490089	27.469465	27.438177	27.397480	27.346291	27.286594	27.216852	27.139668	27.053127	26.960291	26.858990	26.752552	26.638687	26.520782	26.396576	26.269335	26.136955	26.002399	25.863878	25.723898	25.581106	25.437431	25.292084	25.146318	
25.151554	25.302872	25.453085	25.602566	25.749817	25.895761	26.038319	26.178879	26.314865	26.448017	26.575397	26.698963	26.815577	26.927277	27.030891	27.128422	27.216852	27.298012	27.369225	27.432034	27.484276	27.527117	27.559032	27.580750	27.591488	27.591488	27.580753	27.559032	27.527119	27.484276	27.432037	27.369225	27.298012	27.216852	27.128422	27.030890	26.927277	26.815575	26.698963	26.575394	26.448017	26.314861	26.178879	26.038317	25.895763	25.749813	25.602570	25.453083	25.302874	25.151554	
25.156361	25.312172	25.467457	25.621077	25.773584	25.923296	26.071209	26.215147	26.356472	26.492615	26.625187	26.751360	26.872875	26.986799	27.094887	27.194263	27.286594	27.369225	27.443624	27.507538	27.562141	27.605721	27.639088	27.661179	27.672403	27.672407	27.661177	27.639093	27.605721	27.562145	27.507538	27.443628	27.369225	27.286594	27.194263	27.094889	26.986797	26.872875	26.751360	26.625187	26.492611	26.356470	26.215141	26.071207	25.923294	25.773586	25.621077	25.467455	25.312172	25.156361	
25.160408	25.320528	25.479557	25.637693	25.793629	25.947977	26.098980	26.247599	26.391676	26.532433	26.667418	26.798019	26.921612	27.039650	27.149488	27.252539	27.346292	27.432035	27.507538	27.573891	27.629284	27.674538	27.708384	27.731323	27.742710	27.742706	27.731327	27.708382	27.674541	27.629284	27.573895	27.507536	27.432037	27.346291	27.252541	27.149487	27.039654	26.921612	26.798019	26.667416	26.532433	26.391674	26.247599	26.098978	25.947975	25.793625	25.637691	25.479555	25.320528	25.160408	
25.163940	25.327347	25.490112	25.651266	25.811077	25.968170	26.123127	26.274200	26.422222	26.565144	26.703970	26.836449	26.963675	27.083313	27.196463	27.300837	27.397478	27.484276	27.562145	27.629284	27.686430	27.732208	27.767130	27.790337	27.802082	27.802086	27.790333	27.767136	27.732208	27.686434	27.629280	27.562145	27.484274	27.397480	27.300838	27.196465	27.083311	26.963676	26.836449	26.703970	26.565140	26.422222	26.274199	26.123125	25.968170	25.811075	25.651260	25.490108	25.327343	25.163939	
25.166698	25.333050	25.498360	25.662601	25.824738	25.985008	26.142059	26.296341	26.446217	26.592308	26.732758	26.868279	26.996901	27.119362	27.233685	27.340586	27.438177	27.527117	27.605721	27.674540	27.732208	27.779144	27.814381	27.838173	27.850027	27.850025	27.838175	27.814377	27.779144	27.732208	27.674540	27.605719	27.527119	27.438177	27.340588	27.233685	27.119366	26.996899	26.868279	26.732754	26.592308	26.446217	26.296341	26.142056	25.985006	25.824736	25.662598	25.498356	25.333046	25.166697	
25.168856	25.337214	25.504810	25.670891	25.835405	25.997343	26.156816	26.312588	26.464890	26.612288	26.755096	26.891754	27.022610	27.146038	27.262394	27.370092	27.469461	27.559031	27.639091	27.708382	27.767132	27.814381	27.850281	27.874231	27.886307	27.886309	27.874228	27.850283	27.814377	27.767132	27.708382	27.639091	27.559031	27.469463	27.370094	27.262398	27.146036	27.022610	26.891754	26.755100	26.612286	26.464890	26.312588	26.156816	25.997341	25.835403	25.670887	25.504807	25.337212	25.168856	
25.170254	25.340103	25.508989	25.676640	25.842325	26.005880	26.166409	26.323812	26.477051	26.626060	26.769688	26.907890	27.039448	27.164314	27.281261	27.390245	27.490088	27.580751	27.661179	27.731327	27.790337	27.838173	27.874231	27.898479	27.910610	27.910610	27.898479	27.874229	27.838177	27.790333	27.731325	27.661179	27.580751	27.490091	27.390247	27.281261	27.164318	27.039444	26.907894	26.769688	26.626062	26.477051	26.323812	26.166410	26.005878	25.842323	25.676638	25.508987	25.340103	25.170254	
25.170982	25.341503	25.511160	25.679428	25.845917	26.010029	26.171375	26.329277	26.483332	26.632782	26.777206	26.915789	27.048098	27.173286	27.290920	27.400169	27.500614	27.591488	27.672405	27.742710	27.802086	27.850025	27.886309	27.910610	27.922813	27.922815	27.910610	27.886309	27.850025	27.802086	27.742708	27.672405	27.591488	27.500616	27.400173	27.290922	27.173286	27.048096	26.915789	26.777206	26.632782	26.483334	26.329277	26.171375	26.010025	25.845913	25.679424	25.511156	25.341503	25.170979	
25.170982	25.341503	25.511160	25.679428	25.845917	26.010029	26.171375	26.329277	26.483332	26.632782	26.777206	26.915789	27.048098	27.173286	27.290920	27.400169	27.500614	27.591488	27.672405	27.742710	27.802086	27.850025	27.886309	27.910610	27.922813	27.922815	27.910610	27.886309	27.850025	27.802086	27.742708	27.672405	27.591488	27.500616	27.400173	27.290922	27.173286	27.048096	26.915789	26.777206	26.632782	26.483334	26.329277	26.171375	26.010025	25.845913	25.679424	25.511156	25.341503	25.170979	
25.170254	25.340103	25.508989	25.676640	25.842325	26.005880	26.166409	26.323812	26.477051	26.626060	26.769688	26.907890	27.039448	27.164314	27.281261	27.390245	27.490088	27.580751	27.661179	27.731327	27.790337	27.838173	27.874231	27.898479	27.910610	27.910610	27.898479	27.874229	27.838177	27.790333	27.731325	27.661179	27.580751	27.490091	27.390247	27.281261	27.164318	27.039444	26.907894	26.769688	26.626062	26.477051	26.323812	26.166410	26.005878	25.842323	25.676638	25.508987	25.340103	25.170254	
25.168856	25.337214	25.504810	25.670891	25.835405	25.997343	26.156816	26.312588	26.464890	26.612288	26.755096	26.891754	27.022610	27.146038	27.262394	27.370092	27.469461	27.559031	27.639091	27.708382	27.767132	27.814381	27.850281	27.874231	27.886307	27.886309	27.874228	27.850283	27.814377	27.767132	27.708382	27.639091	27.559031	27.469463	27.370094	27.262398	27.146036	27.022610	26.891754	26.755100	26.612286	26.464890	26.312588	26.156816	25.997341	25.835403	25.670887	25.504807	25.337212	25.168856	
25.166698	25.333050	25.498360	25.662601	25.824738	25.985008	26.142059	26.296341	26.446217	26.592308	26.732758	26.868279	26.996901	27.119362	27.233685	27.340586	27.438177	27.527117	27.605721	27.674540	27.732208	27.779144	27.814381	27.838173	27.850027	27.850025	27.838175	27.814377	27.779144	27.732208	27.674540	27.605719	27.527119	27.438177	27.340588	27.233685	27.119366	26.996899	26.868279	26.732754	26.592308	26.446217	26.296341	26.142056	25.985006	25.824736	25.662598	25.498356	25.333046	25.166697	
25.163940	25.327347	25.490112	25.651266	25.811077	25.968170	26.123127	26.274200	26.422222	26.565144	26.703970	26.836449	26.963675	27.083313	27.196463	27.300837	27.397478	27.484276	27.562145	27.629284	27.686430	27.732208	27.767130	27.790337	27.802082	27.802086	27.790333	27.767136	27.732208	27.686434	27.629280	27.562145	27.484274	27.397480	27.300838	27.196465	27.083311	26.963676	26.836449	26.703970	26.565140	26.422222	26.274199	26.123125	25.968170	25.811075	25.651260	25.490108	25.327343	25.163939	
25.160408	25.320528	25.479557	25.637693	25.793629	25.947977	26.098980	26.247599	26.391676	26.532433	26.667418	26.798019	26.921612	27.039650	27.149488	27.252539	27.346292	27.432035	27.507538	27.573891	27.629284	27.674538	27.708384	27.731323	27.742710	27.742706	27.731327	27.708382	27.674541	27.629284	27.573895	27.507536	27.432037	27.346291	27.252541	27.149487	27.039654	26.921612	26.798019	26.667416	26.532433	26.391674	26.247599	26.098978	25.947975	25.793625	25.637691	25.479555	25.320528	25.160408	
25.156361	25.312172	25.467457	25.621077	25.773584	25.923296	26.071209	26.215147	26.356472	26.492615	26.625187	26.751360	26.872875	26.986799	27.094887	27.194263	27.286594	27.369225	27.443624	27.507538	27.562141	27.605721	27.639088	27.661179	27.672403	27.672407	27.661177	27.639093	27.605721	27.562145	27.507538	27.443628	27.369225	27.286594	27.194263	27.094889	26.986797	26.872875	26.751360	26.625187	26.492611	26.356470	26.215141	26.071207	25.923294	25.773586	25.621077	25.467455	25.312172	25.156361	
25.151554	25.302872	25.453085	25.602566	25.749817	25.895761	26.038319	26.178879	26.314865	26.448017	26.575397	26.698963	26.815577	26.927277	27.030891	27.128422	27.216852	27.298012	27.369225	27.432034	27.484276	27.527117	27.559032	27.580750	27.591488	27.591488	27.580753	27.559032	27.527119	27.484276	27.432037	27.369225	27.298012	27.216852	27.128422	27.030890	26.927277	26.815575	26.698963	26.575394	26.448017	26.314861	26.178879	26.038317	25.895763	25.749813	25.602570	25.453083	25.302874	25.151554	
25.146318	25.292084	25.437429	25.581112	25.723896	25.863880	26.002398	26.136957	26.269333	26.396582	26.520782	26.638689	26.752552	26.858994	26.960289	27.053131	27.139664	27.216854	27.286592	27.346289	27.397478	27.438179	27.469461	27.490093	27.500614	27.500618	27.490089	27.469465	27.438177	27.397480	27.346291	27.286594	27.216852	27.139668	27.053127	26.960291	26.858990	26.752552	26.638687	26.520782	26.396576	26.269335	26.136955	26.002399	25.863878	25.723898	25.581106	25.437431	25.292084	25.146318	
25.140354	25.280531	25.419605	25.558117	25.694416	25.829678	25.961603	26.091904	26.217724	26.341183	26.459017	26.573608	26.681463	26.785065	26.880886	26.971357	27.053127	27.128422	27.194263	27.252539	27.300838	27.340588	27.370094	27.390245	27.400173	27.400169	27.390247	27.370090	27.340588	27.300835	27.252541	27.194263	27.128422	27.053127	26.971359	26.880882	26.785065	26.681458	26.573612	26.459013	26.341183	26.217720	26.091904	25.961599	25.829678	25.694410	25.558117	25.419603	25.280531	25.140354	
25.134056	25.267570	25.400768	25.532341	25.663225	25.791384	25.918385	26.041550	26.162941	26.279392	26.393311	26.501194	26.605646	26.703024	26.795959	26.880884	26.960289	27.030888	27.094885	27.149487	27.196461	27.233685	27.262394	27.281261	27.290918	27.290920	27.281260	27.262398	27.233683	27.196463	27.149483	27.094887	27.030886	26.960293	26.880884	26.795963	26.703022	26.605648	26.501188	26.393312	26.279388	26.162943	26.041546	25.918385	25.791384	25.663225	25.532339	25.400770	25.267569	25.134056	
25.127079	25.254025	25.379913	25.505383	25.628731	25.751289	25.870651	25.988735	26.102551	26.214455	26.321030	26.424913	26.522448	26.616383	26.703022	26.785063	26.858990	26.927275	26.986797	27.039650	27.083311	27.119362	27.146034	27.164314	27.173288	27.173285	27.164316	27.146030	27.119364	27.083309	27.039650	26.986794	26.927277	26.858990	26.785067	26.703022	26.616386	26.522446	26.424915	26.321028	26.214455	26.102547	25.988735	25.870647	25.751289	25.628731	25.505383	25.379913	25.254026	25.127079	
25.119852	25.239193	25.358307	25.475882	25.592955	25.707458	25.821075	25.931095	26.039719	26.143719	26.245672	26.342009	26.435503	26.522448	26.605644	26.681461	26.752552	26.815571	26.872875	26.921610	26.963676	26.996899	27.022606	27.039444	27.048094	27.048096	27.039442	27.022606	26.996895	26.963673	26.921608	26.872875	26.815571	26.752552	26.681458	26.605648	26.522446	26.435505	26.342005	26.245674	26.143715	26.039721	25.931091	25.821075	25.707457	25.592953	25.475882	25.358305	25.239193	25.119852	
25.112013	25.223938	25.334881	25.445524	25.554203	25.662302	25.767448	25.871624	25.971867	26.070602	26.164455	26.256130	26.342007	26.424915	26.501190	26.573610	26.638683	26.698967	26.751356	26.798019	26.836445	26.868279	26.891750	26.907890	26.915789	26.915787	26.907894	26.891748	26.868277	26.836445	26.798019	26.751354	26.698965	26.638683	26.573612	26.501190	26.424917	26.342003	26.256132	26.164452	26.070606	25.971861	25.871624	25.767448	25.662300	25.554199	25.445524	25.334879	25.223938	25.112013	
25.104004	25.207542	25.310928	25.412914	25.514545	25.613850	25.712502	25.807896	25.902233	25.992395	26.080950	26.164454	26.245674	26.321028	26.393312	26.459011	26.520784	26.575396	26.625187	26.667416	26.703968	26.732754	26.755096	26.769686	26.777205	26.777206	26.769684	26.755098	26.732752	26.703968	26.667412	26.625187	26.575390	26.520784	26.459013	26.393314	26.321026	26.245676	26.164452	26.080952	25.992392	25.902233	25.807896	25.712500	25.613846	25.514545	25.412914	25.310928	25.207541	25.104004	
25.095463	25.190865	25.285393	25.379726	25.472309	25.564486	25.654045	25.742891	25.828259	25.912483	25.992395	26.070606	26.143719	26.214457	26.279388	26.341183	26.396576	26.448017	26.492611	26.532433	26.565140	26.592308	26.612286	26.626060	26.632780	26.632782	26.626060	26.612284	26.592308	26.565140	26.532433	26.492609	26.448017	26.396576	26.341183	26.279387	26.214458	26.143715	26.070606	25.992392	25.912483	25.828255	25.742891	25.654045	25.564484	25.472309	25.379725	25.285395	25.190865	25.095461	
25.086809	25.173214	25.259521	25.344618	25.429478	25.512318	25.594707	25.674274	25.753065	25.828259	25.902233	25.971867	26.039719	26.102551	26.162945	26.217722	26.269337	26.314861	26.356470	26.391674	26.422222	26.446218	26.464888	26.477051	26.483332	26.483332	26.477047	26.464890	26.446217	26.422222	26.391670	26.356472	26.314857	26.269335	26.217720	26.162945	26.102547	26.039722	25.971861	25.902233	25.828257	25.753067	25.674273	25.594702	25.512318	25.429476	25.344618	25.259521	25.173212	25.086809	
25.077713	25.155392	25.232334	25.309151	25.384499	25.459574	25.532446	25.604824	25.674274	25.742889	25.807898	25.871624	25.931093	25.988735	26.041546	26.091906	26.136955	26.178879	26.215145	26.247601	26.274197	26.296339	26.312588	26.323811	26.329277	26.329275	26.323812	26.312584	26.296339	26.274195	26.247601	26.215141	26.178879	26.136953	26.091906	26.041544	25.988735	25.931091	25.871624	25.807896	25.742893	25.674273	25.604820	25.532448	25.459572	25.384499	25.309149	25.232334	25.155390	25.077713	
25.068554	25.136780	25.204948	25.272129	25.339165	25.404556	25.469648	25.532448	25.594706	25.654045	25.712503	25.767448	25.821077	25.870649	25.918385	25.961601	26.002399	26.038319	26.071207	26.098980	26.123127	26.142056	26.156815	26.166410	26.171375	26.171377	26.166407	26.156815	26.142052	26.123125	26.098976	26.071207	26.038315	26.002399	25.961601	25.918385	25.870651	25.821077	25.767448	25.712503	25.654043	25.594704	25.532446	25.469645	25.404556	25.339161	25.272129	25.204945	25.136780	25.068554	
25.059048	25.118076	25.176529	25.234909	25.292141	25.349209	25.404556	25.459576	25.512318	25.564487	25.613850	25.662304	25.707455	25.751289	25.791386	25.829679	25.863882	25.895763	25.923298	25.947977	25.968170	25.985008	25.997341	26.005880	26.010029	26.010027	26.005880	25.997337	25.985008	25.968166	25.947977	25.923292	25.895763	25.863880	25.829679	25.791382	25.751287	25.707455	25.662302	25.613846	25.564487	25.512316	25.459572	25.404556	25.349205	25.292141	25.234905	25.176529	25.118073	25.059048	
25.049507	25.098774	25.148006	25.196514	25.244934	25.292143	25.339165	25.384499	25.429478	25.472309	25.514547	25.554203	25.592957	25.628731	25.663227	25.694412	25.723896	25.749817	25.773584	25.793629	25.811077	25.824738	25.835403	25.842327	25.845917	25.845917	25.842325	25.835407	25.824734	25.811079	25.793623	25.773584	25.749815	25.723896	25.694410	25.663223	25.628729	25.592953	25.554201	25.514545	25.472307	25.429478	25.384497	25.339165	25.292141	25.244932	25.196512	25.148003	25.098772	25.049507	
25.039719	25.079428	25.118744	25.158024	25.196514	25.234911	25.272131	25.309153	25.344620	25.379726	25.412916	25.445526	25.475883	25.505383	25.532339	25.558115	25.581110	25.602570	25.621080	25.637691	25.651264	25.662601	25.670891	25.676636	25.679428	25.679426	25.676640	25.670887	25.662601	25.651262	25.637690	25.621075	25.602568	25.581108	25.558115	25.532339	25.505383	25.475883	25.445526	25.412914	25.379726	25.344616	25.309151	25.272129	25.234907	25.196512	25.158020	25.118742	25.079428	25.039719	
25.029915	25.059685	25.089437	25.118744	25.148006	25.176529	25.204948	25.232334	25.259521	25.285397	25.310928	25.334881	25.358307	25.379915	25.400768	25.419605	25.437431	25.453085	25.467457	25.479559	25.490110	25.498360	25.504808	25.508987	25.511158	25.511160	25.508986	25.504810	25.498356	25.490108	25.479555	25.467453	25.453083	25.437431	25.419603	25.400768	25.379913	25.358307	25.334881	25.310928	25.285393	25.259521	25.232330	25.204947	25.176527	25.148005	25.118742	25.089436	25.059681	25.029915	
25.019962	25.039925	25.059685	25.079426	25.098774	25.118073	25.136780	25.155392	25.173214	25.190865	25.207542	25.223940	25.239193	25.254026	25.267570	25.280531	25.292084	25.302876	25.312176	25.320530	25.327351	25.333048	25.337212	25.340101	25.341501	25.341503	25.340103	25.337210	25.333046	25.327345	25.320526	25.312170	25.302872	25.292080	25.280531	25.267567	25.254026	25.239191	25.223938	25.207542	25.190865	25.173214	25.155390	25.136780	25.118073	25.098770	25.079426	25.059683	25.039923	25.019962	
25.010006	25.019964	25.029917	25.039719	25.049507	25.059048	25.068554	25.077713	25.086809	25.095461	25.104006	25.112015	25.119852	25.127079	25.134056	25.140354	25.146318	25.151554	25.156361	25.160410	25.163940	25.166698	25.168858	25.170254	25.170979	25.170979	25.170254	25.168858	25.166695	25.163939	25.160408	25.156361	25.151552	25.146318	25.140352	25.134056	25.127079	25.119852	25.112013	25.104004	25.095461	25.086809	25.077713	25.068554	25.059046	25.049507	25.039719	25.029917	25.019962	25.010006	
