25.009384	25.018726	25.028042	25.037228	25.046366	25.055279	25.064117	25.072649	25.081062	25.089083	25.096939	25.104332	25.111502	25.118139	25.124487	25.130243	25.135643	25.140408	25.144741	25.148411	25.151585	25.154078	25.156013	25.157274	25.157923	25.157925	25.157272	25.156012	25.154078	25.151583	25.148409	25.144741	25.140406	25.135643	25.130243	25.124487	25.118137	25.111502	25.104332	25.096939	25.089083	25.081059	25.072647	25.064119	25.055281	25.046366	25.037228	25.028046	25.018724	25.009384	
25.018726	25.037426	25.055952	25.074409	25.092510	25.110491	25.127941	25.145195	25.161757	25.178034	25.193459	25.208496	25.222538	25.236065	25.248468	25.260231	25.270761	25.280510	25.288952	25.296471	25.302643	25.307758	25.311520	25.314110	25.315372	25.315372	25.314110	25.311518	25.307758	25.302643	25.296471	25.288954	25.280510	25.270761	25.260231	25.248468	25.236065	25.222534	25.208494	25.193455	25.178034	25.161753	25.145197	25.127939	25.110489	25.092512	25.074413	25.055954	25.037430	25.018724	
25.028042	25.055954	25.083794	25.111242	25.138542	25.165184	25.191593	25.217083	25.242218	25.266197	25.289673	25.311764	25.333185	25.353016	25.371984	25.389187	25.405319	25.419556	25.432507	25.443474	25.452953	25.460405	25.466187	25.469959	25.471901	25.471905	25.469957	25.466190	25.460407	25.452951	25.443474	25.432507	25.419556	25.405319	25.389185	25.371983	25.353014	25.333183	25.311762	25.289673	25.266193	25.242218	25.217081	25.191593	25.165186	25.138546	25.111240	25.083797	25.055952	25.028042	
25.037228	25.074408	25.111240	25.147934	25.183926	25.219664	25.254362	25.288662	25.321590	25.353947	25.384619	25.414509	25.442425	25.469318	25.493986	25.517361	25.538305	25.557676	25.574469	25.589413	25.601686	25.611851	25.619335	25.624479	25.626993	25.626993	25.624481	25.619333	25.611855	25.601685	25.589411	25.574469	25.557676	25.538303	25.517361	25.493982	25.469318	25.442425	25.414509	25.384617	25.353951	25.321587	25.288662	25.254360	25.219666	25.183924	25.147934	25.111240	25.074411	25.037226	
25.046364	25.092512	25.138542	25.183924	25.229061	25.273115	25.316769	25.358921	25.400473	25.440123	25.478930	25.515465	25.550871	25.583668	25.615017	25.643471	25.670132	25.693680	25.715084	25.733227	25.748890	25.761223	25.770773	25.777014	25.780224	25.780224	25.777012	25.770775	25.761219	25.748890	25.733225	25.715084	25.693678	25.670134	25.643467	25.615017	25.583666	25.550871	25.515461	25.478930	25.440121	25.400471	25.358917	25.316769	25.273115	25.229061	25.183924	25.138542	25.092510	25.046364	
25.055281	25.110489	25.165186	25.219664	25.273113	25.326176	25.377708	25.428631	25.477539	25.525574	25.571133	25.615501	25.656969	25.696886	25.733530	25.768223	25.799339	25.828091	25.853039	25.875214	25.893454	25.908539	25.919655	25.927292	25.931026	25.931026	25.927292	25.919655	25.908539	25.893452	25.875214	25.853037	25.828091	25.799335	25.768225	25.733526	25.696888	25.656967	25.615503	25.571129	25.525574	25.477535	25.428631	25.377705	25.326176	25.273115	25.219666	25.165184	25.110491	25.055279	
25.064117	25.127939	25.191593	25.254356	25.316769	25.377705	25.438057	25.496368	25.553814	25.608667	25.662315	25.712858	25.761803	25.807178	25.850510	25.889881	25.926733	25.959316	25.988899	26.014002	26.035650	26.052715	26.065916	26.074553	26.078987	26.078991	26.074551	26.065918	26.052713	26.035648	26.014000	25.988899	25.959314	25.926733	25.889877	25.850510	25.807178	25.761803	25.712856	25.662313	25.608665	25.553814	25.496368	25.438059	25.377705	25.316769	25.254356	25.191593	25.127939	25.064117	
25.072647	25.145195	25.217083	25.288662	25.358921	25.428631	25.496368	25.563271	25.627563	25.690664	25.750559	25.808842	25.863359	25.915789	25.963970	26.009537	26.050451	26.088209	26.121016	26.150139	26.174122	26.193933	26.208555	26.218582	26.223495	26.223495	26.218582	26.208553	26.193935	26.174122	26.150139	26.121016	26.088211	26.050447	26.009537	25.963966	25.915791	25.863358	25.808838	25.750553	25.690662	25.627560	25.563267	25.496367	25.428633	25.358917	25.288664	25.217081	25.145195	25.072647	
25.081060	25.161755	25.242220	25.321587	25.400473	25.477535	25.553814	25.627563	25.700157	25.769539	25.837330	25.901268	25.963108	26.020512	26.075258	26.125069	26.171625	26.212849	26.250225	26.281982	26.309334	26.330925	26.347603	26.358528	26.364134	26.364134	26.358528	26.347605	26.330921	26.309334	26.281982	26.250225	26.212849	26.171627	26.125067	26.075258	26.020510	25.963108	25.901264	25.837330	25.769535	25.700155	25.627560	25.553812	25.477535	25.400473	25.321590	25.242220	25.161757	25.081060	
25.089083	25.178036	25.266195	25.353949	25.440121	25.525574	25.608667	25.690664	25.769539	25.846870	25.920359	25.991777	26.058678	26.122919	26.182043	26.237873	26.288082	26.334347	26.374607	26.410288	26.439722	26.463993	26.481937	26.494225	26.500252	26.500252	26.494221	26.481934	26.463995	26.439720	26.410286	26.374603	26.334345	26.288080	26.237871	26.182037	26.122919	26.058674	25.991779	25.920357	25.846870	25.769535	25.690662	25.608665	25.525574	25.440123	25.353951	25.266195	25.178036	25.089083	
25.096943	25.193459	25.289675	25.384619	25.478931	25.571131	25.662315	25.750559	25.837332	25.920357	26.001381	26.077900	26.151804	26.220509	26.285931	26.345551	26.401184	26.450529	26.495186	26.533207	26.565884	26.591730	26.611658	26.624737	26.631433	26.631435	26.624735	26.611660	26.591728	26.565886	26.533203	26.495188	26.450525	26.401184	26.345547	26.285933	26.220505	26.151806	26.077898	26.001381	25.920357	25.837330	25.750553	25.662315	25.571131	25.478931	25.384619	25.289675	25.193459	25.096941	
25.104334	25.208498	25.311764	25.414511	25.515465	25.615501	25.712860	25.808840	25.901268	25.991779	26.077900	26.161482	26.239889	26.315065	26.384365	26.449692	26.508549	26.562679	26.609879	26.651619	26.686131	26.714527	26.735561	26.749935	26.757002	26.757000	26.749935	26.735558	26.714529	26.686125	26.651623	26.609875	26.562679	26.508545	26.449694	26.384365	26.315063	26.239887	26.161478	26.077896	25.991777	25.901266	25.808838	25.712856	25.615501	25.515463	25.414511	25.311764	25.208496	25.104332	
25.111502	25.222534	25.333187	25.442425	25.550869	25.656969	25.761805	25.863359	25.963108	26.058678	26.151806	26.239891	26.324827	26.403927	26.479107	26.547752	26.611677	26.668495	26.719809	26.763590	26.801134	26.830898	26.853794	26.868855	26.876547	26.876549	26.868851	26.853798	26.830894	26.801136	26.763584	26.719810	26.668493	26.611679	26.547749	26.479107	26.403923	26.324825	26.239885	26.151804	26.058674	25.963108	25.863359	25.761801	25.656967	25.550869	25.442423	25.333187	25.222532	25.111504	
25.118137	25.236065	25.353014	25.469318	25.583668	25.696888	25.807178	25.915791	26.020514	26.122921	26.220510	26.315067	26.403927	26.488962	26.567509	26.641399	26.708111	26.769333	26.822836	26.870045	26.909164	26.941280	26.965126	26.981377	26.989391	26.989389	26.981382	26.965120	26.941280	26.909161	26.870049	26.822830	26.769335	26.708109	26.641399	26.567505	26.488964	26.403923	26.315067	26.220507	26.122919	26.020510	25.915787	25.807177	25.696888	25.583664	25.469318	25.353012	25.236065	25.118137	
25.124485	25.248468	25.371983	25.493984	25.615015	25.733530	25.850510	25.963970	26.075258	26.182043	26.285931	26.384367	26.479107	26.567509	26.651360	26.728083	26.799377	26.862886	26.920109	26.969048	27.010916	27.044189	27.069717	27.086554	27.095133	27.095137	27.086552	27.069721	27.044186	27.010918	26.969046	26.920111	26.862885	26.799379	26.728081	26.651360	26.567505	26.479107	26.384365	26.285931	26.182039	26.075258	25.963966	25.850510	25.733524	25.615017	25.493982	25.371983	25.248468	25.124487	
25.130243	25.260227	25.389185	25.517361	25.643471	25.768223	25.889881	26.009537	26.125072	26.237873	26.345552	26.449692	26.547750	26.641399	26.728083	26.809448	26.883080	26.950489	27.009544	27.061523	27.104704	27.140060	27.166380	27.184278	27.193123	27.193121	27.184280	27.166380	27.140060	27.104700	27.061522	27.009542	26.950489	26.883080	26.809448	26.728081	26.641399	26.547749	26.449692	26.345549	26.237873	26.125067	26.009537	25.889877	25.768225	25.643469	25.517361	25.389185	25.260231	25.130243	
25.135641	25.270761	25.405317	25.538303	25.670132	25.799339	25.926733	26.050451	26.171627	26.288082	26.401186	26.508553	26.611681	26.708115	26.799377	26.883080	26.960674	27.029963	27.092237	27.145634	27.191193	27.227499	27.255280	27.273651	27.282988	27.282990	27.273651	27.255283	27.227497	27.191195	27.145632	27.092239	27.029963	26.960672	26.883080	26.799379	26.708111	26.611681	26.508549	26.401184	26.288080	26.171627	26.050449	25.926735	25.799335	25.670134	25.538301	25.405317	25.270761	25.135643	
25.140406	25.280508	25.419556	25.557676	25.693680	25.828091	25.959316	26.088209	26.212849	26.334345	26.450529	26.562679	26.668495	26.769335	26.862886	26.950491	27.029964	27.102535	27.166277	27.222233	27.268845	27.306908	27.335320	27.354584	27.364134	27.364132	27.354588	27.335321	27.306908	27.268845	27.222233	27.166277	27.102535	27.029963	26.950491	26.862885	26.769337	26.668495	26.562679	26.450527	26.334347	26.212849	26.088211	25.959312	25.828091	25.693676	25.557678	25.419554	25.280510	25.140406	
25.144741	25.288952	25.432507	25.574471	25.715084	25.853039	25.988899	26.121019	26.250225	26.374607	26.495190	26.609879	26.719810	26.822836	26.920111	27.009542	27.092239	27.166277	27.232639	27.289703	27.338249	27.377047	27.406651	27.426285	27.436234	27.436234	27.426285	27.406654	27.377048	27.338251	27.289701	27.232643	27.166277	27.092237	27.009542	26.920113	26.822834	26.719810	26.609879	26.495186	26.374607	26.250227	26.121014	25.988901	25.853035	25.715086	25.574467	25.432507	25.288952	25.144741	
25.148411	25.296469	25.443474	25.589409	25.733227	25.875214	26.014004	26.150139	26.281988	26.410288	26.533207	26.651623	26.763590	26.870043	26.969051	27.061523	27.145636	27.222233	27.289703	27.348759	27.398100	27.438269	27.468348	27.488674	27.498785	27.498783	27.488678	27.468346	27.438271	27.398098	27.348763	27.289701	27.222237	27.145634	27.061523	26.969049	26.870047	26.763592	26.651621	26.533209	26.410288	26.281984	26.150141	26.014000	25.875214	25.733223	25.589411	25.443474	25.296471	25.148411	
25.151581	25.302643	25.452951	25.601688	25.748888	25.893454	26.035650	26.174126	26.309336	26.439724	26.565884	26.686132	26.801134	26.909168	27.010914	27.104704	27.191195	27.268848	27.338249	27.398102	27.448868	27.489567	27.520523	27.541119	27.551519	27.551521	27.541117	27.520523	27.489567	27.448872	27.398098	27.338253	27.268847	27.191196	27.104702	27.010918	26.909166	26.801138	26.686131	26.565886	26.439724	26.309334	26.174124	26.035650	25.893452	25.748892	25.601685	25.452953	25.302643	25.151585	
25.154078	25.307758	25.460407	25.611853	25.761223	25.908539	26.052715	26.193939	26.330927	26.463997	26.591732	26.714525	26.830902	26.941278	27.044189	27.140060	27.227501	27.306906	27.377052	27.438267	27.489567	27.531200	27.562477	27.583548	27.594059	27.594055	27.583549	27.562477	27.531204	27.489567	27.438271	27.377048	27.306911	27.227499	27.140060	27.044188	26.941280	26.830898	26.714527	26.591732	26.463997	26.330925	26.193937	26.052715	25.908539	25.761221	25.611855	25.460407	25.307758	25.154078	
25.156013	25.311522	25.466188	25.619335	25.770775	25.919657	26.065918	26.208555	26.347605	26.481937	26.611658	26.735561	26.853794	26.965126	27.069717	27.166386	27.255281	27.335323	27.406652	27.468348	27.520521	27.562477	27.594290	27.615520	27.626209	27.626211	27.615519	27.594288	27.562477	27.520525	27.468346	27.406656	27.335321	27.255283	27.166382	27.069719	26.965122	26.853796	26.735561	26.611660	26.481937	26.347603	26.208555	26.065918	25.919655	25.770775	25.619333	25.466188	25.311520	25.156013	
25.157274	25.314108	25.469959	25.624479	25.777016	25.927292	26.074553	26.218584	26.358530	26.494221	26.624739	26.749935	26.868856	26.981377	27.086555	27.184277	27.273653	27.354586	27.426287	27.488678	27.541119	27.583548	27.615520	27.636993	27.647738	27.647736	27.636993	27.615520	27.583549	27.541119	27.488678	27.426289	27.354588	27.273655	27.184280	27.086555	26.981380	26.868856	26.749937	26.624739	26.494225	26.358530	26.218582	26.074551	25.927292	25.777012	25.624479	25.469959	25.314110	25.157274	
25.157925	25.315374	25.471905	25.626995	25.780226	25.931026	26.078991	26.223495	26.364134	26.500250	26.631433	26.757004	26.876549	26.989391	27.095135	27.193125	27.282990	27.364134	27.436235	27.498785	27.551521	27.594057	27.626211	27.647736	27.658539	27.658541	27.647736	27.626209	27.594057	27.551523	27.498785	27.436237	27.364136	27.282991	27.193125	27.095137	26.989391	26.876551	26.757004	26.631435	26.500252	26.364136	26.223495	26.078991	25.931026	25.780222	25.626991	25.471901	25.315372	25.157925	
25.157925	25.315374	25.471905	25.626995	25.780226	25.931026	26.078991	26.223495	26.364134	26.500250	26.631433	26.757004	26.876549	26.989391	27.095135	27.193125	27.282990	27.364134	27.436235	27.498785	27.551521	27.594057	27.626211	27.647736	27.658539	27.658541	27.647736	27.626209	27.594057	27.551523	27.498785	27.436237	27.364136	27.282991	27.193125	27.095137	26.989391	26.876551	26.757004	26.631435	26.500252	26.364136	26.223495	26.078991	25.931026	25.780222	25.626991	25.471901	25.315372	25.157925	
25.157274	25.314108	25.469959	25.624479	25.777016	25.927292	26.074553	26.218584	26.358530	26.494221	26.624739	26.749935	26.868856	26.981377	27.086555	27.184277	27.273653	27.354586	27.426287	27.488678	27.541119	27.583548	27.615520	27.636993	27.647738	27.647736	27.636993	27.615520	27.583549	27.541119	27.488678	27.426289	27.354588	27.273655	27.184280	27.086555	26.981380	26.868856	26.749937	26.624739	26.494225	26.358530	26.218582	26.074551	25.927292	25.777012	25.624479	25.469959	25.314110	25.157274	
25.156013	25.311522	25.466188	25.619335	25.770775	25.919657	26.065918	26.208555	26.347605	26.481937	26.611658	26.735561	26.853794	26.965126	27.069717	27.166386	27.255281	27.335323	27.406652	27.468348	27.520521	27.562477	27.594290	27.615520	27.626209	27.626211	27.615519	27.594288	27.562477	27.520525	27.468346	27.406656	27.335321	27.255283	27.166382	27.069719	26.965122	26.853796	26.735561	26.611660	26.481937	26.347603	26.208555	26.065918	25.919655	25.770775	25.619333	25.466188	25.311520	25.156013	
25.154078	25.307758	25.460407	25.611853	25.761223	25.908539	26.052715	26.193939	26.330927	26.463997	26.591732	26.714525	26.830902	26.941278	27.044189	27.140060	27.227501	27.306906	27.377052	27.438267	27.489567	27.531200	27.562477	27.583548	27.594059	27.594055	27.583549	27.562477	27.531204	27.489567	27.438271	27.377048	27.306911	27.227499	27.140060	27.044188	26.941280	26.830898	26.714527	26.591732	26.463997	26.330925	26.193937	26.052715	25.908539	25.761221	25.611855	25.460407	25.307758	25.154078	
25.151581	25.302643	25.452951	25.601688	25.748888	25.893454	26.035650	26.174126	26.309336	26.439724	26.565884	26.686132	26.801134	26.909168	27.010914	27.104704	27.191195	27.268848	27.338249	27.398102	27.448868	27.489567	27.520523	27.541119	27.551519	27.551521	27.541117	27.520523	27.489567	27.448872	27.398098	27.338253	27.268847	27.191196	27.104702	27.010918	26.909166	26.801138	26.686131	26.565886	26.439724	26.309334	26.174124	26.035650	25.893452	25.748892	25.601685	25.452953	25.302643	25.151585	
25.148411	25.296469	25.443474	25.589409	25.733227	25.875214	26.014004	26.150139	26.281988	26.410288	26.533207	26.651623	26.763590	26.870043	26.969051	27.061523	27.145636	27.222233	27.289703	27.348759	27.398100	27.438269	27.468348	27.488674	27.498785	27.498783	27.488678	27.468346	27.438271	27.398098	27.348763	27.289701	27.222237	27.145634	27.061523	26.969049	26.870047	26.763592	26.651621	26.533209	26.410288	26.281984	26.150141	26.014000	25.875214	25.733223	25.589411	25.443474	25.296471	25.148411	
25.144741	25.288952	25.432507	25.574471	25.715084	25.853039	25.988899	26.121019	26.250225	26.374607	26.495190	26.609879	26.719810	26.822836	26.920111	27.009542	27.092239	27.166277	27.232639	27.289703	27.338249	27.377047	27.406651	27.426285	27.436234	27.436234	27.426285	27.406654	27.377048	27.338251	27.289701	27.232643	27.166277	27.092237	27.009542	26.920113	26.822834	26.719810	26.609879	26.495186	26.374607	26.250227	26.121014	25.988901	25.853035	25.715086	25.574467	25.432507	25.288952	25.144741	
25.140406	25.280508	25.419556	25.557676	25.693680	25.828091	25.959316	26.088209	26.212849	26.334345	26.450529	26.562679	26.668495	26.769335	26.862886	26.950491	27.029964	27.102535	27.166277	27.222233	27.268845	27.306908	27.335320	27.354584	27.364134	27.364132	27.354588	27.335321	27.306908	27.268845	27.222233	27.166277	27.102535	27.029963	26.950491	26.862885	26.769337	26.668495	26.562679	26.450527	26.334347	26.212849	26.088211	25.959312	25.828091	25.693676	25.557678	25.419554	25.280510	25.140406	
25.135641	25.270761	25.405317	25.538303	25.670132	25.799339	25.926733	26.050451	26.171627	26.288082	26.401186	26.508553	26.611681	26.708115	26.799377	26.883080	26.960674	27.029963	27.092237	27.145634	27.191193	27.227499	27.255280	27.273651	27.282988	27.282990	27.273651	27.255283	27.227497	27.191195	27.145632	27.092239	27.029963	26.960672	26.883080	26.799379	26.708111	26.611681	26.508549	26.401184	26.288080	26.171627	26.050449	25.926735	25.799335	25.670134	25.538301	25.405317	25.270761	25.135643	
25.130243	25.260227	25.389185	25.517361	25.643471	25.768223	25.889881	26.009537	26.125072	26.237873	26.345552	26.449692	26.547750	26.641399	26.728083	26.809448	26.883080	26.950489	27.009544	27.061523	27.104704	27.140060	27.166380	27.184278	27.193123	27.193121	27.184280	27.166380	27.140060	27.104700	27.061522	27.009542	26.950489	26.883080	26.809448	26.728081	26.641399	26.547749	26.449692	26.345549	26.237873	26.125067	26.009537	25.889877	25.768225	25.643469	25.517361	25.389185	25.260231	25.130243	
25.124485	25.248468	25.371983	25.493984	25.615015	25.733530	25.850510	25.963970	26.075258	26.182043	26.285931	26.384367	26.479107	26.567509	26.651360	26.728083	26.799377	26.862886	26.920109	26.969048	27.010916	27.044189	27.069717	27.086554	27.095133	27.095137	27.086552	27.069721	27.044186	27.010918	26.969046	26.920111	26.862885	26.799379	26.728081	26.651360	26.567505	26.479107	26.384365	26.285931	26.182039	26.075258	25.963966	25.850510	25.733524	25.615017	25.493982	25.371983	25.248468	25.124487	
25.118137	25.236065	25.353014	25.469318	25.583668	25.696888	25.807178	25.915791	26.020514	26.122921	26.220510	26.315067	26.403927	26.488962	26.567509	26.641399	26.708111	26.769333	26.822836	26.870045	26.909164	26.941280	26.965126	26.981377	26.989391	26.989389	26.981382	26.965120	26.941280	26.909161	26.870049	26.822830	26.769335	26.708109	26.641399	26.567505	26.488964	26.403923	26.315067	26.220507	26.122919	26.020510	25.915787	25.807177	25.696888	25.583664	25.469318	25.353012	25.236065	25.118137	
25.111502	25.222534	25.333187	25.442425	25.550869	25.656969	25.761805	25.863359	25.963108	26.058678	26.151806	26.239891	26.324827	26.403927	26.479107	26.547752	26.611677	26.668495	26.719809	26.763590	26.801134	26.830898	26.853794	26.868855	26.876547	26.876549	26.868851	26.853798	26.830894	26.801136	26.763584	26.719810	26.668493	26.611679	26.547749	26.479107	26.403923	26.324825	26.239885	26.151804	26.058674	25.963108	25.863359	25.761801	25.656967	25.550869	25.442423	25.333187	25.222532	25.111504	
25.104334	25.208498	25.311764	25.414511	25.515465	25.615501	25.712860	25.808840	25.901268	25.991779	26.077900	26.161482	26.239889	26.315065	26.384365	26.449692	26.508549	26.562679	26.609879	26.651619	26.686131	26.714527	26.735561	26.749935	26.757002	26.757000	26.749935	26.735558	26.714529	26.686125	26.651623	26.609875	26.562679	26.508545	26.449694	26.384365	26.315063	26.239887	26.161478	26.077896	25.991777	25.901266	25.808838	25.712856	25.615501	25.515463	25.414511	25.311764	25.208496	25.104332	
25.096943	25.193459	25.289675	25.384619	25.478931	25.571131	25.662315	25.750559	25.837332	25.920357	26.001381	26.077900	26.151804	26.220509	26.285931	26.345551	26.401184	26.450529	26.495186	26.533207	26.565884	26.591730	26.611658	26.624737	26.631433	26.631435	26.624735	26.611660	26.591728	26.565886	26.533203	26.495188	26.450525	26.401184	26.345547	26.285933	26.220505	26.151806	26.077898	26.001381	25.920357	25.837330	25.750553	25.662315	25.571131	25.478931	25.384619	25.289675	25.193459	25.096941	
25.089083	25.178036	25.266195	25.353949	25.440121	25.525574	25.608667	25.690664	25.769539	25.846870	25.920359	25.991777	26.058678	26.122919	26.182043	26.237873	26.288082	26.334347	26.374607	26.410288	26.439722	26.463993	26.481937	26.494225	26.500252	26.500252	26.494221	26.481934	26.463995	26.439720	26.410286	26.374603	26.334345	26.288080	26.237871	26.182037	26.122919	26.058674	25.991779	25.920357	25.846870	25.769535	25.690662	25.608665	25.525574	25.440123	25.353951	25.266195	25.178036	25.089083	
25.081060	25.161755	25.242220	25.321587	25.400473	25.477535	25.553814	25.627563	25.700157	25.769539	25.837330	25.901268	25.963108	26.020512	26.075258	26.125069	26.171625	26.212849	26.250225	26.281982	26.309334	26.330925	26.347603	26.358528	26.364134	26.364134	26.358528	26.347605	26.330921	26.309334	26.281982	26.250225	26.212849	26.171627	26.125067	26.075258	26.020510	25.963108	25.901264	25.837330	25.769535	25.700155	25.627560	25.553812	25.477535	25.400473	25.321590	25.242220	25.161757	25.081060	
25.072647	25.145195	25.217083	25.288662	25.358921	25.428631	25.496368	25.563271	25.627563	25.690664	25.750559	25.808842	25.863359	25.915789	25.963970	26.009537	26.050451	26.088209	26.121016	26.150139	26.174122	26.193933	26.208555	26.218582	26.223495	26.223495	26.218582	26.208553	26.193935	26.174122	26.150139	26.121016	26.088211	26.050447	26.009537	25.963966	25.915791	25.863358	25.808838	25.750553	25.690662	25.627560	25.563267	25.496367	25.428633	25.358917	25.288664	25.217081	25.145195	25.072647	
25.064117	25.127939	25.191593	25.254356	25.316769	25.377705	25.438057	25.496368	25.553814	25.608667	25.662315	25.712858	25.761803	25.807178	25.850510	25.889881	25.926733	25.959316	25.988899	26.014002	26.035650	26.052715	26.065916	26.074553	26.078987	26.078991	26.074551	26.065918	26.052713	26.035648	26.014000	25.988899	25.959314	25.926733	25.889877	25.850510	25.807178	25.761803	25.712856	25.662313	25.608665	25.553814	25.496368	25.438059	25.377705	25.316769	25.254356	25.191593	25.127939	25.064117	
25.055281	25.110489	25.165186	25.219664	25.273113	25.326176	25.377708	25.428631	25.477539	25.525574	25.571133	25.615501	25.656969	25.696886	25.733530	25.768223	25.799339	25.828091	25.853039	25.875214	25.893454	25.908539	25.919655	25.927292	25.931026	25.931026	25.927292	25.919655	25.908539	25.893452	25.875214	25.853037	25.828091	25.799335	25.768225	25.733526	25.696888	25.656967	25.615503	25.571129	25.525574	25.477535	25.428631	25.377705	25.326176	25.273115	25.219666	25.165184	25.110491	25.055279	
25.046364	25.092512	25.138542	25.183924	25.229061	25.273115	25.316769	25.358921	25.400473	25.440123	25.478930	25.515465	25.550871	25.583668	25.615017	25.643471	25.670132	25.693680	25.715084	25.733227	25.748890	25.761223	25.770773	25.777014	25.780224	25.780224	25.777012	25.770775	25.761219	25.748890	25.733225	25.715084	25.693678	25.670134	25.643467	25.615017	25.583666	25.550871	25.515461	25.478930	25.440121	25.400471	25.358917	25.316769	25.273115	25.229061	25.183924	25.138542	25.092510	25.046364	
25.037228	25.074408	25.111240	25.147934	25.183926	25.219664	25.254362	25.288662	25.321590	25.353947	25.384619	25.414509	25.442425	25.469318	25.493986	25.517361	25.538305	25.557676	25.574469	25.589413	25.601686	25.611851	25.619335	25.624479	25.626993	25.626993	25.624481	25.619333	25.611855	25.601685	25.589411	25.574469	25.557676	25.538303	25.517361	25.493982	25.469318	25.442425	25.414509	25.384617	25.353951	25.321587	25.288662	25.254360	25.219666	25.183924	25.147934	25.111240	25.074411	25.037226	
25.028042	25.055954	25.083794	25.111242	25.138542	25.165184	25.191593	25.217083	25.242218	25.266197	25.289673	25.311764	25.333185	25.353016	25.371984	25.389187	25.405319	25.419556	25.432507	25.443474	25.452953	25.460405	25.466187	25.469959	25.471901	25.471905	25.469957	25.466190	25.460407	25.452951	25.443474	25.432507	25.419556	25.405319	25.389185	25.371983	25.353014	25.333183	25.311762	25.289673	25.266193	25.242218	25.217081	25.191593	25.165186	25.138546	25.111240	25.083797	25.055952	25.028042	
25.018726	25.037426	25.055952	25.074409	25.092510	25.110491	25.127941	25.145195	25.161757	25.178034	25.193459	25.208496	25.222538	25.236065	25.248468	25.260231	25.270761	25.280510	25.288952	25.296471	25.302643	25.307758	25.311520	25.314110	25.315372	25.315372	25.314110	25.311518	25.307758	25.302643	25.296471	25.288954	25.280510	25.270761	25.260231	25.248468	25.236065	25.222534	25.208494	25.193455	25.178034	25.161753	25.145197	25.127939	25.110489	25.092512	25.074413	25.055954	25.037430	25.018724	
25.009384	25.018726	25.028042	25.037228	25.046366	25.055279	25.064117	25.072649	25.081062	25.089083	25.096939	25.104332	25.111502	25.118139	25.124487	25.130243	25.135643	25.140408	25.144741	25.148411	25.151585	25.154078	25.156013	25.157274	25.157923	25.157925	25.157272	25.156012	25.154078	25.151583	25.148409	25.144741	25.140406	25.135643	25.130243	25.124487	25.118137	25.111502	25.104332	25.096939	25.089083	25.081059	25.072647	25.064119	25.055281	25.046366	25.037228	25.028046	25.018724	25.009384	
