25.001358	25.002708	25.004051	25.005379	25.006683	25.007963	25.009216	25.010429	25.011604	25.012737	25.013821	25.014851	25.015829	25.016743	25.017593	25.018379	25.019094	25.019737	25.020302	25.020796	25.021206	25.021538	25.021786	25.021954	25.022038	25.022038	25.021954	25.021786	25.021538	25.021206	25.020794	25.020304	25.019735	25.019093	25.018379	25.017593	25.016743	25.015827	25.014853	25.013823	25.012737	25.011604	25.010429	25.009214	25.007965	25.006683	25.005379	25.004051	25.002708	25.001358	
25.002708	25.005409	25.008087	25.010735	25.013344	25.015900	25.018394	25.020821	25.023167	25.025427	25.027592	25.029652	25.031595	25.033421	25.035122	25.036690	25.038116	25.039398	25.040531	25.041508	25.042334	25.042992	25.043491	25.043823	25.043991	25.043991	25.043823	25.043491	25.042992	25.042332	25.041508	25.040531	25.039396	25.038113	25.036686	25.035122	25.033421	25.031597	25.029652	25.027590	25.025429	25.023167	25.020821	25.018394	25.015898	25.013340	25.010735	25.008087	25.005409	25.002708	
25.004051	25.008087	25.012093	25.016052	25.019951	25.023773	25.027504	25.031132	25.034643	25.038021	25.041256	25.044334	25.047245	25.049973	25.052513	25.054859	25.056992	25.058910	25.060600	25.062069	25.063295	25.064285	25.065029	25.065529	25.065777	25.065777	25.065529	25.065029	25.064285	25.063293	25.062065	25.060602	25.058908	25.056992	25.054855	25.052513	25.049973	25.047241	25.044334	25.041256	25.038019	25.034641	25.031132	25.027504	25.023771	25.019949	25.016052	25.012093	25.008087	25.004051	
25.005379	25.010735	25.016050	25.021309	25.026482	25.031555	25.036510	25.041327	25.045986	25.050472	25.054764	25.058849	25.062714	25.066336	25.069712	25.072819	25.075653	25.078197	25.080448	25.082390	25.084023	25.085333	25.086323	25.086983	25.087315	25.087315	25.086983	25.086321	25.085331	25.084021	25.082388	25.080444	25.078194	25.075649	25.072819	25.069708	25.066336	25.062710	25.058849	25.054764	25.050470	25.045984	25.041327	25.036510	25.031555	25.026482	25.021307	25.016052	25.010735	25.005377	
25.006683	25.013344	25.019951	25.026482	25.032913	25.039219	25.045378	25.051365	25.057156	25.062729	25.068064	25.073143	25.077942	25.082449	25.086637	25.090508	25.094025	25.097189	25.099983	25.102402	25.104427	25.106058	25.107286	25.108109	25.108521	25.108519	25.108107	25.107286	25.106056	25.104425	25.102398	25.099981	25.097187	25.094025	25.090504	25.086639	25.082445	25.077942	25.073141	25.068066	25.062729	25.057154	25.051363	25.045380	25.039219	25.032913	25.026482	25.019947	25.013340	25.006683	
25.007965	25.015900	25.023773	25.031555	25.039219	25.046736	25.054073	25.061203	25.068108	25.074747	25.081108	25.087156	25.092878	25.098244	25.103245	25.107843	25.112041	25.115810	25.119143	25.122019	25.124435	25.126377	25.127844	25.128822	25.129314	25.129313	25.128822	25.127842	25.126379	25.124435	25.122021	25.119141	25.115810	25.112041	25.107845	25.103241	25.098248	25.092876	25.087156	25.081104	25.074749	25.068108	25.061205	25.054071	25.046734	25.039219	25.031555	25.023773	25.015896	25.007963	
25.009216	25.018394	25.027504	25.036510	25.045378	25.054073	25.062561	25.070816	25.078798	25.086487	25.093842	25.100843	25.107458	25.113674	25.119450	25.124783	25.129631	25.133995	25.137848	25.141180	25.143972	25.146225	25.147917	25.149052	25.149616	25.149620	25.149048	25.147917	25.146223	25.143974	25.141176	25.137848	25.133995	25.129635	25.124779	25.119453	25.113670	25.107460	25.100842	25.093840	25.086483	25.078800	25.070816	25.062563	25.054073	25.045380	25.036510	25.027504	25.018393	25.009216	
25.010429	25.020821	25.031132	25.041327	25.051365	25.061207	25.070816	25.080156	25.089195	25.097893	25.106220	25.114143	25.121637	25.128666	25.135212	25.141237	25.146732	25.151669	25.156033	25.159801	25.162966	25.165510	25.167431	25.168713	25.169353	25.169352	25.168713	25.167427	25.165512	25.162964	25.159801	25.156033	25.151670	25.146732	25.141239	25.135208	25.128666	25.121635	25.114145	25.106218	25.097891	25.089193	25.080158	25.070816	25.061205	25.051363	25.041328	25.031132	25.020821	25.010429	
25.011604	25.023167	25.034643	25.045986	25.057156	25.068108	25.078798	25.089195	25.099247	25.108929	25.118195	25.127014	25.135349	25.143175	25.150452	25.157166	25.163275	25.168770	25.173622	25.177820	25.181339	25.184174	25.186304	25.187735	25.188446	25.188450	25.187733	25.186306	25.184170	25.181339	25.177816	25.173624	25.168770	25.163277	25.157162	25.150452	25.143171	25.135349	25.127010	25.118195	25.108929	25.099249	25.089191	25.078800	25.068104	25.057156	25.045984	25.034641	25.023167	25.011606	
25.012737	25.025427	25.038021	25.050472	25.062729	25.074747	25.086487	25.097889	25.108929	25.119551	25.129723	25.139400	25.148552	25.157135	25.165127	25.172489	25.179199	25.185228	25.190557	25.195160	25.199024	25.202133	25.204477	25.206039	25.206827	25.206825	25.206043	25.204473	25.202133	25.199020	25.195160	25.190556	25.185230	25.179199	25.172489	25.165125	25.157135	25.148548	25.139400	25.129719	25.119555	25.108927	25.097893	25.086483	25.074749	25.062729	25.050470	25.038019	25.025427	25.012737	
25.013821	25.027592	25.041256	25.054764	25.068064	25.081108	25.093840	25.106220	25.118195	25.129723	25.140757	25.151260	25.161186	25.170506	25.179173	25.187166	25.194443	25.200987	25.206766	25.211765	25.215954	25.219330	25.221869	25.223570	25.224419	25.224422	25.223568	25.221870	25.219326	25.215954	25.211761	25.206768	25.200985	25.194443	25.187162	25.179173	25.170502	25.161186	25.151257	25.140757	25.129723	25.118195	25.106218	25.093843	25.081104	25.068066	25.054764	25.041256	25.027590	25.013821	
25.014854	25.029648	25.044333	25.058847	25.073143	25.087154	25.100843	25.114143	25.127014	25.139400	25.151260	25.162542	25.173214	25.183220	25.192543	25.201126	25.208952	25.215979	25.222195	25.227560	25.232067	25.235691	25.238424	25.240246	25.241165	25.241161	25.240250	25.238420	25.235691	25.232063	25.227562	25.222193	25.215981	25.208950	25.201128	25.192539	25.183224	25.173210	25.162544	25.151257	25.139400	25.127014	25.114145	25.100842	25.087158	25.073143	25.058849	25.044334	25.029648	25.014851	
25.015825	25.031593	25.047241	25.062714	25.077942	25.092876	25.107458	25.121639	25.135349	25.148552	25.161186	25.173214	25.184578	25.195251	25.205177	25.214331	25.222662	25.230158	25.236773	25.242496	25.247295	25.251162	25.254070	25.256016	25.256989	25.256992	25.256016	25.254070	25.251158	25.247297	25.242496	25.236778	25.230156	25.222664	25.214325	25.205177	25.195248	25.184582	25.173210	25.161186	25.148548	25.135349	25.121635	25.107462	25.092880	25.077942	25.062712	25.047243	25.031593	25.015827	
25.016743	25.033421	25.049973	25.066336	25.082447	25.098244	25.113672	25.128666	25.143173	25.157137	25.170504	25.183224	25.195251	25.206532	25.217037	25.226713	25.235535	25.243454	25.250462	25.256510	25.261591	25.265676	25.268757	25.270813	25.271845	25.271841	25.270815	25.268753	25.265678	25.261587	25.256514	25.250460	25.243458	25.235531	25.226715	25.217035	25.206535	25.195248	25.183224	25.170502	25.157135	25.143173	25.128666	25.113672	25.098246	25.082447	25.066338	25.049973	25.033421	25.016741	
25.017593	25.035118	25.052513	25.069710	25.086639	25.103241	25.119450	25.135210	25.150452	25.165127	25.179173	25.192539	25.205175	25.217037	25.228069	25.238243	25.247505	25.255838	25.263191	25.269554	25.274891	25.279186	25.282421	25.284582	25.285664	25.285667	25.284578	25.282421	25.279182	25.274891	25.269552	25.263197	25.255836	25.247509	25.238243	25.228073	25.217033	25.205179	25.192539	25.179173	25.165127	25.150452	25.135208	25.119450	25.103241	25.086639	25.069710	25.052515	25.035118	25.017593	
25.018379	25.036686	25.054855	25.072817	25.090504	25.107841	25.124779	25.141235	25.157162	25.172489	25.187162	25.201126	25.214325	25.226711	25.238241	25.248863	25.258545	25.267244	25.274929	25.281570	25.287149	25.291634	25.295012	25.297274	25.298405	25.298403	25.297276	25.295013	25.291636	25.287148	25.281574	25.274931	25.267248	25.258545	25.248867	25.238241	25.226715	25.214327	25.201126	25.187160	25.172489	25.157162	25.141237	25.124779	25.107843	25.090504	25.072819	25.054855	25.036690	25.018377	
25.019093	25.038113	25.056988	25.075649	25.094021	25.112038	25.129629	25.146732	25.163273	25.179199	25.194443	25.208948	25.222662	25.235533	25.247509	25.258545	25.268602	25.277641	25.285622	25.292526	25.298315	25.302979	25.306488	25.308834	25.310011	25.310013	25.308834	25.306488	25.302977	25.298319	25.292522	25.285625	25.277639	25.268604	25.258547	25.247509	25.235531	25.222664	25.208948	25.194443	25.179199	25.163275	25.146730	25.129631	25.112040	25.094021	25.075649	25.056990	25.038113	25.019093	
25.019737	25.039394	25.058908	25.078194	25.097187	25.115808	25.133993	25.151665	25.168770	25.185226	25.200985	25.215979	25.230154	25.243458	25.255836	25.267244	25.277641	25.286980	25.295235	25.302366	25.308355	25.313171	25.316797	25.319225	25.320442	25.320440	25.319225	25.316799	25.313171	25.308352	25.302368	25.295235	25.286982	25.277639	25.267246	25.255836	25.243458	25.230156	25.215981	25.200983	25.185228	25.168768	25.151669	25.133991	25.115807	25.097187	25.078196	25.058907	25.039398	25.019735	
25.020302	25.040529	25.060600	25.080444	25.099979	25.119141	25.137846	25.156029	25.173620	25.190556	25.206764	25.222189	25.236771	25.250458	25.263193	25.274929	25.285622	25.295235	25.303724	25.311064	25.317219	25.322178	25.325909	25.328405	25.329655	25.329657	25.328405	25.325909	25.322178	25.317221	25.311060	25.303726	25.295233	25.285625	25.274931	25.263195	25.250458	25.236774	25.222189	25.206764	25.190554	25.173622	25.156029	25.137848	25.119141	25.099981	25.080444	25.060600	25.040529	25.020302	
25.020796	25.041504	25.062065	25.082386	25.102398	25.122017	25.141176	25.159800	25.177818	25.195156	25.211760	25.227558	25.242493	25.256510	25.269554	25.281570	25.292524	25.302366	25.311064	25.318577	25.324886	25.329960	25.333782	25.336340	25.337620	25.337620	25.336340	25.333784	25.329960	25.324884	25.318579	25.311062	25.302368	25.292522	25.281574	25.269552	25.256514	25.242495	25.227558	25.211758	25.195158	25.177816	25.159801	25.141178	25.122019	25.102398	25.082386	25.062067	25.041508	25.020794	
25.021202	25.042332	25.063292	25.084017	25.104424	25.124432	25.143970	25.162964	25.181335	25.199022	25.215952	25.232063	25.247295	25.261589	25.274887	25.287148	25.298315	25.308353	25.317223	25.324884	25.331318	25.336491	25.340389	25.342997	25.344303	25.344303	25.342999	25.340389	25.336493	25.331318	25.324886	25.317223	25.308352	25.298319	25.287148	25.274891	25.261589	25.247295	25.232063	25.215950	25.199022	25.181335	25.162964	25.143972	25.124434	25.104424	25.084019	25.063295	25.042332	25.021206	
25.021538	25.042988	25.064281	25.085329	25.106054	25.126377	25.146217	25.165506	25.184168	25.202129	25.219326	25.235687	25.251156	25.265675	25.279182	25.291632	25.302975	25.313168	25.322174	25.329960	25.336493	25.341747	25.345707	25.348354	25.349678	25.349682	25.348354	25.345707	25.341747	25.336493	25.329960	25.322174	25.313171	25.302975	25.291636	25.279184	25.265675	25.251160	25.235687	25.219326	25.202129	25.184170	25.165508	25.146221	25.126377	25.106056	25.085331	25.064285	25.042992	25.021538	
25.021786	25.043488	25.065029	25.086319	25.107283	25.127840	25.147911	25.167425	25.186302	25.204472	25.221867	25.238419	25.254066	25.268749	25.282415	25.295010	25.306484	25.316795	25.325909	25.333782	25.340389	25.345707	25.349710	25.352388	25.353729	25.353729	25.352390	25.349709	25.345707	25.340389	25.333782	25.325909	25.316795	25.306488	25.295010	25.282419	25.268753	25.254068	25.238419	25.221867	25.204472	25.186302	25.167427	25.147915	25.127844	25.107285	25.086321	25.065027	25.043491	25.021786	
25.021954	25.043821	25.065525	25.086979	25.108107	25.128820	25.149046	25.168709	25.187727	25.206038	25.223564	25.240244	25.256012	25.270809	25.284580	25.297270	25.308832	25.319225	25.328403	25.336338	25.342997	25.348352	25.352390	25.355087	25.356440	25.356438	25.355087	25.352390	25.348351	25.342995	25.336338	25.328403	25.319225	25.308834	25.297272	25.284578	25.270811	25.256014	25.240244	25.223564	25.206039	25.187731	25.168709	25.149048	25.128822	25.108109	25.086981	25.065527	25.043823	25.021954	
25.022038	25.043987	25.065775	25.087311	25.108517	25.129311	25.149616	25.169350	25.188442	25.206821	25.224415	25.241158	25.256987	25.271839	25.285664	25.298401	25.310009	25.320438	25.329655	25.337620	25.344301	25.349678	25.353729	25.356441	25.357796	25.357796	25.356441	25.353729	25.349678	25.344301	25.337616	25.329655	25.320440	25.310011	25.298401	25.285664	25.271841	25.256987	25.241159	25.224419	25.206825	25.188444	25.169352	25.149616	25.129313	25.108521	25.087315	25.065777	25.043991	25.022038	
25.022038	25.043987	25.065775	25.087311	25.108517	25.129311	25.149616	25.169350	25.188442	25.206821	25.224415	25.241158	25.256987	25.271839	25.285664	25.298401	25.310009	25.320438	25.329655	25.337620	25.344301	25.349678	25.353729	25.356441	25.357796	25.357796	25.356441	25.353729	25.349678	25.344301	25.337616	25.329655	25.320440	25.310011	25.298401	25.285664	25.271841	25.256987	25.241159	25.224419	25.206825	25.188444	25.169352	25.149616	25.129313	25.108521	25.087315	25.065777	25.043991	25.022038	
25.021954	25.043821	25.065525	25.086979	25.108107	25.128820	25.149046	25.168709	25.187727	25.206038	25.223564	25.240244	25.256012	25.270809	25.284580	25.297270	25.308832	25.319225	25.328403	25.336338	25.342997	25.348352	25.352390	25.355087	25.356440	25.356438	25.355087	25.352390	25.348351	25.342995	25.336338	25.328403	25.319225	25.308834	25.297272	25.284578	25.270811	25.256014	25.240244	25.223564	25.206039	25.187731	25.168709	25.149048	25.128822	25.108109	25.086981	25.065527	25.043823	25.021954	
25.021786	25.043488	25.065029	25.086319	25.107283	25.127840	25.147911	25.167425	25.186302	25.204472	25.221867	25.238419	25.254066	25.268749	25.282415	25.295010	25.306484	25.316795	25.325909	25.333782	25.340389	25.345707	25.349710	25.352388	25.353729	25.353729	25.352390	25.349709	25.345707	25.340389	25.333782	25.325909	25.316795	25.306488	25.295010	25.282419	25.268753	25.254068	25.238419	25.221867	25.204472	25.186302	25.167427	25.147915	25.127844	25.107285	25.086321	25.065027	25.043491	25.021786	
25.021538	25.042988	25.064281	25.085329	25.106054	25.126377	25.146217	25.165506	25.184168	25.202129	25.219326	25.235687	25.251156	25.265675	25.279182	25.291632	25.302975	25.313168	25.322174	25.329960	25.336493	25.341747	25.345707	25.348354	25.349678	25.349682	25.348354	25.345707	25.341747	25.336493	25.329960	25.322174	25.313171	25.302975	25.291636	25.279184	25.265675	25.251160	25.235687	25.219326	25.202129	25.184170	25.165508	25.146221	25.126377	25.106056	25.085331	25.064285	25.042992	25.021538	
25.021202	25.042332	25.063292	25.084017	25.104424	25.124432	25.143970	25.162964	25.181335	25.199022	25.215952	25.232063	25.247295	25.261589	25.274887	25.287148	25.298315	25.308353	25.317223	25.324884	25.331318	25.336491	25.340389	25.342997	25.344303	25.344303	25.342999	25.340389	25.336493	25.331318	25.324886	25.317223	25.308352	25.298319	25.287148	25.274891	25.261589	25.247295	25.232063	25.215950	25.199022	25.181335	25.162964	25.143972	25.124434	25.104424	25.084019	25.063295	25.042332	25.021206	
25.020796	25.041504	25.062065	25.082386	25.102398	25.122017	25.141176	25.159800	25.177818	25.195156	25.211760	25.227558	25.242493	25.256510	25.269554	25.281570	25.292524	25.302366	25.311064	25.318577	25.324886	25.329960	25.333782	25.336340	25.337620	25.337620	25.336340	25.333784	25.329960	25.324884	25.318579	25.311062	25.302368	25.292522	25.281574	25.269552	25.256514	25.242495	25.227558	25.211758	25.195158	25.177816	25.159801	25.141178	25.122019	25.102398	25.082386	25.062067	25.041508	25.020794	
25.020302	25.040529	25.060600	25.080444	25.099979	25.119141	25.137846	25.156029	25.173620	25.190556	25.206764	25.222189	25.236771	25.250458	25.263193	25.274929	25.285622	25.295235	25.303724	25.311064	25.317219	25.322178	25.325909	25.328405	25.329655	25.329657	25.328405	25.325909	25.322178	25.317221	25.311060	25.303726	25.295233	25.285625	25.274931	25.263195	25.250458	25.236774	25.222189	25.206764	25.190554	25.173622	25.156029	25.137848	25.119141	25.099981	25.080444	25.060600	25.040529	25.020302	
25.019737	25.039394	25.058908	25.078194	25.097187	25.115808	25.133993	25.151665	25.168770	25.185226	25.200985	25.215979	25.230154	25.243458	25.255836	25.267244	25.277641	25.286980	25.295235	25.302366	25.308355	25.313171	25.316797	25.319225	25.320442	25.320440	25.319225	25.316799	25.313171	25.308352	25.302368	25.295235	25.286982	25.277639	25.267246	25.255836	25.243458	25.230156	25.215981	25.200983	25.185228	25.168768	25.151669	25.133991	25.115807	25.097187	25.078196	25.058907	25.039398	25.019735	
25.019093	25.038113	25.056988	25.075649	25.094021	25.112038	25.129629	25.146732	25.163273	25.179199	25.194443	25.208948	25.222662	25.235533	25.247509	25.258545	25.268602	25.277641	25.285622	25.292526	25.298315	25.302979	25.306488	25.308834	25.310011	25.310013	25.308834	25.306488	25.302977	25.298319	25.292522	25.285625	25.277639	25.268604	25.258547	25.247509	25.235531	25.222664	25.208948	25.194443	25.179199	25.163275	25.146730	25.129631	25.112040	25.094021	25.075649	25.056990	25.038113	25.019093	
25.018379	25.036686	25.054855	25.072817	25.090504	25.107841	25.124779	25.141235	25.157162	25.172489	25.187162	25.201126	25.214325	25.226711	25.238241	25.248863	25.258545	25.267244	25.274929	25.281570	25.287149	25.291634	25.295012	25.297274	25.298405	25.298403	25.297276	25.295013	25.291636	25.287148	25.281574	25.274931	25.267248	25.258545	25.248867	25.238241	25.226715	25.214327	25.201126	25.187160	25.172489	25.157162	25.141237	25.124779	25.107843	25.090504	25.072819	25.054855	25.036690	25.018377	
25.017593	25.035118	25.052513	25.069710	25.086639	25.103241	25.119450	25.135210	25.150452	25.165127	25.179173	25.192539	25.205175	25.217037	25.228069	25.238243	25.247505	25.255838	25.263191	25.269554	25.274891	25.279186	25.282421	25.284582	25.285664	25.285667	25.284578	25.282421	25.279182	25.274891	25.269552	25.263197	25.255836	25.247509	25.238243	25.228073	25.217033	25.205179	25.192539	25.179173	25.165127	25.150452	25.135208	25.119450	25.103241	25.086639	25.069710	25.052515	25.035118	25.017593	
25.016743	25.033421	25.049973	25.066336	25.082447	25.098244	25.113672	25.128666	25.143173	25.157137	25.170504	25.183224	25.195251	25.206532	25.217037	25.226713	25.235535	25.243454	25.250462	25.256510	25.261591	25.265676	25.268757	25.270813	25.271845	25.271841	25.270815	25.268753	25.265678	25.261587	25.256514	25.250460	25.243458	25.235531	25.226715	25.217035	25.206535	25.195248	25.183224	25.170502	25.157135	25.143173	25.128666	25.113672	25.098246	25.082447	25.066338	25.049973	25.033421	25.016741	
25.015825	25.031593	25.047241	25.062714	25.077942	25.092876	25.107458	25.121639	25.135349	25.148552	25.161186	25.173214	25.184578	25.195251	25.205177	25.214331	25.222662	25.230158	25.236773	25.242496	25.247295	25.251162	25.254070	25.256016	25.256989	25.256992	25.256016	25.254070	25.251158	25.247297	25.242496	25.236778	25.230156	25.222664	25.214325	25.205177	25.195248	25.184582	25.173210	25.161186	25.148548	25.135349	25.121635	25.107462	25.092880	25.077942	25.062712	25.047243	25.031593	25.015827	
25.014854	25.029648	25.044333	25.058847	25.073143	25.087154	25.100843	25.114143	25.127014	25.139400	25.151260	25.162542	25.173214	25.183220	25.192543	25.201126	25.208952	25.215979	25.222195	25.227560	25.232067	25.235691	25.238424	25.240246	25.241165	25.241161	25.240250	25.238420	25.235691	25.232063	25.227562	25.222193	25.215981	25.208950	25.201128	25.192539	25.183224	25.173210	25.162544	25.151257	25.139400	25.127014	25.114145	25.100842	25.087158	25.073143	25.058849	25.044334	25.029648	25.014851	
25.013821	25.027592	25.041256	25.054764	25.068064	25.081108	25.093840	25.106220	25.118195	25.129723	25.140757	25.151260	25.161186	25.170506	25.179173	25.187166	25.194443	25.200987	25.206766	25.211765	25.215954	25.219330	25.221869	25.223570	25.224419	25.224422	25.223568	25.221870	25.219326	25.215954	25.211761	25.206768	25.200985	25.194443	25.187162	25.179173	25.170502	25.161186	25.151257	25.140757	25.129723	25.118195	25.106218	25.093843	25.081104	25.068066	25.054764	25.041256	25.027590	25.013821	
25.012737	25.025427	25.038021	25.050472	25.062729	25.074747	25.086487	25.097889	25.108929	25.119551	25.129723	25.139400	25.148552	25.157135	25.165127	25.172489	25.179199	25.185228	25.190557	25.195160	25.199024	25.202133	25.204477	25.206039	25.206827	25.206825	25.206043	25.204473	25.202133	25.199020	25.195160	25.190556	25.185230	25.179199	25.172489	25.165125	25.157135	25.148548	25.139400	25.129719	25.119555	25.108927	25.097893	25.086483	25.074749	25.062729	25.050470	25.038019	25.025427	25.012737	
25.011604	25.023167	25.034643	25.045986	25.057156	25.068108	25.078798	25.089195	25.099247	25.108929	25.118195	25.127014	25.135349	25.143175	25.150452	25.157166	25.163275	25.168770	25.173622	25.177820	25.181339	25.184174	25.186304	25.187735	25.188446	25.188450	25.187733	25.186306	25.184170	25.181339	25.177816	25.173624	25.168770	25.163277	25.157162	25.150452	25.143171	25.135349	25.127010	25.118195	25.108929	25.099249	25.089191	25.078800	25.068104	25.057156	25.045984	25.034641	25.023167	25.011606	
25.010429	25.020821	25.031132	25.041327	25.051365	25.061207	25.070816	25.080156	25.089195	25.097893	25.106220	25.114143	25.121637	25.128666	25.135212	25.141237	25.146732	25.151669	25.156033	25.159801	25.162966	25.165510	25.167431	25.168713	25.169353	25.169352	25.168713	25.167427	25.165512	25.162964	25.159801	25.156033	25.151670	25.146732	25.141239	25.135208	25.128666	25.121635	25.114145	25.106218	25.097891	25.089193	25.080158	25.070816	25.061205	25.051363	25.041328	25.031132	25.020821	25.010429	
25.009216	25.018394	25.027504	25.036510	25.045378	25.054073	25.062561	25.070816	25.078798	25.086487	25.093842	25.100843	25.107458	25.113674	25.119450	25.124783	25.129631	25.133995	25.137848	25.141180	25.143972	25.146225	25.147917	25.149052	25.149616	25.149620	25.149048	25.147917	25.146223	25.143974	25.141176	25.137848	25.133995	25.129635	25.124779	25.119453	25.113670	25.107460	25.100842	25.093840	25.086483	25.078800	25.070816	25.062563	25.054073	25.045380	25.036510	25.027504	25.018393	25.009216	
25.007965	25.015900	25.023773	25.031555	25.039219	25.046736	25.054073	25.061203	25.068108	25.074747	25.081108	25.087156	25.092878	25.098244	25.103245	25.107843	25.112041	25.115810	25.119143	25.122019	25.124435	25.126377	25.127844	25.128822	25.129314	25.129313	25.128822	25.127842	25.126379	25.124435	25.122021	25.119141	25.115810	25.112041	25.107845	25.103241	25.098248	25.092876	25.087156	25.081104	25.074749	25.068108	25.061205	25.054071	25.046734	25.039219	25.031555	25.023773	25.015896	25.007963	
25.006683	25.013344	25.019951	25.026482	25.032913	25.039219	25.045378	25.051365	25.057156	25.062729	25.068064	25.073143	25.077942	25.082449	25.086637	25.090508	25.094025	25.097189	25.099983	25.102402	25.104427	25.106058	25.107286	25.108109	25.108521	25.108519	25.108107	25.107286	25.106056	25.104425	25.102398	25.099981	25.097187	25.094025	25.090504	25.086639	25.082445	25.077942	25.073141	25.068066	25.062729	25.057154	25.051363	25.045380	25.039219	25.032913	25.026482	25.019947	25.013340	25.006683	
25.005379	25.010735	25.016050	25.021309	25.026482	25.031555	25.036510	25.041327	25.045986	25.050472	25.054764	25.058849	25.062714	25.066336	25.069712	25.072819	25.075653	25.078197	25.080448	25.082390	25.084023	25.085333	25.086323	25.086983	25.087315	25.087315	25.086983	25.086321	25.085331	25.084021	25.082388	25.080444	25.078194	25.075649	25.072819	25.069708	25.066336	25.062710	25.058849	25.054764	25.050470	25.045984	25.041327	25.036510	25.031555	25.026482	25.021307	25.016052	25.010735	25.005377	
25.004051	25.008087	25.012093	25.016052	25.019951	25.023773	25.027504	25.031132	25.034643	25.038021	25.041256	25.044334	25.047245	25.049973	25.052513	25.054859	25.056992	25.058910	25.060600	25.062069	25.063295	25.064285	25.065029	25.065529	25.065777	25.065777	25.065529	25.065029	25.064285	25.063293	25.062065	25.060602	25.058908	25.056992	25.054855	25.052513	25.049973	25.047241	25.044334	25.041256	25.038019	25.034641	25.031132	25.027504	25.023771	25.019949	25.016052	25.012093	25.008087	25.004051	
25.002708	25.005409	25.008087	25.010735	25.013344	25.015900	25.018394	25.020821	25.023167	25.025427	25.027592	25.029652	25.031595	25.033421	25.035122	25.036690	25.038116	25.039398	25.040531	25.041508	25.042334	25.042992	25.043491	25.043823	25.043991	25.043991	25.043823	25.043491	25.042992	25.042332	25.041508	25.040531	25.039396	25.038113	25.036686	25.035122	25.033421	25.031597	25.029652	25.027590	25.025429	25.023167	25.020821	25.018394	25.015898	25.013340	25.010735	25.008087	25.005409	25.002708	
25.001358	25.002708	25.004051	25.005379	25.006683	25.007963	25.009216	25.010429	25.011604	25.012737	25.013821	25.014851	25.015829	25.016743	25.017593	25.018379	25.019094	25.019737	25.020302	25.020796	25.021206	25.021538	25.021786	25.021954	25.022038	25.022038	25.021954	25.021786	25.021538	25.021206	25.020794	25.020304	25.019735	25.019093	25.018379	25.017593	25.016743	25.015827	25.014853	25.013823	25.012737	25.011604	25.010429	25.009214	25.007965	25.006683	25.005379	25.004051	25.002708	25.001358	
