25.000587	25.001175	25.001759	25.002331	25.002899	25.003454	25.003998	25.004524	25.005035	25.005527	25.005995	25.006443	25.006866	25.007261	25.007631	25.007973	25.008282	25.008560	25.008808	25.009018	25.009199	25.009340	25.009449	25.009521	25.009558	25.009556	25.009521	25.009451	25.009342	25.009197	25.009018	25.008806	25.008560	25.008282	25.007971	25.007629	25.007263	25.006865	25.006441	25.005997	25.005524	25.005035	25.004524	25.003998	25.003454	25.002899	25.002331	25.001759	25.001173	25.000589	
25.001175	25.002346	25.003510	25.004658	25.005787	25.006897	25.007978	25.009031	25.010048	25.011028	25.011969	25.012859	25.013702	25.014496	25.015232	25.015913	25.016531	25.017090	25.017578	25.018005	25.018360	25.018648	25.018860	25.019009	25.019081	25.019081	25.019009	25.018864	25.018648	25.018360	25.018005	25.017578	25.017088	25.016533	25.015911	25.015232	25.014496	25.013702	25.012859	25.011967	25.011028	25.010048	25.009031	25.007980	25.006897	25.005787	25.004656	25.003508	25.002346	25.001175	
25.001755	25.003508	25.005245	25.006962	25.008654	25.010311	25.011929	25.013502	25.015026	25.016491	25.017893	25.019230	25.020493	25.021675	25.022778	25.023792	25.024719	25.025551	25.026287	25.026918	25.027456	25.027882	25.028206	25.028419	25.028530	25.028528	25.028423	25.028206	25.027884	25.027452	25.026920	25.026287	25.025549	25.024719	25.023792	25.022778	25.021675	25.020491	25.019230	25.017895	25.016491	25.015026	25.013504	25.011932	25.010311	25.008652	25.006962	25.005245	25.003506	25.001759	
25.002335	25.004658	25.006962	25.009243	25.011490	25.013687	25.015835	25.017923	25.019943	25.021893	25.023750	25.025526	25.027199	25.028772	25.030235	25.031584	25.032810	25.033916	25.034889	25.035736	25.036442	25.037014	25.037437	25.037727	25.037870	25.037868	25.037727	25.037441	25.037010	25.036444	25.035734	25.034891	25.033916	25.032810	25.031582	25.030235	25.028770	25.027201	25.025524	25.023754	25.021893	25.019943	25.017925	25.015835	25.013687	25.011486	25.009243	25.006962	25.004654	25.002331	
25.002899	25.005787	25.008656	25.011488	25.014277	25.017014	25.019684	25.022278	25.024790	25.027206	25.029522	25.031723	25.033806	25.035761	25.037580	25.039253	25.040783	25.042152	25.043365	25.044415	25.045294	25.045998	25.046535	25.046888	25.047068	25.047070	25.046890	25.046534	25.046001	25.045292	25.044415	25.043365	25.042152	25.040781	25.039253	25.037579	25.035759	25.033806	25.031725	25.029520	25.027206	25.024792	25.022278	25.019684	25.017010	25.014275	25.011486	25.008652	25.005787	25.002899	
25.003456	25.006897	25.010311	25.013689	25.017014	25.020271	25.023453	25.026546	25.029539	25.032421	25.035177	25.037804	25.040283	25.042614	25.044777	25.046778	25.048595	25.050232	25.051676	25.052925	25.053970	25.054817	25.055449	25.055878	25.056087	25.056087	25.055874	25.055450	25.054813	25.053972	25.052923	25.051674	25.050232	25.048595	25.046776	25.044779	25.042612	25.040283	25.037804	25.035179	25.032419	25.029539	25.026546	25.023453	25.020271	25.017010	25.013687	25.010311	25.006897	25.003454	
25.003998	25.007980	25.011932	25.015837	25.019684	25.023457	25.027138	25.030714	25.034178	25.037510	25.040703	25.043736	25.046610	25.049301	25.051811	25.054119	25.056225	25.058117	25.059792	25.061234	25.062449	25.063421	25.064159	25.064648	25.064894	25.064892	25.064648	25.064156	25.063419	25.062445	25.061234	25.059788	25.058117	25.056225	25.054119	25.051807	25.049305	25.046610	25.043737	25.040701	25.037510	25.034180	25.030716	25.027138	25.023455	25.019684	25.015837	25.011930	25.007978	25.003998	
25.004524	25.009033	25.013506	25.017927	25.022280	25.026546	25.030716	25.034767	25.038685	25.042459	25.046068	25.049509	25.052757	25.055809	25.058643	25.061260	25.063641	25.065784	25.067677	25.069313	25.070683	25.071789	25.072618	25.073177	25.073452	25.073456	25.073174	25.072618	25.071787	25.070683	25.069309	25.067677	25.065784	25.063641	25.061258	25.058645	25.055805	25.052757	25.049507	25.046070	25.042458	25.038685	25.034767	25.030716	25.026548	25.022278	25.017925	25.013504	25.009031	25.004524	
25.005035	25.010052	25.015026	25.019947	25.024790	25.029541	25.034180	25.038687	25.043049	25.047245	25.051266	25.055088	25.058706	25.062099	25.065258	25.068165	25.070818	25.073200	25.075306	25.077126	25.078653	25.079880	25.080809	25.081425	25.081738	25.081736	25.081425	25.080807	25.079880	25.078651	25.077124	25.075304	25.073200	25.070816	25.068165	25.065256	25.062098	25.058704	25.055090	25.051266	25.047245	25.043049	25.038685	25.034180	25.029541	25.024790	25.019945	25.015026	25.010050	25.005035	
25.005524	25.011028	25.016493	25.021891	25.027210	25.032421	25.037512	25.042458	25.047245	25.051855	25.056265	25.060463	25.064430	25.068157	25.071621	25.074816	25.077724	25.080341	25.082649	25.084648	25.086323	25.087673	25.088688	25.089367	25.089705	25.089706	25.089365	25.088688	25.087671	25.086323	25.084648	25.082649	25.080339	25.077724	25.074814	25.071621	25.068153	25.064430	25.060463	25.056267	25.051853	25.047247	25.042461	25.037514	25.032421	25.027208	25.021891	25.016491	25.011028	25.005527	
25.005997	25.011969	25.017893	25.023754	25.029522	25.035179	25.040703	25.046070	25.051266	25.056267	25.061050	25.065607	25.069912	25.073956	25.077713	25.081179	25.084335	25.087173	25.089684	25.091846	25.093668	25.095129	25.096233	25.096966	25.097340	25.097336	25.096970	25.096230	25.095131	25.093666	25.091848	25.089682	25.087175	25.084335	25.081179	25.077713	25.073952	25.069912	25.065605	25.061052	25.056267	25.051266	25.046072	25.040703	25.035179	25.029522	25.023754	25.017895	25.011971	25.005995	
25.006445	25.012859	25.019230	25.025524	25.031727	25.037804	25.043737	25.049507	25.055088	25.060463	25.065605	25.070499	25.075130	25.079472	25.083511	25.087233	25.090630	25.093678	25.096375	25.098701	25.100655	25.102228	25.103409	25.104202	25.104599	25.104599	25.104202	25.103413	25.102226	25.100655	25.098701	25.096375	25.093681	25.090630	25.087236	25.083511	25.079470	25.075127	25.070503	25.065607	25.060463	25.055092	25.049509	25.043739	25.037804	25.031725	25.025524	25.019230	25.012861	25.006443	
25.006866	25.013706	25.020491	25.027203	25.033806	25.040285	25.046608	25.052757	25.058706	25.064430	25.069912	25.075130	25.080059	25.084688	25.088993	25.092960	25.096575	25.099827	25.102697	25.105179	25.107262	25.108936	25.110199	25.111042	25.111465	25.111464	25.111042	25.110199	25.108936	25.107260	25.105179	25.102699	25.099827	25.096577	25.092960	25.088993	25.084684	25.080059	25.075127	25.069912	25.064434	25.058706	25.052759	25.046612	25.040283	25.033806	25.027201	25.020493	25.013706	25.006866	
25.007263	25.014496	25.021675	25.028772	25.035761	25.042610	25.049301	25.055807	25.062098	25.068157	25.073952	25.079472	25.084686	25.089581	25.094135	25.098333	25.102160	25.105595	25.108635	25.111258	25.113461	25.115234	25.116568	25.117460	25.117908	25.117908	25.117458	25.116566	25.115231	25.113461	25.111258	25.108633	25.105598	25.102161	25.098333	25.094135	25.089581	25.084684	25.079472	25.073952	25.068155	25.062101	25.055807	25.049303	25.042614	25.035759	25.028774	25.021677	25.014498	25.007263	
25.007633	25.015232	25.022778	25.030235	25.037579	25.044781	25.051809	25.058643	25.065258	25.071621	25.077715	25.083511	25.088993	25.094135	25.098923	25.103333	25.107353	25.110966	25.114155	25.116915	25.119230	25.121090	25.122496	25.123432	25.123903	25.123901	25.123432	25.122494	25.121092	25.119228	25.116915	25.114157	25.110966	25.107353	25.103333	25.098923	25.094135	25.088991	25.083509	25.077713	25.071621	25.065256	25.058643	25.051811	25.044779	25.037580	25.030235	25.022778	25.015236	25.007633	
25.007973	25.015911	25.023792	25.031584	25.039253	25.046774	25.054119	25.061260	25.068165	25.074816	25.081179	25.087236	25.092960	25.098333	25.103334	25.107941	25.112141	25.115913	25.119247	25.122128	25.124546	25.126492	25.127956	25.128939	25.129425	25.129429	25.128937	25.127956	25.126492	25.124546	25.122128	25.119247	25.115913	25.112141	25.107941	25.103333	25.098335	25.092960	25.087234	25.081177	25.074816	25.068165	25.061260	25.054121	25.046778	25.039253	25.031586	25.023794	25.015913	25.007973	
25.008282	25.016531	25.024719	25.032814	25.040783	25.048595	25.056225	25.063641	25.070818	25.077723	25.084339	25.090626	25.096577	25.102158	25.107353	25.112139	25.116501	25.120422	25.123886	25.126877	25.129389	25.131411	25.132935	25.133949	25.134464	25.134462	25.133951	25.132935	25.131413	25.129391	25.126879	25.123884	25.120422	25.116501	25.112141	25.107353	25.102158	25.096575	25.090628	25.084335	25.077724	25.070820	25.063641	25.056227	25.048595	25.040783	25.032812	25.024719	25.016533	25.008282	
25.008560	25.017090	25.025551	25.033916	25.042152	25.050230	25.058119	25.065781	25.073200	25.080341	25.087173	25.093678	25.099825	25.105597	25.110962	25.115913	25.120422	25.124474	25.128052	25.131145	25.133743	25.135830	25.137405	25.138458	25.138985	25.138985	25.138458	25.137407	25.135832	25.133743	25.131145	25.128052	25.124474	25.120422	25.115913	25.110964	25.105595	25.099827	25.093678	25.087173	25.080339	25.073200	25.065783	25.058117	25.050232	25.042154	25.033916	25.025551	25.017090	25.008560	
25.008808	25.017578	25.026287	25.034891	25.043365	25.051674	25.059788	25.067675	25.075306	25.082649	25.089682	25.096371	25.102697	25.108631	25.114155	25.119244	25.123882	25.128052	25.131737	25.134916	25.137589	25.139738	25.141357	25.142441	25.142984	25.142982	25.142441	25.141359	25.139740	25.137589	25.134918	25.131735	25.128052	25.123886	25.119246	25.114155	25.108631	25.102695	25.096371	25.089680	25.082649	25.075306	25.067673	25.059788	25.051676	25.043365	25.034893	25.026287	25.017578	25.008808	
25.009018	25.018005	25.026920	25.035734	25.044413	25.052923	25.061234	25.069309	25.077126	25.084648	25.091846	25.098701	25.105175	25.111258	25.116913	25.122128	25.126877	25.131145	25.134918	25.138178	25.140911	25.143116	25.144772	25.145882	25.146439	25.146437	25.145882	25.144773	25.143114	25.140915	25.138180	25.134918	25.131145	25.126877	25.122126	25.116913	25.111256	25.105177	25.098701	25.091846	25.084648	25.077122	25.069309	25.061234	25.052925	25.044415	25.035734	25.026920	25.018005	25.009020	
25.009197	25.018358	25.027454	25.036442	25.045292	25.053970	25.062445	25.070683	25.078651	25.086323	25.093666	25.100651	25.107262	25.113459	25.119226	25.124546	25.129389	25.133741	25.137589	25.140911	25.143703	25.145947	25.147640	25.148769	25.149336	25.149334	25.148769	25.147636	25.145950	25.143703	25.140915	25.137589	25.133743	25.129391	25.124544	25.119228	25.113459	25.107262	25.100655	25.093666	25.086323	25.078651	25.070681	25.062447	25.053972	25.045292	25.036442	25.027452	25.018360	25.009197	
25.009342	25.018646	25.027882	25.037012	25.046000	25.054813	25.063421	25.071787	25.079880	25.087669	25.095127	25.102226	25.108932	25.115231	25.121090	25.126490	25.131409	25.135830	25.139736	25.143114	25.145947	25.148228	25.149944	25.151093	25.151669	25.151669	25.151089	25.149944	25.148228	25.145948	25.143112	25.139740	25.135832	25.131411	25.126492	25.121090	25.115232	25.108932	25.102226	25.095129	25.087671	25.079880	25.071785	25.063419	25.054813	25.046001	25.037010	25.027884	25.018648	25.009342	
25.009447	25.018862	25.028206	25.037441	25.046532	25.055449	25.064156	25.072617	25.080807	25.088686	25.096231	25.103409	25.110199	25.116566	25.122492	25.127956	25.132931	25.137403	25.141357	25.144772	25.147638	25.149944	25.151680	25.152843	25.153425	25.153425	25.152843	25.151680	25.149944	25.147636	25.144772	25.141357	25.137405	25.132931	25.127956	25.122494	25.116566	25.110199	25.103411	25.096230	25.088688	25.080807	25.072618	25.064156	25.055450	25.046532	25.037441	25.028204	25.018864	25.009449	
25.009521	25.019005	25.028419	25.037727	25.046890	25.055874	25.064646	25.073175	25.081425	25.089367	25.096966	25.104202	25.111042	25.117458	25.123432	25.128933	25.133949	25.138458	25.142439	25.145882	25.148769	25.151093	25.152842	25.154013	25.154602	25.154602	25.154013	25.152843	25.151093	25.148767	25.145880	25.142441	25.138456	25.133949	25.128933	25.123432	25.117458	25.111042	25.104202	25.096970	25.089367	25.081425	25.073177	25.064648	25.055874	25.046890	25.037725	25.028421	25.019009	25.009521	
25.009556	25.019077	25.028528	25.037870	25.047070	25.056087	25.064894	25.073456	25.081738	25.089706	25.097336	25.104599	25.111465	25.117907	25.123901	25.129425	25.134460	25.138985	25.142982	25.146437	25.149334	25.151667	25.153423	25.154598	25.155190	25.155190	25.154602	25.153423	25.151667	25.149334	25.146435	25.142982	25.138985	25.134460	25.129427	25.123901	25.117905	25.111464	25.104599	25.097338	25.089706	25.081736	25.073454	25.064896	25.056087	25.047068	25.037868	25.028530	25.019079	25.009558	
25.009556	25.019077	25.028528	25.037870	25.047070	25.056087	25.064894	25.073456	25.081738	25.089706	25.097336	25.104599	25.111465	25.117907	25.123901	25.129425	25.134460	25.138985	25.142982	25.146437	25.149334	25.151667	25.153423	25.154598	25.155190	25.155190	25.154602	25.153423	25.151667	25.149334	25.146435	25.142982	25.138985	25.134460	25.129427	25.123901	25.117905	25.111464	25.104599	25.097338	25.089706	25.081736	25.073454	25.064896	25.056087	25.047068	25.037868	25.028530	25.019079	25.009558	
25.009521	25.019005	25.028419	25.037727	25.046890	25.055874	25.064646	25.073175	25.081425	25.089367	25.096966	25.104202	25.111042	25.117458	25.123432	25.128933	25.133949	25.138458	25.142439	25.145882	25.148769	25.151093	25.152842	25.154013	25.154602	25.154602	25.154013	25.152843	25.151093	25.148767	25.145880	25.142441	25.138456	25.133949	25.128933	25.123432	25.117458	25.111042	25.104202	25.096970	25.089367	25.081425	25.073177	25.064648	25.055874	25.046890	25.037725	25.028421	25.019009	25.009521	
25.009447	25.018862	25.028206	25.037441	25.046532	25.055449	25.064156	25.072617	25.080807	25.088686	25.096231	25.103409	25.110199	25.116566	25.122492	25.127956	25.132931	25.137403	25.141357	25.144772	25.147638	25.149944	25.151680	25.152843	25.153425	25.153425	25.152843	25.151680	25.149944	25.147636	25.144772	25.141357	25.137405	25.132931	25.127956	25.122494	25.116566	25.110199	25.103411	25.096230	25.088688	25.080807	25.072618	25.064156	25.055450	25.046532	25.037441	25.028204	25.018864	25.009449	
25.009342	25.018646	25.027882	25.037012	25.046000	25.054813	25.063421	25.071787	25.079880	25.087669	25.095127	25.102226	25.108932	25.115231	25.121090	25.126490	25.131409	25.135830	25.139736	25.143114	25.145947	25.148228	25.149944	25.151093	25.151669	25.151669	25.151089	25.149944	25.148228	25.145948	25.143112	25.139740	25.135832	25.131411	25.126492	25.121090	25.115232	25.108932	25.102226	25.095129	25.087671	25.079880	25.071785	25.063419	25.054813	25.046001	25.037010	25.027884	25.018648	25.009342	
25.009197	25.018358	25.027454	25.036442	25.045292	25.053970	25.062445	25.070683	25.078651	25.086323	25.093666	25.100651	25.107262	25.113459	25.119226	25.124546	25.129389	25.133741	25.137589	25.140911	25.143703	25.145947	25.147640	25.148769	25.149336	25.149334	25.148769	25.147636	25.145950	25.143703	25.140915	25.137589	25.133743	25.129391	25.124544	25.119228	25.113459	25.107262	25.100655	25.093666	25.086323	25.078651	25.070681	25.062447	25.053972	25.045292	25.036442	25.027452	25.018360	25.009197	
25.009018	25.018005	25.026920	25.035734	25.044413	25.052923	25.061234	25.069309	25.077126	25.084648	25.091846	25.098701	25.105175	25.111258	25.116913	25.122128	25.126877	25.131145	25.134918	25.138178	25.140911	25.143116	25.144772	25.145882	25.146439	25.146437	25.145882	25.144773	25.143114	25.140915	25.138180	25.134918	25.131145	25.126877	25.122126	25.116913	25.111256	25.105177	25.098701	25.091846	25.084648	25.077122	25.069309	25.061234	25.052925	25.044415	25.035734	25.026920	25.018005	25.009020	
25.008808	25.017578	25.026287	25.034891	25.043365	25.051674	25.059788	25.067675	25.075306	25.082649	25.089682	25.096371	25.102697	25.108631	25.114155	25.119244	25.123882	25.128052	25.131737	25.134916	25.137589	25.139738	25.141357	25.142441	25.142984	25.142982	25.142441	25.141359	25.139740	25.137589	25.134918	25.131735	25.128052	25.123886	25.119246	25.114155	25.108631	25.102695	25.096371	25.089680	25.082649	25.075306	25.067673	25.059788	25.051676	25.043365	25.034893	25.026287	25.017578	25.008808	
25.008560	25.017090	25.025551	25.033916	25.042152	25.050230	25.058119	25.065781	25.073200	25.080341	25.087173	25.093678	25.099825	25.105597	25.110962	25.115913	25.120422	25.124474	25.128052	25.131145	25.133743	25.135830	25.137405	25.138458	25.138985	25.138985	25.138458	25.137407	25.135832	25.133743	25.131145	25.128052	25.124474	25.120422	25.115913	25.110964	25.105595	25.099827	25.093678	25.087173	25.080339	25.073200	25.065783	25.058117	25.050232	25.042154	25.033916	25.025551	25.017090	25.008560	
25.008282	25.016531	25.024719	25.032814	25.040783	25.048595	25.056225	25.063641	25.070818	25.077723	25.084339	25.090626	25.096577	25.102158	25.107353	25.112139	25.116501	25.120422	25.123886	25.126877	25.129389	25.131411	25.132935	25.133949	25.134464	25.134462	25.133951	25.132935	25.131413	25.129391	25.126879	25.123884	25.120422	25.116501	25.112141	25.107353	25.102158	25.096575	25.090628	25.084335	25.077724	25.070820	25.063641	25.056227	25.048595	25.040783	25.032812	25.024719	25.016533	25.008282	
25.007973	25.015911	25.023792	25.031584	25.039253	25.046774	25.054119	25.061260	25.068165	25.074816	25.081179	25.087236	25.092960	25.098333	25.103334	25.107941	25.112141	25.115913	25.119247	25.122128	25.124546	25.126492	25.127956	25.128939	25.129425	25.129429	25.128937	25.127956	25.126492	25.124546	25.122128	25.119247	25.115913	25.112141	25.107941	25.103333	25.098335	25.092960	25.087234	25.081177	25.074816	25.068165	25.061260	25.054121	25.046778	25.039253	25.031586	25.023794	25.015913	25.007973	
25.007633	25.015232	25.022778	25.030235	25.037579	25.044781	25.051809	25.058643	25.065258	25.071621	25.077715	25.083511	25.088993	25.094135	25.098923	25.103333	25.107353	25.110966	25.114155	25.116915	25.119230	25.121090	25.122496	25.123432	25.123903	25.123901	25.123432	25.122494	25.121092	25.119228	25.116915	25.114157	25.110966	25.107353	25.103333	25.098923	25.094135	25.088991	25.083509	25.077713	25.071621	25.065256	25.058643	25.051811	25.044779	25.037580	25.030235	25.022778	25.015236	25.007633	
25.007263	25.014496	25.021675	25.028772	25.035761	25.042610	25.049301	25.055807	25.062098	25.068157	25.073952	25.079472	25.084686	25.089581	25.094135	25.098333	25.102160	25.105595	25.108635	25.111258	25.113461	25.115234	25.116568	25.117460	25.117908	25.117908	25.117458	25.116566	25.115231	25.113461	25.111258	25.108633	25.105598	25.102161	25.098333	25.094135	25.089581	25.084684	25.079472	25.073952	25.068155	25.062101	25.055807	25.049303	25.042614	25.035759	25.028774	25.021677	25.014498	25.007263	
25.006866	25.013706	25.020491	25.027203	25.033806	25.040285	25.046608	25.052757	25.058706	25.064430	25.069912	25.075130	25.080059	25.084688	25.088993	25.092960	25.096575	25.099827	25.102697	25.105179	25.107262	25.108936	25.110199	25.111042	25.111465	25.111464	25.111042	25.110199	25.108936	25.107260	25.105179	25.102699	25.099827	25.096577	25.092960	25.088993	25.084684	25.080059	25.075127	25.069912	25.064434	25.058706	25.052759	25.046612	25.040283	25.033806	25.027201	25.020493	25.013706	25.006866	
25.006445	25.012859	25.019230	25.025524	25.031727	25.037804	25.043737	25.049507	25.055088	25.060463	25.065605	25.070499	25.075130	25.079472	25.083511	25.087233	25.090630	25.093678	25.096375	25.098701	25.100655	25.102228	25.103409	25.104202	25.104599	25.104599	25.104202	25.103413	25.102226	25.100655	25.098701	25.096375	25.093681	25.090630	25.087236	25.083511	25.079470	25.075127	25.070503	25.065607	25.060463	25.055092	25.049509	25.043739	25.037804	25.031725	25.025524	25.019230	25.012861	25.006443	
25.005997	25.011969	25.017893	25.023754	25.029522	25.035179	25.040703	25.046070	25.051266	25.056267	25.061050	25.065607	25.069912	25.073956	25.077713	25.081179	25.084335	25.087173	25.089684	25.091846	25.093668	25.095129	25.096233	25.096966	25.097340	25.097336	25.096970	25.096230	25.095131	25.093666	25.091848	25.089682	25.087175	25.084335	25.081179	25.077713	25.073952	25.069912	25.065605	25.061052	25.056267	25.051266	25.046072	25.040703	25.035179	25.029522	25.023754	25.017895	25.011971	25.005995	
25.005524	25.011028	25.016493	25.021891	25.027210	25.032421	25.037512	25.042458	25.047245	25.051855	25.056265	25.060463	25.064430	25.068157	25.071621	25.074816	25.077724	25.080341	25.082649	25.084648	25.086323	25.087673	25.088688	25.089367	25.089705	25.089706	25.089365	25.088688	25.087671	25.086323	25.084648	25.082649	25.080339	25.077724	25.074814	25.071621	25.068153	25.064430	25.060463	25.056267	25.051853	25.047247	25.042461	25.037514	25.032421	25.027208	25.021891	25.016491	25.011028	25.005527	
25.005035	25.010052	25.015026	25.019947	25.024790	25.029541	25.034180	25.038687	25.043049	25.047245	25.051266	25.055088	25.058706	25.062099	25.065258	25.068165	25.070818	25.073200	25.075306	25.077126	25.078653	25.079880	25.080809	25.081425	25.081738	25.081736	25.081425	25.080807	25.079880	25.078651	25.077124	25.075304	25.073200	25.070816	25.068165	25.065256	25.062098	25.058704	25.055090	25.051266	25.047245	25.043049	25.038685	25.034180	25.029541	25.024790	25.019945	25.015026	25.010050	25.005035	
25.004524	25.009033	25.013506	25.017927	25.022280	25.026546	25.030716	25.034767	25.038685	25.042459	25.046068	25.049509	25.052757	25.055809	25.058643	25.061260	25.063641	25.065784	25.067677	25.069313	25.070683	25.071789	25.072618	25.073177	25.073452	25.073456	25.073174	25.072618	25.071787	25.070683	25.069309	25.067677	25.065784	25.063641	25.061258	25.058645	25.055805	25.052757	25.049507	25.046070	25.042458	25.038685	25.034767	25.030716	25.026548	25.022278	25.017925	25.013504	25.009031	25.004524	
25.003998	25.007980	25.011932	25.015837	25.019684	25.023457	25.027138	25.030714	25.034178	25.037510	25.040703	25.043736	25.046610	25.049301	25.051811	25.054119	25.056225	25.058117	25.059792	25.061234	25.062449	25.063421	25.064159	25.064648	25.064894	25.064892	25.064648	25.064156	25.063419	25.062445	25.061234	25.059788	25.058117	25.056225	25.054119	25.051807	25.049305	25.046610	25.043737	25.040701	25.037510	25.034180	25.030716	25.027138	25.023455	25.019684	25.015837	25.011930	25.007978	25.003998	
25.003456	25.006897	25.010311	25.013689	25.017014	25.020271	25.023453	25.026546	25.029539	25.032421	25.035177	25.037804	25.040283	25.042614	25.044777	25.046778	25.048595	25.050232	25.051676	25.052925	25.053970	25.054817	25.055449	25.055878	25.056087	25.056087	25.055874	25.055450	25.054813	25.053972	25.052923	25.051674	25.050232	25.048595	25.046776	25.044779	25.042612	25.040283	25.037804	25.035179	25.032419	25.029539	25.026546	25.023453	25.020271	25.017010	25.013687	25.010311	25.006897	25.003454	
25.002899	25.005787	25.008656	25.011488	25.014277	25.017014	25.019684	25.022278	25.024790	25.027206	25.029522	25.031723	25.033806	25.035761	25.037580	25.039253	25.040783	25.042152	25.043365	25.044415	25.045294	25.045998	25.046535	25.046888	25.047068	25.047070	25.046890	25.046534	25.046001	25.045292	25.044415	25.043365	25.042152	25.040781	25.039253	25.037579	25.035759	25.033806	25.031725	25.029520	25.027206	25.024792	25.022278	25.019684	25.017010	25.014275	25.011486	25.008652	25.005787	25.002899	
25.002335	25.004658	25.006962	25.009243	25.011490	25.013687	25.015835	25.017923	25.019943	25.021893	25.023750	25.025526	25.027199	25.028772	25.030235	25.031584	25.032810	25.033916	25.034889	25.035736	25.036442	25.037014	25.037437	25.037727	25.037870	25.037868	25.037727	25.037441	25.037010	25.036444	25.035734	25.034891	25.033916	25.032810	25.031582	25.030235	25.028770	25.027201	25.025524	25.023754	25.021893	25.019943	25.017925	25.015835	25.013687	25.011486	25.009243	25.006962	25.004654	25.002331	
25.001755	25.003508	25.005245	25.006962	25.008654	25.010311	25.011929	25.013502	25.015026	25.016491	25.017893	25.019230	25.020493	25.021675	25.022778	25.023792	25.024719	25.025551	25.026287	25.026918	25.027456	25.027882	25.028206	25.028419	25.028530	25.028528	25.028423	25.028206	25.027884	25.027452	25.026920	25.026287	25.025549	25.024719	25.023792	25.022778	25.021675	25.020491	25.019230	25.017895	25.016491	25.015026	25.013504	25.011932	25.010311	25.008652	25.006962	25.005245	25.003506	25.001759	
25.001175	25.002346	25.003510	25.004658	25.005787	25.006897	25.007978	25.009031	25.010048	25.011028	25.011969	25.012859	25.013702	25.014496	25.015232	25.015913	25.016531	25.017090	25.017578	25.018005	25.018360	25.018648	25.018860	25.019009	25.019081	25.019081	25.019009	25.018864	25.018648	25.018360	25.018005	25.017578	25.017088	25.016533	25.015911	25.015232	25.014496	25.013702	25.012859	25.011967	25.011028	25.010048	25.009031	25.007980	25.006897	25.005787	25.004656	25.003508	25.002346	25.001175	
25.000587	25.001175	25.001759	25.002331	25.002899	25.003454	25.003998	25.004524	25.005035	25.005527	25.005995	25.006443	25.006866	25.007261	25.007631	25.007973	25.008282	25.008560	25.008808	25.009018	25.009199	25.009340	25.009449	25.009521	25.009558	25.009556	25.009521	25.009451	25.009342	25.009197	25.009018	25.008806	25.008560	25.008282	25.007971	25.007629	25.007263	25.006865	25.006441	25.005997	25.005524	25.005035	25.004524	25.003998	25.003454	25.002899	25.002331	25.001759	25.001173	25.000589	
