25.000273	25.000542	25.000813	25.001078	25.001339	25.001595	25.001846	25.002090	25.002325	25.002552	25.002769	25.002975	25.003170	25.003353	25.003525	25.003681	25.003824	25.003952	25.004066	25.004166	25.004246	25.004314	25.004364	25.004398	25.004414	25.004414	25.004396	25.004364	25.004314	25.004248	25.004166	25.004066	25.003952	25.003826	25.003681	25.003525	25.003353	25.003170	25.002975	25.002768	25.002550	25.002323	25.002089	25.001846	25.001595	25.001339	25.001076	25.000811	25.000544	25.000271	
25.000542	25.001085	25.001621	25.002150	25.002670	25.003185	25.003685	25.004173	25.004642	25.005093	25.005527	25.005939	25.006329	25.006695	25.007034	25.007347	25.007633	25.007889	25.008118	25.008316	25.008480	25.008610	25.008709	25.008778	25.008810	25.008808	25.008778	25.008711	25.008610	25.008480	25.008314	25.008118	25.007889	25.007633	25.007349	25.007034	25.006695	25.006329	25.005939	25.005524	25.005093	25.004639	25.004169	25.003685	25.003185	25.002672	25.002151	25.001621	25.001081	25.000542	
25.000813	25.001619	25.002422	25.003216	25.003994	25.004761	25.005508	25.006237	25.006939	25.007614	25.008265	25.008883	25.009462	25.010010	25.010517	25.010988	25.011414	25.011799	25.012138	25.012432	25.012676	25.012875	25.013021	25.013123	25.013172	25.013172	25.013123	25.013025	25.012877	25.012676	25.012432	25.012138	25.011799	25.011415	25.010986	25.010517	25.010010	25.009462	25.008879	25.008263	25.007614	25.006939	25.006237	25.005508	25.004763	25.003998	25.003216	25.002424	25.001621	25.000813	
25.001076	25.002151	25.003216	25.004269	25.005302	25.006321	25.007313	25.008278	25.009212	25.010111	25.010971	25.011787	25.012562	25.013287	25.013962	25.014584	25.015152	25.015659	25.016111	25.016499	25.016827	25.017090	25.017288	25.017420	25.017487	25.017487	25.017422	25.017288	25.017090	25.016829	25.016502	25.016113	25.015663	25.015152	25.014587	25.013962	25.013287	25.012562	25.011787	25.010967	25.010109	25.009211	25.008278	25.007313	25.006323	25.005302	25.004269	25.003216	25.002151	25.001078	
25.001339	25.002672	25.003994	25.005302	25.006592	25.007854	25.009089	25.010286	25.011448	25.012566	25.013634	25.014652	25.015610	25.016514	25.017353	25.018127	25.018831	25.019466	25.020023	25.020508	25.020916	25.021244	25.021488	25.021652	25.021732	25.021734	25.021652	25.021488	25.021240	25.020916	25.020510	25.020027	25.019468	25.018833	25.018127	25.017353	25.016514	25.015612	25.014650	25.013634	25.012564	25.011448	25.010288	25.009090	25.007854	25.006592	25.005304	25.003996	25.002674	25.001339	
25.001595	25.003183	25.004761	25.006321	25.007854	25.009359	25.010830	25.012260	25.013641	25.014973	25.016247	25.017458	25.018604	25.019676	25.020676	25.021601	25.022440	25.023193	25.023861	25.024439	25.024923	25.025311	25.025604	25.025801	25.025900	25.025898	25.025803	25.025604	25.025312	25.024921	25.024441	25.023865	25.023195	25.022444	25.021603	25.020679	25.019678	25.018604	25.017458	25.016245	25.014971	25.013641	25.012260	25.010830	25.009361	25.007854	25.006319	25.004761	25.003185	25.001596	
25.001846	25.003685	25.005508	25.007313	25.009087	25.010830	25.012531	25.014185	25.015783	25.017323	25.018795	25.020199	25.021523	25.022766	25.023924	25.024990	25.025963	25.026836	25.027607	25.028276	25.028835	25.029289	25.029625	25.029854	25.029966	25.029968	25.029850	25.029627	25.029285	25.028835	25.028276	25.027607	25.026840	25.025963	25.024994	25.023926	25.022770	25.021523	25.020199	25.018795	25.017323	25.015781	25.014183	25.012531	25.010830	25.009087	25.007313	25.005508	25.003685	25.001846	
25.002090	25.004171	25.006235	25.008276	25.010288	25.012257	25.014183	25.016054	25.017866	25.019608	25.021275	25.022861	25.024364	25.025768	25.027081	25.028288	25.029387	25.030376	25.031250	25.032005	25.032642	25.033150	25.033535	25.033791	25.033920	25.033920	25.033792	25.033533	25.033150	25.032639	25.032005	25.031250	25.030378	25.029390	25.028288	25.027081	25.025768	25.024363	25.022861	25.021275	25.019608	25.017864	25.016054	25.014183	25.012259	25.010286	25.008278	25.006237	25.004169	25.002090	
25.002325	25.004641	25.006939	25.009211	25.011448	25.013641	25.015783	25.017866	25.019878	25.021818	25.023674	25.025440	25.027107	25.028675	25.030132	25.031479	25.032701	25.033804	25.034775	25.035616	25.036320	25.036888	25.037315	25.037603	25.037743	25.037745	25.037601	25.037315	25.036888	25.036322	25.035614	25.034775	25.033802	25.032703	25.031477	25.030132	25.028677	25.027109	25.025440	25.023674	25.021816	25.019878	25.017866	25.015783	25.013641	25.011448	25.009211	25.006939	25.004642	25.002325	
25.002554	25.005093	25.007618	25.010109	25.012564	25.014973	25.017323	25.019608	25.021820	25.023945	25.025984	25.027920	25.029755	25.031471	25.033073	25.034546	25.035892	25.037098	25.038166	25.039089	25.039864	25.040485	25.040955	25.041267	25.041428	25.041424	25.041267	25.040955	25.040487	25.039862	25.039087	25.038166	25.037098	25.035892	25.034548	25.033073	25.031471	25.029751	25.027920	25.025982	25.023945	25.021818	25.019608	25.017323	25.014973	25.012562	25.010109	25.007616	25.005093	25.002552	
25.002769	25.005527	25.008263	25.010971	25.013632	25.016245	25.018795	25.021276	25.023674	25.025982	25.028191	25.030296	25.032284	25.034151	25.035887	25.037487	25.038944	25.040257	25.041412	25.042416	25.043253	25.043930	25.044437	25.044781	25.044949	25.044949	25.044779	25.044439	25.043930	25.043251	25.042412	25.041412	25.040257	25.038944	25.037489	25.035885	25.034149	25.032282	25.030296	25.028193	25.025982	25.023674	25.021275	25.018795	25.016243	25.013630	25.010969	25.008263	25.005527	25.002768	
25.002975	25.005938	25.008881	25.011787	25.014652	25.017456	25.020199	25.022861	25.025440	25.027920	25.030294	25.032555	25.034695	25.036695	25.038565	25.040283	25.041853	25.043259	25.044506	25.045578	25.046482	25.047207	25.047756	25.048120	25.048304	25.048302	25.048120	25.047756	25.047207	25.046480	25.045576	25.044502	25.043259	25.041851	25.040283	25.038563	25.036697	25.034691	25.032555	25.030296	25.027922	25.025438	25.022861	25.020195	25.017456	25.014648	25.011786	25.008881	25.005939	25.002975	
25.003170	25.006329	25.009464	25.012562	25.015610	25.018604	25.021521	25.024364	25.027111	25.029755	25.032284	25.034693	25.036968	25.039108	25.041092	25.042929	25.044598	25.046101	25.047424	25.048571	25.049532	25.050306	25.050888	25.051281	25.051472	25.051472	25.051279	25.050888	25.050304	25.049530	25.048569	25.047424	25.046097	25.044596	25.042927	25.041096	25.039104	25.036968	25.034691	25.032282	25.029753	25.027111	25.024361	25.021524	25.018604	25.015610	25.012562	25.009462	25.006329	25.003170	
25.003353	25.006695	25.010010	25.013287	25.016514	25.019676	25.022768	25.025770	25.028679	25.031475	25.034153	25.036697	25.039108	25.041365	25.043470	25.045406	25.047176	25.048763	25.050165	25.051376	25.052395	25.053213	25.053829	25.054241	25.054447	25.054447	25.054241	25.053829	25.053211	25.052391	25.051376	25.050163	25.048761	25.047174	25.045406	25.043468	25.041365	25.039104	25.036694	25.034149	25.031473	25.028675	25.025772	25.022766	25.019676	25.016514	25.013287	25.010010	25.006695	25.003353	
25.003525	25.007032	25.010521	25.013962	25.017353	25.020679	25.023924	25.027081	25.030136	25.033075	25.035885	25.038567	25.041096	25.043470	25.045677	25.047718	25.049572	25.051241	25.052715	25.053989	25.055061	25.055920	25.056566	25.056999	25.057217	25.057217	25.056999	25.056564	25.055916	25.055058	25.053986	25.052713	25.051241	25.049572	25.047718	25.045677	25.043468	25.041092	25.038563	25.035885	25.033072	25.030136	25.027081	25.023926	25.020678	25.017353	25.013962	25.010517	25.007036	25.003525	
25.003679	25.007349	25.010986	25.014584	25.018127	25.021601	25.024992	25.028290	25.031479	25.034550	25.037487	25.040283	25.042929	25.045406	25.047718	25.049843	25.051785	25.053524	25.055065	25.056396	25.057514	25.058414	25.059090	25.059542	25.059769	25.059767	25.059540	25.059090	25.058411	25.057512	25.056395	25.055065	25.053524	25.051785	25.049843	25.047718	25.045406	25.042927	25.040279	25.037485	25.034546	25.031477	25.028290	25.024990	25.021599	25.018127	25.014585	25.010988	25.007347	25.003681	
25.003822	25.007633	25.011415	25.015152	25.018833	25.022442	25.025963	25.029388	25.032701	25.035892	25.038944	25.041853	25.044596	25.047174	25.049572	25.051785	25.053795	25.055607	25.057205	25.058590	25.059752	25.060684	25.061386	25.061855	25.062092	25.062092	25.061859	25.061386	25.060684	25.059746	25.058590	25.057205	25.055609	25.053795	25.051785	25.049572	25.047176	25.044598	25.041849	25.038942	25.035889	25.032700	25.029388	25.025963	25.022440	25.018833	25.015154	25.011414	25.007633	25.003822	
25.003952	25.007893	25.011799	25.015663	25.019466	25.023195	25.026836	25.030376	25.033802	25.037098	25.040257	25.043259	25.046097	25.048761	25.051241	25.053524	25.055607	25.057476	25.059132	25.060558	25.061760	25.062725	25.063452	25.063938	25.064180	25.064182	25.063938	25.063452	25.062723	25.061760	25.060558	25.059132	25.057476	25.055609	25.053524	25.051243	25.048759	25.046097	25.043257	25.040253	25.037098	25.033800	25.030376	25.026836	25.023195	25.019464	25.015663	25.011799	25.007891	25.003952	
25.004066	25.008118	25.012138	25.016113	25.020027	25.023861	25.027609	25.031250	25.034775	25.038166	25.041412	25.044502	25.047424	25.050163	25.052713	25.055065	25.057205	25.059132	25.060829	25.062302	25.063536	25.064529	25.065277	25.065777	25.066027	25.066025	25.065777	25.065277	25.064529	25.063534	25.062302	25.060831	25.059132	25.057205	25.055065	25.052713	25.050163	25.047422	25.044500	25.041412	25.038166	25.034771	25.031250	25.027609	25.023861	25.020025	25.016113	25.012138	25.008118	25.004066	
25.004166	25.008312	25.012432	25.016502	25.020510	25.024439	25.028275	25.032005	25.035614	25.039089	25.042412	25.045576	25.048571	25.051376	25.053989	25.056393	25.058588	25.060556	25.062302	25.063807	25.065073	25.066088	25.066853	25.067364	25.067619	25.067623	25.067364	25.066853	25.066086	25.065069	25.063808	25.062302	25.060558	25.058590	25.056393	25.053986	25.051373	25.048567	25.045578	25.042410	25.039087	25.035614	25.032003	25.028275	25.024439	25.020508	25.016502	25.012432	25.008314	25.004166	
25.004248	25.008480	25.012676	25.016827	25.020916	25.024921	25.028835	25.032639	25.036322	25.039862	25.043251	25.046478	25.049530	25.052393	25.055058	25.057510	25.059746	25.061760	25.063534	25.065071	25.066357	25.067396	25.068176	25.068699	25.068958	25.068958	25.068699	25.068176	25.067394	25.066359	25.065071	25.063534	25.061758	25.059746	25.057510	25.055054	25.052391	25.049530	25.046478	25.043251	25.039860	25.036316	25.032640	25.028835	25.024921	25.020916	25.016829	25.012676	25.008480	25.004248	
25.004314	25.008610	25.012875	25.017090	25.021240	25.025312	25.029285	25.033150	25.036888	25.040485	25.043928	25.047205	25.050304	25.053211	25.055916	25.058411	25.060682	25.062721	25.064526	25.066086	25.067396	25.068449	25.069241	25.069771	25.070036	25.070038	25.069771	25.069242	25.068447	25.067394	25.066086	25.064528	25.062723	25.060680	25.058409	25.055916	25.053209	25.050303	25.047203	25.043926	25.040482	25.036886	25.033148	25.029285	25.025314	25.021240	25.017092	25.012877	25.008610	25.004314	
25.004364	25.008709	25.013023	25.017288	25.021488	25.025604	25.029627	25.033535	25.037315	25.040955	25.044437	25.047752	25.050884	25.053827	25.056564	25.059086	25.061384	25.063450	25.065273	25.066853	25.068176	25.069241	25.070042	25.070580	25.070847	25.070847	25.070580	25.070044	25.069242	25.068176	25.066853	25.065273	25.063450	25.061382	25.059086	25.056564	25.053825	25.050886	25.047750	25.044437	25.040951	25.037312	25.033531	25.029625	25.025604	25.021488	25.017288	25.013023	25.008711	25.004364	
25.004398	25.008778	25.013124	25.017420	25.021652	25.025803	25.029852	25.033792	25.037601	25.041267	25.044779	25.048119	25.051277	25.054239	25.056995	25.059540	25.061855	25.063934	25.065773	25.067364	25.068699	25.069771	25.070580	25.071119	25.071392	25.071392	25.071121	25.070580	25.069771	25.068699	25.067364	25.065775	25.063934	25.061853	25.059538	25.056997	25.054241	25.051273	25.048119	25.044775	25.041267	25.037598	25.033789	25.029850	25.025803	25.021652	25.017422	25.013123	25.008778	25.004396	
25.004414	25.008810	25.013172	25.017487	25.021734	25.025898	25.029968	25.033920	25.037745	25.041424	25.044949	25.048302	25.051472	25.054447	25.057213	25.059765	25.062092	25.064178	25.066025	25.067621	25.068962	25.070038	25.070848	25.071392	25.071663	25.071667	25.071392	25.070848	25.070038	25.068958	25.067619	25.066025	25.064178	25.062088	25.059765	25.057215	25.054445	25.051472	25.048300	25.044947	25.041422	25.037741	25.033916	25.029964	25.025898	25.021734	25.017487	25.013174	25.008812	25.004414	
25.004414	25.008810	25.013172	25.017487	25.021734	25.025898	25.029968	25.033920	25.037745	25.041424	25.044949	25.048302	25.051472	25.054447	25.057213	25.059765	25.062092	25.064178	25.066025	25.067621	25.068962	25.070038	25.070848	25.071392	25.071663	25.071667	25.071392	25.070848	25.070038	25.068958	25.067619	25.066025	25.064178	25.062088	25.059765	25.057215	25.054445	25.051472	25.048300	25.044947	25.041422	25.037741	25.033916	25.029964	25.025898	25.021734	25.017487	25.013174	25.008812	25.004414	
25.004398	25.008778	25.013124	25.017420	25.021652	25.025803	25.029852	25.033792	25.037601	25.041267	25.044779	25.048119	25.051277	25.054239	25.056995	25.059540	25.061855	25.063934	25.065773	25.067364	25.068699	25.069771	25.070580	25.071119	25.071392	25.071392	25.071121	25.070580	25.069771	25.068699	25.067364	25.065775	25.063934	25.061853	25.059538	25.056997	25.054241	25.051273	25.048119	25.044775	25.041267	25.037598	25.033789	25.029850	25.025803	25.021652	25.017422	25.013123	25.008778	25.004396	
25.004364	25.008709	25.013023	25.017288	25.021488	25.025604	25.029627	25.033535	25.037315	25.040955	25.044437	25.047752	25.050884	25.053827	25.056564	25.059086	25.061384	25.063450	25.065273	25.066853	25.068176	25.069241	25.070042	25.070580	25.070847	25.070847	25.070580	25.070044	25.069242	25.068176	25.066853	25.065273	25.063450	25.061382	25.059086	25.056564	25.053825	25.050886	25.047750	25.044437	25.040951	25.037312	25.033531	25.029625	25.025604	25.021488	25.017288	25.013023	25.008711	25.004364	
25.004314	25.008610	25.012875	25.017090	25.021240	25.025312	25.029285	25.033150	25.036888	25.040485	25.043928	25.047205	25.050304	25.053211	25.055916	25.058411	25.060682	25.062721	25.064526	25.066086	25.067396	25.068449	25.069241	25.069771	25.070036	25.070038	25.069771	25.069242	25.068447	25.067394	25.066086	25.064528	25.062723	25.060680	25.058409	25.055916	25.053209	25.050303	25.047203	25.043926	25.040482	25.036886	25.033148	25.029285	25.025314	25.021240	25.017092	25.012877	25.008610	25.004314	
25.004248	25.008480	25.012676	25.016827	25.020916	25.024921	25.028835	25.032639	25.036322	25.039862	25.043251	25.046478	25.049530	25.052393	25.055058	25.057510	25.059746	25.061760	25.063534	25.065071	25.066357	25.067396	25.068176	25.068699	25.068958	25.068958	25.068699	25.068176	25.067394	25.066359	25.065071	25.063534	25.061758	25.059746	25.057510	25.055054	25.052391	25.049530	25.046478	25.043251	25.039860	25.036316	25.032640	25.028835	25.024921	25.020916	25.016829	25.012676	25.008480	25.004248	
25.004166	25.008312	25.012432	25.016502	25.020510	25.024439	25.028275	25.032005	25.035614	25.039089	25.042412	25.045576	25.048571	25.051376	25.053989	25.056393	25.058588	25.060556	25.062302	25.063807	25.065073	25.066088	25.066853	25.067364	25.067619	25.067623	25.067364	25.066853	25.066086	25.065069	25.063808	25.062302	25.060558	25.058590	25.056393	25.053986	25.051373	25.048567	25.045578	25.042410	25.039087	25.035614	25.032003	25.028275	25.024439	25.020508	25.016502	25.012432	25.008314	25.004166	
25.004066	25.008118	25.012138	25.016113	25.020027	25.023861	25.027609	25.031250	25.034775	25.038166	25.041412	25.044502	25.047424	25.050163	25.052713	25.055065	25.057205	25.059132	25.060829	25.062302	25.063536	25.064529	25.065277	25.065777	25.066027	25.066025	25.065777	25.065277	25.064529	25.063534	25.062302	25.060831	25.059132	25.057205	25.055065	25.052713	25.050163	25.047422	25.044500	25.041412	25.038166	25.034771	25.031250	25.027609	25.023861	25.020025	25.016113	25.012138	25.008118	25.004066	
25.003952	25.007893	25.011799	25.015663	25.019466	25.023195	25.026836	25.030376	25.033802	25.037098	25.040257	25.043259	25.046097	25.048761	25.051241	25.053524	25.055607	25.057476	25.059132	25.060558	25.061760	25.062725	25.063452	25.063938	25.064180	25.064182	25.063938	25.063452	25.062723	25.061760	25.060558	25.059132	25.057476	25.055609	25.053524	25.051243	25.048759	25.046097	25.043257	25.040253	25.037098	25.033800	25.030376	25.026836	25.023195	25.019464	25.015663	25.011799	25.007891	25.003952	
25.003822	25.007633	25.011415	25.015152	25.018833	25.022442	25.025963	25.029388	25.032701	25.035892	25.038944	25.041853	25.044596	25.047174	25.049572	25.051785	25.053795	25.055607	25.057205	25.058590	25.059752	25.060684	25.061386	25.061855	25.062092	25.062092	25.061859	25.061386	25.060684	25.059746	25.058590	25.057205	25.055609	25.053795	25.051785	25.049572	25.047176	25.044598	25.041849	25.038942	25.035889	25.032700	25.029388	25.025963	25.022440	25.018833	25.015154	25.011414	25.007633	25.003822	
25.003679	25.007349	25.010986	25.014584	25.018127	25.021601	25.024992	25.028290	25.031479	25.034550	25.037487	25.040283	25.042929	25.045406	25.047718	25.049843	25.051785	25.053524	25.055065	25.056396	25.057514	25.058414	25.059090	25.059542	25.059769	25.059767	25.059540	25.059090	25.058411	25.057512	25.056395	25.055065	25.053524	25.051785	25.049843	25.047718	25.045406	25.042927	25.040279	25.037485	25.034546	25.031477	25.028290	25.024990	25.021599	25.018127	25.014585	25.010988	25.007347	25.003681	
25.003525	25.007032	25.010521	25.013962	25.017353	25.020679	25.023924	25.027081	25.030136	25.033075	25.035885	25.038567	25.041096	25.043470	25.045677	25.047718	25.049572	25.051241	25.052715	25.053989	25.055061	25.055920	25.056566	25.056999	25.057217	25.057217	25.056999	25.056564	25.055916	25.055058	25.053986	25.052713	25.051241	25.049572	25.047718	25.045677	25.043468	25.041092	25.038563	25.035885	25.033072	25.030136	25.027081	25.023926	25.020678	25.017353	25.013962	25.010517	25.007036	25.003525	
25.003353	25.006695	25.010010	25.013287	25.016514	25.019676	25.022768	25.025770	25.028679	25.031475	25.034153	25.036697	25.039108	25.041365	25.043470	25.045406	25.047176	25.048763	25.050165	25.051376	25.052395	25.053213	25.053829	25.054241	25.054447	25.054447	25.054241	25.053829	25.053211	25.052391	25.051376	25.050163	25.048761	25.047174	25.045406	25.043468	25.041365	25.039104	25.036694	25.034149	25.031473	25.028675	25.025772	25.022766	25.019676	25.016514	25.013287	25.010010	25.006695	25.003353	
25.003170	25.006329	25.009464	25.012562	25.015610	25.018604	25.021521	25.024364	25.027111	25.029755	25.032284	25.034693	25.036968	25.039108	25.041092	25.042929	25.044598	25.046101	25.047424	25.048571	25.049532	25.050306	25.050888	25.051281	25.051472	25.051472	25.051279	25.050888	25.050304	25.049530	25.048569	25.047424	25.046097	25.044596	25.042927	25.041096	25.039104	25.036968	25.034691	25.032282	25.029753	25.027111	25.024361	25.021524	25.018604	25.015610	25.012562	25.009462	25.006329	25.003170	
25.002975	25.005938	25.008881	25.011787	25.014652	25.017456	25.020199	25.022861	25.025440	25.027920	25.030294	25.032555	25.034695	25.036695	25.038565	25.040283	25.041853	25.043259	25.044506	25.045578	25.046482	25.047207	25.047756	25.048120	25.048304	25.048302	25.048120	25.047756	25.047207	25.046480	25.045576	25.044502	25.043259	25.041851	25.040283	25.038563	25.036697	25.034691	25.032555	25.030296	25.027922	25.025438	25.022861	25.020195	25.017456	25.014648	25.011786	25.008881	25.005939	25.002975	
25.002769	25.005527	25.008263	25.010971	25.013632	25.016245	25.018795	25.021276	25.023674	25.025982	25.028191	25.030296	25.032284	25.034151	25.035887	25.037487	25.038944	25.040257	25.041412	25.042416	25.043253	25.043930	25.044437	25.044781	25.044949	25.044949	25.044779	25.044439	25.043930	25.043251	25.042412	25.041412	25.040257	25.038944	25.037489	25.035885	25.034149	25.032282	25.030296	25.028193	25.025982	25.023674	25.021275	25.018795	25.016243	25.013630	25.010969	25.008263	25.005527	25.002768	
25.002554	25.005093	25.007618	25.010109	25.012564	25.014973	25.017323	25.019608	25.021820	25.023945	25.025984	25.027920	25.029755	25.031471	25.033073	25.034546	25.035892	25.037098	25.038166	25.039089	25.039864	25.040485	25.040955	25.041267	25.041428	25.041424	25.041267	25.040955	25.040487	25.039862	25.039087	25.038166	25.037098	25.035892	25.034548	25.033073	25.031471	25.029751	25.027920	25.025982	25.023945	25.021818	25.019608	25.017323	25.014973	25.012562	25.010109	25.007616	25.005093	25.002552	
25.002325	25.004641	25.006939	25.009211	25.011448	25.013641	25.015783	25.017866	25.019878	25.021818	25.023674	25.025440	25.027107	25.028675	25.030132	25.031479	25.032701	25.033804	25.034775	25.035616	25.036320	25.036888	25.037315	25.037603	25.037743	25.037745	25.037601	25.037315	25.036888	25.036322	25.035614	25.034775	25.033802	25.032703	25.031477	25.030132	25.028677	25.027109	25.025440	25.023674	25.021816	25.019878	25.017866	25.015783	25.013641	25.011448	25.009211	25.006939	25.004642	25.002325	
25.002090	25.004171	25.006235	25.008276	25.010288	25.012257	25.014183	25.016054	25.017866	25.019608	25.021275	25.022861	25.024364	25.025768	25.027081	25.028288	25.029387	25.030376	25.031250	25.032005	25.032642	25.033150	25.033535	25.033791	25.033920	25.033920	25.033792	25.033533	25.033150	25.032639	25.032005	25.031250	25.030378	25.029390	25.028288	25.027081	25.025768	25.024363	25.022861	25.021275	25.019608	25.017864	25.016054	25.014183	25.012259	25.010286	25.008278	25.006237	25.004169	25.002090	
25.001846	25.003685	25.005508	25.007313	25.009087	25.010830	25.012531	25.014185	25.015783	25.017323	25.018795	25.020199	25.021523	25.022766	25.023924	25.024990	25.025963	25.026836	25.027607	25.028276	25.028835	25.029289	25.029625	25.029854	25.029966	25.029968	25.029850	25.029627	25.029285	25.028835	25.028276	25.027607	25.026840	25.025963	25.024994	25.023926	25.022770	25.021523	25.020199	25.018795	25.017323	25.015781	25.014183	25.012531	25.010830	25.009087	25.007313	25.005508	25.003685	25.001846	
25.001595	25.003183	25.004761	25.006321	25.007854	25.009359	25.010830	25.012260	25.013641	25.014973	25.016247	25.017458	25.018604	25.019676	25.020676	25.021601	25.022440	25.023193	25.023861	25.024439	25.024923	25.025311	25.025604	25.025801	25.025900	25.025898	25.025803	25.025604	25.025312	25.024921	25.024441	25.023865	25.023195	25.022444	25.021603	25.020679	25.019678	25.018604	25.017458	25.016245	25.014971	25.013641	25.012260	25.010830	25.009361	25.007854	25.006319	25.004761	25.003185	25.001596	
25.001339	25.002672	25.003994	25.005302	25.006592	25.007854	25.009089	25.010286	25.011448	25.012566	25.013634	25.014652	25.015610	25.016514	25.017353	25.018127	25.018831	25.019466	25.020023	25.020508	25.020916	25.021244	25.021488	25.021652	25.021732	25.021734	25.021652	25.021488	25.021240	25.020916	25.020510	25.020027	25.019468	25.018833	25.018127	25.017353	25.016514	25.015612	25.014650	25.013634	25.012564	25.011448	25.010288	25.009090	25.007854	25.006592	25.005304	25.003996	25.002674	25.001339	
25.001076	25.002151	25.003216	25.004269	25.005302	25.006321	25.007313	25.008278	25.009212	25.010111	25.010971	25.011787	25.012562	25.013287	25.013962	25.014584	25.015152	25.015659	25.016111	25.016499	25.016827	25.017090	25.017288	25.017420	25.017487	25.017487	25.017422	25.017288	25.017090	25.016829	25.016502	25.016113	25.015663	25.015152	25.014587	25.013962	25.013287	25.012562	25.011787	25.010967	25.010109	25.009211	25.008278	25.007313	25.006323	25.005302	25.004269	25.003216	25.002151	25.001078	
25.000813	25.001619	25.002422	25.003216	25.003994	25.004761	25.005508	25.006237	25.006939	25.007614	25.008265	25.008883	25.009462	25.010010	25.010517	25.010988	25.011414	25.011799	25.012138	25.012432	25.012676	25.012875	25.013021	25.013123	25.013172	25.013172	25.013123	25.013025	25.012877	25.012676	25.012432	25.012138	25.011799	25.011415	25.010986	25.010517	25.010010	25.009462	25.008879	25.008263	25.007614	25.006939	25.006237	25.005508	25.004763	25.003998	25.003216	25.002424	25.001621	25.000813	
25.000542	25.001085	25.001621	25.002150	25.002670	25.003185	25.003685	25.004173	25.004642	25.005093	25.005527	25.005939	25.006329	25.006695	25.007034	25.007347	25.007633	25.007889	25.008118	25.008316	25.008480	25.008610	25.008709	25.008778	25.008810	25.008808	25.008778	25.008711	25.008610	25.008480	25.008314	25.008118	25.007889	25.007633	25.007349	25.007034	25.006695	25.006329	25.005939	25.005524	25.005093	25.004639	25.004169	25.003685	25.003185	25.002672	25.002151	25.001621	25.001081	25.000542	
25.000273	25.000542	25.000813	25.001078	25.001339	25.001595	25.001846	25.002090	25.002325	25.002552	25.002769	25.002975	25.003170	25.003353	25.003525	25.003681	25.003824	25.003952	25.004066	25.004166	25.004246	25.004314	25.004364	25.004398	25.004414	25.004414	25.004396	25.004364	25.004314	25.004248	25.004166	25.004066	25.003952	25.003826	25.003681	25.003525	25.003353	25.003170	25.002975	25.002768	25.002550	25.002323	25.002089	25.001846	25.001595	25.001339	25.001076	25.000811	25.000544	25.000271	
