25.001808	25.003586	25.005817	25.007959	25.011021	25.013876	25.018133	25.021992	25.027731	25.032776	25.040119	25.046375	25.055202	25.062471	25.072365	25.080200	25.090427	25.098171	25.107759	25.114601	25.122482	25.127605	25.132797	25.135548	25.137360	25.137360	25.135546	25.132797	25.127605	25.122482	25.114597	25.107761	25.098167	25.090427	25.080202	25.072365	25.062469	25.055202	25.046377	25.040117	25.032776	25.027729	25.021992	25.018131	25.013876	25.011021	25.007961	25.005821	25.003586	25.001806	
25.003586	25.007631	25.011572	25.016903	25.021963	25.029385	25.036232	25.046429	25.055565	25.068977	25.080631	25.097277	25.111279	25.130623	25.146309	25.167158	25.183384	25.203968	25.219185	25.237368	25.249870	25.263494	25.271732	25.279034	25.281916	25.281912	25.279037	25.271732	25.263494	25.249870	25.237368	25.219183	25.203968	25.183382	25.167160	25.146309	25.130621	25.111280	25.097277	25.080629	25.068974	25.055565	25.046425	25.036228	25.029381	25.021963	25.016903	25.011574	25.007633	25.003588	
25.005819	25.011574	25.018749	25.025677	25.035496	25.044733	25.058380	25.070866	25.089252	25.105576	25.129093	25.149319	25.177586	25.201073	25.232742	25.258062	25.290798	25.315804	25.346495	25.368582	25.393799	25.410347	25.426956	25.435833	25.441629	25.441631	25.435829	25.426956	25.410345	25.393801	25.368580	25.346493	25.315802	25.290798	25.258064	25.232742	25.201075	25.177586	25.149319	25.129091	25.105576	25.089249	25.070862	25.058378	25.044729	25.035496	25.025677	25.018747	25.011574	25.005819	
25.007961	25.016907	25.025679	25.037434	25.048704	25.065037	25.080288	25.102707	25.123058	25.152527	25.178467	25.215033	25.246181	25.288643	25.323530	25.369286	25.405352	25.450520	25.484337	25.524223	25.552008	25.581886	25.600185	25.616207	25.622599	25.622601	25.616207	25.600189	25.581886	25.552008	25.524220	25.484337	25.450521	25.405352	25.369287	25.323530	25.288643	25.246178	25.215033	25.178467	25.152525	25.123056	25.102707	25.080288	25.065033	25.048702	25.037430	25.025677	25.016903	25.007961	
25.011021	25.021965	25.035498	25.048704	25.067173	25.084785	25.110416	25.134216	25.168705	25.199810	25.243893	25.282413	25.335369	25.380081	25.439377	25.487555	25.548824	25.596380	25.653812	25.695808	25.742987	25.774445	25.805513	25.822382	25.833233	25.833233	25.822386	25.805513	25.774448	25.742985	25.695810	25.653811	25.596384	25.548824	25.487553	25.439379	25.380079	25.335369	25.282412	25.243895	25.199810	25.168703	25.134214	25.110411	25.084785	25.067165	25.048704	25.035496	25.021963	25.011021	
25.013876	25.029383	25.044733	25.065037	25.084785	25.112926	25.139658	25.178232	25.213875	25.264526	25.309935	25.372738	25.427223	25.500114	25.561113	25.639622	25.702650	25.780117	25.839193	25.907585	25.956112	26.007332	26.039291	26.066753	26.077911	26.077915	26.066753	26.039293	26.007334	25.956116	25.907585	25.839197	25.780117	25.702652	25.639624	25.561113	25.500114	25.427223	25.372738	25.309933	25.264523	25.213875	25.178226	25.139660	25.112921	25.084787	25.065033	25.044731	25.029383	25.013874	
25.018131	25.036232	25.058380	25.080290	25.110415	25.139660	25.181381	25.220877	25.276960	25.328545	25.400160	25.464005	25.549971	25.624029	25.720238	25.799997	25.899366	25.978062	26.071171	26.140642	26.217108	26.269135	26.319487	26.347378	26.364962	26.364962	26.347382	26.319487	26.269138	26.217108	26.140644	26.071171	25.978064	25.899364	25.799995	25.720242	25.624027	25.549973	25.464001	25.400158	25.328543	25.276955	25.220879	25.181377	25.139660	25.110413	25.080288	25.058378	25.036232	25.018131	
25.021992	25.046429	25.070866	25.102711	25.134216	25.178230	25.220879	25.281118	25.337948	25.416965	25.489323	25.587212	25.673977	25.787525	25.884602	26.006842	26.107094	26.227671	26.321600	26.428013	26.505150	26.584826	26.635620	26.678329	26.696066	26.696066	26.678329	26.635618	26.584824	26.505152	26.428009	26.321600	26.227667	26.107094	26.006844	25.884598	25.787527	25.673975	25.587212	25.489319	25.416962	25.337950	25.281116	25.220877	25.178230	25.134212	25.102707	25.070862	25.046425	25.021990	
25.027729	25.055565	25.089252	25.123058	25.168705	25.213877	25.276960	25.337952	25.422632	25.502241	25.610281	25.708742	25.838341	25.952482	26.097446	26.220306	26.369965	26.491138	26.631315	26.738251	26.853340	26.933411	27.009176	27.052099	27.078552	27.078552	27.052097	27.009178	26.933411	26.853340	26.738253	26.631313	26.491137	26.369961	26.220304	26.097446	25.952482	25.838341	25.708740	25.610279	25.502239	25.422630	25.337950	25.276958	25.213873	25.168701	25.123058	25.089249	25.055563	25.027729	
25.032776	25.068975	25.105574	25.152525	25.199810	25.264526	25.328545	25.416967	25.502243	25.618099	25.726595	25.870020	26.000042	26.166306	26.311695	26.490601	26.640686	26.817078	26.957645	27.113272	27.228682	27.345181	27.421160	27.483601	27.510130	27.510128	27.483604	27.421158	27.345181	27.228683	27.113270	26.957647	26.817074	26.640682	26.490601	26.311695	26.166304	26.000040	25.870018	25.726593	25.618099	25.502239	25.416965	25.328545	25.264524	25.199810	25.152525	25.105572	25.068974	25.032776	
25.040117	25.080631	25.129091	25.178471	25.243893	25.309937	25.400162	25.489323	25.610281	25.726593	25.880787	26.024551	26.209393	26.375965	26.582611	26.761814	26.975065	27.151741	27.351414	27.507284	27.671181	27.787865	27.895746	27.958286	27.995951	27.995951	27.958286	27.895744	27.787865	27.671181	27.507282	27.351410	27.151741	26.975063	26.761814	26.582611	26.375961	26.209393	26.024551	25.880787	25.726595	25.610281	25.489319	25.400162	25.309937	25.243893	25.178471	25.129091	25.080629	25.040117	
25.046377	25.097277	25.149319	25.215033	25.282415	25.372736	25.464005	25.587212	25.708742	25.870018	26.024553	26.224064	26.409153	26.640308	26.847174	27.095793	27.309242	27.554287	27.754141	27.970274	28.134315	28.296082	28.404057	28.490751	28.528446	28.528448	28.490751	28.404057	28.296082	28.134317	27.970268	27.754139	27.554283	27.309244	27.095791	26.847172	26.640306	26.409151	26.224064	26.024553	25.870018	25.708738	25.587212	25.464003	25.372738	25.282413	25.215033	25.149319	25.097277	25.046375	
25.055202	25.111279	25.177586	25.246181	25.335369	25.427225	25.549971	25.673977	25.838341	26.000042	26.209394	26.409153	26.659971	26.891300	27.171581	27.420349	27.709475	27.954649	28.225288	28.441532	28.663633	28.825478	28.971649	29.058388	29.109415	29.109413	29.058388	28.971649	28.825480	28.663631	28.441532	28.225288	27.954647	27.709473	27.420349	27.171581	26.891300	26.659973	26.409153	26.209394	26.000038	25.838341	25.673977	25.549973	25.427223	25.335371	25.246180	25.177586	25.111279	25.055202	
25.062473	25.130621	25.201077	25.288643	25.380081	25.500118	25.624029	25.787529	25.952484	26.166306	26.375963	26.640308	26.891298	27.197424	27.477823	27.806950	28.096172	28.420465	28.691187	28.977150	29.199314	29.413311	29.559523	29.674198	29.725239	29.725239	29.674196	29.559523	29.413309	29.199316	28.977150	28.691187	28.420467	28.096172	27.806952	27.477825	27.197422	26.891300	26.640308	26.375965	26.166306	25.952480	25.787529	25.624027	25.500118	25.380079	25.288643	25.201077	25.130621	25.062471	
25.072365	25.146311	25.232744	25.323532	25.439379	25.561115	25.720243	25.884600	26.097450	26.311695	26.582615	26.847172	27.171583	27.477821	27.840199	28.169403	28.543095	28.867447	29.217161	29.503170	29.790112	30.004141	30.192959	30.307652	30.373566	30.373564	30.307653	30.192959	30.004141	29.790108	29.503174	29.217159	28.867447	28.543097	28.169403	27.840199	27.477823	27.171583	26.847172	26.582613	26.311697	26.097450	25.884600	25.720242	25.561113	25.439379	25.323532	25.232746	25.146309	25.072365	
25.080202	25.167160	25.258068	25.369293	25.487553	25.639627	25.799995	26.006845	26.220306	26.490604	26.761814	27.095795	27.420347	27.806953	28.169403	28.584925	28.958664	29.367977	29.717726	30.078590	30.365555	30.635563	30.824400	30.969078	31.034996	31.034996	30.969076	30.824398	30.635563	30.365555	30.078590	29.717726	29.367977	28.958666	28.584927	28.169403	27.806953	27.420349	27.095795	26.761818	26.490604	26.220306	26.006845	25.799995	25.639626	25.487555	25.369289	25.258062	25.167160	25.080200	
25.090429	25.183384	25.290802	25.405355	25.548830	25.702650	25.899368	26.107094	26.369965	26.640684	26.975067	27.309242	27.709476	28.096172	28.543095	28.958664	29.419426	29.828766	30.259874	30.620758	30.974430	31.244450	31.477161	31.621843	31.703072	31.703075	31.621841	31.477158	31.244448	30.974426	30.620758	30.259874	29.828766	29.419430	28.958664	28.543098	28.096172	27.709476	27.309242	26.975065	26.640682	26.369965	26.107096	25.899370	25.702650	25.548828	25.405352	25.290802	25.183380	25.090429	
25.098171	25.203968	25.315804	25.450523	25.596382	25.780123	25.978062	26.227673	26.491138	26.817081	27.151741	27.554287	27.954647	28.420465	28.867447	29.367977	29.828768	30.321716	30.752840	31.187374	31.541054	31.866146	32.098862	32.273048	32.354279	32.354275	32.273045	32.098858	31.866150	31.541054	31.187374	30.752840	30.321716	29.828768	29.367981	28.867447	28.420467	27.954649	27.554287	27.151741	26.817080	26.491138	26.227671	25.978064	25.780123	25.596384	25.450523	25.315804	25.203968	25.098169	
25.107761	25.219187	25.346497	25.484337	25.653816	25.839195	26.071173	26.321602	26.631317	26.957647	27.351416	27.754139	28.225288	28.691187	29.217159	29.717728	30.259874	30.752842	31.260017	31.694561	32.110588	32.435684	32.709404	32.883591	32.979130	32.979130	32.883587	32.709404	32.435684	32.110588	31.694561	31.260017	30.752838	30.259878	29.717728	29.217163	28.691187	28.225292	27.754141	27.351414	26.957647	26.631315	26.321602	26.071173	25.839197	25.653814	25.484337	25.346497	25.219185	25.107761	
25.114601	25.237368	25.368582	25.524223	25.695810	25.907587	26.140644	26.428013	26.738251	27.113274	27.507286	27.970274	28.441532	28.977152	29.503172	30.078592	30.620760	31.187374	31.694559	32.193970	32.610001	32.983601	33.257324	33.457489	33.553028	33.553024	33.457485	33.257324	32.983604	32.610004	32.193974	31.694559	31.187376	30.620758	30.078592	29.503174	28.977154	28.441534	27.970274	27.507286	27.113274	26.738253	26.428011	26.140644	25.907587	25.695810	25.524223	25.368582	25.237368	25.114599	
25.122482	25.249872	25.393799	25.552008	25.742989	25.956116	26.217110	26.505154	26.853340	27.228682	27.671183	28.134315	28.663631	29.199314	29.790108	30.365555	30.974430	31.541054	32.110588	32.610001	33.077141	33.450741	33.758072	33.958229	34.065502	34.065502	33.958229	33.758072	33.450741	33.077141	32.610001	32.110588	31.541054	30.974432	30.365557	29.790112	29.199316	28.663633	28.134315	27.671181	27.228683	26.853342	26.505154	26.217110	25.956114	25.742987	25.552008	25.393801	25.249870	25.122482	
25.127607	25.263494	25.410347	25.581886	25.774446	26.007334	26.269138	26.584827	26.933409	27.345181	27.787863	28.296080	28.825478	29.413309	30.004141	30.635561	31.244450	31.866146	32.435684	32.983604	33.450741	33.860603	34.167934	34.387520	34.494789	34.494789	34.387520	34.167934	33.860607	33.450741	32.983604	32.435684	31.866148	31.244450	30.635567	30.004141	29.413315	28.825478	28.296083	27.787865	27.345184	26.933411	26.584827	26.269138	26.007336	25.774446	25.581886	25.410349	25.263496	25.127607	
25.132797	25.271734	25.426956	25.600187	25.805515	26.039291	26.319485	26.635620	27.009176	27.421158	27.895744	28.404057	28.971649	29.559521	30.192957	30.824398	31.477158	32.098862	32.709404	33.257324	33.758072	34.167934	34.497368	34.716949	34.831932	34.831932	34.716949	34.497368	34.167934	33.758072	33.257324	32.709404	32.098862	31.477161	30.824398	30.192963	29.559525	28.971651	28.404057	27.895748	27.421162	27.009178	26.635620	26.319487	26.039293	25.805517	25.600189	25.426960	25.271730	25.132797	
25.135548	25.279037	25.435833	25.616205	25.822384	26.066751	26.347382	26.678328	27.052099	27.483603	27.958284	28.490751	29.058386	29.674194	30.307652	30.969076	31.621843	32.273045	32.883591	33.457485	33.958237	34.387520	34.716949	34.946938	35.061920	35.061920	34.946938	34.716949	34.387520	33.958237	33.457489	32.883587	32.273045	31.621843	30.969078	30.307652	29.674198	29.058388	28.490753	27.958286	27.483603	27.052101	26.678329	26.347382	26.066753	25.822384	25.616207	25.435833	25.279037	25.135548	
25.137360	25.281914	25.441633	25.622601	25.833233	26.077911	26.364960	26.696066	27.078552	27.510130	27.995949	28.528448	29.109415	29.725239	30.373566	31.034996	31.703072	32.354279	32.979130	33.553028	34.065502	34.494789	34.831936	35.061920	35.179592	35.179596	35.061920	34.831932	34.494789	34.065502	33.553032	32.979134	32.354279	31.703074	31.034996	30.373566	29.725239	29.109417	28.528450	27.995951	27.510132	27.078554	26.696068	26.364964	26.077915	25.833235	25.622601	25.441633	25.281916	25.137360	
25.137360	25.281914	25.441633	25.622601	25.833233	26.077911	26.364960	26.696066	27.078552	27.510130	27.995949	28.528448	29.109415	29.725239	30.373566	31.034996	31.703072	32.354279	32.979130	33.553028	34.065502	34.494789	34.831936	35.061920	35.179592	35.179596	35.061920	34.831932	34.494789	34.065502	33.553032	32.979134	32.354279	31.703074	31.034996	30.373566	29.725239	29.109417	28.528450	27.995951	27.510132	27.078554	26.696068	26.364964	26.077915	25.833235	25.622601	25.441633	25.281916	25.137360	
25.135548	25.279037	25.435833	25.616205	25.822384	26.066751	26.347382	26.678328	27.052099	27.483603	27.958284	28.490751	29.058386	29.674194	30.307652	30.969076	31.621843	32.273045	32.883591	33.457485	33.958237	34.387520	34.716949	34.946938	35.061920	35.061920	34.946938	34.716949	34.387520	33.958237	33.457489	32.883587	32.273045	31.621843	30.969078	30.307652	29.674198	29.058388	28.490753	27.958286	27.483603	27.052101	26.678329	26.347382	26.066753	25.822384	25.616207	25.435833	25.279037	25.135548	
25.132797	25.271734	25.426956	25.600187	25.805515	26.039291	26.319485	26.635620	27.009176	27.421158	27.895744	28.404057	28.971649	29.559521	30.192957	30.824398	31.477158	32.098862	32.709404	33.257324	33.758072	34.167934	34.497368	34.716949	34.831932	34.831932	34.716949	34.497368	34.167934	33.758072	33.257324	32.709404	32.098862	31.477161	30.824398	30.192963	29.559525	28.971651	28.404057	27.895748	27.421162	27.009178	26.635620	26.319487	26.039293	25.805517	25.600189	25.426960	25.271730	25.132797	
25.127607	25.263494	25.410347	25.581886	25.774446	26.007334	26.269138	26.584827	26.933409	27.345181	27.787863	28.296080	28.825478	29.413309	30.004141	30.635561	31.244450	31.866146	32.435684	32.983604	33.450741	33.860603	34.167934	34.387520	34.494789	34.494789	34.387520	34.167934	33.860607	33.450741	32.983604	32.435684	31.866148	31.244450	30.635567	30.004141	29.413315	28.825478	28.296083	27.787865	27.345184	26.933411	26.584827	26.269138	26.007336	25.774446	25.581886	25.410349	25.263496	25.127607	
25.122482	25.249872	25.393799	25.552008	25.742989	25.956116	26.217110	26.505154	26.853340	27.228682	27.671183	28.134315	28.663631	29.199314	29.790108	30.365555	30.974430	31.541054	32.110588	32.610001	33.077141	33.450741	33.758072	33.958229	34.065502	34.065502	33.958229	33.758072	33.450741	33.077141	32.610001	32.110588	31.541054	30.974432	30.365557	29.790112	29.199316	28.663633	28.134315	27.671181	27.228683	26.853342	26.505154	26.217110	25.956114	25.742987	25.552008	25.393801	25.249870	25.122482	
25.114601	25.237368	25.368582	25.524223	25.695810	25.907587	26.140644	26.428013	26.738251	27.113274	27.507286	27.970274	28.441532	28.977152	29.503172	30.078592	30.620760	31.187374	31.694559	32.193970	32.610001	32.983601	33.257324	33.457489	33.553028	33.553024	33.457485	33.257324	32.983604	32.610004	32.193974	31.694559	31.187376	30.620758	30.078592	29.503174	28.977154	28.441534	27.970274	27.507286	27.113274	26.738253	26.428011	26.140644	25.907587	25.695810	25.524223	25.368582	25.237368	25.114599	
25.107761	25.219187	25.346497	25.484337	25.653816	25.839195	26.071173	26.321602	26.631317	26.957647	27.351416	27.754139	28.225288	28.691187	29.217159	29.717728	30.259874	30.752842	31.260017	31.694561	32.110588	32.435684	32.709404	32.883591	32.979130	32.979130	32.883587	32.709404	32.435684	32.110588	31.694561	31.260017	30.752838	30.259878	29.717728	29.217163	28.691187	28.225292	27.754141	27.351414	26.957647	26.631315	26.321602	26.071173	25.839197	25.653814	25.484337	25.346497	25.219185	25.107761	
25.098171	25.203968	25.315804	25.450523	25.596382	25.780123	25.978062	26.227673	26.491138	26.817081	27.151741	27.554287	27.954647	28.420465	28.867447	29.367977	29.828768	30.321716	30.752840	31.187374	31.541054	31.866146	32.098862	32.273048	32.354279	32.354275	32.273045	32.098858	31.866150	31.541054	31.187374	30.752840	30.321716	29.828768	29.367981	28.867447	28.420467	27.954649	27.554287	27.151741	26.817080	26.491138	26.227671	25.978064	25.780123	25.596384	25.450523	25.315804	25.203968	25.098169	
25.090429	25.183384	25.290802	25.405355	25.548830	25.702650	25.899368	26.107094	26.369965	26.640684	26.975067	27.309242	27.709476	28.096172	28.543095	28.958664	29.419426	29.828766	30.259874	30.620758	30.974430	31.244450	31.477161	31.621843	31.703072	31.703075	31.621841	31.477158	31.244448	30.974426	30.620758	30.259874	29.828766	29.419430	28.958664	28.543098	28.096172	27.709476	27.309242	26.975065	26.640682	26.369965	26.107096	25.899370	25.702650	25.548828	25.405352	25.290802	25.183380	25.090429	
25.080202	25.167160	25.258068	25.369293	25.487553	25.639627	25.799995	26.006845	26.220306	26.490604	26.761814	27.095795	27.420347	27.806953	28.169403	28.584925	28.958664	29.367977	29.717726	30.078590	30.365555	30.635563	30.824400	30.969078	31.034996	31.034996	30.969076	30.824398	30.635563	30.365555	30.078590	29.717726	29.367977	28.958666	28.584927	28.169403	27.806953	27.420349	27.095795	26.761818	26.490604	26.220306	26.006845	25.799995	25.639626	25.487555	25.369289	25.258062	25.167160	25.080200	
25.072365	25.146311	25.232744	25.323532	25.439379	25.561115	25.720243	25.884600	26.097450	26.311695	26.582615	26.847172	27.171583	27.477821	27.840199	28.169403	28.543095	28.867447	29.217161	29.503170	29.790112	30.004141	30.192959	30.307652	30.373566	30.373564	30.307653	30.192959	30.004141	29.790108	29.503174	29.217159	28.867447	28.543097	28.169403	27.840199	27.477823	27.171583	26.847172	26.582613	26.311697	26.097450	25.884600	25.720242	25.561113	25.439379	25.323532	25.232746	25.146309	25.072365	
25.062473	25.130621	25.201077	25.288643	25.380081	25.500118	25.624029	25.787529	25.952484	26.166306	26.375963	26.640308	26.891298	27.197424	27.477823	27.806950	28.096172	28.420465	28.691187	28.977150	29.199314	29.413311	29.559523	29.674198	29.725239	29.725239	29.674196	29.559523	29.413309	29.199316	28.977150	28.691187	28.420467	28.096172	27.806952	27.477825	27.197422	26.891300	26.640308	26.375965	26.166306	25.952480	25.787529	25.624027	25.500118	25.380079	25.288643	25.201077	25.130621	25.062471	
25.055202	25.111279	25.177586	25.246181	25.335369	25.427225	25.549971	25.673977	25.838341	26.000042	26.209394	26.409153	26.659971	26.891300	27.171581	27.420349	27.709475	27.954649	28.225288	28.441532	28.663633	28.825478	28.971649	29.058388	29.109415	29.109413	29.058388	28.971649	28.825480	28.663631	28.441532	28.225288	27.954647	27.709473	27.420349	27.171581	26.891300	26.659973	26.409153	26.209394	26.000038	25.838341	25.673977	25.549973	25.427223	25.335371	25.246180	25.177586	25.111279	25.055202	
25.046377	25.097277	25.149319	25.215033	25.282415	25.372736	25.464005	25.587212	25.708742	25.870018	26.024553	26.224064	26.409153	26.640308	26.847174	27.095793	27.309242	27.554287	27.754141	27.970274	28.134315	28.296082	28.404057	28.490751	28.528446	28.528448	28.490751	28.404057	28.296082	28.134317	27.970268	27.754139	27.554283	27.309244	27.095791	26.847172	26.640306	26.409151	26.224064	26.024553	25.870018	25.708738	25.587212	25.464003	25.372738	25.282413	25.215033	25.149319	25.097277	25.046375	
25.040117	25.080631	25.129091	25.178471	25.243893	25.309937	25.400162	25.489323	25.610281	25.726593	25.880787	26.024551	26.209393	26.375965	26.582611	26.761814	26.975065	27.151741	27.351414	27.507284	27.671181	27.787865	27.895746	27.958286	27.995951	27.995951	27.958286	27.895744	27.787865	27.671181	27.507282	27.351410	27.151741	26.975063	26.761814	26.582611	26.375961	26.209393	26.024551	25.880787	25.726595	25.610281	25.489319	25.400162	25.309937	25.243893	25.178471	25.129091	25.080629	25.040117	
25.032776	25.068975	25.105574	25.152525	25.199810	25.264526	25.328545	25.416967	25.502243	25.618099	25.726595	25.870020	26.000042	26.166306	26.311695	26.490601	26.640686	26.817078	26.957645	27.113272	27.228682	27.345181	27.421160	27.483601	27.510130	27.510128	27.483604	27.421158	27.345181	27.228683	27.113270	26.957647	26.817074	26.640682	26.490601	26.311695	26.166304	26.000040	25.870018	25.726593	25.618099	25.502239	25.416965	25.328545	25.264524	25.199810	25.152525	25.105572	25.068974	25.032776	
25.027729	25.055565	25.089252	25.123058	25.168705	25.213877	25.276960	25.337952	25.422632	25.502241	25.610281	25.708742	25.838341	25.952482	26.097446	26.220306	26.369965	26.491138	26.631315	26.738251	26.853340	26.933411	27.009176	27.052099	27.078552	27.078552	27.052097	27.009178	26.933411	26.853340	26.738253	26.631313	26.491137	26.369961	26.220304	26.097446	25.952482	25.838341	25.708740	25.610279	25.502239	25.422630	25.337950	25.276958	25.213873	25.168701	25.123058	25.089249	25.055563	25.027729	
25.021992	25.046429	25.070866	25.102711	25.134216	25.178230	25.220879	25.281118	25.337948	25.416965	25.489323	25.587212	25.673977	25.787525	25.884602	26.006842	26.107094	26.227671	26.321600	26.428013	26.505150	26.584826	26.635620	26.678329	26.696066	26.696066	26.678329	26.635618	26.584824	26.505152	26.428009	26.321600	26.227667	26.107094	26.006844	25.884598	25.787527	25.673975	25.587212	25.489319	25.416962	25.337950	25.281116	25.220877	25.178230	25.134212	25.102707	25.070862	25.046425	25.021990	
25.018131	25.036232	25.058380	25.080290	25.110415	25.139660	25.181381	25.220877	25.276960	25.328545	25.400160	25.464005	25.549971	25.624029	25.720238	25.799997	25.899366	25.978062	26.071171	26.140642	26.217108	26.269135	26.319487	26.347378	26.364962	26.364962	26.347382	26.319487	26.269138	26.217108	26.140644	26.071171	25.978064	25.899364	25.799995	25.720242	25.624027	25.549973	25.464001	25.400158	25.328543	25.276955	25.220879	25.181377	25.139660	25.110413	25.080288	25.058378	25.036232	25.018131	
25.013876	25.029383	25.044733	25.065037	25.084785	25.112926	25.139658	25.178232	25.213875	25.264526	25.309935	25.372738	25.427223	25.500114	25.561113	25.639622	25.702650	25.780117	25.839193	25.907585	25.956112	26.007332	26.039291	26.066753	26.077911	26.077915	26.066753	26.039293	26.007334	25.956116	25.907585	25.839197	25.780117	25.702652	25.639624	25.561113	25.500114	25.427223	25.372738	25.309933	25.264523	25.213875	25.178226	25.139660	25.112921	25.084787	25.065033	25.044731	25.029383	25.013874	
25.011021	25.021965	25.035498	25.048704	25.067173	25.084785	25.110416	25.134216	25.168705	25.199810	25.243893	25.282413	25.335369	25.380081	25.439377	25.487555	25.548824	25.596380	25.653812	25.695808	25.742987	25.774445	25.805513	25.822382	25.833233	25.833233	25.822386	25.805513	25.774448	25.742985	25.695810	25.653811	25.596384	25.548824	25.487553	25.439379	25.380079	25.335369	25.282412	25.243895	25.199810	25.168703	25.134214	25.110411	25.084785	25.067165	25.048704	25.035496	25.021963	25.011021	
25.007961	25.016907	25.025679	25.037434	25.048704	25.065037	25.080288	25.102707	25.123058	25.152527	25.178467	25.215033	25.246181	25.288643	25.323530	25.369286	25.405352	25.450520	25.484337	25.524223	25.552008	25.581886	25.600185	25.616207	25.622599	25.622601	25.616207	25.600189	25.581886	25.552008	25.524220	25.484337	25.450521	25.405352	25.369287	25.323530	25.288643	25.246178	25.215033	25.178467	25.152525	25.123056	25.102707	25.080288	25.065033	25.048702	25.037430	25.025677	25.016903	25.007961	
25.005819	25.011574	25.018749	25.025677	25.035496	25.044733	25.058380	25.070866	25.089252	25.105576	25.129093	25.149319	25.177586	25.201073	25.232742	25.258062	25.290798	25.315804	25.346495	25.368582	25.393799	25.410347	25.426956	25.435833	25.441629	25.441631	25.435829	25.426956	25.410345	25.393801	25.368580	25.346493	25.315802	25.290798	25.258064	25.232742	25.201075	25.177586	25.149319	25.129091	25.105576	25.089249	25.070862	25.058378	25.044729	25.035496	25.025677	25.018747	25.011574	25.005819	
25.003586	25.007631	25.011572	25.016903	25.021963	25.029385	25.036232	25.046429	25.055565	25.068977	25.080631	25.097277	25.111279	25.130623	25.146309	25.167158	25.183384	25.203968	25.219185	25.237368	25.249870	25.263494	25.271732	25.279034	25.281916	25.281912	25.279037	25.271732	25.263494	25.249870	25.237368	25.219183	25.203968	25.183382	25.167160	25.146309	25.130621	25.111280	25.097277	25.080629	25.068974	25.055565	25.046425	25.036228	25.029381	25.021963	25.016903	25.011574	25.007633	25.003588	
25.001808	25.003586	25.005817	25.007959	25.011021	25.013876	25.018133	25.021992	25.027731	25.032776	25.040119	25.046375	25.055202	25.062471	25.072365	25.080200	25.090427	25.098171	25.107759	25.114601	25.122482	25.127605	25.132797	25.135548	25.137360	25.137360	25.135546	25.132797	25.127605	25.122482	25.114597	25.107761	25.098167	25.090427	25.080202	25.072365	25.062469	25.055202	25.046377	25.040117	25.032776	25.027729	25.021992	25.018131	25.013876	25.011021	25.007961	25.005821	25.003586	25.001806	
