25.003201	25.006386	25.009550	25.012676	25.015755	25.018776	25.021723	25.024590	25.027363	25.030033	25.032587	25.035021	25.037319	25.039478	25.041485	25.043339	25.045025	25.046539	25.047878	25.049036	25.050007	25.050789	25.051378	25.051769	25.051970	25.051970	25.051773	25.051376	25.050791	25.050007	25.049038	25.047880	25.046539	25.045023	25.043339	25.041485	25.039478	25.037319	25.035019	25.032589	25.030033	25.027363	25.024591	25.021725	25.018776	25.015755	25.012676	25.009550	25.006386	25.003201	
25.006386	25.012749	25.019064	25.025307	25.031452	25.037479	25.043365	25.049086	25.054623	25.059952	25.065052	25.069906	25.074499	25.078804	25.082817	25.086510	25.089878	25.092901	25.095577	25.097885	25.099825	25.101387	25.102562	25.103348	25.103741	25.103745	25.103348	25.102562	25.101385	25.099829	25.097889	25.095577	25.092903	25.089878	25.086508	25.082817	25.078806	25.074497	25.069908	25.065052	25.059950	25.054623	25.049086	25.043367	25.037479	25.031452	25.025307	25.019066	25.012751	25.006388	
25.009552	25.019066	25.028505	25.037838	25.047031	25.056042	25.064844	25.073399	25.081675	25.089645	25.097269	25.104534	25.111393	25.117836	25.123829	25.129356	25.134388	25.138916	25.142910	25.146366	25.149265	25.151598	25.153358	25.154533	25.155123	25.155123	25.154535	25.153357	25.151602	25.149267	25.146370	25.142914	25.138916	25.134390	25.129358	25.123829	25.117836	25.111393	25.104530	25.097271	25.089645	25.081673	25.073399	25.064842	25.056044	25.047029	25.037842	25.028507	25.019066	25.009550	
25.012676	25.025307	25.037840	25.050228	25.062429	25.074390	25.086075	25.097431	25.108419	25.118994	25.129124	25.138756	25.147871	25.156418	25.164379	25.171711	25.178394	25.184397	25.189709	25.194290	25.198141	25.201241	25.203571	25.205133	25.205915	25.205917	25.205132	25.203573	25.201239	25.198143	25.194294	25.189709	25.184401	25.178398	25.171711	25.164379	25.156418	25.147871	25.138756	25.129124	25.118996	25.108421	25.097431	25.086075	25.074394	25.062431	25.050230	25.037840	25.025307	25.012676	
25.015755	25.031452	25.047029	25.062428	25.077591	25.092463	25.106979	25.121098	25.134750	25.147900	25.160479	25.172462	25.183781	25.194412	25.204300	25.213419	25.221718	25.229189	25.235779	25.241484	25.246265	25.250118	25.253016	25.254957	25.255928	25.255928	25.254959	25.253017	25.250118	25.246269	25.241488	25.235783	25.229191	25.221722	25.213421	25.204300	25.194414	25.183784	25.172462	25.160480	25.147900	25.134750	25.121098	25.106979	25.092461	25.077595	25.062431	25.047031	25.031452	25.015755	
25.018776	25.037479	25.056042	25.074390	25.092461	25.110178	25.127483	25.144299	25.160576	25.176237	25.191238	25.205505	25.219006	25.231665	25.243454	25.254311	25.264214	25.273102	25.280968	25.287756	25.293461	25.298046	25.301506	25.303812	25.304972	25.304972	25.303814	25.301504	25.298046	25.293465	25.287758	25.280970	25.273106	25.264217	25.254314	25.243456	25.231667	25.219006	25.205507	25.191238	25.176239	25.160578	25.144300	25.127483	25.110180	25.092461	25.074394	25.056044	25.037479	25.018776	
25.021723	25.043365	25.064842	25.086075	25.106979	25.127483	25.147497	25.166962	25.185787	25.203915	25.221264	25.237782	25.253391	25.268047	25.281677	25.294250	25.305698	25.315994	25.325081	25.332947	25.339542	25.344851	25.348846	25.351522	25.352859	25.352861	25.351522	25.348846	25.344852	25.339542	25.332949	25.325085	25.315998	25.305700	25.294252	25.281681	25.268049	25.253389	25.237783	25.221264	25.203918	25.185787	25.166962	25.147501	25.127483	25.106981	25.086075	25.064842	25.043367	25.021723	
25.024590	25.049088	25.073399	25.097427	25.121094	25.144299	25.166962	25.188988	25.210302	25.230816	25.250462	25.269150	25.286825	25.303406	25.318846	25.333067	25.346035	25.357677	25.367977	25.376869	25.384338	25.390343	25.394871	25.397894	25.399414	25.399414	25.397898	25.394873	25.390345	25.384342	25.376869	25.367981	25.357679	25.346035	25.333069	25.318848	25.303406	25.286827	25.269148	25.250462	25.230816	25.210304	25.188988	25.166962	25.144300	25.121096	25.097431	25.073399	25.049086	25.024590	
25.027363	25.054623	25.081673	25.108418	25.134747	25.160574	25.185787	25.210300	25.234015	25.256847	25.278698	25.299503	25.319164	25.337626	25.354795	25.370632	25.385048	25.398018	25.409466	25.419371	25.427673	25.434362	25.439396	25.442766	25.444452	25.444454	25.442768	25.439398	25.434368	25.427677	25.419373	25.409470	25.398022	25.385052	25.370632	25.354797	25.337627	25.319164	25.299503	25.278700	25.256847	25.234013	25.210300	25.185787	25.160572	25.134748	25.108418	25.081673	25.054623	25.027363	
25.030033	25.059952	25.089642	25.118990	25.147896	25.176235	25.203913	25.230812	25.256847	25.281897	25.305891	25.328716	25.350304	25.370554	25.389412	25.406780	25.422617	25.436838	25.449413	25.460278	25.469398	25.476732	25.482262	25.485958	25.487810	25.487810	25.485958	25.482265	25.476734	25.469402	25.460276	25.449419	25.436842	25.422619	25.406784	25.389412	25.370556	25.350307	25.328716	25.305893	25.281898	25.256847	25.230812	25.203915	25.176235	25.147896	25.118992	25.089643	25.059948	25.030033	
25.032589	25.065052	25.097267	25.129118	25.160477	25.191235	25.221260	25.250456	25.278696	25.305889	25.331917	25.356693	25.380106	25.402094	25.422539	25.441401	25.458572	25.474018	25.487650	25.499445	25.509336	25.517302	25.523298	25.527309	25.529320	25.529318	25.527309	25.523300	25.517307	25.509338	25.499451	25.487652	25.474018	25.458572	25.441402	25.422543	25.402094	25.380108	25.356693	25.331915	25.305889	25.278698	25.250458	25.221260	25.191235	25.160477	25.129120	25.097267	25.065052	25.032585	
25.035019	25.069904	25.104530	25.138754	25.172457	25.205502	25.237778	25.269142	25.299500	25.328712	25.356691	25.383307	25.408482	25.432091	25.454082	25.474333	25.492802	25.509384	25.524048	25.536713	25.547352	25.555904	25.562353	25.566662	25.568821	25.568823	25.566664	25.562357	25.555908	25.547356	25.536716	25.524052	25.509388	25.492804	25.474335	25.454082	25.432095	25.408482	25.383305	25.356689	25.328712	25.299501	25.269142	25.237778	25.205503	25.172459	25.138752	25.104530	25.069904	25.035019	
25.037319	25.074497	25.111389	25.147865	25.183779	25.218998	25.253386	25.286821	25.319159	25.350300	25.380104	25.408478	25.435291	25.460472	25.483887	25.505484	25.525148	25.542835	25.558453	25.571957	25.583284	25.592407	25.599274	25.603868	25.606169	25.606167	25.603870	25.599274	25.592409	25.583288	25.571960	25.558453	25.542837	25.525152	25.505486	25.483887	25.460472	25.435293	25.408478	25.380102	25.350300	25.319159	25.286819	25.253384	25.218998	25.183777	25.147865	25.111389	25.074497	25.037317	
25.039478	25.078800	25.117832	25.156412	25.194407	25.231659	25.268040	25.303398	25.337620	25.370548	25.402088	25.432089	25.460468	25.487087	25.511871	25.534702	25.555519	25.574217	25.590746	25.605022	25.617016	25.626656	25.633926	25.638783	25.641218	25.641220	25.638783	25.633928	25.626657	25.617018	25.605026	25.590748	25.574219	25.555521	25.534706	25.511875	25.487087	25.460468	25.432091	25.402088	25.370548	25.337618	25.303400	25.268042	25.231659	25.194407	25.156414	25.117832	25.078800	25.039476	
25.041485	25.082813	25.123823	25.164371	25.204292	25.243446	25.281670	25.318840	25.354786	25.389404	25.422535	25.454077	25.483883	25.511869	25.537903	25.561909	25.583771	25.603432	25.620792	25.635805	25.648399	25.658539	25.666170	25.671278	25.673838	25.673836	25.671280	25.666172	25.658539	25.648399	25.635807	25.620794	25.603432	25.583775	25.561911	25.537903	25.511871	25.483885	25.454079	25.422535	25.389406	25.354790	25.318840	25.281672	25.243446	25.204292	25.164371	25.123823	25.082813	25.041485	
25.043335	25.086506	25.129353	25.171703	25.213411	25.254303	25.294243	25.333057	25.370621	25.406773	25.441391	25.474329	25.505478	25.534702	25.561909	25.586971	25.609821	25.630348	25.648493	25.664167	25.677330	25.687914	25.695894	25.701227	25.703899	25.703901	25.701225	25.695894	25.687914	25.677332	25.664169	25.648495	25.630350	25.609821	25.586975	25.561909	25.534702	25.505478	25.474329	25.441397	25.406773	25.370623	25.333059	25.294243	25.254305	25.213409	25.171703	25.129351	25.086506	25.043335	
25.045021	25.089874	25.134384	25.178391	25.221712	25.264206	25.305691	25.346024	25.385040	25.422607	25.458565	25.492794	25.525143	25.555515	25.583771	25.609821	25.633549	25.654884	25.673725	25.690018	25.703684	25.714687	25.722973	25.728516	25.731293	25.731293	25.728518	25.722973	25.714691	25.703686	25.690020	25.673725	25.654886	25.633549	25.609821	25.583771	25.555517	25.525146	25.492796	25.458567	25.422607	25.385042	25.346024	25.305691	25.264204	25.221712	25.178387	25.134382	25.089872	25.045021	
25.046535	25.092897	25.138910	25.184391	25.229179	25.273096	25.315985	25.357670	25.398006	25.436829	25.474007	25.509377	25.542830	25.574211	25.603428	25.630344	25.654882	25.676926	25.696411	25.713243	25.727377	25.738747	25.747314	25.753040	25.755911	25.755913	25.753040	25.747314	25.738747	25.727379	25.713245	25.696411	25.676926	25.654884	25.630344	25.603430	25.574211	25.542830	25.509377	25.474010	25.436832	25.398008	25.357672	25.315987	25.273094	25.229179	25.184391	25.138908	25.092897	25.046537	
25.047874	25.095572	25.142904	25.189701	25.235771	25.280956	25.325073	25.367966	25.409454	25.449402	25.487642	25.524040	25.558443	25.590740	25.620785	25.648487	25.673721	25.696409	25.716444	25.733768	25.748306	25.760004	25.768814	25.774712	25.777660	25.777660	25.774712	25.768814	25.760006	25.748306	25.733770	25.716448	25.696407	25.673721	25.648489	25.620787	25.590740	25.558445	25.524040	25.487644	25.449406	25.409458	25.367966	25.325073	25.280956	25.235771	25.189697	25.142906	25.095572	25.047874	
25.049034	25.097881	25.146362	25.194283	25.241474	25.287746	25.332935	25.376858	25.419359	25.460262	25.499434	25.536705	25.571949	25.605017	25.635799	25.664160	25.690014	25.713242	25.733770	25.751507	25.766399	25.778374	25.787403	25.793438	25.796463	25.796463	25.793438	25.787405	25.778374	25.766399	25.751509	25.733768	25.713242	25.690014	25.664162	25.635799	25.605019	25.571949	25.536707	25.499435	25.460266	25.419361	25.376858	25.332935	25.287746	25.241474	25.194283	25.146360	25.097881	25.049034	
25.050003	25.099821	25.149260	25.198133	25.246256	25.293449	25.339527	25.384327	25.427662	25.469387	25.509325	25.547340	25.583275	25.617004	25.648388	25.677322	25.703678	25.727375	25.748302	25.766396	25.781578	25.793797	25.802998	25.809156	25.812241	25.812239	25.809156	25.802999	25.793798	25.781578	25.766396	25.748302	25.727375	25.703678	25.677324	25.648392	25.617008	25.583277	25.547340	25.509327	25.469387	25.427664	25.384327	25.339529	25.293449	25.246258	25.198133	25.149258	25.099821	25.050003	
25.050789	25.101381	25.151592	25.201229	25.250105	25.298035	25.344837	25.390329	25.434349	25.476719	25.517288	25.555893	25.592392	25.626644	25.658527	25.687904	25.714680	25.738739	25.760000	25.778374	25.793797	25.806202	25.815552	25.821804	25.824936	25.824936	25.821802	25.815552	25.806202	25.793797	25.778374	25.760002	25.738739	25.714682	25.687908	25.658531	25.626648	25.592398	25.555895	25.517290	25.476721	25.434351	25.390331	25.344837	25.298035	25.250107	25.201229	25.151592	25.101381	25.050787	
25.051376	25.102556	25.153351	25.203562	25.253006	25.301491	25.348833	25.394855	25.439383	25.482246	25.523285	25.562340	25.599260	25.633913	25.666161	25.695881	25.722963	25.747305	25.768810	25.787395	25.802998	25.815550	25.825005	25.831333	25.834499	25.834499	25.831331	25.825006	25.815552	25.802998	25.787399	25.768810	25.747309	25.722965	25.695885	25.666161	25.633915	25.599264	25.562344	25.523289	25.482252	25.439386	25.394859	25.348835	25.301493	25.253006	25.203564	25.153351	25.102558	25.051376	
25.051767	25.103344	25.154526	25.205124	25.254944	25.303801	25.351509	25.397884	25.442753	25.485945	25.527296	25.566647	25.603855	25.638771	25.671265	25.701214	25.728506	25.753033	25.774700	25.793432	25.809151	25.821800	25.831329	25.837704	25.840897	25.840897	25.837704	25.831329	25.821802	25.809155	25.793434	25.774704	25.753033	25.728510	25.701218	25.671270	25.638775	25.603859	25.566650	25.527300	25.485949	25.442757	25.397884	25.351511	25.303802	25.254946	25.205124	25.154526	25.103344	25.051769	
25.051964	25.103737	25.155113	25.205904	25.255917	25.304958	25.352848	25.399399	25.444439	25.487795	25.529305	25.568808	25.606155	25.641205	25.673824	25.703888	25.731281	25.755901	25.777657	25.796455	25.812235	25.824932	25.834496	25.840895	25.844101	25.844101	25.840895	25.834499	25.824934	25.812237	25.796459	25.777657	25.755903	25.731285	25.703892	25.673828	25.641211	25.606159	25.568813	25.529308	25.487801	25.444443	25.399405	25.352850	25.304962	25.255919	25.205906	25.155115	25.103737	25.051968	
25.051964	25.103737	25.155113	25.205904	25.255917	25.304958	25.352848	25.399399	25.444439	25.487795	25.529305	25.568808	25.606155	25.641205	25.673824	25.703888	25.731281	25.755901	25.777657	25.796455	25.812235	25.824932	25.834496	25.840895	25.844101	25.844101	25.840895	25.834499	25.824934	25.812237	25.796459	25.777657	25.755903	25.731285	25.703892	25.673828	25.641211	25.606159	25.568813	25.529308	25.487801	25.444443	25.399405	25.352850	25.304962	25.255919	25.205906	25.155115	25.103737	25.051968	
25.051767	25.103344	25.154526	25.205124	25.254944	25.303801	25.351509	25.397884	25.442753	25.485945	25.527296	25.566647	25.603855	25.638771	25.671265	25.701214	25.728506	25.753033	25.774700	25.793432	25.809151	25.821800	25.831329	25.837704	25.840897	25.840897	25.837704	25.831329	25.821802	25.809155	25.793434	25.774704	25.753033	25.728510	25.701218	25.671270	25.638775	25.603859	25.566650	25.527300	25.485949	25.442757	25.397884	25.351511	25.303802	25.254946	25.205124	25.154526	25.103344	25.051769	
25.051376	25.102556	25.153351	25.203562	25.253006	25.301491	25.348833	25.394855	25.439383	25.482246	25.523285	25.562340	25.599260	25.633913	25.666161	25.695881	25.722963	25.747305	25.768810	25.787395	25.802998	25.815550	25.825005	25.831333	25.834499	25.834499	25.831331	25.825006	25.815552	25.802998	25.787399	25.768810	25.747309	25.722965	25.695885	25.666161	25.633915	25.599264	25.562344	25.523289	25.482252	25.439386	25.394859	25.348835	25.301493	25.253006	25.203564	25.153351	25.102558	25.051376	
25.050789	25.101381	25.151592	25.201229	25.250105	25.298035	25.344837	25.390329	25.434349	25.476719	25.517288	25.555893	25.592392	25.626644	25.658527	25.687904	25.714680	25.738739	25.760000	25.778374	25.793797	25.806202	25.815552	25.821804	25.824936	25.824936	25.821802	25.815552	25.806202	25.793797	25.778374	25.760002	25.738739	25.714682	25.687908	25.658531	25.626648	25.592398	25.555895	25.517290	25.476721	25.434351	25.390331	25.344837	25.298035	25.250107	25.201229	25.151592	25.101381	25.050787	
25.050003	25.099821	25.149260	25.198133	25.246256	25.293449	25.339527	25.384327	25.427662	25.469387	25.509325	25.547340	25.583275	25.617004	25.648388	25.677322	25.703678	25.727375	25.748302	25.766396	25.781578	25.793797	25.802998	25.809156	25.812241	25.812239	25.809156	25.802999	25.793798	25.781578	25.766396	25.748302	25.727375	25.703678	25.677324	25.648392	25.617008	25.583277	25.547340	25.509327	25.469387	25.427664	25.384327	25.339529	25.293449	25.246258	25.198133	25.149258	25.099821	25.050003	
25.049034	25.097881	25.146362	25.194283	25.241474	25.287746	25.332935	25.376858	25.419359	25.460262	25.499434	25.536705	25.571949	25.605017	25.635799	25.664160	25.690014	25.713242	25.733770	25.751507	25.766399	25.778374	25.787403	25.793438	25.796463	25.796463	25.793438	25.787405	25.778374	25.766399	25.751509	25.733768	25.713242	25.690014	25.664162	25.635799	25.605019	25.571949	25.536707	25.499435	25.460266	25.419361	25.376858	25.332935	25.287746	25.241474	25.194283	25.146360	25.097881	25.049034	
25.047874	25.095572	25.142904	25.189701	25.235771	25.280956	25.325073	25.367966	25.409454	25.449402	25.487642	25.524040	25.558443	25.590740	25.620785	25.648487	25.673721	25.696409	25.716444	25.733768	25.748306	25.760004	25.768814	25.774712	25.777660	25.777660	25.774712	25.768814	25.760006	25.748306	25.733770	25.716448	25.696407	25.673721	25.648489	25.620787	25.590740	25.558445	25.524040	25.487644	25.449406	25.409458	25.367966	25.325073	25.280956	25.235771	25.189697	25.142906	25.095572	25.047874	
25.046535	25.092897	25.138910	25.184391	25.229179	25.273096	25.315985	25.357670	25.398006	25.436829	25.474007	25.509377	25.542830	25.574211	25.603428	25.630344	25.654882	25.676926	25.696411	25.713243	25.727377	25.738747	25.747314	25.753040	25.755911	25.755913	25.753040	25.747314	25.738747	25.727379	25.713245	25.696411	25.676926	25.654884	25.630344	25.603430	25.574211	25.542830	25.509377	25.474010	25.436832	25.398008	25.357672	25.315987	25.273094	25.229179	25.184391	25.138908	25.092897	25.046537	
25.045021	25.089874	25.134384	25.178391	25.221712	25.264206	25.305691	25.346024	25.385040	25.422607	25.458565	25.492794	25.525143	25.555515	25.583771	25.609821	25.633549	25.654884	25.673725	25.690018	25.703684	25.714687	25.722973	25.728516	25.731293	25.731293	25.728518	25.722973	25.714691	25.703686	25.690020	25.673725	25.654886	25.633549	25.609821	25.583771	25.555517	25.525146	25.492796	25.458567	25.422607	25.385042	25.346024	25.305691	25.264204	25.221712	25.178387	25.134382	25.089872	25.045021	
25.043335	25.086506	25.129353	25.171703	25.213411	25.254303	25.294243	25.333057	25.370621	25.406773	25.441391	25.474329	25.505478	25.534702	25.561909	25.586971	25.609821	25.630348	25.648493	25.664167	25.677330	25.687914	25.695894	25.701227	25.703899	25.703901	25.701225	25.695894	25.687914	25.677332	25.664169	25.648495	25.630350	25.609821	25.586975	25.561909	25.534702	25.505478	25.474329	25.441397	25.406773	25.370623	25.333059	25.294243	25.254305	25.213409	25.171703	25.129351	25.086506	25.043335	
25.041485	25.082813	25.123823	25.164371	25.204292	25.243446	25.281670	25.318840	25.354786	25.389404	25.422535	25.454077	25.483883	25.511869	25.537903	25.561909	25.583771	25.603432	25.620792	25.635805	25.648399	25.658539	25.666170	25.671278	25.673838	25.673836	25.671280	25.666172	25.658539	25.648399	25.635807	25.620794	25.603432	25.583775	25.561911	25.537903	25.511871	25.483885	25.454079	25.422535	25.389406	25.354790	25.318840	25.281672	25.243446	25.204292	25.164371	25.123823	25.082813	25.041485	
25.039478	25.078800	25.117832	25.156412	25.194407	25.231659	25.268040	25.303398	25.337620	25.370548	25.402088	25.432089	25.460468	25.487087	25.511871	25.534702	25.555519	25.574217	25.590746	25.605022	25.617016	25.626656	25.633926	25.638783	25.641218	25.641220	25.638783	25.633928	25.626657	25.617018	25.605026	25.590748	25.574219	25.555521	25.534706	25.511875	25.487087	25.460468	25.432091	25.402088	25.370548	25.337618	25.303400	25.268042	25.231659	25.194407	25.156414	25.117832	25.078800	25.039476	
25.037319	25.074497	25.111389	25.147865	25.183779	25.218998	25.253386	25.286821	25.319159	25.350300	25.380104	25.408478	25.435291	25.460472	25.483887	25.505484	25.525148	25.542835	25.558453	25.571957	25.583284	25.592407	25.599274	25.603868	25.606169	25.606167	25.603870	25.599274	25.592409	25.583288	25.571960	25.558453	25.542837	25.525152	25.505486	25.483887	25.460472	25.435293	25.408478	25.380102	25.350300	25.319159	25.286819	25.253384	25.218998	25.183777	25.147865	25.111389	25.074497	25.037317	
25.035019	25.069904	25.104530	25.138754	25.172457	25.205502	25.237778	25.269142	25.299500	25.328712	25.356691	25.383307	25.408482	25.432091	25.454082	25.474333	25.492802	25.509384	25.524048	25.536713	25.547352	25.555904	25.562353	25.566662	25.568821	25.568823	25.566664	25.562357	25.555908	25.547356	25.536716	25.524052	25.509388	25.492804	25.474335	25.454082	25.432095	25.408482	25.383305	25.356689	25.328712	25.299501	25.269142	25.237778	25.205503	25.172459	25.138752	25.104530	25.069904	25.035019	
25.032589	25.065052	25.097267	25.129118	25.160477	25.191235	25.221260	25.250456	25.278696	25.305889	25.331917	25.356693	25.380106	25.402094	25.422539	25.441401	25.458572	25.474018	25.487650	25.499445	25.509336	25.517302	25.523298	25.527309	25.529320	25.529318	25.527309	25.523300	25.517307	25.509338	25.499451	25.487652	25.474018	25.458572	25.441402	25.422543	25.402094	25.380108	25.356693	25.331915	25.305889	25.278698	25.250458	25.221260	25.191235	25.160477	25.129120	25.097267	25.065052	25.032585	
25.030033	25.059952	25.089642	25.118990	25.147896	25.176235	25.203913	25.230812	25.256847	25.281897	25.305891	25.328716	25.350304	25.370554	25.389412	25.406780	25.422617	25.436838	25.449413	25.460278	25.469398	25.476732	25.482262	25.485958	25.487810	25.487810	25.485958	25.482265	25.476734	25.469402	25.460276	25.449419	25.436842	25.422619	25.406784	25.389412	25.370556	25.350307	25.328716	25.305893	25.281898	25.256847	25.230812	25.203915	25.176235	25.147896	25.118992	25.089643	25.059948	25.030033	
25.027363	25.054623	25.081673	25.108418	25.134747	25.160574	25.185787	25.210300	25.234015	25.256847	25.278698	25.299503	25.319164	25.337626	25.354795	25.370632	25.385048	25.398018	25.409466	25.419371	25.427673	25.434362	25.439396	25.442766	25.444452	25.444454	25.442768	25.439398	25.434368	25.427677	25.419373	25.409470	25.398022	25.385052	25.370632	25.354797	25.337627	25.319164	25.299503	25.278700	25.256847	25.234013	25.210300	25.185787	25.160572	25.134748	25.108418	25.081673	25.054623	25.027363	
25.024590	25.049088	25.073399	25.097427	25.121094	25.144299	25.166962	25.188988	25.210302	25.230816	25.250462	25.269150	25.286825	25.303406	25.318846	25.333067	25.346035	25.357677	25.367977	25.376869	25.384338	25.390343	25.394871	25.397894	25.399414	25.399414	25.397898	25.394873	25.390345	25.384342	25.376869	25.367981	25.357679	25.346035	25.333069	25.318848	25.303406	25.286827	25.269148	25.250462	25.230816	25.210304	25.188988	25.166962	25.144300	25.121096	25.097431	25.073399	25.049086	25.024590	
25.021723	25.043365	25.064842	25.086075	25.106979	25.127483	25.147497	25.166962	25.185787	25.203915	25.221264	25.237782	25.253391	25.268047	25.281677	25.294250	25.305698	25.315994	25.325081	25.332947	25.339542	25.344851	25.348846	25.351522	25.352859	25.352861	25.351522	25.348846	25.344852	25.339542	25.332949	25.325085	25.315998	25.305700	25.294252	25.281681	25.268049	25.253389	25.237783	25.221264	25.203918	25.185787	25.166962	25.147501	25.127483	25.106981	25.086075	25.064842	25.043367	25.021723	
25.018776	25.037479	25.056042	25.074390	25.092461	25.110178	25.127483	25.144299	25.160576	25.176237	25.191238	25.205505	25.219006	25.231665	25.243454	25.254311	25.264214	25.273102	25.280968	25.287756	25.293461	25.298046	25.301506	25.303812	25.304972	25.304972	25.303814	25.301504	25.298046	25.293465	25.287758	25.280970	25.273106	25.264217	25.254314	25.243456	25.231667	25.219006	25.205507	25.191238	25.176239	25.160578	25.144300	25.127483	25.110180	25.092461	25.074394	25.056044	25.037479	25.018776	
25.015755	25.031452	25.047029	25.062428	25.077591	25.092463	25.106979	25.121098	25.134750	25.147900	25.160479	25.172462	25.183781	25.194412	25.204300	25.213419	25.221718	25.229189	25.235779	25.241484	25.246265	25.250118	25.253016	25.254957	25.255928	25.255928	25.254959	25.253017	25.250118	25.246269	25.241488	25.235783	25.229191	25.221722	25.213421	25.204300	25.194414	25.183784	25.172462	25.160480	25.147900	25.134750	25.121098	25.106979	25.092461	25.077595	25.062431	25.047031	25.031452	25.015755	
25.012676	25.025307	25.037840	25.050228	25.062429	25.074390	25.086075	25.097431	25.108419	25.118994	25.129124	25.138756	25.147871	25.156418	25.164379	25.171711	25.178394	25.184397	25.189709	25.194290	25.198141	25.201241	25.203571	25.205133	25.205915	25.205917	25.205132	25.203573	25.201239	25.198143	25.194294	25.189709	25.184401	25.178398	25.171711	25.164379	25.156418	25.147871	25.138756	25.129124	25.118996	25.108421	25.097431	25.086075	25.074394	25.062431	25.050230	25.037840	25.025307	25.012676	
25.009552	25.019066	25.028505	25.037838	25.047031	25.056042	25.064844	25.073399	25.081675	25.089645	25.097269	25.104534	25.111393	25.117836	25.123829	25.129356	25.134388	25.138916	25.142910	25.146366	25.149265	25.151598	25.153358	25.154533	25.155123	25.155123	25.154535	25.153357	25.151602	25.149267	25.146370	25.142914	25.138916	25.134390	25.129358	25.123829	25.117836	25.111393	25.104530	25.097271	25.089645	25.081673	25.073399	25.064842	25.056044	25.047029	25.037842	25.028507	25.019066	25.009550	
25.006386	25.012749	25.019064	25.025307	25.031452	25.037479	25.043365	25.049086	25.054623	25.059952	25.065052	25.069906	25.074499	25.078804	25.082817	25.086510	25.089878	25.092901	25.095577	25.097885	25.099825	25.101387	25.102562	25.103348	25.103741	25.103745	25.103348	25.102562	25.101385	25.099829	25.097889	25.095577	25.092903	25.089878	25.086508	25.082817	25.078806	25.074497	25.069908	25.065052	25.059950	25.054623	25.049086	25.043367	25.037479	25.031452	25.025307	25.019066	25.012751	25.006388	
25.003201	25.006386	25.009550	25.012676	25.015755	25.018776	25.021723	25.024590	25.027363	25.030033	25.032587	25.035021	25.037319	25.039478	25.041485	25.043339	25.045025	25.046539	25.047878	25.049036	25.050007	25.050789	25.051378	25.051769	25.051970	25.051970	25.051773	25.051376	25.050791	25.050007	25.049038	25.047880	25.046539	25.045023	25.043339	25.041485	25.039478	25.037319	25.035019	25.032589	25.030033	25.027363	25.024591	25.021725	25.018776	25.015755	25.012676	25.009550	25.006386	25.003201	
