25.000000	25.000000	25.000000	25.000000	25.000000	25.000000	25.000000	25.000000	25.000000	25.000000	25.000000	25.000000	25.000000	25.000000	25.000000	25.000000	25.000002	25.000004	25.000008	25.000010	25.000017	25.000017	25.000023	25.000023	25.000023	25.000023	25.000023	25.000019	25.000017	25.000017	25.000011	25.000008	25.000004	25.000002	25.000000	25.000000	25.000000	25.000000	25.000000	25.000000	25.000000	25.000000	25.000000	25.000000	25.000000	25.000000	25.000000	25.000000	25.000000	25.000000	
25.000000	25.000000	25.000000	25.000000	25.000000	25.000000	25.000000	25.000000	25.000000	25.000000	25.000000	25.000000	25.000000	25.000002	25.000004	25.000010	25.000015	25.000025	25.000032	25.000051	25.000057	25.000078	25.000082	25.000092	25.000092	25.000093	25.000092	25.000080	25.000076	25.000057	25.000051	25.000031	25.000025	25.000011	25.000010	25.000004	25.000002	25.000000	25.000000	25.000000	25.000000	25.000000	25.000000	25.000000	25.000000	25.000000	25.000000	25.000000	25.000000	25.000000	
25.000000	25.000000	25.000000	25.000000	25.000000	25.000000	25.000000	25.000000	25.000000	25.000000	25.000000	25.000000	25.000006	25.000011	25.000023	25.000032	25.000067	25.000082	25.000137	25.000158	25.000225	25.000244	25.000296	25.000309	25.000326	25.000326	25.000309	25.000296	25.000244	25.000223	25.000158	25.000137	25.000080	25.000065	25.000031	25.000025	25.000008	25.000006	25.000002	25.000002	25.000000	25.000000	25.000000	25.000000	25.000000	25.000000	25.000000	25.000000	25.000000	25.000000	
25.000000	25.000000	25.000000	25.000000	25.000000	25.000000	25.000000	25.000000	25.000000	25.000000	25.000004	25.000011	25.000017	25.000046	25.000063	25.000141	25.000179	25.000322	25.000380	25.000576	25.000641	25.000832	25.000883	25.000996	25.001019	25.001019	25.000998	25.000881	25.000830	25.000641	25.000576	25.000381	25.000322	25.000175	25.000141	25.000063	25.000048	25.000015	25.000011	25.000004	25.000002	25.000000	25.000000	25.000000	25.000000	25.000000	25.000000	25.000000	25.000000	25.000000	
25.000000	25.000000	25.000000	25.000000	25.000000	25.000000	25.000000	25.000000	25.000004	25.000004	25.000017	25.000023	25.000078	25.000109	25.000263	25.000341	25.000664	25.000811	25.001308	25.001503	25.002071	25.002258	25.002708	25.002821	25.002991	25.002991	25.002823	25.002705	25.002260	25.002069	25.001503	25.001308	25.000809	25.000664	25.000340	25.000263	25.000109	25.000078	25.000027	25.000015	25.000004	25.000004	25.000000	25.000000	25.000000	25.000000	25.000000	25.000000	25.000000	25.000000	
25.000000	25.000000	25.000000	25.000000	25.000000	25.000000	25.000000	25.000004	25.000006	25.000023	25.000036	25.000116	25.000170	25.000433	25.000587	25.001217	25.001537	25.002649	25.003147	25.004608	25.005173	25.006573	25.007019	25.007872	25.008043	25.008041	25.007872	25.007023	25.006573	25.005175	25.004608	25.003147	25.002647	25.001535	25.001213	25.000586	25.000433	25.000170	25.000114	25.000034	25.000023	25.000006	25.000004	25.000000	25.000000	25.000000	25.000000	25.000000	25.000000	25.000000	
25.000000	25.000000	25.000000	25.000000	25.000000	25.000000	25.000002	25.000008	25.000029	25.000046	25.000154	25.000235	25.000637	25.000900	25.001984	25.002611	25.004787	25.005898	25.009174	25.010635	25.014309	25.015707	25.018604	25.019455	25.020550	25.020550	25.019455	25.018604	25.015709	25.014311	25.010635	25.009174	25.005898	25.004787	25.002611	25.001982	25.000900	25.000637	25.000237	25.000153	25.000046	25.000027	25.000006	25.000002	25.000000	25.000000	25.000000	25.000000	25.000000	25.000000	
25.000000	25.000000	25.000000	25.000000	25.000000	25.000000	25.000004	25.000029	25.000050	25.000183	25.000290	25.000837	25.001240	25.002899	25.003979	25.007746	25.009922	25.016371	25.019650	25.027985	25.031662	25.039585	25.042479	25.047295	25.048389	25.048389	25.047295	25.042480	25.039585	25.031660	25.027987	25.019648	25.016373	25.009922	25.007746	25.003981	25.002897	25.001240	25.000837	25.000290	25.000179	25.000050	25.000027	25.000004	25.000002	25.000000	25.000000	25.000000	25.000000	25.000000	
25.000000	25.000000	25.000000	25.000000	25.000000	25.000004	25.000027	25.000050	25.000193	25.000324	25.000986	25.001534	25.003794	25.005455	25.011244	25.015007	25.026236	25.032686	25.049240	25.057577	25.075954	25.083876	25.098310	25.103127	25.108580	25.108580	25.103125	25.098312	25.083876	25.075951	25.057575	25.049240	25.032684	25.026236	25.015011	25.011244	25.005451	25.003794	25.001532	25.000984	25.000324	25.000191	25.000050	25.000023	25.000004	25.000002	25.000000	25.000000	25.000000	25.000000	
25.000000	25.000000	25.000000	25.000000	25.000004	25.000023	25.000046	25.000179	25.000324	25.001040	25.001703	25.004457	25.006721	25.014656	25.020449	25.037802	25.049028	25.078039	25.094593	25.131578	25.149954	25.184902	25.199337	25.220547	25.226002	25.226002	25.220547	25.199335	25.184902	25.149952	25.131578	25.094593	25.078037	25.049028	25.037800	25.020447	25.014654	25.006721	25.004457	25.001701	25.001041	25.000322	25.000181	25.000044	25.000023	25.000004	25.000000	25.000000	25.000000	25.000000	
25.000000	25.000000	25.000000	25.000002	25.000015	25.000034	25.000154	25.000294	25.000984	25.001703	25.004704	25.007460	25.017178	25.025112	25.049030	25.066385	25.111526	25.140537	25.206009	25.242996	25.315058	25.350006	25.406454	25.427666	25.448990	25.448990	25.427662	25.406454	25.350006	25.315058	25.242994	25.206009	25.140537	25.111526	25.066387	25.049030	25.025112	25.017174	25.007458	25.004702	25.001701	25.000984	25.000290	25.000154	25.000036	25.000015	25.000002	25.000000	25.000000	25.000000	
25.000000	25.000000	25.000000	25.000010	25.000025	25.000116	25.000237	25.000837	25.001532	25.004459	25.007458	25.018108	25.027824	25.057293	25.081211	25.143839	25.188978	25.291721	25.357195	25.486778	25.558842	25.680702	25.737148	25.811020	25.832344	25.832344	25.811018	25.737148	25.680702	25.558842	25.486778	25.357195	25.291723	25.188980	25.143837	25.081211	25.057293	25.027824	25.018108	25.007460	25.004457	25.001530	25.000835	25.000233	25.000114	25.000023	25.000010	25.000000	25.000000	25.000000	
25.000000	25.000000	25.000006	25.000017	25.000078	25.000172	25.000637	25.001240	25.003794	25.006721	25.017178	25.027826	25.060345	25.089809	25.167522	25.230148	25.373856	25.476597	25.682394	25.811979	26.036999	26.158857	26.334688	26.408554	26.474957	26.474957	26.408558	26.334686	26.158861	26.036999	25.811977	25.682396	25.476597	25.373856	25.230148	25.167522	25.089811	25.060343	25.027826	25.017176	25.006720	25.003792	25.001236	25.000633	25.000170	25.000078	25.000015	25.000006	25.000000	25.000000	
25.000000	25.000002	25.000010	25.000046	25.000111	25.000435	25.000900	25.002897	25.005453	25.014656	25.025112	25.057297	25.089811	25.176245	25.253954	25.433781	25.577486	25.868353	26.074148	26.437988	26.663008	27.003868	27.179695	27.386089	27.452492	27.452492	27.386089	27.179695	27.003868	26.663008	26.437988	26.074148	25.868355	25.577484	25.433777	25.253954	25.176247	25.089813	25.057293	25.025112	25.014656	25.005453	25.002895	25.000898	25.000431	25.000109	25.000048	25.000010	25.000004	25.000000	
25.000000	25.000004	25.000023	25.000063	25.000263	25.000587	25.001984	25.003983	25.011242	25.020447	25.049030	25.081213	25.167522	25.253956	25.455803	25.635628	26.003326	26.294193	26.815788	27.179625	27.747072	28.087929	28.530457	28.736847	28.903896	28.903894	28.736847	28.530453	28.087931	27.747068	27.179626	26.815786	26.294191	26.003326	25.635624	25.455803	25.253956	25.167519	25.081213	25.049030	25.020447	25.011244	25.003981	25.001982	25.000584	25.000263	25.000065	25.000023	25.000004	25.000000	
25.000000	25.000011	25.000031	25.000141	25.000343	25.001217	25.002613	25.007748	25.015009	25.037800	25.066385	25.143841	25.230148	25.433779	25.635626	26.052807	26.420507	27.088396	27.609987	28.440378	29.007820	29.783543	30.226067	30.695349	30.862396	30.862398	30.695347	30.226068	29.783539	29.007824	28.440378	27.609987	27.088394	26.420506	26.052807	25.635626	25.433779	25.230148	25.143837	25.066385	25.037802	25.015011	25.007748	25.002613	25.001213	25.000341	25.000141	25.000031	25.000011	25.000000	
25.000004	25.000011	25.000067	25.000177	25.000664	25.001535	25.004787	25.009922	25.026234	25.049030	25.111525	25.188980	25.373856	25.577484	26.003325	26.420509	27.188046	27.855932	28.937365	29.767754	30.939972	31.715691	32.628510	33.097786	33.442245	33.442245	33.097790	32.628506	31.715691	30.939968	29.767756	28.937365	27.855930	27.188046	26.420509	26.003326	25.577484	25.373854	25.188980	25.111526	25.049028	25.026236	25.009922	25.004786	25.001537	25.000664	25.000175	25.000069	25.000011	25.000004	
25.000004	25.000029	25.000080	25.000322	25.000809	25.002647	25.005898	25.016371	25.032686	25.078037	25.140537	25.291725	25.476599	25.868353	26.294193	27.088394	27.855930	29.118439	30.199867	31.762955	32.935173	34.392403	35.305222	36.186203	36.530663	36.530663	36.186203	35.305222	34.392403	32.935173	31.762955	30.199867	29.118435	27.855932	27.088396	26.294193	25.868351	25.476599	25.291721	25.140537	25.078041	25.032686	25.016373	25.005898	25.002647	25.000809	25.000322	25.000080	25.000027	25.000004	
25.000011	25.000032	25.000139	25.000381	25.001307	25.003145	25.009172	25.019650	25.049240	25.094593	25.206009	25.357193	25.682398	26.074146	26.815788	27.609987	28.937366	30.199867	32.061710	33.624798	35.638008	37.095245	38.661373	39.542355	40.133194	40.133194	39.542358	38.661373	37.095245	35.638012	33.624798	32.061714	30.199869	28.937365	27.609989	26.815784	26.074150	25.682394	25.357193	25.206009	25.094593	25.049240	25.019648	25.009174	25.003147	25.001308	25.000378	25.000137	25.000031	25.000010	
25.000011	25.000051	25.000160	25.000576	25.001505	25.004608	25.010635	25.027985	25.057575	25.131578	25.242992	25.486778	25.811977	26.437988	27.179626	28.440378	29.767754	31.762955	33.624802	36.088417	38.101631	40.395432	41.961555	43.347683	43.938519	43.938522	43.347679	41.961559	40.395432	38.101631	36.088417	33.624798	31.762955	29.767752	28.440376	27.179626	26.437988	25.811977	25.486778	25.242992	25.131580	25.057575	25.027988	25.010635	25.004608	25.001503	25.000576	25.000156	25.000051	25.000011	
25.000017	25.000057	25.000225	25.000641	25.002071	25.005175	25.014309	25.031662	25.075954	25.149956	25.315060	25.558842	26.036999	26.663008	27.747072	29.007822	30.939972	32.935177	35.638012	38.101631	41.019913	43.313709	45.582520	46.968643	47.824440	47.824440	46.968647	45.582520	43.313713	41.019913	38.101631	35.638016	32.935173	30.939972	29.007820	27.747070	26.663006	26.036999	25.558842	25.315058	25.149952	25.075954	25.031660	25.014313	25.005175	25.002071	25.000641	25.000225	25.000057	25.000015	
25.000017	25.000076	25.000242	25.000832	25.002260	25.006573	25.015709	25.039585	25.083876	25.184904	25.350006	25.680702	26.158859	27.003868	28.087929	29.783543	31.715691	34.392403	37.095245	40.395428	43.313713	46.384171	48.652977	50.507977	51.363770	51.363770	50.507973	48.652977	46.384171	43.313709	40.395432	37.095245	34.392406	31.715687	29.783543	28.087929	27.003868	26.158857	25.680702	25.350004	25.184902	25.083874	25.039585	25.015707	25.006573	25.002258	25.000830	25.000242	25.000076	25.000017	
25.000023	25.000080	25.000296	25.000881	25.002707	25.007019	25.018604	25.042482	25.098312	25.199337	25.406452	25.737148	26.334688	27.179697	28.530455	30.226067	32.628510	35.305222	38.661373	41.961559	45.582520	48.652977	51.467209	53.322208	54.383644	54.383644	53.322205	51.467209	48.652977	45.582520	41.961555	38.661373	35.305222	32.628510	30.226067	28.530457	27.179695	26.334688	25.737148	25.406452	25.199333	25.098312	25.042477	25.018604	25.007019	25.002705	25.000879	25.000296	25.000080	25.000021	
25.000023	25.000092	25.000305	25.000996	25.002821	25.007872	25.019455	25.047295	25.103127	25.220547	25.427664	25.811016	26.408556	27.386089	28.736849	30.695347	33.097790	36.186207	39.542355	43.347679	46.968647	50.507980	53.322208	55.460236	56.521675	56.521679	55.460236	53.322205	50.507980	46.968647	43.347683	39.542355	36.186207	33.097790	30.695349	28.736847	27.386089	26.408554	25.811016	25.427660	25.220545	25.103123	25.047295	25.019451	25.007870	25.002819	25.000996	25.000305	25.000092	25.000023	
25.000023	25.000093	25.000328	25.001017	25.002993	25.008041	25.020550	25.048389	25.108580	25.226000	25.448988	25.832344	26.474957	27.452492	28.903900	30.862400	33.442249	36.530663	40.133194	43.938522	47.824436	51.363770	54.383648	56.521683	57.660656	57.660656	56.521675	54.383644	51.363770	47.824436	43.938522	40.133194	36.530663	33.442249	30.862398	28.903898	27.452490	26.474957	25.832342	25.448988	25.225998	25.108580	25.048388	25.020546	25.008038	25.002991	25.001015	25.000324	25.000093	25.000023	
25.000023	25.000093	25.000328	25.001017	25.002993	25.008041	25.020550	25.048389	25.108580	25.226000	25.448988	25.832344	26.474957	27.452492	28.903900	30.862400	33.442249	36.530663	40.133194	43.938522	47.824436	51.363770	54.383648	56.521683	57.660656	57.660656	56.521675	54.383644	51.363770	47.824436	43.938522	40.133194	36.530663	33.442249	30.862398	28.903898	27.452490	26.474957	25.832342	25.448988	25.225998	25.108580	25.048388	25.020546	25.008038	25.002991	25.001015	25.000324	25.000093	25.000023	
25.000023	25.000092	25.000305	25.000996	25.002821	25.007872	25.019455	25.047295	25.103127	25.220547	25.427664	25.811016	26.408556	27.386089	28.736849	30.695347	33.097790	36.186207	39.542355	43.347679	46.968647	50.507980	53.322208	55.460236	56.521675	56.521679	55.460236	53.322205	50.507980	46.968647	43.347683	39.542355	36.186207	33.097790	30.695349	28.736847	27.386089	26.408554	25.811016	25.427660	25.220545	25.103123	25.047295	25.019451	25.007870	25.002819	25.000996	25.000305	25.000092	25.000023	
25.000023	25.000080	25.000296	25.000881	25.002707	25.007019	25.018604	25.042482	25.098312	25.199337	25.406452	25.737148	26.334688	27.179697	28.530455	30.226067	32.628510	35.305222	38.661373	41.961559	45.582520	48.652977	51.467209	53.322208	54.383644	54.383644	53.322205	51.467209	48.652977	45.582520	41.961555	38.661373	35.305222	32.628510	30.226067	28.530457	27.179695	26.334688	25.737148	25.406452	25.199333	25.098312	25.042477	25.018604	25.007019	25.002705	25.000879	25.000296	25.000080	25.000021	
25.000017	25.000076	25.000242	25.000832	25.002260	25.006573	25.015709	25.039585	25.083876	25.184904	25.350006	25.680702	26.158859	27.003868	28.087929	29.783543	31.715691	34.392403	37.095245	40.395428	43.313713	46.384171	48.652977	50.507977	51.363770	51.363770	50.507973	48.652977	46.384171	43.313709	40.395432	37.095245	34.392406	31.715687	29.783543	28.087929	27.003868	26.158857	25.680702	25.350004	25.184902	25.083874	25.039585	25.015707	25.006573	25.002258	25.000830	25.000242	25.000076	25.000017	
25.000017	25.000057	25.000225	25.000641	25.002071	25.005175	25.014309	25.031662	25.075954	25.149956	25.315060	25.558842	26.036999	26.663008	27.747072	29.007822	30.939972	32.935177	35.638012	38.101631	41.019913	43.313709	45.582520	46.968643	47.824440	47.824440	46.968647	45.582520	43.313713	41.019913	38.101631	35.638016	32.935173	30.939972	29.007820	27.747070	26.663006	26.036999	25.558842	25.315058	25.149952	25.075954	25.031660	25.014313	25.005175	25.002071	25.000641	25.000225	25.000057	25.000015	
25.000011	25.000051	25.000160	25.000576	25.001505	25.004608	25.010635	25.027985	25.057575	25.131578	25.242992	25.486778	25.811977	26.437988	27.179626	28.440378	29.767754	31.762955	33.624802	36.088417	38.101631	40.395432	41.961555	43.347683	43.938519	43.938522	43.347679	41.961559	40.395432	38.101631	36.088417	33.624798	31.762955	29.767752	28.440376	27.179626	26.437988	25.811977	25.486778	25.242992	25.131580	25.057575	25.027988	25.010635	25.004608	25.001503	25.000576	25.000156	25.000051	25.000011	
25.000011	25.000032	25.000139	25.000381	25.001307	25.003145	25.009172	25.019650	25.049240	25.094593	25.206009	25.357193	25.682398	26.074146	26.815788	27.609987	28.937366	30.199867	32.061710	33.624798	35.638008	37.095245	38.661373	39.542355	40.133194	40.133194	39.542358	38.661373	37.095245	35.638012	33.624798	32.061714	30.199869	28.937365	27.609989	26.815784	26.074150	25.682394	25.357193	25.206009	25.094593	25.049240	25.019648	25.009174	25.003147	25.001308	25.000378	25.000137	25.000031	25.000010	
25.000004	25.000029	25.000080	25.000322	25.000809	25.002647	25.005898	25.016371	25.032686	25.078037	25.140537	25.291725	25.476599	25.868353	26.294193	27.088394	27.855930	29.118439	30.199867	31.762955	32.935173	34.392403	35.305222	36.186203	36.530663	36.530663	36.186203	35.305222	34.392403	32.935173	31.762955	30.199867	29.118435	27.855932	27.088396	26.294193	25.868351	25.476599	25.291721	25.140537	25.078041	25.032686	25.016373	25.005898	25.002647	25.000809	25.000322	25.000080	25.000027	25.000004	
25.000004	25.000011	25.000067	25.000177	25.000664	25.001535	25.004787	25.009922	25.026234	25.049030	25.111525	25.188980	25.373856	25.577484	26.003325	26.420509	27.188046	27.855932	28.937365	29.767754	30.939972	31.715691	32.628510	33.097786	33.442245	33.442245	33.097790	32.628506	31.715691	30.939968	29.767756	28.937365	27.855930	27.188046	26.420509	26.003326	25.577484	25.373854	25.188980	25.111526	25.049028	25.026236	25.009922	25.004786	25.001537	25.000664	25.000175	25.000069	25.000011	25.000004	
25.000000	25.000011	25.000031	25.000141	25.000343	25.001217	25.002613	25.007748	25.015009	25.037800	25.066385	25.143841	25.230148	25.433779	25.635626	26.052807	26.420507	27.088396	27.609987	28.440378	29.007820	29.783543	30.226067	30.695349	30.862396	30.862398	30.695347	30.226068	29.783539	29.007824	28.440378	27.609987	27.088394	26.420506	26.052807	25.635626	25.433779	25.230148	25.143837	25.066385	25.037802	25.015011	25.007748	25.002613	25.001213	25.000341	25.000141	25.000031	25.000011	25.000000	
25.000000	25.000004	25.000023	25.000063	25.000263	25.000587	25.001984	25.003983	25.011242	25.020447	25.049030	25.081213	25.167522	25.253956	25.455803	25.635628	26.003326	26.294193	26.815788	27.179625	27.747072	28.087929	28.530457	28.736847	28.903896	28.903894	28.736847	28.530453	28.087931	27.747068	27.179626	26.815786	26.294191	26.003326	25.635624	25.455803	25.253956	25.167519	25.081213	25.049030	25.020447	25.011244	25.003981	25.001982	25.000584	25.000263	25.000065	25.000023	25.000004	25.000000	
25.000000	25.000002	25.000010	25.000046	25.000111	25.000435	25.000900	25.002897	25.005453	25.014656	25.025112	25.057297	25.089811	25.176245	25.253954	25.433781	25.577486	25.868353	26.074148	26.437988	26.663008	27.003868	27.179695	27.386089	27.452492	27.452492	27.386089	27.179695	27.003868	26.663008	26.437988	26.074148	25.868355	25.577484	25.433777	25.253954	25.176247	25.089813	25.057293	25.025112	25.014656	25.005453	25.002895	25.000898	25.000431	25.000109	25.000048	25.000010	25.000004	25.000000	
25.000000	25.000000	25.000006	25.000017	25.000078	25.000172	25.000637	25.001240	25.003794	25.006721	25.017178	25.027826	25.060345	25.089809	25.167522	25.230148	25.373856	25.476597	25.682394	25.811979	26.036999	26.158857	26.334688	26.408554	26.474957	26.474957	26.408558	26.334686	26.158861	26.036999	25.811977	25.682396	25.476597	25.373856	25.230148	25.167522	25.089811	25.060343	25.027826	25.017176	25.006720	25.003792	25.001236	25.000633	25.000170	25.000078	25.000015	25.000006	25.000000	25.000000	
25.000000	25.000000	25.000000	25.000010	25.000025	25.000116	25.000237	25.000837	25.001532	25.004459	25.007458	25.018108	25.027824	25.057293	25.081211	25.143839	25.188978	25.291721	25.357195	25.486778	25.558842	25.680702	25.737148	25.811020	25.832344	25.832344	25.811018	25.737148	25.680702	25.558842	25.486778	25.357195	25.291723	25.188980	25.143837	25.081211	25.057293	25.027824	25.018108	25.007460	25.004457	25.001530	25.000835	25.000233	25.000114	25.000023	25.000010	25.000000	25.000000	25.000000	
25.000000	25.000000	25.000000	25.000002	25.000015	25.000034	25.000154	25.000294	25.000984	25.001703	25.004704	25.007460	25.017178	25.025112	25.049030	25.066385	25.111526	25.140537	25.206009	25.242996	25.315058	25.350006	25.406454	25.427666	25.448990	25.448990	25.427662	25.406454	25.350006	25.315058	25.242994	25.206009	25.140537	25.111526	25.066387	25.049030	25.025112	25.017174	25.007458	25.004702	25.001701	25.000984	25.000290	25.000154	25.000036	25.000015	25.000002	25.000000	25.000000	25.000000	
25.000000	25.000000	25.000000	25.000000	25.000004	25.000023	25.000046	25.000179	25.000324	25.001040	25.001703	25.004457	25.006721	25.014656	25.020449	25.037802	25.049028	25.078039	25.094593	25.131578	25.149954	25.184902	25.199337	25.220547	25.226002	25.226002	25.220547	25.199335	25.184902	25.149952	25.131578	25.094593	25.078037	25.049028	25.037800	25.020447	25.014654	25.006721	25.004457	25.001701	25.001041	25.000322	25.000181	25.000044	25.000023	25.000004	25.000000	25.000000	25.000000	25.000000	
25.000000	25.000000	25.000000	25.000000	25.000000	25.000004	25.000027	25.000050	25.000193	25.000324	25.000986	25.001534	25.003794	25.005455	25.011244	25.015007	25.026236	25.032686	25.049240	25.057577	25.075954	25.083876	25.098310	25.103127	25.108580	25.108580	25.103125	25.098312	25.083876	25.075951	25.057575	25.049240	25.032684	25.026236	25.015011	25.011244	25.005451	25.003794	25.001532	25.000984	25.000324	25.000191	25.000050	25.000023	25.000004	25.000002	25.000000	25.000000	25.000000	25.000000	
25.000000	25.000000	25.000000	25.000000	25.000000	25.000000	25.000004	25.000029	25.000050	25.000183	25.000290	25.000837	25.001240	25.002899	25.003979	25.007746	25.009922	25.016371	25.019650	25.027985	25.031662	25.039585	25.042479	25.047295	25.048389	25.048389	25.047295	25.042480	25.039585	25.031660	25.027987	25.019648	25.016373	25.009922	25.007746	25.003981	25.002897	25.001240	25.000837	25.000290	25.000179	25.000050	25.000027	25.000004	25.000002	25.000000	25.000000	25.000000	25.000000	25.000000	
25.000000	25.000000	25.000000	25.000000	25.000000	25.000000	25.000002	25.000008	25.000029	25.000046	25.000154	25.000235	25.000637	25.000900	25.001984	25.002611	25.004787	25.005898	25.009174	25.010635	25.014309	25.015707	25.018604	25.019455	25.020550	25.020550	25.019455	25.018604	25.015709	25.014311	25.010635	25.009174	25.005898	25.004787	25.002611	25.001982	25.000900	25.000637	25.000237	25.000153	25.000046	25.000027	25.000006	25.000002	25.000000	25.000000	25.000000	25.000000	25.000000	25.000000	
25.000000	25.000000	25.000000	25.000000	25.000000	25.000000	25.000000	25.000004	25.000006	25.000023	25.000036	25.000116	25.000170	25.000433	25.000587	25.001217	25.001537	25.002649	25.003147	25.004608	25.005173	25.006573	25.007019	25.007872	25.008043	25.008041	25.007872	25.007023	25.006573	25.005175	25.004608	25.003147	25.002647	25.001535	25.001213	25.000586	25.000433	25.000170	25.000114	25.000034	25.000023	25.000006	25.000004	25.000000	25.000000	25.000000	25.000000	25.000000	25.000000	25.000000	
25.000000	25.000000	25.000000	25.000000	25.000000	25.000000	25.000000	25.000000	25.000004	25.000004	25.000017	25.000023	25.000078	25.000109	25.000263	25.000341	25.000664	25.000811	25.001308	25.001503	25.002071	25.002258	25.002708	25.002821	25.002991	25.002991	25.002823	25.002705	25.002260	25.002069	25.001503	25.001308	25.000809	25.000664	25.000340	25.000263	25.000109	25.000078	25.000027	25.000015	25.000004	25.000004	25.000000	25.000000	25.000000	25.000000	25.000000	25.000000	25.000000	25.000000	
25.000000	25.000000	25.000000	25.000000	25.000000	25.000000	25.000000	25.000000	25.000000	25.000000	25.000004	25.000011	25.000017	25.000046	25.000063	25.000141	25.000179	25.000322	25.000380	25.000576	25.000641	25.000832	25.000883	25.000996	25.001019	25.001019	25.000998	25.000881	25.000830	25.000641	25.000576	25.000381	25.000322	25.000175	25.000141	25.000063	25.000048	25.000015	25.000011	25.000004	25.000002	25.000000	25.000000	25.000000	25.000000	25.000000	25.000000	25.000000	25.000000	25.000000	
25.000000	25.000000	25.000000	25.000000	25.000000	25.000000	25.000000	25.000000	25.000000	25.000000	25.000000	25.000000	25.000006	25.000011	25.000023	25.000032	25.000067	25.000082	25.000137	25.000158	25.000225	25.000244	25.000296	25.000309	25.000326	25.000326	25.000309	25.000296	25.000244	25.000223	25.000158	25.000137	25.000080	25.000065	25.000031	25.000025	25.000008	25.000006	25.000002	25.000002	25.000000	25.000000	25.000000	25.000000	25.000000	25.000000	25.000000	25.000000	25.000000	25.000000	
25.000000	25.000000	25.000000	25.000000	25.000000	25.000000	25.000000	25.000000	25.000000	25.000000	25.000000	25.000000	25.000000	25.000002	25.000004	25.000010	25.000015	25.000025	25.000032	25.000051	25.000057	25.000078	25.000082	25.000092	25.000092	25.000093	25.000092	25.000080	25.000076	25.000057	25.000051	25.000031	25.000025	25.000011	25.000010	25.000004	25.000002	25.000000	25.000000	25.000000	25.000000	25.000000	25.000000	25.000000	25.000000	25.000000	25.000000	25.000000	25.000000	25.000000	
25.000000	25.000000	25.000000	25.000000	25.000000	25.000000	25.000000	25.000000	25.000000	25.000000	25.000000	25.000000	25.000000	25.000000	25.000000	25.000000	25.000002	25.000004	25.000008	25.000010	25.000017	25.000017	25.000023	25.000023	25.000023	25.000023	25.000023	25.000019	25.000017	25.000017	25.000011	25.000008	25.000004	25.000002	25.000000	25.000000	25.000000	25.000000	25.000000	25.000000	25.000000	25.000000	25.000000	25.000000	25.000000	25.000000	25.000000	25.000000	25.000000	25.000000	
