25.010891	25.021721	25.032606	25.043308	25.054108	25.064600	25.075214	25.085396	25.095692	25.105434	25.115250	25.124393	25.133537	25.141899	25.150158	25.157543	25.164694	25.170900	25.176731	25.181576	25.185888	25.189213	25.191868	25.193562	25.194454	25.194456	25.193562	25.191868	25.189215	25.185890	25.181574	25.176731	25.170902	25.164692	25.157543	25.150158	25.141901	25.133537	25.124393	25.115250	25.105434	25.095692	25.085396	25.075214	25.064602	25.054108	25.043308	25.032606	25.021721	25.010891	
25.021721	25.043499	25.065033	25.086721	25.107925	25.129349	25.150040	25.170965	25.190914	25.211052	25.229969	25.248962	25.266506	25.283947	25.299736	25.315186	25.328819	25.341839	25.352926	25.363106	25.371304	25.378296	25.383331	25.386894	25.388596	25.388592	25.386894	25.383333	25.378298	25.371300	25.363106	25.352924	25.341839	25.328819	25.315186	25.299734	25.283947	25.266506	25.248962	25.229969	25.211054	25.190914	25.170967	25.150036	25.129349	25.107925	25.086723	25.065033	25.043499	25.021721	
25.032606	25.065033	25.097618	25.129662	25.161987	25.193411	25.225176	25.255672	25.286486	25.315664	25.345039	25.372425	25.399788	25.424835	25.449547	25.471668	25.493065	25.511658	25.529099	25.543610	25.556524	25.566484	25.574425	25.579494	25.582170	25.582172	25.579491	25.574423	25.566483	25.556526	25.543608	25.529102	25.511658	25.493067	25.471664	25.449551	25.424831	25.399788	25.372421	25.345039	25.315660	25.286488	25.255669	25.225178	25.193409	25.161991	25.129662	25.097618	25.065033	25.032606	
25.043308	25.086721	25.129662	25.172895	25.215178	25.257877	25.299145	25.340851	25.380638	25.420773	25.458504	25.496353	25.531349	25.566103	25.597601	25.628382	25.655579	25.681519	25.703640	25.723919	25.740274	25.754208	25.764256	25.771355	25.774742	25.774740	25.771355	25.764256	25.754211	25.740273	25.723919	25.703636	25.681519	25.655575	25.628382	25.597595	25.566101	25.531345	25.496353	25.458500	25.420773	25.380638	25.340853	25.299141	25.257881	25.215178	25.172897	25.129660	25.086721	25.043308	
25.054108	25.107925	25.161991	25.215179	25.268808	25.320969	25.373663	25.424290	25.475401	25.523844	25.572565	25.618038	25.663418	25.705013	25.745993	25.782728	25.818207	25.849085	25.878006	25.902103	25.923517	25.940056	25.953222	25.961641	25.966082	25.966085	25.961639	25.953224	25.940056	25.923519	25.902102	25.878008	25.849083	25.818209	25.782722	25.745995	25.705009	25.663422	25.618036	25.572565	25.523842	25.475401	25.424290	25.373663	25.320969	25.268810	25.215176	25.161989	25.107925	25.054108	
25.064602	25.129349	25.193411	25.257879	25.320969	25.384632	25.446217	25.508389	25.567774	25.627592	25.683918	25.740324	25.792568	25.844360	25.891380	25.937252	25.977859	26.016506	26.049538	26.079754	26.104176	26.124939	26.139938	26.150515	26.155575	26.155575	26.150517	26.139936	26.124939	26.104174	26.079758	26.049536	26.016510	25.977858	25.937252	25.891376	25.844360	25.792564	25.740326	25.683912	25.627592	25.567772	25.508389	25.446213	25.384632	25.320969	25.257877	25.193409	25.129349	25.064602	
25.075214	25.150040	25.225178	25.299143	25.373663	25.446213	25.519421	25.589848	25.660843	25.728245	25.795910	25.859186	25.922203	25.980087	26.036993	26.088116	26.137377	26.180357	26.220505	26.254049	26.283779	26.306803	26.325079	26.336796	26.342964	26.342966	26.336794	26.325081	26.306797	26.283781	26.254047	26.220510	26.180355	26.137383	26.088112	26.036997	25.980085	25.922209	25.859182	25.795912	25.728241	25.660845	25.589848	25.519421	25.446213	25.373663	25.299141	25.225178	25.150038	25.075214	
25.085400	25.170967	25.255669	25.340851	25.424290	25.508389	25.589848	25.671967	25.750530	25.829523	25.904053	25.978529	26.047668	26.116041	26.178272	26.238825	26.292576	26.343586	26.387312	26.427191	26.459520	26.486921	26.506781	26.520737	26.527435	26.527435	26.520739	26.506781	26.486923	26.459518	26.427193	26.387308	26.343592	26.292572	26.238831	26.178270	26.116043	26.047665	25.978533	25.904049	25.829525	25.750530	25.671967	25.589848	25.508390	25.424290	25.340853	25.255669	25.170967	25.085396	
25.095692	25.190914	25.286484	25.380638	25.475401	25.567772	25.660843	25.750532	25.840771	25.926620	26.012615	26.093224	26.173298	26.247046	26.319344	26.384485	26.447069	26.501835	26.552837	26.595583	26.633347	26.662685	26.685900	26.700834	26.708668	26.708672	26.700832	26.685904	26.662682	26.633347	26.595581	26.552841	26.501831	26.447071	26.384480	26.319347	26.247044	26.173302	26.093220	26.012619	25.926620	25.840773	25.750526	25.660847	25.567772	25.475399	25.380638	25.286484	25.190912	25.095692	
25.105434	25.211052	25.315662	25.420773	25.523846	25.627592	25.728245	25.829523	25.926622	26.024025	26.116154	26.207973	26.293451	26.377731	26.454681	26.529314	26.595776	26.658649	26.712719	26.761864	26.801846	26.835613	26.860174	26.877369	26.885658	26.885654	26.877375	26.860172	26.835617	26.801842	26.761868	26.712713	26.658651	26.595772	26.529318	26.454676	26.377735	26.293446	26.207977	26.116150	26.024029	25.926620	25.829525	25.728241	25.627594	25.523842	25.420773	25.315660	25.211052	25.105434	
25.115248	25.229971	25.345037	25.458508	25.572565	25.683918	25.795912	25.904053	26.012615	26.116152	26.219585	26.316818	26.413116	26.502087	26.589020	26.667614	26.742859	26.808941	26.870256	26.921839	26.967234	27.002640	27.030544	27.048571	27.057983	27.057989	27.048569	27.030552	27.002638	26.967236	26.921835	26.870258	26.808937	26.742859	26.667608	26.589022	26.502083	26.413120	26.316814	26.219589	26.116148	26.012617	25.904049	25.795912	25.683914	25.572567	25.458504	25.345039	25.229969	25.115250	
25.124395	25.248962	25.372425	25.496353	25.618040	25.740326	25.859188	25.978529	26.093224	26.207973	26.316818	26.424971	26.525970	26.625229	26.716167	26.804050	26.882607	26.956631	27.020542	27.078398	27.125664	27.165413	27.194452	27.214691	27.224489	27.224487	27.214695	27.194450	27.165417	27.125662	27.078402	27.020538	26.956631	26.882601	26.804050	26.716166	26.625229	26.525970	26.424973	26.316814	26.207977	26.093224	25.978533	25.859186	25.740326	25.618038	25.496353	25.372421	25.248964	25.124393	
25.133537	25.266508	25.399788	25.531351	25.663420	25.792568	25.922205	26.047668	26.173300	26.293449	26.413116	26.525970	26.637363	26.740646	26.841190	26.932438	27.019455	27.096184	27.167082	27.226980	27.279465	27.320585	27.352848	27.373779	27.384666	27.384666	27.373779	27.352852	27.320585	27.279469	27.226978	27.167084	27.096182	27.019455	26.932434	26.841188	26.740646	26.637363	26.525970	26.413116	26.293449	26.173302	26.047667	25.922205	25.792568	25.663420	25.531349	25.399792	25.266506	25.133537	
25.141901	25.283947	25.424835	25.566105	25.705013	25.844362	25.980089	26.116041	26.247047	26.377731	26.502087	26.625231	26.740646	26.853642	26.957573	27.057606	27.147396	27.231644	27.304703	27.370544	27.424576	27.469812	27.503006	27.526043	27.537239	27.537239	27.526041	27.503006	27.469812	27.424576	27.370544	27.304699	27.231640	27.147392	27.057606	26.957573	26.853640	26.740646	26.625231	26.502085	26.377733	26.247047	26.116043	25.980089	25.844360	25.705011	25.566103	25.424835	25.283951	25.141901	
25.150160	25.299736	25.449551	25.597597	25.745996	25.891380	26.036995	26.178274	26.319344	26.454681	26.589020	26.716169	26.841190	26.957573	27.070398	27.173237	27.270870	27.357357	27.436899	27.504416	27.563295	27.609650	27.645844	27.669437	27.681648	27.681648	27.669434	27.645840	27.609648	27.563297	27.504414	27.436897	27.357353	27.270870	27.173237	27.070400	26.957573	26.841190	26.716167	26.589022	26.454679	26.319347	26.178272	26.036995	25.891378	25.745993	25.597597	25.449551	25.299736	25.150158	
25.157543	25.315186	25.471664	25.628384	25.782724	25.937256	26.088112	26.238831	26.384483	26.529316	26.667612	26.804050	26.932438	27.057604	27.173237	27.284027	27.383938	27.477238	27.558538	27.631449	27.691580	27.741669	27.778610	27.804115	27.816578	27.816578	27.804115	27.778610	27.741667	27.691580	27.631447	27.558537	27.477238	27.383934	27.284029	27.173235	27.057606	26.932436	26.804054	26.667612	26.529316	26.384483	26.238829	26.088114	25.937254	25.782726	25.628384	25.471666	25.315186	25.157543	
25.164692	25.328817	25.493067	25.655577	25.818209	25.977858	26.137383	26.292574	26.447071	26.595776	26.742859	26.882605	27.019453	27.147396	27.270868	27.383938	27.490772	27.585873	27.672901	27.747149	27.811565	27.862541	27.902138	27.928085	27.941444	27.941444	27.928082	27.902138	27.862539	27.811567	27.747150	27.672899	27.585871	27.490770	27.383934	27.270870	27.147394	27.019455	26.882603	26.742861	26.595776	26.447073	26.292574	26.137383	25.977859	25.818209	25.655579	25.493065	25.328819	25.164694	
25.170900	25.341837	25.511658	25.681515	25.849083	26.016510	26.180355	26.343590	26.501835	26.658651	26.808941	26.956631	27.096184	27.231642	27.357357	27.477238	27.585873	27.686811	27.775223	27.854095	27.919491	27.973673	28.013851	28.041439	28.054993	28.054993	28.041439	28.013851	27.973671	27.919491	27.854095	27.775223	27.686808	27.585869	27.477236	27.357353	27.231642	27.096184	26.956631	26.808941	26.658653	26.501835	26.343594	26.180355	26.016510	25.849087	25.681519	25.511658	25.341835	25.170900	
25.176731	25.352926	25.529099	25.703638	25.878006	26.049538	26.220507	26.387310	26.552841	26.712719	26.870258	27.020542	27.167084	27.304703	27.436897	27.558540	27.672901	27.775223	27.868374	27.948271	28.017212	28.072067	28.114441	28.142366	28.156662	28.156662	28.142366	28.114441	28.072067	28.017212	27.948269	27.868370	27.775223	27.672897	27.558537	27.436897	27.304703	27.167084	27.020542	26.870258	26.712719	26.552841	26.387312	26.220510	26.049538	25.878006	25.703638	25.529099	25.352926	25.176729	
25.181572	25.363104	25.543610	25.723919	25.902103	26.079754	26.254051	26.427193	26.595585	26.761866	26.921839	27.078400	27.226982	27.370544	27.504417	27.631449	27.747150	27.854097	27.948269	28.031830	28.101490	28.158886	28.201689	28.230911	28.245350	28.245354	28.230911	28.201691	28.158886	28.101490	28.031830	27.948269	27.854095	27.747150	27.631449	27.504416	27.370544	27.226982	27.078402	26.921837	26.761866	26.595585	26.427195	26.254051	26.079754	25.902103	25.723919	25.543608	25.363102	25.181574	
25.185890	25.371302	25.556524	25.740273	25.923517	26.104177	26.283779	26.459520	26.633348	26.801846	26.967236	27.125664	27.279469	27.424576	27.563299	27.691580	27.811567	27.919491	28.017212	28.101490	28.173809	28.231678	28.276125	28.305584	28.320581	28.320580	28.305584	28.276125	28.231678	28.173809	28.101492	28.017212	27.919491	27.811567	27.691580	27.563295	27.424576	27.279469	27.125664	26.967236	26.801847	26.633347	26.459520	26.283779	26.104176	25.923517	25.740273	25.556524	25.371304	25.185890	
25.189215	25.378298	25.566483	25.754211	25.940056	26.124939	26.306805	26.486925	26.662689	26.835615	27.002640	27.165417	27.320583	27.469816	27.609650	27.741671	27.862541	27.973675	28.072067	28.158886	28.231678	28.291306	28.336037	28.366396	28.381483	28.381485	28.366396	28.336035	28.291309	28.231678	28.158886	28.072067	27.973671	27.862541	27.741665	27.609646	27.469810	27.320583	27.165417	27.002640	26.835613	26.662687	26.486923	26.306803	26.124937	25.940058	25.754210	25.566483	25.378296	25.189215	
25.191868	25.383331	25.574425	25.764254	25.953224	26.139940	26.325081	26.506783	26.685902	26.860176	27.030548	27.194450	27.352852	27.503006	27.645844	27.778610	27.902140	28.013849	28.114441	28.201689	28.276123	28.336033	28.381781	28.412281	28.427715	28.427713	28.412281	28.381783	28.336035	28.276127	28.201689	28.114443	28.013851	27.902138	27.778610	27.645842	27.503006	27.352852	27.194450	27.030548	26.860174	26.685902	26.506783	26.325077	26.139938	25.953220	25.764256	25.574425	25.383331	25.191868	
25.193562	25.386896	25.579493	25.771353	25.961637	26.150515	26.336796	26.520739	26.700834	26.877371	27.048569	27.214695	27.373779	27.526045	27.669434	27.804117	27.928083	28.041439	28.142365	28.230911	28.305582	28.366394	28.412277	28.443241	28.458721	28.458721	28.443241	28.412281	28.366396	28.305584	28.230911	28.142368	28.041441	27.928087	27.804115	27.669436	27.526043	27.373779	27.214693	27.048569	26.877371	26.700834	26.520737	26.336796	26.150515	25.961641	25.771355	25.579491	25.386894	25.193562	
25.194458	25.388594	25.582172	25.774740	25.966080	26.155573	26.342964	26.527435	26.708668	26.885654	27.057987	27.224491	27.384670	27.537243	27.681652	27.816578	27.941444	28.054993	28.156662	28.245354	28.320580	28.381485	28.427715	28.458721	28.474319	28.474319	28.458721	28.427715	28.381487	28.320581	28.245354	28.156664	28.054996	27.941448	27.816578	27.681648	27.537239	27.384666	27.224487	27.057983	26.885654	26.708668	26.527435	26.342962	26.155575	25.966084	25.774742	25.582172	25.388592	25.194454	
25.194458	25.388594	25.582172	25.774740	25.966080	26.155573	26.342964	26.527435	26.708668	26.885654	27.057987	27.224491	27.384670	27.537243	27.681652	27.816578	27.941444	28.054993	28.156662	28.245354	28.320580	28.381485	28.427715	28.458721	28.474319	28.474319	28.458721	28.427715	28.381487	28.320581	28.245354	28.156664	28.054996	27.941448	27.816578	27.681648	27.537239	27.384666	27.224487	27.057983	26.885654	26.708668	26.527435	26.342962	26.155575	25.966084	25.774742	25.582172	25.388592	25.194454	
25.193562	25.386896	25.579493	25.771353	25.961637	26.150515	26.336796	26.520739	26.700834	26.877371	27.048569	27.214695	27.373779	27.526045	27.669434	27.804117	27.928083	28.041439	28.142365	28.230911	28.305582	28.366394	28.412277	28.443241	28.458721	28.458721	28.443241	28.412281	28.366396	28.305584	28.230911	28.142368	28.041441	27.928087	27.804115	27.669436	27.526043	27.373779	27.214693	27.048569	26.877371	26.700834	26.520737	26.336796	26.150515	25.961641	25.771355	25.579491	25.386894	25.193562	
25.191868	25.383331	25.574425	25.764254	25.953224	26.139940	26.325081	26.506783	26.685902	26.860176	27.030548	27.194450	27.352852	27.503006	27.645844	27.778610	27.902140	28.013849	28.114441	28.201689	28.276123	28.336033	28.381781	28.412281	28.427715	28.427713	28.412281	28.381783	28.336035	28.276127	28.201689	28.114443	28.013851	27.902138	27.778610	27.645842	27.503006	27.352852	27.194450	27.030548	26.860174	26.685902	26.506783	26.325077	26.139938	25.953220	25.764256	25.574425	25.383331	25.191868	
25.189215	25.378298	25.566483	25.754211	25.940056	26.124939	26.306805	26.486925	26.662689	26.835615	27.002640	27.165417	27.320583	27.469816	27.609650	27.741671	27.862541	27.973675	28.072067	28.158886	28.231678	28.291306	28.336037	28.366396	28.381483	28.381485	28.366396	28.336035	28.291309	28.231678	28.158886	28.072067	27.973671	27.862541	27.741665	27.609646	27.469810	27.320583	27.165417	27.002640	26.835613	26.662687	26.486923	26.306803	26.124937	25.940058	25.754210	25.566483	25.378296	25.189215	
25.185890	25.371302	25.556524	25.740273	25.923517	26.104177	26.283779	26.459520	26.633348	26.801846	26.967236	27.125664	27.279469	27.424576	27.563299	27.691580	27.811567	27.919491	28.017212	28.101490	28.173809	28.231678	28.276125	28.305584	28.320581	28.320580	28.305584	28.276125	28.231678	28.173809	28.101492	28.017212	27.919491	27.811567	27.691580	27.563295	27.424576	27.279469	27.125664	26.967236	26.801847	26.633347	26.459520	26.283779	26.104176	25.923517	25.740273	25.556524	25.371304	25.185890	
25.181572	25.363104	25.543610	25.723919	25.902103	26.079754	26.254051	26.427193	26.595585	26.761866	26.921839	27.078400	27.226982	27.370544	27.504417	27.631449	27.747150	27.854097	27.948269	28.031830	28.101490	28.158886	28.201689	28.230911	28.245350	28.245354	28.230911	28.201691	28.158886	28.101490	28.031830	27.948269	27.854095	27.747150	27.631449	27.504416	27.370544	27.226982	27.078402	26.921837	26.761866	26.595585	26.427195	26.254051	26.079754	25.902103	25.723919	25.543608	25.363102	25.181574	
25.176731	25.352926	25.529099	25.703638	25.878006	26.049538	26.220507	26.387310	26.552841	26.712719	26.870258	27.020542	27.167084	27.304703	27.436897	27.558540	27.672901	27.775223	27.868374	27.948271	28.017212	28.072067	28.114441	28.142366	28.156662	28.156662	28.142366	28.114441	28.072067	28.017212	27.948269	27.868370	27.775223	27.672897	27.558537	27.436897	27.304703	27.167084	27.020542	26.870258	26.712719	26.552841	26.387312	26.220510	26.049538	25.878006	25.703638	25.529099	25.352926	25.176729	
25.170900	25.341837	25.511658	25.681515	25.849083	26.016510	26.180355	26.343590	26.501835	26.658651	26.808941	26.956631	27.096184	27.231642	27.357357	27.477238	27.585873	27.686811	27.775223	27.854095	27.919491	27.973673	28.013851	28.041439	28.054993	28.054993	28.041439	28.013851	27.973671	27.919491	27.854095	27.775223	27.686808	27.585869	27.477236	27.357353	27.231642	27.096184	26.956631	26.808941	26.658653	26.501835	26.343594	26.180355	26.016510	25.849087	25.681519	25.511658	25.341835	25.170900	
25.164692	25.328817	25.493067	25.655577	25.818209	25.977858	26.137383	26.292574	26.447071	26.595776	26.742859	26.882605	27.019453	27.147396	27.270868	27.383938	27.490772	27.585873	27.672901	27.747149	27.811565	27.862541	27.902138	27.928085	27.941444	27.941444	27.928082	27.902138	27.862539	27.811567	27.747150	27.672899	27.585871	27.490770	27.383934	27.270870	27.147394	27.019455	26.882603	26.742861	26.595776	26.447073	26.292574	26.137383	25.977859	25.818209	25.655579	25.493065	25.328819	25.164694	
25.157543	25.315186	25.471664	25.628384	25.782724	25.937256	26.088112	26.238831	26.384483	26.529316	26.667612	26.804050	26.932438	27.057604	27.173237	27.284027	27.383938	27.477238	27.558538	27.631449	27.691580	27.741669	27.778610	27.804115	27.816578	27.816578	27.804115	27.778610	27.741667	27.691580	27.631447	27.558537	27.477238	27.383934	27.284029	27.173235	27.057606	26.932436	26.804054	26.667612	26.529316	26.384483	26.238829	26.088114	25.937254	25.782726	25.628384	25.471666	25.315186	25.157543	
25.150160	25.299736	25.449551	25.597597	25.745996	25.891380	26.036995	26.178274	26.319344	26.454681	26.589020	26.716169	26.841190	26.957573	27.070398	27.173237	27.270870	27.357357	27.436899	27.504416	27.563295	27.609650	27.645844	27.669437	27.681648	27.681648	27.669434	27.645840	27.609648	27.563297	27.504414	27.436897	27.357353	27.270870	27.173237	27.070400	26.957573	26.841190	26.716167	26.589022	26.454679	26.319347	26.178272	26.036995	25.891378	25.745993	25.597597	25.449551	25.299736	25.150158	
25.141901	25.283947	25.424835	25.566105	25.705013	25.844362	25.980089	26.116041	26.247047	26.377731	26.502087	26.625231	26.740646	26.853642	26.957573	27.057606	27.147396	27.231644	27.304703	27.370544	27.424576	27.469812	27.503006	27.526043	27.537239	27.537239	27.526041	27.503006	27.469812	27.424576	27.370544	27.304699	27.231640	27.147392	27.057606	26.957573	26.853640	26.740646	26.625231	26.502085	26.377733	26.247047	26.116043	25.980089	25.844360	25.705011	25.566103	25.424835	25.283951	25.141901	
25.133537	25.266508	25.399788	25.531351	25.663420	25.792568	25.922205	26.047668	26.173300	26.293449	26.413116	26.525970	26.637363	26.740646	26.841190	26.932438	27.019455	27.096184	27.167082	27.226980	27.279465	27.320585	27.352848	27.373779	27.384666	27.384666	27.373779	27.352852	27.320585	27.279469	27.226978	27.167084	27.096182	27.019455	26.932434	26.841188	26.740646	26.637363	26.525970	26.413116	26.293449	26.173302	26.047667	25.922205	25.792568	25.663420	25.531349	25.399792	25.266506	25.133537	
25.124395	25.248962	25.372425	25.496353	25.618040	25.740326	25.859188	25.978529	26.093224	26.207973	26.316818	26.424971	26.525970	26.625229	26.716167	26.804050	26.882607	26.956631	27.020542	27.078398	27.125664	27.165413	27.194452	27.214691	27.224489	27.224487	27.214695	27.194450	27.165417	27.125662	27.078402	27.020538	26.956631	26.882601	26.804050	26.716166	26.625229	26.525970	26.424973	26.316814	26.207977	26.093224	25.978533	25.859186	25.740326	25.618038	25.496353	25.372421	25.248964	25.124393	
25.115248	25.229971	25.345037	25.458508	25.572565	25.683918	25.795912	25.904053	26.012615	26.116152	26.219585	26.316818	26.413116	26.502087	26.589020	26.667614	26.742859	26.808941	26.870256	26.921839	26.967234	27.002640	27.030544	27.048571	27.057983	27.057989	27.048569	27.030552	27.002638	26.967236	26.921835	26.870258	26.808937	26.742859	26.667608	26.589022	26.502083	26.413120	26.316814	26.219589	26.116148	26.012617	25.904049	25.795912	25.683914	25.572567	25.458504	25.345039	25.229969	25.115250	
25.105434	25.211052	25.315662	25.420773	25.523846	25.627592	25.728245	25.829523	25.926622	26.024025	26.116154	26.207973	26.293451	26.377731	26.454681	26.529314	26.595776	26.658649	26.712719	26.761864	26.801846	26.835613	26.860174	26.877369	26.885658	26.885654	26.877375	26.860172	26.835617	26.801842	26.761868	26.712713	26.658651	26.595772	26.529318	26.454676	26.377735	26.293446	26.207977	26.116150	26.024029	25.926620	25.829525	25.728241	25.627594	25.523842	25.420773	25.315660	25.211052	25.105434	
25.095692	25.190914	25.286484	25.380638	25.475401	25.567772	25.660843	25.750532	25.840771	25.926620	26.012615	26.093224	26.173298	26.247046	26.319344	26.384485	26.447069	26.501835	26.552837	26.595583	26.633347	26.662685	26.685900	26.700834	26.708668	26.708672	26.700832	26.685904	26.662682	26.633347	26.595581	26.552841	26.501831	26.447071	26.384480	26.319347	26.247044	26.173302	26.093220	26.012619	25.926620	25.840773	25.750526	25.660847	25.567772	25.475399	25.380638	25.286484	25.190912	25.095692	
25.085400	25.170967	25.255669	25.340851	25.424290	25.508389	25.589848	25.671967	25.750530	25.829523	25.904053	25.978529	26.047668	26.116041	26.178272	26.238825	26.292576	26.343586	26.387312	26.427191	26.459520	26.486921	26.506781	26.520737	26.527435	26.527435	26.520739	26.506781	26.486923	26.459518	26.427193	26.387308	26.343592	26.292572	26.238831	26.178270	26.116043	26.047665	25.978533	25.904049	25.829525	25.750530	25.671967	25.589848	25.508390	25.424290	25.340853	25.255669	25.170967	25.085396	
25.075214	25.150040	25.225178	25.299143	25.373663	25.446213	25.519421	25.589848	25.660843	25.728245	25.795910	25.859186	25.922203	25.980087	26.036993	26.088116	26.137377	26.180357	26.220505	26.254049	26.283779	26.306803	26.325079	26.336796	26.342964	26.342966	26.336794	26.325081	26.306797	26.283781	26.254047	26.220510	26.180355	26.137383	26.088112	26.036997	25.980085	25.922209	25.859182	25.795912	25.728241	25.660845	25.589848	25.519421	25.446213	25.373663	25.299141	25.225178	25.150038	25.075214	
25.064602	25.129349	25.193411	25.257879	25.320969	25.384632	25.446217	25.508389	25.567774	25.627592	25.683918	25.740324	25.792568	25.844360	25.891380	25.937252	25.977859	26.016506	26.049538	26.079754	26.104176	26.124939	26.139938	26.150515	26.155575	26.155575	26.150517	26.139936	26.124939	26.104174	26.079758	26.049536	26.016510	25.977858	25.937252	25.891376	25.844360	25.792564	25.740326	25.683912	25.627592	25.567772	25.508389	25.446213	25.384632	25.320969	25.257877	25.193409	25.129349	25.064602	
25.054108	25.107925	25.161991	25.215179	25.268808	25.320969	25.373663	25.424290	25.475401	25.523844	25.572565	25.618038	25.663418	25.705013	25.745993	25.782728	25.818207	25.849085	25.878006	25.902103	25.923517	25.940056	25.953222	25.961641	25.966082	25.966085	25.961639	25.953224	25.940056	25.923519	25.902102	25.878008	25.849083	25.818209	25.782722	25.745995	25.705009	25.663422	25.618036	25.572565	25.523842	25.475401	25.424290	25.373663	25.320969	25.268810	25.215176	25.161989	25.107925	25.054108	
25.043308	25.086721	25.129662	25.172895	25.215178	25.257877	25.299145	25.340851	25.380638	25.420773	25.458504	25.496353	25.531349	25.566103	25.597601	25.628382	25.655579	25.681519	25.703640	25.723919	25.740274	25.754208	25.764256	25.771355	25.774742	25.774740	25.771355	25.764256	25.754211	25.740273	25.723919	25.703636	25.681519	25.655575	25.628382	25.597595	25.566101	25.531345	25.496353	25.458500	25.420773	25.380638	25.340853	25.299141	25.257881	25.215178	25.172897	25.129660	25.086721	25.043308	
25.032606	25.065033	25.097618	25.129662	25.161987	25.193411	25.225176	25.255672	25.286486	25.315664	25.345039	25.372425	25.399788	25.424835	25.449547	25.471668	25.493065	25.511658	25.529099	25.543610	25.556524	25.566484	25.574425	25.579494	25.582170	25.582172	25.579491	25.574423	25.566483	25.556526	25.543608	25.529102	25.511658	25.493067	25.471664	25.449551	25.424831	25.399788	25.372421	25.345039	25.315660	25.286488	25.255669	25.225178	25.193409	25.161991	25.129662	25.097618	25.065033	25.032606	
25.021721	25.043499	25.065033	25.086721	25.107925	25.129349	25.150040	25.170965	25.190914	25.211052	25.229969	25.248962	25.266506	25.283947	25.299736	25.315186	25.328819	25.341839	25.352926	25.363106	25.371304	25.378296	25.383331	25.386894	25.388596	25.388592	25.386894	25.383333	25.378298	25.371300	25.363106	25.352924	25.341839	25.328819	25.315186	25.299734	25.283947	25.266506	25.248962	25.229969	25.211054	25.190914	25.170967	25.150036	25.129349	25.107925	25.086723	25.065033	25.043499	25.021721	
25.010891	25.021721	25.032606	25.043308	25.054108	25.064600	25.075214	25.085396	25.095692	25.105434	25.115250	25.124393	25.133537	25.141899	25.150158	25.157543	25.164694	25.170900	25.176731	25.181576	25.185888	25.189213	25.191868	25.193562	25.194454	25.194456	25.193562	25.191868	25.189215	25.185890	25.181574	25.176731	25.170902	25.164692	25.157543	25.150158	25.141901	25.133537	25.124393	25.115250	25.105434	25.095692	25.085396	25.075214	25.064602	25.054108	25.043308	25.032606	25.021721	25.010891	
