25.006435	25.012808	25.019756	25.026506	25.034370	25.041859	25.050922	25.059368	25.069740	25.079187	25.090752	25.101028	25.113426	25.124149	25.136784	25.147379	25.159473	25.169231	25.179905	25.188078	25.196465	25.202362	25.207724	25.210817	25.212664	25.212662	25.210817	25.207724	25.202362	25.196465	25.188080	25.179905	25.169231	25.159473	25.147379	25.136784	25.124149	25.113426	25.101030	25.090752	25.079187	25.069740	25.059368	25.050922	25.041857	25.034370	25.026505	25.019756	25.012806	25.006433	
25.012808	25.026196	25.039337	25.054188	25.068481	25.085503	25.101551	25.121143	25.139229	25.161400	25.181385	25.205658	25.226986	25.252392	25.274082	25.299219	25.319958	25.343132	25.361423	25.380840	25.395206	25.409220	25.418406	25.425755	25.428915	25.428915	25.425755	25.418406	25.409222	25.395206	25.380840	25.361423	25.343130	25.319958	25.299221	25.274082	25.252392	25.226990	25.205658	25.181387	25.161396	25.139227	25.121143	25.101551	25.085499	25.068481	25.054188	25.039337	25.026196	25.012806	
25.019756	25.039337	25.060659	25.081409	25.105528	25.128551	25.156338	25.182320	25.214104	25.243166	25.278595	25.310215	25.348186	25.381178	25.419876	25.452471	25.489511	25.519531	25.552221	25.577364	25.603046	25.621189	25.637608	25.647125	25.652775	25.652775	25.647125	25.637608	25.621189	25.603046	25.577366	25.552221	25.519527	25.489511	25.452469	25.419878	25.381180	25.348186	25.310217	25.278591	25.243166	25.214100	25.182320	25.156336	25.128551	25.105524	25.081409	25.060656	25.039337	25.019754	
25.026508	25.054188	25.081409	25.112082	25.141716	25.176842	25.210125	25.250549	25.288055	25.333778	25.375240	25.425285	25.469528	25.521900	25.566891	25.618702	25.661716	25.709478	25.747416	25.787436	25.817228	25.846111	25.865160	25.880306	25.886862	25.886860	25.880306	25.865160	25.846113	25.817228	25.787437	25.747414	25.709478	25.661713	25.618704	25.566887	25.521900	25.469528	25.425285	25.375242	25.333778	25.288055	25.250546	25.210129	25.176840	25.141716	25.112080	25.081409	25.054184	25.026505	
25.034370	25.068483	25.105528	25.141714	25.183575	25.223755	25.271942	25.317303	25.372393	25.423140	25.484526	25.539740	25.605518	25.663120	25.730148	25.787048	25.851198	25.903605	25.960217	26.004107	26.048576	26.080248	26.108681	26.125288	26.135073	26.135071	26.125288	26.108681	26.080248	26.048578	26.004105	25.960215	25.903601	25.851196	25.787045	25.730148	25.663120	25.605518	25.539742	25.484524	25.423141	25.372389	25.317303	25.271938	25.223755	25.183573	25.141716	25.105526	25.068483	25.034370	
25.041857	25.085501	25.128551	25.176842	25.223755	25.278992	25.331724	25.395243	25.454678	25.526489	25.592196	25.670767	25.740881	25.823088	25.894375	25.975697	26.043848	26.118799	26.178905	26.241703	26.288904	26.334225	26.364399	26.388168	26.398548	26.398548	26.388165	26.364397	26.334225	26.288904	26.241703	26.178905	26.118799	26.043842	25.975697	25.894375	25.823088	25.740881	25.670767	25.592196	25.526489	25.454678	25.395241	25.331724	25.278992	25.223755	25.176838	25.128551	25.085499	25.041859	
25.050922	25.101551	25.156338	25.210127	25.271942	25.331724	25.402807	25.470331	25.551538	25.627096	25.717546	25.799755	25.896646	25.982409	26.081116	26.165823	26.260279	26.338291	26.421638	26.486969	26.552441	26.599579	26.641434	26.666151	26.680553	26.680553	26.666153	26.641434	26.599577	26.552441	26.486969	26.421640	26.338289	26.260279	26.165821	26.081116	25.982405	25.896646	25.799755	25.717545	25.627098	25.551538	25.470331	25.402805	25.331724	25.271938	25.210129	25.156334	25.101551	25.050920	
25.059370	25.121145	25.182320	25.250547	25.317303	25.395241	25.470329	25.559868	25.644533	25.745699	25.839310	25.949953	26.049843	26.165569	26.267126	26.381584	26.478661	26.584143	26.669754	26.758120	26.825346	26.889114	26.932089	26.965528	26.980312	26.980316	26.965527	26.932087	26.889114	26.825344	26.758120	26.669752	26.584143	26.478661	26.381584	26.267124	26.165569	26.049839	25.949953	25.839314	25.745699	25.644535	25.559868	25.470331	25.395239	25.317303	25.250546	25.182320	25.121145	25.059368	
25.069740	25.139227	25.214100	25.288055	25.372391	25.454676	25.551538	25.644535	25.755102	25.859192	25.982271	26.095528	26.227325	26.345470	26.479710	26.596394	26.724829	26.832279	26.945595	27.035576	27.124577	27.189497	27.246395	27.280434	27.300011	27.300011	27.280434	27.246395	27.189495	27.124577	27.035574	26.945595	26.832279	26.724829	26.596394	26.479710	26.345469	26.227325	26.095526	25.982269	25.859192	25.755098	25.644535	25.551537	25.454678	25.372387	25.288055	25.214100	25.139227	25.069740	
25.079187	25.161400	25.243166	25.333778	25.423140	25.526487	25.627098	25.745699	25.859192	25.993099	26.118603	26.264988	26.398907	26.551973	26.688118	26.839474	26.969601	27.109068	27.223818	27.340643	27.430744	27.515043	27.572636	27.616838	27.636656	27.636654	27.616840	27.572636	27.515043	27.430744	27.340643	27.223818	27.109070	26.969601	26.839476	26.688116	26.551971	26.398903	26.264986	26.118603	25.993099	25.859190	25.745697	25.627096	25.526485	25.423140	25.333778	25.243168	25.161400	25.079189	
25.090752	25.181385	25.278595	25.375242	25.484524	25.592196	25.717545	25.839312	25.982269	26.118603	26.277647	26.425999	26.596245	26.750992	26.924349	27.077169	27.243000	27.383720	27.530010	27.647839	27.762730	27.847736	27.921181	27.965755	27.991024	27.991028	27.965752	27.921181	27.847736	27.762730	27.647839	27.530010	27.383717	27.243000	27.077169	26.924351	26.750992	26.596245	26.425997	26.277647	26.118601	25.982269	25.839312	25.717543	25.592194	25.484524	25.375240	25.278595	25.181387	25.090752	
25.101028	25.205658	25.310217	25.425285	25.539742	25.670767	25.799753	25.949953	26.095528	26.264988	26.425999	26.611160	26.782969	26.976524	27.151180	27.342531	27.509457	27.685749	27.832935	27.980591	28.096153	28.202696	28.276560	28.332424	28.357840	28.357838	28.332426	28.276558	28.202696	28.096155	27.980591	27.832935	27.685749	27.509457	27.342531	27.151178	26.976524	26.782967	26.611160	26.425995	26.264988	26.095528	25.949953	25.799755	25.670765	25.539738	25.425285	25.310219	25.205660	25.101030	
25.113426	25.226986	25.348190	25.469530	25.605518	25.740879	25.896645	26.049839	26.227327	26.398905	26.596247	26.782967	26.994129	27.188900	27.403866	27.596195	27.801794	27.978882	28.160233	28.308502	28.450916	28.557882	28.648914	28.704998	28.736320	28.736319	28.704998	28.648914	28.557880	28.450916	28.308502	28.160233	27.978878	27.801792	27.596195	27.403866	27.188900	26.994129	26.782969	26.596247	26.398905	26.227327	26.049841	25.896645	25.740879	25.605518	25.469530	25.348188	25.226988	25.113426	
25.124149	25.252394	25.381180	25.521900	25.663122	25.823086	25.982403	26.165569	26.345469	26.551975	26.750992	26.976524	27.188898	27.424585	27.640469	27.873425	28.079742	28.294331	28.476242	28.655956	28.798773	28.928438	29.019720	29.087708	29.119112	29.119114	29.087708	29.019720	28.928438	28.798775	28.655954	28.476242	28.294333	28.079742	27.873425	27.640471	27.424583	27.188900	26.976524	26.750992	26.551975	26.345469	26.165571	25.982405	25.823086	25.663120	25.521900	25.381180	25.252394	25.124149	
25.136786	25.274084	25.419880	25.566887	25.730148	25.894375	26.081112	26.267122	26.479710	26.688114	26.924349	27.151176	27.403864	27.640469	27.897644	28.131279	28.377205	28.592312	28.809208	28.989300	29.159615	29.289532	29.398396	29.466509	29.503965	29.503967	29.466511	29.398396	29.289534	29.159615	28.989302	28.809208	28.592310	28.377203	28.131279	27.897644	27.640471	27.403864	27.151180	26.924349	26.688116	26.479712	26.267124	26.081118	25.894375	25.730148	25.566889	25.419880	25.274082	25.136784	
25.147379	25.299221	25.452469	25.618704	25.787048	25.975695	26.165819	26.381582	26.596390	26.839476	27.077168	27.342533	27.596191	27.873425	28.131277	28.405243	28.651659	28.903988	29.121244	29.332546	29.503107	29.655556	29.764563	29.844496	29.881996	29.882000	29.844494	29.764566	29.655556	29.503109	29.332546	29.121244	28.903990	28.651657	28.405241	28.131279	27.873425	27.596195	27.342533	27.077168	26.839474	26.596390	26.381584	26.165821	25.975697	25.787048	25.618706	25.452467	25.299221	25.147377	
25.159473	25.319958	25.489511	25.661716	25.851196	26.043846	26.260277	26.478657	26.724829	26.969601	27.243004	27.509453	27.801796	28.079739	28.377205	28.651657	28.936069	29.188744	29.439558	29.651096	29.848028	30.000626	30.126499	30.206501	30.249809	30.249807	30.206505	30.126499	30.000628	29.848030	29.651096	29.439558	29.188744	28.936066	28.651661	28.377205	28.079742	27.801792	27.509457	27.243000	26.969601	26.724829	26.478661	26.260281	26.043846	25.851200	25.661713	25.489511	25.319958	25.159473	
25.169231	25.343130	25.519531	25.709478	25.903605	26.118799	26.338289	26.584141	26.832277	27.109070	27.383717	27.685753	27.978878	28.294334	28.592308	28.903992	29.188744	29.475780	29.726826	29.967173	30.164257	30.337648	30.463608	30.554516	30.597847	30.597853	30.554514	30.463608	30.337648	30.164257	29.967175	29.726828	29.475782	29.188744	28.903992	28.592312	28.294331	27.978880	27.685749	27.383717	27.109070	26.832277	26.584143	26.338287	26.118801	25.903601	25.709478	25.519529	25.343132	25.169231	
25.179905	25.361423	25.552219	25.747416	25.960215	26.178905	26.421638	26.669752	26.945599	27.223816	27.530014	27.832935	28.160233	28.476242	28.809208	29.121243	29.439556	29.726826	30.007513	30.248009	30.468384	30.641865	30.782715	30.873669	30.922129	30.922127	30.873669	30.782715	30.641867	30.468384	30.248009	30.007515	29.726826	29.439556	29.121246	28.809208	28.476242	28.160233	27.832935	27.530014	27.223818	26.945597	26.669754	26.421640	26.178905	25.960217	25.747414	25.552223	25.361423	25.179907	
25.188080	25.380840	25.577364	25.787432	26.004107	26.241701	26.486969	26.758118	27.035574	27.340641	27.647839	27.980593	28.308502	28.655956	28.989300	29.332546	29.651096	29.967171	30.248009	30.512653	30.733118	30.924030	31.064930	31.165022	31.213497	31.213497	31.165020	31.064930	30.924030	30.733120	30.512653	30.248011	29.967175	29.651098	29.332548	28.989304	28.655956	28.308504	27.980591	27.647839	27.340643	27.035576	26.758121	26.486969	26.241703	26.004107	25.787436	25.577364	25.380840	25.188080	
25.196463	25.395206	25.603043	25.817228	26.048576	26.288904	26.552437	26.825344	27.124577	27.430742	27.762730	28.096153	28.450916	28.798775	29.159615	29.503107	29.848028	30.164259	30.468384	30.733120	30.971884	31.162849	31.315449	31.415565	31.468067	31.468069	31.415565	31.315449	31.162849	30.971882	30.733122	30.468382	30.164259	29.848030	29.503109	29.159616	28.798775	28.450916	28.096157	27.762732	27.430744	27.124577	26.825348	26.552441	26.288906	26.048578	25.817230	25.603046	25.395206	25.196465	
25.202362	25.409218	25.621189	25.846111	26.080248	26.334225	26.599575	26.889114	27.189495	27.515041	27.847736	28.202694	28.557880	28.928438	29.289532	29.655554	30.000629	30.337648	30.641869	30.924030	31.162849	31.366394	31.519022	31.625736	31.678244	31.678246	31.625736	31.519024	31.366392	31.162851	30.924030	30.641869	30.337648	30.000629	29.655556	29.289536	28.928440	28.557884	28.202698	27.847740	27.515043	27.189499	26.889118	26.599583	26.334227	26.080248	25.846113	25.621189	25.409222	25.202362	
25.207724	25.418406	25.637608	25.865160	26.108681	26.364399	26.641434	26.932089	27.246393	27.572634	27.921183	28.276558	28.648914	29.019722	29.398397	29.764565	30.126499	30.463610	30.782715	31.064930	31.315449	31.519024	31.679132	31.785858	31.840940	31.840940	31.785858	31.679131	31.519024	31.315449	31.064932	30.782717	30.463608	30.126499	29.764568	29.398399	29.019724	28.648918	28.276564	27.921183	27.572639	27.246395	26.932093	26.641439	26.364403	26.108685	25.865162	25.637611	25.418406	25.207726	
25.210817	25.425756	25.647125	25.880306	26.125286	26.388165	26.666153	26.965527	27.280432	27.616838	27.965754	28.332422	28.704996	29.087708	29.466509	29.844494	30.206503	30.554516	30.873669	31.165024	31.415565	31.625736	31.785858	31.896042	31.951130	31.951130	31.896042	31.785858	31.625736	31.415565	31.165024	30.873669	30.554516	30.206505	29.844496	29.466515	29.087711	28.705000	28.332430	27.965755	27.616842	27.280437	26.965532	26.666157	26.388168	26.125290	25.880310	25.647125	25.425756	25.210817	
25.212662	25.428917	25.652775	25.886862	26.135071	26.398548	26.680553	26.980312	27.300011	27.636654	27.991024	28.357838	28.736317	29.119112	29.503967	29.882000	30.249809	30.597851	30.922127	31.213497	31.468067	31.678246	31.840942	31.951130	32.007103	32.007103	31.951130	31.840942	31.678246	31.468067	31.213499	30.922129	30.597851	30.249811	29.882000	29.503969	29.119118	28.736322	28.357841	27.991028	27.636658	27.300014	26.980318	26.680559	26.398552	26.135075	25.886864	25.652775	25.428915	25.212662	
25.212662	25.428917	25.652775	25.886862	26.135071	26.398548	26.680553	26.980312	27.300011	27.636654	27.991024	28.357838	28.736317	29.119112	29.503967	29.882000	30.249809	30.597851	30.922127	31.213497	31.468067	31.678246	31.840942	31.951130	32.007103	32.007103	31.951130	31.840942	31.678246	31.468067	31.213499	30.922129	30.597851	30.249811	29.882000	29.503969	29.119118	28.736322	28.357841	27.991028	27.636658	27.300014	26.980318	26.680559	26.398552	26.135075	25.886864	25.652775	25.428915	25.212662	
25.210817	25.425756	25.647125	25.880306	26.125286	26.388165	26.666153	26.965527	27.280432	27.616838	27.965754	28.332422	28.704996	29.087708	29.466509	29.844494	30.206503	30.554516	30.873669	31.165024	31.415565	31.625736	31.785858	31.896042	31.951130	31.951130	31.896042	31.785858	31.625736	31.415565	31.165024	30.873669	30.554516	30.206505	29.844496	29.466515	29.087711	28.705000	28.332430	27.965755	27.616842	27.280437	26.965532	26.666157	26.388168	26.125290	25.880310	25.647125	25.425756	25.210817	
25.207724	25.418406	25.637608	25.865160	26.108681	26.364399	26.641434	26.932089	27.246393	27.572634	27.921183	28.276558	28.648914	29.019722	29.398397	29.764565	30.126499	30.463610	30.782715	31.064930	31.315449	31.519024	31.679132	31.785858	31.840940	31.840940	31.785858	31.679131	31.519024	31.315449	31.064932	30.782717	30.463608	30.126499	29.764568	29.398399	29.019724	28.648918	28.276564	27.921183	27.572639	27.246395	26.932093	26.641439	26.364403	26.108685	25.865162	25.637611	25.418406	25.207726	
25.202362	25.409218	25.621189	25.846111	26.080248	26.334225	26.599575	26.889114	27.189495	27.515041	27.847736	28.202694	28.557880	28.928438	29.289532	29.655554	30.000629	30.337648	30.641869	30.924030	31.162849	31.366394	31.519022	31.625736	31.678244	31.678246	31.625736	31.519024	31.366392	31.162851	30.924030	30.641869	30.337648	30.000629	29.655556	29.289536	28.928440	28.557884	28.202698	27.847740	27.515043	27.189499	26.889118	26.599583	26.334227	26.080248	25.846113	25.621189	25.409222	25.202362	
25.196463	25.395206	25.603043	25.817228	26.048576	26.288904	26.552437	26.825344	27.124577	27.430742	27.762730	28.096153	28.450916	28.798775	29.159615	29.503107	29.848028	30.164259	30.468384	30.733120	30.971884	31.162849	31.315449	31.415565	31.468067	31.468069	31.415565	31.315449	31.162849	30.971882	30.733122	30.468382	30.164259	29.848030	29.503109	29.159616	28.798775	28.450916	28.096157	27.762732	27.430744	27.124577	26.825348	26.552441	26.288906	26.048578	25.817230	25.603046	25.395206	25.196465	
25.188080	25.380840	25.577364	25.787432	26.004107	26.241701	26.486969	26.758118	27.035574	27.340641	27.647839	27.980593	28.308502	28.655956	28.989300	29.332546	29.651096	29.967171	30.248009	30.512653	30.733118	30.924030	31.064930	31.165022	31.213497	31.213497	31.165020	31.064930	30.924030	30.733120	30.512653	30.248011	29.967175	29.651098	29.332548	28.989304	28.655956	28.308504	27.980591	27.647839	27.340643	27.035576	26.758121	26.486969	26.241703	26.004107	25.787436	25.577364	25.380840	25.188080	
25.179905	25.361423	25.552219	25.747416	25.960215	26.178905	26.421638	26.669752	26.945599	27.223816	27.530014	27.832935	28.160233	28.476242	28.809208	29.121243	29.439556	29.726826	30.007513	30.248009	30.468384	30.641865	30.782715	30.873669	30.922129	30.922127	30.873669	30.782715	30.641867	30.468384	30.248009	30.007515	29.726826	29.439556	29.121246	28.809208	28.476242	28.160233	27.832935	27.530014	27.223818	26.945597	26.669754	26.421640	26.178905	25.960217	25.747414	25.552223	25.361423	25.179907	
25.169231	25.343130	25.519531	25.709478	25.903605	26.118799	26.338289	26.584141	26.832277	27.109070	27.383717	27.685753	27.978878	28.294334	28.592308	28.903992	29.188744	29.475780	29.726826	29.967173	30.164257	30.337648	30.463608	30.554516	30.597847	30.597853	30.554514	30.463608	30.337648	30.164257	29.967175	29.726828	29.475782	29.188744	28.903992	28.592312	28.294331	27.978880	27.685749	27.383717	27.109070	26.832277	26.584143	26.338287	26.118801	25.903601	25.709478	25.519529	25.343132	25.169231	
25.159473	25.319958	25.489511	25.661716	25.851196	26.043846	26.260277	26.478657	26.724829	26.969601	27.243004	27.509453	27.801796	28.079739	28.377205	28.651657	28.936069	29.188744	29.439558	29.651096	29.848028	30.000626	30.126499	30.206501	30.249809	30.249807	30.206505	30.126499	30.000628	29.848030	29.651096	29.439558	29.188744	28.936066	28.651661	28.377205	28.079742	27.801792	27.509457	27.243000	26.969601	26.724829	26.478661	26.260281	26.043846	25.851200	25.661713	25.489511	25.319958	25.159473	
25.147379	25.299221	25.452469	25.618704	25.787048	25.975695	26.165819	26.381582	26.596390	26.839476	27.077168	27.342533	27.596191	27.873425	28.131277	28.405243	28.651659	28.903988	29.121244	29.332546	29.503107	29.655556	29.764563	29.844496	29.881996	29.882000	29.844494	29.764566	29.655556	29.503109	29.332546	29.121244	28.903990	28.651657	28.405241	28.131279	27.873425	27.596195	27.342533	27.077168	26.839474	26.596390	26.381584	26.165821	25.975697	25.787048	25.618706	25.452467	25.299221	25.147377	
25.136786	25.274084	25.419880	25.566887	25.730148	25.894375	26.081112	26.267122	26.479710	26.688114	26.924349	27.151176	27.403864	27.640469	27.897644	28.131279	28.377205	28.592312	28.809208	28.989300	29.159615	29.289532	29.398396	29.466509	29.503965	29.503967	29.466511	29.398396	29.289534	29.159615	28.989302	28.809208	28.592310	28.377203	28.131279	27.897644	27.640471	27.403864	27.151180	26.924349	26.688116	26.479712	26.267124	26.081118	25.894375	25.730148	25.566889	25.419880	25.274082	25.136784	
25.124149	25.252394	25.381180	25.521900	25.663122	25.823086	25.982403	26.165569	26.345469	26.551975	26.750992	26.976524	27.188898	27.424585	27.640469	27.873425	28.079742	28.294331	28.476242	28.655956	28.798773	28.928438	29.019720	29.087708	29.119112	29.119114	29.087708	29.019720	28.928438	28.798775	28.655954	28.476242	28.294333	28.079742	27.873425	27.640471	27.424583	27.188900	26.976524	26.750992	26.551975	26.345469	26.165571	25.982405	25.823086	25.663120	25.521900	25.381180	25.252394	25.124149	
25.113426	25.226986	25.348190	25.469530	25.605518	25.740879	25.896645	26.049839	26.227327	26.398905	26.596247	26.782967	26.994129	27.188900	27.403866	27.596195	27.801794	27.978882	28.160233	28.308502	28.450916	28.557882	28.648914	28.704998	28.736320	28.736319	28.704998	28.648914	28.557880	28.450916	28.308502	28.160233	27.978878	27.801792	27.596195	27.403866	27.188900	26.994129	26.782969	26.596247	26.398905	26.227327	26.049841	25.896645	25.740879	25.605518	25.469530	25.348188	25.226988	25.113426	
25.101028	25.205658	25.310217	25.425285	25.539742	25.670767	25.799753	25.949953	26.095528	26.264988	26.425999	26.611160	26.782969	26.976524	27.151180	27.342531	27.509457	27.685749	27.832935	27.980591	28.096153	28.202696	28.276560	28.332424	28.357840	28.357838	28.332426	28.276558	28.202696	28.096155	27.980591	27.832935	27.685749	27.509457	27.342531	27.151178	26.976524	26.782967	26.611160	26.425995	26.264988	26.095528	25.949953	25.799755	25.670765	25.539738	25.425285	25.310219	25.205660	25.101030	
25.090752	25.181385	25.278595	25.375242	25.484524	25.592196	25.717545	25.839312	25.982269	26.118603	26.277647	26.425999	26.596245	26.750992	26.924349	27.077169	27.243000	27.383720	27.530010	27.647839	27.762730	27.847736	27.921181	27.965755	27.991024	27.991028	27.965752	27.921181	27.847736	27.762730	27.647839	27.530010	27.383717	27.243000	27.077169	26.924351	26.750992	26.596245	26.425997	26.277647	26.118601	25.982269	25.839312	25.717543	25.592194	25.484524	25.375240	25.278595	25.181387	25.090752	
25.079187	25.161400	25.243166	25.333778	25.423140	25.526487	25.627098	25.745699	25.859192	25.993099	26.118603	26.264988	26.398907	26.551973	26.688118	26.839474	26.969601	27.109068	27.223818	27.340643	27.430744	27.515043	27.572636	27.616838	27.636656	27.636654	27.616840	27.572636	27.515043	27.430744	27.340643	27.223818	27.109070	26.969601	26.839476	26.688116	26.551971	26.398903	26.264986	26.118603	25.993099	25.859190	25.745697	25.627096	25.526485	25.423140	25.333778	25.243168	25.161400	25.079189	
25.069740	25.139227	25.214100	25.288055	25.372391	25.454676	25.551538	25.644535	25.755102	25.859192	25.982271	26.095528	26.227325	26.345470	26.479710	26.596394	26.724829	26.832279	26.945595	27.035576	27.124577	27.189497	27.246395	27.280434	27.300011	27.300011	27.280434	27.246395	27.189495	27.124577	27.035574	26.945595	26.832279	26.724829	26.596394	26.479710	26.345469	26.227325	26.095526	25.982269	25.859192	25.755098	25.644535	25.551537	25.454678	25.372387	25.288055	25.214100	25.139227	25.069740	
25.059370	25.121145	25.182320	25.250547	25.317303	25.395241	25.470329	25.559868	25.644533	25.745699	25.839310	25.949953	26.049843	26.165569	26.267126	26.381584	26.478661	26.584143	26.669754	26.758120	26.825346	26.889114	26.932089	26.965528	26.980312	26.980316	26.965527	26.932087	26.889114	26.825344	26.758120	26.669752	26.584143	26.478661	26.381584	26.267124	26.165569	26.049839	25.949953	25.839314	25.745699	25.644535	25.559868	25.470331	25.395239	25.317303	25.250546	25.182320	25.121145	25.059368	
25.050922	25.101551	25.156338	25.210127	25.271942	25.331724	25.402807	25.470331	25.551538	25.627096	25.717546	25.799755	25.896646	25.982409	26.081116	26.165823	26.260279	26.338291	26.421638	26.486969	26.552441	26.599579	26.641434	26.666151	26.680553	26.680553	26.666153	26.641434	26.599577	26.552441	26.486969	26.421640	26.338289	26.260279	26.165821	26.081116	25.982405	25.896646	25.799755	25.717545	25.627098	25.551538	25.470331	25.402805	25.331724	25.271938	25.210129	25.156334	25.101551	25.050920	
25.041857	25.085501	25.128551	25.176842	25.223755	25.278992	25.331724	25.395243	25.454678	25.526489	25.592196	25.670767	25.740881	25.823088	25.894375	25.975697	26.043848	26.118799	26.178905	26.241703	26.288904	26.334225	26.364399	26.388168	26.398548	26.398548	26.388165	26.364397	26.334225	26.288904	26.241703	26.178905	26.118799	26.043842	25.975697	25.894375	25.823088	25.740881	25.670767	25.592196	25.526489	25.454678	25.395241	25.331724	25.278992	25.223755	25.176838	25.128551	25.085499	25.041859	
25.034370	25.068483	25.105528	25.141714	25.183575	25.223755	25.271942	25.317303	25.372393	25.423140	25.484526	25.539740	25.605518	25.663120	25.730148	25.787048	25.851198	25.903605	25.960217	26.004107	26.048576	26.080248	26.108681	26.125288	26.135073	26.135071	26.125288	26.108681	26.080248	26.048578	26.004105	25.960215	25.903601	25.851196	25.787045	25.730148	25.663120	25.605518	25.539742	25.484524	25.423141	25.372389	25.317303	25.271938	25.223755	25.183573	25.141716	25.105526	25.068483	25.034370	
25.026508	25.054188	25.081409	25.112082	25.141716	25.176842	25.210125	25.250549	25.288055	25.333778	25.375240	25.425285	25.469528	25.521900	25.566891	25.618702	25.661716	25.709478	25.747416	25.787436	25.817228	25.846111	25.865160	25.880306	25.886862	25.886860	25.880306	25.865160	25.846113	25.817228	25.787437	25.747414	25.709478	25.661713	25.618704	25.566887	25.521900	25.469528	25.425285	25.375242	25.333778	25.288055	25.250546	25.210129	25.176840	25.141716	25.112080	25.081409	25.054184	25.026505	
25.019756	25.039337	25.060659	25.081409	25.105528	25.128551	25.156338	25.182320	25.214104	25.243166	25.278595	25.310215	25.348186	25.381178	25.419876	25.452471	25.489511	25.519531	25.552221	25.577364	25.603046	25.621189	25.637608	25.647125	25.652775	25.652775	25.647125	25.637608	25.621189	25.603046	25.577366	25.552221	25.519527	25.489511	25.452469	25.419878	25.381180	25.348186	25.310217	25.278591	25.243166	25.214100	25.182320	25.156336	25.128551	25.105524	25.081409	25.060656	25.039337	25.019754	
25.012808	25.026196	25.039337	25.054188	25.068481	25.085503	25.101551	25.121143	25.139229	25.161400	25.181385	25.205658	25.226986	25.252392	25.274082	25.299219	25.319958	25.343132	25.361423	25.380840	25.395206	25.409220	25.418406	25.425755	25.428915	25.428915	25.425755	25.418406	25.409222	25.395206	25.380840	25.361423	25.343130	25.319958	25.299221	25.274082	25.252392	25.226990	25.205658	25.181387	25.161396	25.139227	25.121143	25.101551	25.085499	25.068481	25.054188	25.039337	25.026196	25.012806	
25.006435	25.012808	25.019756	25.026506	25.034370	25.041859	25.050922	25.059368	25.069740	25.079187	25.090752	25.101028	25.113426	25.124149	25.136784	25.147379	25.159473	25.169231	25.179905	25.188078	25.196465	25.202362	25.207724	25.210817	25.212664	25.212662	25.210817	25.207724	25.202362	25.196465	25.188080	25.179905	25.169231	25.159473	25.147379	25.136784	25.124149	25.113426	25.101030	25.090752	25.079187	25.069740	25.059368	25.050922	25.041857	25.034370	25.026505	25.019756	25.012806	25.006433	
