25.000511	25.001026	25.001532	25.002033	25.002529	25.003014	25.003487	25.003946	25.004391	25.004820	25.005230	25.005619	25.005989	25.006334	25.006657	25.006954	25.007221	25.007467	25.007681	25.007866	25.008022	25.008148	25.008244	25.008305	25.008335	25.008335	25.008305	25.008242	25.008148	25.008022	25.007868	25.007679	25.007467	25.007223	25.006954	25.006657	25.006332	25.005987	25.005619	25.005228	25.004818	25.004391	25.003944	25.003487	25.003014	25.002529	25.002035	25.001534	25.001026	25.000513	
25.001026	25.002045	25.003057	25.004061	25.005049	25.006016	25.006958	25.007877	25.008766	25.009621	25.010439	25.011219	25.011955	25.012646	25.013288	25.013882	25.014420	25.014904	25.015335	25.015703	25.016014	25.016266	25.016453	25.016579	25.016640	25.016642	25.016579	25.016453	25.016264	25.016014	25.015705	25.015335	25.014904	25.014421	25.013880	25.013287	25.012646	25.011953	25.011215	25.010437	25.009619	25.008766	25.007877	25.006958	25.006016	25.005051	25.004063	25.003061	25.002045	25.001026	
25.001534	25.003061	25.004574	25.006073	25.007549	25.008995	25.010406	25.011780	25.013105	25.014385	25.015610	25.016773	25.017876	25.018908	25.019867	25.020756	25.021561	25.022287	25.022926	25.023479	25.023945	25.024319	25.024601	25.024788	25.024883	25.024881	25.024790	25.024601	25.024319	25.023945	25.023481	25.022928	25.022289	25.021559	25.020754	25.019867	25.018908	25.017872	25.016773	25.015608	25.014383	25.013107	25.011780	25.010406	25.008993	25.007549	25.006073	25.004574	25.003059	25.001532	
25.002037	25.004059	25.006075	25.008064	25.010021	25.011940	25.013813	25.015636	25.017399	25.019094	25.020720	25.022266	25.023727	25.025097	25.026375	25.027550	25.028622	25.029585	25.030434	25.031168	25.031788	25.032284	25.032656	25.032907	25.033031	25.033031	25.032904	25.032658	25.032282	25.031788	25.031166	25.030436	25.029583	25.028622	25.027546	25.026373	25.025097	25.023727	25.022263	25.020718	25.019094	25.017399	25.015636	25.013813	25.011940	25.010017	25.008060	25.006073	25.004061	25.002037	
25.002527	25.005051	25.007549	25.010021	25.012453	25.014839	25.017168	25.019432	25.021622	25.023733	25.025751	25.027672	25.029488	25.031193	25.032776	25.034241	25.035572	25.036768	25.037825	25.038738	25.039505	25.040123	25.040588	25.040897	25.041054	25.041050	25.040897	25.040586	25.040125	25.039505	25.038742	25.037823	25.036768	25.035568	25.034241	25.032776	25.031193	25.029488	25.027672	25.025747	25.023731	25.021624	25.019432	25.017166	25.014837	25.012451	25.010021	25.007547	25.005049	25.002527	
25.003014	25.006014	25.008995	25.011940	25.014839	25.017681	25.020458	25.023155	25.025768	25.028278	25.030685	25.032974	25.035139	25.037169	25.039059	25.040802	25.042389	25.043814	25.045073	25.046162	25.047073	25.047813	25.048367	25.048737	25.048920	25.048922	25.048733	25.048368	25.047810	25.047077	25.046160	25.045074	25.043812	25.042389	25.040798	25.039059	25.037167	25.035139	25.032970	25.030685	25.028278	25.025766	25.023155	25.020458	25.017683	25.014837	25.011940	25.008995	25.006016	25.003014	
25.003487	25.006958	25.010406	25.013813	25.017166	25.020458	25.023668	25.026791	25.029812	25.032719	25.035503	25.038153	25.040657	25.043007	25.045191	25.047207	25.049044	25.050692	25.052151	25.053410	25.054466	25.055319	25.055960	25.056387	25.056604	25.056599	25.056389	25.055958	25.055321	25.054466	25.053410	25.052149	25.050694	25.049040	25.047207	25.045189	25.043005	25.040653	25.038151	25.035500	25.032721	25.029812	25.026791	25.023670	25.020454	25.017168	25.013813	25.010406	25.006958	25.003487	
25.003944	25.007877	25.011778	25.015636	25.019432	25.023155	25.026791	25.030323	25.033745	25.037037	25.040186	25.043186	25.046017	25.048679	25.051153	25.053432	25.055511	25.057381	25.059029	25.060455	25.061649	25.062616	25.063343	25.063828	25.064068	25.064072	25.063824	25.063343	25.062614	25.061653	25.060455	25.059029	25.057377	25.055513	25.053431	25.051151	25.048676	25.046019	25.043182	25.040188	25.037033	25.033745	25.030323	25.026791	25.023155	25.019430	25.015633	25.011776	25.007877	25.003944	
25.004391	25.008764	25.013107	25.017399	25.021626	25.025766	25.029810	25.033745	25.037548	25.041210	25.044716	25.048050	25.051207	25.054165	25.056919	25.059456	25.061771	25.063847	25.065685	25.067270	25.068605	25.069675	25.070484	25.071022	25.071293	25.071289	25.071024	25.070480	25.069677	25.068602	25.067272	25.065681	25.063850	25.061768	25.059460	25.056917	25.054165	25.051205	25.048054	25.044716	25.041210	25.037546	25.033743	25.029812	25.025764	25.021622	25.017397	25.013105	25.008766	25.004391	
25.004818	25.009619	25.014385	25.019096	25.023731	25.028278	25.032719	25.037033	25.041210	25.045231	25.049076	25.052738	25.056200	25.059448	25.062469	25.065258	25.067793	25.070078	25.072090	25.073833	25.075294	25.076471	25.077354	25.077950	25.078243	25.078247	25.077946	25.077358	25.076469	25.075294	25.073832	25.072090	25.070072	25.067797	25.065252	25.062473	25.059444	25.056202	25.052736	25.049076	25.045227	25.041208	25.037033	25.032719	25.028278	25.023731	25.019094	25.014385	25.009621	25.004818	
25.005230	25.010437	25.015608	25.020720	25.025753	25.030685	25.035501	25.040184	25.044716	25.049076	25.053253	25.057224	25.060982	25.064507	25.067785	25.070807	25.073563	25.076035	25.078226	25.080112	25.081699	25.082973	25.083937	25.084578	25.084904	25.084900	25.084581	25.083935	25.082977	25.081699	25.080112	25.078222	25.076038	25.073559	25.070810	25.067783	25.064507	25.060978	25.057224	25.053251	25.049076	25.044714	25.040184	25.035503	25.030685	25.025749	25.020718	25.015608	25.010441	25.005230	
25.005617	25.011215	25.016773	25.022264	25.027672	25.032974	25.038149	25.043182	25.048050	25.052738	25.057224	25.061493	25.065531	25.069317	25.072842	25.076090	25.079048	25.081711	25.084059	25.086090	25.087795	25.089167	25.090199	25.090893	25.091234	25.091238	25.090889	25.090199	25.089165	25.087795	25.086090	25.084061	25.081709	25.079048	25.076088	25.072844	25.069315	25.065533	25.061493	25.057224	25.052738	25.048052	25.043182	25.038151	25.032974	25.027672	25.022263	25.016773	25.011219	25.005619	
25.005989	25.011953	25.017872	25.023727	25.029488	25.035137	25.040655	25.046017	25.051205	25.056198	25.060982	25.065529	25.069830	25.073868	25.077621	25.081083	25.084236	25.087074	25.089577	25.091740	25.093557	25.095016	25.096119	25.096855	25.097227	25.097223	25.096855	25.096115	25.095016	25.093555	25.091743	25.089575	25.087072	25.084236	25.081085	25.077621	25.073868	25.069828	25.065531	25.060978	25.056198	25.051205	25.046019	25.040653	25.035137	25.029488	25.023726	25.017874	25.011955	25.005989	
25.006332	25.012644	25.018906	25.025095	25.031193	25.037170	25.043003	25.048677	25.054165	25.059448	25.064503	25.069317	25.073866	25.078135	25.082108	25.085770	25.089108	25.092104	25.094753	25.097042	25.098965	25.100510	25.101673	25.102455	25.102844	25.102844	25.102451	25.101675	25.100508	25.098965	25.097042	25.094757	25.092102	25.089108	25.085770	25.082109	25.078135	25.073868	25.069317	25.064503	25.059446	25.054165	25.048679	25.043003	25.037169	25.031193	25.025097	25.018906	25.012646	25.006336	
25.006657	25.013287	25.019867	25.026375	25.032776	25.039059	25.045191	25.051151	25.056919	25.062469	25.067783	25.072840	25.077621	25.082108	25.086285	25.090130	25.093637	25.096788	25.099571	25.101978	25.103996	25.105619	25.106846	25.107662	25.108074	25.108070	25.107664	25.106842	25.105621	25.103996	25.101978	25.099569	25.096788	25.093636	25.090132	25.086281	25.082111	25.077621	25.072842	25.067783	25.062471	25.056919	25.051151	25.045191	25.039059	25.032776	25.026373	25.019869	25.013287	25.006657	
25.006950	25.013880	25.020754	25.027546	25.034241	25.040800	25.047205	25.053432	25.059456	25.065254	25.070807	25.076088	25.081081	25.085770	25.090130	25.094151	25.097813	25.101105	25.104012	25.106525	25.108631	25.110332	25.111609	25.112463	25.112892	25.112892	25.112461	25.111610	25.110329	25.108633	25.106522	25.104012	25.101103	25.097813	25.094151	25.090134	25.085770	25.081085	25.076088	25.070808	25.065254	25.059458	25.053432	25.047207	25.040798	25.034241	25.027550	25.020754	25.013880	25.006954	
25.007225	25.014420	25.021561	25.028620	25.035572	25.042385	25.049042	25.055511	25.061768	25.067795	25.073561	25.079048	25.084236	25.089104	25.093637	25.097813	25.101620	25.105034	25.108057	25.110668	25.112858	25.114620	25.115950	25.116837	25.117283	25.117283	25.116838	25.115948	25.114620	25.112856	25.110668	25.108055	25.105034	25.101618	25.097813	25.093636	25.089108	25.084236	25.079052	25.073561	25.067795	25.061768	25.055511	25.049042	25.042389	25.035568	25.028620	25.021561	25.014420	25.007223	
25.007465	25.014904	25.022285	25.029583	25.036766	25.043814	25.050692	25.057377	25.063847	25.070074	25.076036	25.081707	25.087070	25.092104	25.096786	25.101105	25.105036	25.108570	25.111691	25.114391	25.116655	25.118479	25.119850	25.120770	25.121227	25.121227	25.120766	25.119850	25.118475	25.116653	25.114388	25.111691	25.108570	25.105036	25.101101	25.096786	25.092102	25.087074	25.081709	25.076038	25.070076	25.063848	25.057379	25.050694	25.043812	25.036768	25.029583	25.022285	25.014904	25.007465	
25.007683	25.015331	25.022928	25.030432	25.037827	25.045071	25.052151	25.059029	25.065683	25.072090	25.078220	25.084059	25.089575	25.094753	25.099571	25.104010	25.108055	25.111691	25.114906	25.117680	25.120010	25.121887	25.123299	25.124241	25.124714	25.124714	25.124241	25.123295	25.121883	25.120007	25.117680	25.114902	25.111691	25.108055	25.104012	25.099569	25.094753	25.089577	25.084061	25.078224	25.072092	25.065685	25.059029	25.052151	25.045073	25.037823	25.030436	25.022926	25.015335	25.007681	
25.007866	25.015705	25.023479	25.031170	25.038738	25.046162	25.053411	25.060453	25.067272	25.073830	25.080112	25.086090	25.091740	25.097044	25.101974	25.106525	25.110666	25.114391	25.117680	25.120525	25.122910	25.124830	25.126274	25.127243	25.127728	25.127728	25.127243	25.126274	25.124828	25.122908	25.120522	25.117680	25.114391	25.110668	25.106525	25.101976	25.097042	25.091743	25.086090	25.080114	25.073832	25.067272	25.060455	25.053410	25.046162	25.038738	25.031170	25.023483	25.015703	25.007866	
25.008022	25.016014	25.023949	25.031784	25.039507	25.047075	25.054466	25.061651	25.068604	25.075293	25.081697	25.087795	25.093555	25.098963	25.103998	25.108631	25.112862	25.116653	25.120012	25.122908	25.125343	25.127300	25.128777	25.129761	25.130257	25.130257	25.129763	25.128775	25.127300	25.125340	25.122910	25.120010	25.116655	25.112858	25.108633	25.103996	25.098965	25.093557	25.087795	25.081699	25.075294	25.068602	25.061651	25.054466	25.047077	25.039505	25.031788	25.023945	25.016014	25.008022	
25.008148	25.016266	25.024319	25.032284	25.040123	25.047810	25.055317	25.062614	25.069674	25.076469	25.082973	25.089165	25.095018	25.100510	25.105618	25.110332	25.114620	25.118479	25.121883	25.124830	25.127300	25.129288	25.130787	25.131786	25.132290	25.132290	25.131788	25.130787	25.129288	25.127300	25.124828	25.121883	25.118477	25.114620	25.110331	25.105619	25.100510	25.095018	25.089165	25.082975	25.076469	25.069675	25.062614	25.055319	25.047812	25.040123	25.032284	25.024319	25.016264	25.008148	
25.008244	25.016453	25.024601	25.032656	25.040588	25.048363	25.055960	25.063339	25.070480	25.077354	25.083937	25.090199	25.096119	25.101673	25.106846	25.111609	25.115952	25.119850	25.123295	25.126274	25.128775	25.130787	25.132301	25.133314	25.133823	25.133823	25.133314	25.132301	25.130787	25.128773	25.126274	25.123297	25.119850	25.115948	25.111607	25.106842	25.101673	25.096119	25.090199	25.083935	25.077356	25.070480	25.063339	25.055960	25.048367	25.040588	25.032658	25.024601	25.016453	25.008244	
25.008307	25.016579	25.024788	25.032907	25.040897	25.048737	25.056389	25.063824	25.071020	25.077948	25.084579	25.090889	25.096855	25.102451	25.107658	25.112465	25.116837	25.120768	25.124241	25.127243	25.129761	25.131788	25.133312	25.134335	25.134848	25.134846	25.134335	25.133316	25.131786	25.129761	25.127243	25.124239	25.120768	25.116837	25.112463	25.107660	25.102451	25.096855	25.090889	25.084579	25.077950	25.071024	25.063826	25.056387	25.048737	25.040901	25.032906	25.024790	25.016581	25.008307	
25.008339	25.016644	25.024883	25.033031	25.041054	25.048920	25.056602	25.064068	25.071291	25.078243	25.084902	25.091236	25.097225	25.102842	25.108072	25.112892	25.117283	25.121227	25.124712	25.127726	25.130253	25.132290	25.133823	25.134848	25.135361	25.135361	25.134848	25.133823	25.132290	25.130255	25.127728	25.124714	25.121227	25.117283	25.112890	25.108070	25.102844	25.097223	25.091234	25.084900	25.078247	25.071293	25.064070	25.056602	25.048923	25.041056	25.033031	25.024883	25.016644	25.008339	
25.008339	25.016644	25.024883	25.033031	25.041054	25.048920	25.056602	25.064068	25.071291	25.078243	25.084902	25.091236	25.097225	25.102842	25.108072	25.112892	25.117283	25.121227	25.124712	25.127726	25.130253	25.132290	25.133823	25.134848	25.135361	25.135361	25.134848	25.133823	25.132290	25.130255	25.127728	25.124714	25.121227	25.117283	25.112890	25.108070	25.102844	25.097223	25.091234	25.084900	25.078247	25.071293	25.064070	25.056602	25.048923	25.041056	25.033031	25.024883	25.016644	25.008339	
25.008307	25.016579	25.024788	25.032907	25.040897	25.048737	25.056389	25.063824	25.071020	25.077948	25.084579	25.090889	25.096855	25.102451	25.107658	25.112465	25.116837	25.120768	25.124241	25.127243	25.129761	25.131788	25.133312	25.134335	25.134848	25.134846	25.134335	25.133316	25.131786	25.129761	25.127243	25.124239	25.120768	25.116837	25.112463	25.107660	25.102451	25.096855	25.090889	25.084579	25.077950	25.071024	25.063826	25.056387	25.048737	25.040901	25.032906	25.024790	25.016581	25.008307	
25.008244	25.016453	25.024601	25.032656	25.040588	25.048363	25.055960	25.063339	25.070480	25.077354	25.083937	25.090199	25.096119	25.101673	25.106846	25.111609	25.115952	25.119850	25.123295	25.126274	25.128775	25.130787	25.132301	25.133314	25.133823	25.133823	25.133314	25.132301	25.130787	25.128773	25.126274	25.123297	25.119850	25.115948	25.111607	25.106842	25.101673	25.096119	25.090199	25.083935	25.077356	25.070480	25.063339	25.055960	25.048367	25.040588	25.032658	25.024601	25.016453	25.008244	
25.008148	25.016266	25.024319	25.032284	25.040123	25.047810	25.055317	25.062614	25.069674	25.076469	25.082973	25.089165	25.095018	25.100510	25.105618	25.110332	25.114620	25.118479	25.121883	25.124830	25.127300	25.129288	25.130787	25.131786	25.132290	25.132290	25.131788	25.130787	25.129288	25.127300	25.124828	25.121883	25.118477	25.114620	25.110331	25.105619	25.100510	25.095018	25.089165	25.082975	25.076469	25.069675	25.062614	25.055319	25.047812	25.040123	25.032284	25.024319	25.016264	25.008148	
25.008022	25.016014	25.023949	25.031784	25.039507	25.047075	25.054466	25.061651	25.068604	25.075293	25.081697	25.087795	25.093555	25.098963	25.103998	25.108631	25.112862	25.116653	25.120012	25.122908	25.125343	25.127300	25.128777	25.129761	25.130257	25.130257	25.129763	25.128775	25.127300	25.125340	25.122910	25.120010	25.116655	25.112858	25.108633	25.103996	25.098965	25.093557	25.087795	25.081699	25.075294	25.068602	25.061651	25.054466	25.047077	25.039505	25.031788	25.023945	25.016014	25.008022	
25.007866	25.015705	25.023479	25.031170	25.038738	25.046162	25.053411	25.060453	25.067272	25.073830	25.080112	25.086090	25.091740	25.097044	25.101974	25.106525	25.110666	25.114391	25.117680	25.120525	25.122910	25.124830	25.126274	25.127243	25.127728	25.127728	25.127243	25.126274	25.124828	25.122908	25.120522	25.117680	25.114391	25.110668	25.106525	25.101976	25.097042	25.091743	25.086090	25.080114	25.073832	25.067272	25.060455	25.053410	25.046162	25.038738	25.031170	25.023483	25.015703	25.007866	
25.007683	25.015331	25.022928	25.030432	25.037827	25.045071	25.052151	25.059029	25.065683	25.072090	25.078220	25.084059	25.089575	25.094753	25.099571	25.104010	25.108055	25.111691	25.114906	25.117680	25.120010	25.121887	25.123299	25.124241	25.124714	25.124714	25.124241	25.123295	25.121883	25.120007	25.117680	25.114902	25.111691	25.108055	25.104012	25.099569	25.094753	25.089577	25.084061	25.078224	25.072092	25.065685	25.059029	25.052151	25.045073	25.037823	25.030436	25.022926	25.015335	25.007681	
25.007465	25.014904	25.022285	25.029583	25.036766	25.043814	25.050692	25.057377	25.063847	25.070074	25.076036	25.081707	25.087070	25.092104	25.096786	25.101105	25.105036	25.108570	25.111691	25.114391	25.116655	25.118479	25.119850	25.120770	25.121227	25.121227	25.120766	25.119850	25.118475	25.116653	25.114388	25.111691	25.108570	25.105036	25.101101	25.096786	25.092102	25.087074	25.081709	25.076038	25.070076	25.063848	25.057379	25.050694	25.043812	25.036768	25.029583	25.022285	25.014904	25.007465	
25.007225	25.014420	25.021561	25.028620	25.035572	25.042385	25.049042	25.055511	25.061768	25.067795	25.073561	25.079048	25.084236	25.089104	25.093637	25.097813	25.101620	25.105034	25.108057	25.110668	25.112858	25.114620	25.115950	25.116837	25.117283	25.117283	25.116838	25.115948	25.114620	25.112856	25.110668	25.108055	25.105034	25.101618	25.097813	25.093636	25.089108	25.084236	25.079052	25.073561	25.067795	25.061768	25.055511	25.049042	25.042389	25.035568	25.028620	25.021561	25.014420	25.007223	
25.006950	25.013880	25.020754	25.027546	25.034241	25.040800	25.047205	25.053432	25.059456	25.065254	25.070807	25.076088	25.081081	25.085770	25.090130	25.094151	25.097813	25.101105	25.104012	25.106525	25.108631	25.110332	25.111609	25.112463	25.112892	25.112892	25.112461	25.111610	25.110329	25.108633	25.106522	25.104012	25.101103	25.097813	25.094151	25.090134	25.085770	25.081085	25.076088	25.070808	25.065254	25.059458	25.053432	25.047207	25.040798	25.034241	25.027550	25.020754	25.013880	25.006954	
25.006657	25.013287	25.019867	25.026375	25.032776	25.039059	25.045191	25.051151	25.056919	25.062469	25.067783	25.072840	25.077621	25.082108	25.086285	25.090130	25.093637	25.096788	25.099571	25.101978	25.103996	25.105619	25.106846	25.107662	25.108074	25.108070	25.107664	25.106842	25.105621	25.103996	25.101978	25.099569	25.096788	25.093636	25.090132	25.086281	25.082111	25.077621	25.072842	25.067783	25.062471	25.056919	25.051151	25.045191	25.039059	25.032776	25.026373	25.019869	25.013287	25.006657	
25.006332	25.012644	25.018906	25.025095	25.031193	25.037170	25.043003	25.048677	25.054165	25.059448	25.064503	25.069317	25.073866	25.078135	25.082108	25.085770	25.089108	25.092104	25.094753	25.097042	25.098965	25.100510	25.101673	25.102455	25.102844	25.102844	25.102451	25.101675	25.100508	25.098965	25.097042	25.094757	25.092102	25.089108	25.085770	25.082109	25.078135	25.073868	25.069317	25.064503	25.059446	25.054165	25.048679	25.043003	25.037169	25.031193	25.025097	25.018906	25.012646	25.006336	
25.005989	25.011953	25.017872	25.023727	25.029488	25.035137	25.040655	25.046017	25.051205	25.056198	25.060982	25.065529	25.069830	25.073868	25.077621	25.081083	25.084236	25.087074	25.089577	25.091740	25.093557	25.095016	25.096119	25.096855	25.097227	25.097223	25.096855	25.096115	25.095016	25.093555	25.091743	25.089575	25.087072	25.084236	25.081085	25.077621	25.073868	25.069828	25.065531	25.060978	25.056198	25.051205	25.046019	25.040653	25.035137	25.029488	25.023726	25.017874	25.011955	25.005989	
25.005617	25.011215	25.016773	25.022264	25.027672	25.032974	25.038149	25.043182	25.048050	25.052738	25.057224	25.061493	25.065531	25.069317	25.072842	25.076090	25.079048	25.081711	25.084059	25.086090	25.087795	25.089167	25.090199	25.090893	25.091234	25.091238	25.090889	25.090199	25.089165	25.087795	25.086090	25.084061	25.081709	25.079048	25.076088	25.072844	25.069315	25.065533	25.061493	25.057224	25.052738	25.048052	25.043182	25.038151	25.032974	25.027672	25.022263	25.016773	25.011219	25.005619	
25.005230	25.010437	25.015608	25.020720	25.025753	25.030685	25.035501	25.040184	25.044716	25.049076	25.053253	25.057224	25.060982	25.064507	25.067785	25.070807	25.073563	25.076035	25.078226	25.080112	25.081699	25.082973	25.083937	25.084578	25.084904	25.084900	25.084581	25.083935	25.082977	25.081699	25.080112	25.078222	25.076038	25.073559	25.070810	25.067783	25.064507	25.060978	25.057224	25.053251	25.049076	25.044714	25.040184	25.035503	25.030685	25.025749	25.020718	25.015608	25.010441	25.005230	
25.004818	25.009619	25.014385	25.019096	25.023731	25.028278	25.032719	25.037033	25.041210	25.045231	25.049076	25.052738	25.056200	25.059448	25.062469	25.065258	25.067793	25.070078	25.072090	25.073833	25.075294	25.076471	25.077354	25.077950	25.078243	25.078247	25.077946	25.077358	25.076469	25.075294	25.073832	25.072090	25.070072	25.067797	25.065252	25.062473	25.059444	25.056202	25.052736	25.049076	25.045227	25.041208	25.037033	25.032719	25.028278	25.023731	25.019094	25.014385	25.009621	25.004818	
25.004391	25.008764	25.013107	25.017399	25.021626	25.025766	25.029810	25.033745	25.037548	25.041210	25.044716	25.048050	25.051207	25.054165	25.056919	25.059456	25.061771	25.063847	25.065685	25.067270	25.068605	25.069675	25.070484	25.071022	25.071293	25.071289	25.071024	25.070480	25.069677	25.068602	25.067272	25.065681	25.063850	25.061768	25.059460	25.056917	25.054165	25.051205	25.048054	25.044716	25.041210	25.037546	25.033743	25.029812	25.025764	25.021622	25.017397	25.013105	25.008766	25.004391	
25.003944	25.007877	25.011778	25.015636	25.019432	25.023155	25.026791	25.030323	25.033745	25.037037	25.040186	25.043186	25.046017	25.048679	25.051153	25.053432	25.055511	25.057381	25.059029	25.060455	25.061649	25.062616	25.063343	25.063828	25.064068	25.064072	25.063824	25.063343	25.062614	25.061653	25.060455	25.059029	25.057377	25.055513	25.053431	25.051151	25.048676	25.046019	25.043182	25.040188	25.037033	25.033745	25.030323	25.026791	25.023155	25.019430	25.015633	25.011776	25.007877	25.003944	
25.003487	25.006958	25.010406	25.013813	25.017166	25.020458	25.023668	25.026791	25.029812	25.032719	25.035503	25.038153	25.040657	25.043007	25.045191	25.047207	25.049044	25.050692	25.052151	25.053410	25.054466	25.055319	25.055960	25.056387	25.056604	25.056599	25.056389	25.055958	25.055321	25.054466	25.053410	25.052149	25.050694	25.049040	25.047207	25.045189	25.043005	25.040653	25.038151	25.035500	25.032721	25.029812	25.026791	25.023670	25.020454	25.017168	25.013813	25.010406	25.006958	25.003487	
25.003014	25.006014	25.008995	25.011940	25.014839	25.017681	25.020458	25.023155	25.025768	25.028278	25.030685	25.032974	25.035139	25.037169	25.039059	25.040802	25.042389	25.043814	25.045073	25.046162	25.047073	25.047813	25.048367	25.048737	25.048920	25.048922	25.048733	25.048368	25.047810	25.047077	25.046160	25.045074	25.043812	25.042389	25.040798	25.039059	25.037167	25.035139	25.032970	25.030685	25.028278	25.025766	25.023155	25.020458	25.017683	25.014837	25.011940	25.008995	25.006016	25.003014	
25.002527	25.005051	25.007549	25.010021	25.012453	25.014839	25.017168	25.019432	25.021622	25.023733	25.025751	25.027672	25.029488	25.031193	25.032776	25.034241	25.035572	25.036768	25.037825	25.038738	25.039505	25.040123	25.040588	25.040897	25.041054	25.041050	25.040897	25.040586	25.040125	25.039505	25.038742	25.037823	25.036768	25.035568	25.034241	25.032776	25.031193	25.029488	25.027672	25.025747	25.023731	25.021624	25.019432	25.017166	25.014837	25.012451	25.010021	25.007547	25.005049	25.002527	
25.002037	25.004059	25.006075	25.008064	25.010021	25.011940	25.013813	25.015636	25.017399	25.019094	25.020720	25.022266	25.023727	25.025097	25.026375	25.027550	25.028622	25.029585	25.030434	25.031168	25.031788	25.032284	25.032656	25.032907	25.033031	25.033031	25.032904	25.032658	25.032282	25.031788	25.031166	25.030436	25.029583	25.028622	25.027546	25.026373	25.025097	25.023727	25.022263	25.020718	25.019094	25.017399	25.015636	25.013813	25.011940	25.010017	25.008060	25.006073	25.004061	25.002037	
25.001534	25.003061	25.004574	25.006073	25.007549	25.008995	25.010406	25.011780	25.013105	25.014385	25.015610	25.016773	25.017876	25.018908	25.019867	25.020756	25.021561	25.022287	25.022926	25.023479	25.023945	25.024319	25.024601	25.024788	25.024883	25.024881	25.024790	25.024601	25.024319	25.023945	25.023481	25.022928	25.022289	25.021559	25.020754	25.019867	25.018908	25.017872	25.016773	25.015608	25.014383	25.013107	25.011780	25.010406	25.008993	25.007549	25.006073	25.004574	25.003059	25.001532	
25.001026	25.002045	25.003057	25.004061	25.005049	25.006016	25.006958	25.007877	25.008766	25.009621	25.010439	25.011219	25.011955	25.012646	25.013288	25.013882	25.014420	25.014904	25.015335	25.015703	25.016014	25.016266	25.016453	25.016579	25.016640	25.016642	25.016579	25.016453	25.016264	25.016014	25.015705	25.015335	25.014904	25.014421	25.013880	25.013287	25.012646	25.011953	25.011215	25.010437	25.009619	25.008766	25.007877	25.006958	25.006016	25.005051	25.004063	25.003061	25.002045	25.001026	
25.000511	25.001026	25.001532	25.002033	25.002529	25.003014	25.003487	25.003946	25.004391	25.004820	25.005230	25.005619	25.005989	25.006334	25.006657	25.006954	25.007221	25.007467	25.007681	25.007866	25.008022	25.008148	25.008244	25.008305	25.008335	25.008335	25.008305	25.008242	25.008148	25.008022	25.007868	25.007679	25.007467	25.007223	25.006954	25.006657	25.006332	25.005987	25.005619	25.005228	25.004818	25.004391	25.003944	25.003487	25.003014	25.002529	25.002035	25.001534	25.001026	25.000513	
