25.000359	25.000713	25.001066	25.001415	25.001759	25.002098	25.002426	25.002745	25.003056	25.003353	25.003639	25.003910	25.004168	25.004410	25.004631	25.004839	25.005028	25.005196	25.005346	25.005474	25.005581	25.005671	25.005735	25.005779	25.005802	25.005802	25.005779	25.005735	25.005669	25.005583	25.005474	25.005344	25.005196	25.005028	25.004837	25.004633	25.004406	25.004168	25.003910	25.003639	25.003353	25.003056	25.002743	25.002426	25.002096	25.001760	25.001415	25.001068	25.000713	25.000359	
25.000713	25.001423	25.002129	25.002825	25.003513	25.004185	25.004843	25.005482	25.006100	25.006695	25.007263	25.007805	25.008320	25.008799	25.009247	25.009659	25.010035	25.010370	25.010670	25.010929	25.011147	25.011318	25.011450	25.011538	25.011581	25.011581	25.011536	25.011448	25.011318	25.011143	25.010927	25.010670	25.010372	25.010033	25.009659	25.009245	25.008799	25.008316	25.007807	25.007263	25.006695	25.006096	25.005482	25.004841	25.004189	25.003511	25.002827	25.002129	25.001427	25.000713	
25.001068	25.002129	25.003183	25.004227	25.005253	25.006260	25.007240	25.008198	25.009121	25.010010	25.010860	25.011673	25.012436	25.013159	25.013824	25.014442	25.015003	25.015509	25.015953	25.016342	25.016663	25.016924	25.017118	25.017250	25.017315	25.017319	25.017250	25.017120	25.016922	25.016663	25.016340	25.015953	25.015507	25.015003	25.014442	25.013824	25.013155	25.012438	25.011669	25.010860	25.010010	25.009121	25.008196	25.007240	25.006260	25.005253	25.004225	25.003185	25.002129	25.001068	
25.001415	25.002827	25.004223	25.005611	25.006971	25.008308	25.009613	25.010880	25.012108	25.013287	25.014420	25.015491	25.016514	25.017464	25.018353	25.019173	25.019917	25.020586	25.021179	25.021687	25.022121	25.022465	25.022724	25.022900	25.022987	25.022985	25.022900	25.022724	25.022467	25.022118	25.021690	25.021177	25.020588	25.019917	25.019171	25.018351	25.017464	25.016506	25.015495	25.014418	25.013287	25.012104	25.010880	25.009611	25.008308	25.006969	25.005610	25.004225	25.002827	25.001415	
25.001762	25.003513	25.005253	25.006971	25.008665	25.010326	25.011948	25.013521	25.015045	25.016518	25.017918	25.019258	25.020519	25.021709	25.022810	25.023827	25.024754	25.025587	25.026321	25.026958	25.027489	25.027922	25.028244	25.028461	25.028568	25.028568	25.028460	25.028244	25.027920	25.027493	25.026958	25.026321	25.025585	25.024754	25.023825	25.022808	25.021702	25.020521	25.019253	25.017918	25.016514	25.015047	25.013519	25.011948	25.010324	25.008667	25.006971	25.005253	25.003511	25.001760	
25.002098	25.004187	25.006258	25.008308	25.010326	25.012306	25.014236	25.016113	25.017929	25.019678	25.021355	25.022945	25.024454	25.025864	25.027180	25.028393	25.029495	25.030489	25.031364	25.032122	25.032759	25.033272	25.033657	25.033913	25.034042	25.034042	25.033915	25.033655	25.033272	25.032757	25.032124	25.031364	25.030491	25.029495	25.028393	25.027176	25.025866	25.024448	25.022945	25.021351	25.019676	25.017929	25.016113	25.014236	25.012304	25.010324	25.008308	25.006260	25.004185	25.002096	
25.002426	25.004843	25.007240	25.009613	25.011948	25.014236	25.016470	25.018642	25.020744	25.022768	25.024704	25.026550	25.028290	25.029926	25.031448	25.032848	25.034126	25.035276	25.036289	25.037167	25.037901	25.038494	25.038940	25.039238	25.039387	25.039389	25.039238	25.038940	25.038492	25.037903	25.037167	25.036289	25.035275	25.034126	25.032848	25.031448	25.029922	25.028290	25.026546	25.024704	25.022766	25.020744	25.018642	25.016472	25.014233	25.011948	25.009611	25.007240	25.004841	25.002426	
25.002747	25.005482	25.008198	25.010881	25.013523	25.016113	25.018644	25.021103	25.023479	25.025772	25.027964	25.030050	25.032024	25.033871	25.035597	25.037182	25.038628	25.039927	25.041079	25.042068	25.042904	25.043571	25.044075	25.044415	25.044582	25.044582	25.044415	25.044075	25.043573	25.042900	25.042068	25.041075	25.039930	25.038628	25.037182	25.035595	25.033875	25.032021	25.030052	25.027962	25.025772	25.023481	25.021103	25.018642	25.016113	25.013519	25.010880	25.008194	25.005482	25.002745	
25.003056	25.006100	25.009121	25.012108	25.015049	25.017929	25.020744	25.023481	25.026131	25.028675	25.031118	25.033438	25.035633	25.037693	25.039606	25.041374	25.042984	25.044430	25.045706	25.046812	25.047737	25.048485	25.049044	25.049423	25.049606	25.049610	25.049419	25.049046	25.048483	25.047741	25.046810	25.045710	25.044430	25.042984	25.041372	25.039608	25.037693	25.035637	25.033436	25.031116	25.028677	25.026127	25.023479	25.020746	25.017929	25.015049	25.012108	25.009121	25.006098	25.003056	
25.003351	25.006695	25.010010	25.013288	25.016514	25.019678	25.022766	25.025772	25.028677	25.031475	25.034153	25.036701	25.039108	25.041367	25.043470	25.045408	25.047176	25.048763	25.050165	25.051376	25.052395	25.053211	25.053831	25.054241	25.054451	25.054447	25.054243	25.053829	25.053215	25.052393	25.051378	25.050163	25.048765	25.047174	25.045410	25.043468	25.041368	25.039106	25.036701	25.034149	25.031475	25.028675	25.025772	25.022766	25.019680	25.016514	25.013288	25.010008	25.006695	25.003353	
25.003639	25.007263	25.010860	25.014418	25.017920	25.021351	25.024704	25.027962	25.031118	25.034149	25.037060	25.039822	25.042435	25.044888	25.047169	25.049274	25.051189	25.052912	25.054434	25.055748	25.056850	25.057739	25.058407	25.058859	25.059078	25.059082	25.058855	25.058411	25.057739	25.056852	25.055748	25.054432	25.052910	25.051189	25.049271	25.047169	25.044884	25.042435	25.039820	25.037058	25.034149	25.031116	25.027962	25.024706	25.021351	25.017920	25.014418	25.010862	25.007263	25.003639	
25.003908	25.007805	25.011669	25.015493	25.019255	25.022945	25.026546	25.030052	25.033438	25.036701	25.039822	25.042793	25.045601	25.048235	25.050690	25.052948	25.055010	25.056858	25.058495	25.059906	25.061096	25.062046	25.062767	25.063244	25.063492	25.063488	25.063250	25.062767	25.062048	25.061092	25.059910	25.058491	25.056858	25.055006	25.052948	25.050686	25.048237	25.045597	25.042793	25.039818	25.036701	25.033436	25.030052	25.026548	25.022945	25.019257	25.015493	25.011671	25.007805	25.003910	
25.004166	25.008316	25.012436	25.016510	25.020519	25.024450	25.028294	25.032021	25.035633	25.039108	25.042435	25.045599	25.048594	25.051403	25.054012	25.056425	25.058619	25.060593	25.062332	25.063843	25.065104	25.066120	25.066883	25.067400	25.067654	25.067656	25.067398	25.066887	25.066118	25.065105	25.063839	25.062334	25.060589	25.058620	25.056421	25.054016	25.051399	25.048595	25.045597	25.042437	25.039104	25.035633	25.032022	25.028292	25.024452	25.020519	25.016508	25.012440	25.008318	25.004168	
25.004406	25.008799	25.013157	25.017464	25.021704	25.025866	25.029924	25.033875	25.037693	25.041367	25.044888	25.048237	25.051403	25.054371	25.057137	25.059685	25.062008	25.064093	25.065937	25.067528	25.068867	25.069941	25.070751	25.071293	25.071568	25.071564	25.071295	25.070751	25.069942	25.068863	25.067530	25.065933	25.064095	25.062004	25.059685	25.057135	25.054373	25.051399	25.048237	25.044884	25.041370	25.037693	25.033875	25.029926	25.025864	25.021704	25.017464	25.013157	25.008801	25.004408	
25.004631	25.009243	25.013824	25.018351	25.022812	25.027176	25.031448	25.035595	25.039608	25.043472	25.047169	25.050690	25.054014	25.057138	25.060040	25.062719	25.065159	25.067352	25.069288	25.070965	25.072369	25.073498	25.074348	25.074919	25.075203	25.075203	25.074919	25.074348	25.073496	25.072369	25.070961	25.069290	25.067348	25.065159	25.062717	25.060043	25.057135	25.054018	25.050686	25.047171	25.043468	25.039608	25.035595	25.031446	25.027180	25.022808	25.018353	25.013828	25.009245	25.004633	
25.004837	25.009659	25.014442	25.019171	25.023825	25.028393	25.032848	25.037182	25.041372	25.045410	25.049271	25.052948	25.056425	25.059685	25.062721	25.065514	25.068064	25.070354	25.072376	25.074127	25.075594	25.076775	25.077665	25.078259	25.078556	25.078556	25.078259	25.077663	25.076775	25.075592	25.074127	25.072378	25.070354	25.068062	25.065517	25.062717	25.059687	25.056421	25.052952	25.049271	25.045410	25.041374	25.037182	25.032848	25.028389	25.023827	25.019171	25.014441	25.009659	25.004837	
25.005028	25.010033	25.015003	25.019917	25.024754	25.029495	25.034128	25.038630	25.042984	25.047176	25.051189	25.055008	25.058619	25.062008	25.065157	25.068064	25.070709	25.073090	25.075193	25.077009	25.078533	25.079762	25.080687	25.081303	25.081612	25.081612	25.081303	25.080685	25.079760	25.078535	25.077011	25.075191	25.073090	25.070713	25.068064	25.065159	25.062004	25.058620	25.055006	25.051189	25.047176	25.042986	25.038628	25.034126	25.029495	25.024754	25.019917	25.015005	25.010033	25.005028	
25.005196	25.010372	25.015507	25.020586	25.025585	25.030487	25.035275	25.039930	25.044430	25.048763	25.052912	25.056858	25.060591	25.064091	25.067352	25.070353	25.073092	25.075550	25.077723	25.079601	25.081177	25.082443	25.083401	25.084038	25.084358	25.084358	25.084038	25.083397	25.082443	25.081175	25.079601	25.077723	25.075550	25.073090	25.070356	25.067348	25.064095	25.060589	25.056862	25.052910	25.048765	25.044428	25.039928	25.035275	25.030487	25.025585	25.020586	25.015507	25.010372	25.005196	
25.005344	25.010670	25.015953	25.021179	25.026321	25.031364	25.036289	25.041077	25.045708	25.050165	25.054432	25.058495	25.062332	25.065935	25.069286	25.072376	25.075191	25.077724	25.079960	25.081890	25.083511	25.084816	25.085796	25.086456	25.086784	25.086784	25.086454	25.085796	25.084812	25.083511	25.081890	25.079956	25.077721	25.075193	25.072376	25.069290	25.065933	25.062336	25.058493	25.054434	25.050163	25.045708	25.041077	25.036289	25.031364	25.026321	25.021177	25.015955	25.010670	25.005346	
25.005474	25.010925	25.016338	25.021688	25.026958	25.032124	25.037167	25.042068	25.046812	25.051378	25.055748	25.059906	25.063839	25.067528	25.070961	25.074125	25.077011	25.079601	25.081890	25.083870	25.085529	25.086864	25.087872	25.088543	25.088881	25.088879	25.088543	25.087870	25.086864	25.085529	25.083870	25.081888	25.079601	25.077007	25.074129	25.070961	25.067532	25.063837	25.059908	25.055746	25.051380	25.046810	25.042068	25.037167	25.032122	25.026957	25.021690	25.016338	25.010929	25.005474	
25.005583	25.011143	25.016663	25.022118	25.027491	25.032761	25.037903	25.042902	25.047737	25.052395	25.056852	25.061092	25.065102	25.068865	25.072365	25.075594	25.078533	25.081177	25.083511	25.085529	25.087221	25.088585	25.089611	25.090296	25.090641	25.090641	25.090294	25.089611	25.088583	25.087223	25.085526	25.083511	25.081175	25.078537	25.075592	25.072369	25.068863	25.065105	25.061092	25.056850	25.052393	25.047739	25.042900	25.037903	25.032757	25.027489	25.022118	25.016663	25.011143	25.005583	
25.005669	25.011318	25.016922	25.022465	25.027920	25.033270	25.038496	25.043571	25.048485	25.053211	25.057739	25.062048	25.066118	25.069939	25.073498	25.076775	25.079760	25.082443	25.084816	25.086864	25.088581	25.089970	25.091009	25.091707	25.092056	25.092056	25.091705	25.091007	25.089968	25.088583	25.086864	25.084814	25.082443	25.079760	25.076777	25.073494	25.069942	25.066118	25.062050	25.057739	25.053213	25.048485	25.043571	25.038492	25.033268	25.027920	25.022465	25.016922	25.011318	25.005669	
25.005737	25.011448	25.017120	25.022724	25.028244	25.033657	25.038940	25.044077	25.049046	25.053829	25.058407	25.062767	25.066885	25.070751	25.074347	25.077663	25.080685	25.083399	25.085798	25.087872	25.089611	25.091009	25.092064	25.092770	25.093122	25.093121	25.092770	25.092064	25.091011	25.089609	25.087872	25.085796	25.083401	25.080687	25.077663	25.074352	25.070751	25.066889	25.062765	25.058411	25.053829	25.049046	25.044075	25.038940	25.033655	25.028244	25.022724	25.017120	25.011448	25.005735	
25.005777	25.011536	25.017250	25.022900	25.028461	25.033915	25.039238	25.044415	25.049421	25.054241	25.058857	25.063248	25.067398	25.071293	25.074919	25.078259	25.081303	25.084038	25.086456	25.088543	25.090296	25.091705	25.092770	25.093481	25.093834	25.093836	25.093479	25.092770	25.091707	25.090298	25.088543	25.086454	25.084038	25.081303	25.078259	25.074917	25.071295	25.067398	25.063248	25.058855	25.054241	25.049423	25.044413	25.039238	25.033916	25.028460	25.022898	25.017250	25.011536	25.005777	
25.005798	25.011580	25.017315	25.022987	25.028568	25.034042	25.039389	25.044584	25.049610	25.054447	25.059082	25.063488	25.067654	25.071566	25.075203	25.078556	25.081612	25.084358	25.086784	25.088881	25.090641	25.092056	25.093122	25.093834	25.094193	25.094193	25.093836	25.093122	25.092056	25.090641	25.088879	25.086784	25.084358	25.081612	25.078558	25.075205	25.071564	25.067657	25.063488	25.059082	25.054449	25.049610	25.044582	25.039389	25.034042	25.028568	25.022985	25.017317	25.011581	25.005800	
25.005798	25.011580	25.017315	25.022987	25.028568	25.034042	25.039389	25.044584	25.049610	25.054447	25.059082	25.063488	25.067654	25.071566	25.075203	25.078556	25.081612	25.084358	25.086784	25.088881	25.090641	25.092056	25.093122	25.093834	25.094193	25.094193	25.093836	25.093122	25.092056	25.090641	25.088879	25.086784	25.084358	25.081612	25.078558	25.075205	25.071564	25.067657	25.063488	25.059082	25.054449	25.049610	25.044582	25.039389	25.034042	25.028568	25.022985	25.017317	25.011581	25.005800	
25.005777	25.011536	25.017250	25.022900	25.028461	25.033915	25.039238	25.044415	25.049421	25.054241	25.058857	25.063248	25.067398	25.071293	25.074919	25.078259	25.081303	25.084038	25.086456	25.088543	25.090296	25.091705	25.092770	25.093481	25.093834	25.093836	25.093479	25.092770	25.091707	25.090298	25.088543	25.086454	25.084038	25.081303	25.078259	25.074917	25.071295	25.067398	25.063248	25.058855	25.054241	25.049423	25.044413	25.039238	25.033916	25.028460	25.022898	25.017250	25.011536	25.005777	
25.005737	25.011448	25.017120	25.022724	25.028244	25.033657	25.038940	25.044077	25.049046	25.053829	25.058407	25.062767	25.066885	25.070751	25.074347	25.077663	25.080685	25.083399	25.085798	25.087872	25.089611	25.091009	25.092064	25.092770	25.093122	25.093121	25.092770	25.092064	25.091011	25.089609	25.087872	25.085796	25.083401	25.080687	25.077663	25.074352	25.070751	25.066889	25.062765	25.058411	25.053829	25.049046	25.044075	25.038940	25.033655	25.028244	25.022724	25.017120	25.011448	25.005735	
25.005669	25.011318	25.016922	25.022465	25.027920	25.033270	25.038496	25.043571	25.048485	25.053211	25.057739	25.062048	25.066118	25.069939	25.073498	25.076775	25.079760	25.082443	25.084816	25.086864	25.088581	25.089970	25.091009	25.091707	25.092056	25.092056	25.091705	25.091007	25.089968	25.088583	25.086864	25.084814	25.082443	25.079760	25.076777	25.073494	25.069942	25.066118	25.062050	25.057739	25.053213	25.048485	25.043571	25.038492	25.033268	25.027920	25.022465	25.016922	25.011318	25.005669	
25.005583	25.011143	25.016663	25.022118	25.027491	25.032761	25.037903	25.042902	25.047737	25.052395	25.056852	25.061092	25.065102	25.068865	25.072365	25.075594	25.078533	25.081177	25.083511	25.085529	25.087221	25.088585	25.089611	25.090296	25.090641	25.090641	25.090294	25.089611	25.088583	25.087223	25.085526	25.083511	25.081175	25.078537	25.075592	25.072369	25.068863	25.065105	25.061092	25.056850	25.052393	25.047739	25.042900	25.037903	25.032757	25.027489	25.022118	25.016663	25.011143	25.005583	
25.005474	25.010925	25.016338	25.021688	25.026958	25.032124	25.037167	25.042068	25.046812	25.051378	25.055748	25.059906	25.063839	25.067528	25.070961	25.074125	25.077011	25.079601	25.081890	25.083870	25.085529	25.086864	25.087872	25.088543	25.088881	25.088879	25.088543	25.087870	25.086864	25.085529	25.083870	25.081888	25.079601	25.077007	25.074129	25.070961	25.067532	25.063837	25.059908	25.055746	25.051380	25.046810	25.042068	25.037167	25.032122	25.026957	25.021690	25.016338	25.010929	25.005474	
25.005344	25.010670	25.015953	25.021179	25.026321	25.031364	25.036289	25.041077	25.045708	25.050165	25.054432	25.058495	25.062332	25.065935	25.069286	25.072376	25.075191	25.077724	25.079960	25.081890	25.083511	25.084816	25.085796	25.086456	25.086784	25.086784	25.086454	25.085796	25.084812	25.083511	25.081890	25.079956	25.077721	25.075193	25.072376	25.069290	25.065933	25.062336	25.058493	25.054434	25.050163	25.045708	25.041077	25.036289	25.031364	25.026321	25.021177	25.015955	25.010670	25.005346	
25.005196	25.010372	25.015507	25.020586	25.025585	25.030487	25.035275	25.039930	25.044430	25.048763	25.052912	25.056858	25.060591	25.064091	25.067352	25.070353	25.073092	25.075550	25.077723	25.079601	25.081177	25.082443	25.083401	25.084038	25.084358	25.084358	25.084038	25.083397	25.082443	25.081175	25.079601	25.077723	25.075550	25.073090	25.070356	25.067348	25.064095	25.060589	25.056862	25.052910	25.048765	25.044428	25.039928	25.035275	25.030487	25.025585	25.020586	25.015507	25.010372	25.005196	
25.005028	25.010033	25.015003	25.019917	25.024754	25.029495	25.034128	25.038630	25.042984	25.047176	25.051189	25.055008	25.058619	25.062008	25.065157	25.068064	25.070709	25.073090	25.075193	25.077009	25.078533	25.079762	25.080687	25.081303	25.081612	25.081612	25.081303	25.080685	25.079760	25.078535	25.077011	25.075191	25.073090	25.070713	25.068064	25.065159	25.062004	25.058620	25.055006	25.051189	25.047176	25.042986	25.038628	25.034126	25.029495	25.024754	25.019917	25.015005	25.010033	25.005028	
25.004837	25.009659	25.014442	25.019171	25.023825	25.028393	25.032848	25.037182	25.041372	25.045410	25.049271	25.052948	25.056425	25.059685	25.062721	25.065514	25.068064	25.070354	25.072376	25.074127	25.075594	25.076775	25.077665	25.078259	25.078556	25.078556	25.078259	25.077663	25.076775	25.075592	25.074127	25.072378	25.070354	25.068062	25.065517	25.062717	25.059687	25.056421	25.052952	25.049271	25.045410	25.041374	25.037182	25.032848	25.028389	25.023827	25.019171	25.014441	25.009659	25.004837	
25.004631	25.009243	25.013824	25.018351	25.022812	25.027176	25.031448	25.035595	25.039608	25.043472	25.047169	25.050690	25.054014	25.057138	25.060040	25.062719	25.065159	25.067352	25.069288	25.070965	25.072369	25.073498	25.074348	25.074919	25.075203	25.075203	25.074919	25.074348	25.073496	25.072369	25.070961	25.069290	25.067348	25.065159	25.062717	25.060043	25.057135	25.054018	25.050686	25.047171	25.043468	25.039608	25.035595	25.031446	25.027180	25.022808	25.018353	25.013828	25.009245	25.004633	
25.004406	25.008799	25.013157	25.017464	25.021704	25.025866	25.029924	25.033875	25.037693	25.041367	25.044888	25.048237	25.051403	25.054371	25.057137	25.059685	25.062008	25.064093	25.065937	25.067528	25.068867	25.069941	25.070751	25.071293	25.071568	25.071564	25.071295	25.070751	25.069942	25.068863	25.067530	25.065933	25.064095	25.062004	25.059685	25.057135	25.054373	25.051399	25.048237	25.044884	25.041370	25.037693	25.033875	25.029926	25.025864	25.021704	25.017464	25.013157	25.008801	25.004408	
25.004166	25.008316	25.012436	25.016510	25.020519	25.024450	25.028294	25.032021	25.035633	25.039108	25.042435	25.045599	25.048594	25.051403	25.054012	25.056425	25.058619	25.060593	25.062332	25.063843	25.065104	25.066120	25.066883	25.067400	25.067654	25.067656	25.067398	25.066887	25.066118	25.065105	25.063839	25.062334	25.060589	25.058620	25.056421	25.054016	25.051399	25.048595	25.045597	25.042437	25.039104	25.035633	25.032022	25.028292	25.024452	25.020519	25.016508	25.012440	25.008318	25.004168	
25.003908	25.007805	25.011669	25.015493	25.019255	25.022945	25.026546	25.030052	25.033438	25.036701	25.039822	25.042793	25.045601	25.048235	25.050690	25.052948	25.055010	25.056858	25.058495	25.059906	25.061096	25.062046	25.062767	25.063244	25.063492	25.063488	25.063250	25.062767	25.062048	25.061092	25.059910	25.058491	25.056858	25.055006	25.052948	25.050686	25.048237	25.045597	25.042793	25.039818	25.036701	25.033436	25.030052	25.026548	25.022945	25.019257	25.015493	25.011671	25.007805	25.003910	
25.003639	25.007263	25.010860	25.014418	25.017920	25.021351	25.024704	25.027962	25.031118	25.034149	25.037060	25.039822	25.042435	25.044888	25.047169	25.049274	25.051189	25.052912	25.054434	25.055748	25.056850	25.057739	25.058407	25.058859	25.059078	25.059082	25.058855	25.058411	25.057739	25.056852	25.055748	25.054432	25.052910	25.051189	25.049271	25.047169	25.044884	25.042435	25.039820	25.037058	25.034149	25.031116	25.027962	25.024706	25.021351	25.017920	25.014418	25.010862	25.007263	25.003639	
25.003351	25.006695	25.010010	25.013288	25.016514	25.019678	25.022766	25.025772	25.028677	25.031475	25.034153	25.036701	25.039108	25.041367	25.043470	25.045408	25.047176	25.048763	25.050165	25.051376	25.052395	25.053211	25.053831	25.054241	25.054451	25.054447	25.054243	25.053829	25.053215	25.052393	25.051378	25.050163	25.048765	25.047174	25.045410	25.043468	25.041368	25.039106	25.036701	25.034149	25.031475	25.028675	25.025772	25.022766	25.019680	25.016514	25.013288	25.010008	25.006695	25.003353	
25.003056	25.006100	25.009121	25.012108	25.015049	25.017929	25.020744	25.023481	25.026131	25.028675	25.031118	25.033438	25.035633	25.037693	25.039606	25.041374	25.042984	25.044430	25.045706	25.046812	25.047737	25.048485	25.049044	25.049423	25.049606	25.049610	25.049419	25.049046	25.048483	25.047741	25.046810	25.045710	25.044430	25.042984	25.041372	25.039608	25.037693	25.035637	25.033436	25.031116	25.028677	25.026127	25.023479	25.020746	25.017929	25.015049	25.012108	25.009121	25.006098	25.003056	
25.002747	25.005482	25.008198	25.010881	25.013523	25.016113	25.018644	25.021103	25.023479	25.025772	25.027964	25.030050	25.032024	25.033871	25.035597	25.037182	25.038628	25.039927	25.041079	25.042068	25.042904	25.043571	25.044075	25.044415	25.044582	25.044582	25.044415	25.044075	25.043573	25.042900	25.042068	25.041075	25.039930	25.038628	25.037182	25.035595	25.033875	25.032021	25.030052	25.027962	25.025772	25.023481	25.021103	25.018642	25.016113	25.013519	25.010880	25.008194	25.005482	25.002745	
25.002426	25.004843	25.007240	25.009613	25.011948	25.014236	25.016470	25.018642	25.020744	25.022768	25.024704	25.026550	25.028290	25.029926	25.031448	25.032848	25.034126	25.035276	25.036289	25.037167	25.037901	25.038494	25.038940	25.039238	25.039387	25.039389	25.039238	25.038940	25.038492	25.037903	25.037167	25.036289	25.035275	25.034126	25.032848	25.031448	25.029922	25.028290	25.026546	25.024704	25.022766	25.020744	25.018642	25.016472	25.014233	25.011948	25.009611	25.007240	25.004841	25.002426	
25.002098	25.004187	25.006258	25.008308	25.010326	25.012306	25.014236	25.016113	25.017929	25.019678	25.021355	25.022945	25.024454	25.025864	25.027180	25.028393	25.029495	25.030489	25.031364	25.032122	25.032759	25.033272	25.033657	25.033913	25.034042	25.034042	25.033915	25.033655	25.033272	25.032757	25.032124	25.031364	25.030491	25.029495	25.028393	25.027176	25.025866	25.024448	25.022945	25.021351	25.019676	25.017929	25.016113	25.014236	25.012304	25.010324	25.008308	25.006260	25.004185	25.002096	
25.001762	25.003513	25.005253	25.006971	25.008665	25.010326	25.011948	25.013521	25.015045	25.016518	25.017918	25.019258	25.020519	25.021709	25.022810	25.023827	25.024754	25.025587	25.026321	25.026958	25.027489	25.027922	25.028244	25.028461	25.028568	25.028568	25.028460	25.028244	25.027920	25.027493	25.026958	25.026321	25.025585	25.024754	25.023825	25.022808	25.021702	25.020521	25.019253	25.017918	25.016514	25.015047	25.013519	25.011948	25.010324	25.008667	25.006971	25.005253	25.003511	25.001760	
25.001415	25.002827	25.004223	25.005611	25.006971	25.008308	25.009613	25.010880	25.012108	25.013287	25.014420	25.015491	25.016514	25.017464	25.018353	25.019173	25.019917	25.020586	25.021179	25.021687	25.022121	25.022465	25.022724	25.022900	25.022987	25.022985	25.022900	25.022724	25.022467	25.022118	25.021690	25.021177	25.020588	25.019917	25.019171	25.018351	25.017464	25.016506	25.015495	25.014418	25.013287	25.012104	25.010880	25.009611	25.008308	25.006969	25.005610	25.004225	25.002827	25.001415	
25.001068	25.002129	25.003183	25.004227	25.005253	25.006260	25.007240	25.008198	25.009121	25.010010	25.010860	25.011673	25.012436	25.013159	25.013824	25.014442	25.015003	25.015509	25.015953	25.016342	25.016663	25.016924	25.017118	25.017250	25.017315	25.017319	25.017250	25.017120	25.016922	25.016663	25.016340	25.015953	25.015507	25.015003	25.014442	25.013824	25.013155	25.012438	25.011669	25.010860	25.010010	25.009121	25.008196	25.007240	25.006260	25.005253	25.004225	25.003185	25.002129	25.001068	
25.000713	25.001423	25.002129	25.002825	25.003513	25.004185	25.004843	25.005482	25.006100	25.006695	25.007263	25.007805	25.008320	25.008799	25.009247	25.009659	25.010035	25.010370	25.010670	25.010929	25.011147	25.011318	25.011450	25.011538	25.011581	25.011581	25.011536	25.011448	25.011318	25.011143	25.010927	25.010670	25.010372	25.010033	25.009659	25.009245	25.008799	25.008316	25.007807	25.007263	25.006695	25.006096	25.005482	25.004841	25.004189	25.003511	25.002827	25.002129	25.001427	25.000713	
25.000359	25.000713	25.001066	25.001415	25.001759	25.002098	25.002426	25.002745	25.003056	25.003353	25.003639	25.003910	25.004168	25.004410	25.004631	25.004839	25.005028	25.005196	25.005346	25.005474	25.005581	25.005671	25.005735	25.005779	25.005802	25.005802	25.005779	25.005735	25.005669	25.005583	25.005474	25.005344	25.005196	25.005028	25.004837	25.004633	25.004406	25.004168	25.003910	25.003639	25.003353	25.003056	25.002743	25.002426	25.002096	25.001760	25.001415	25.001068	25.000713	25.000359	
