25.000401	25.000799	25.001194	25.001587	25.001972	25.002350	25.002718	25.003078	25.003426	25.003757	25.004078	25.004381	25.004669	25.004940	25.005192	25.005424	25.005630	25.005823	25.005991	25.006134	25.006256	25.006353	25.006428	25.006477	25.006500	25.006500	25.006475	25.006428	25.006355	25.006256	25.006134	25.005991	25.005823	25.005634	25.005421	25.005192	25.004938	25.004669	25.004383	25.004078	25.003757	25.003424	25.003078	25.002716	25.002350	25.001972	25.001587	25.001196	25.000797	25.000401	
25.000801	25.001595	25.002386	25.003168	25.003937	25.004688	25.005424	25.006142	25.006834	25.007502	25.008141	25.008747	25.009321	25.009859	25.010365	25.010822	25.011246	25.011623	25.011959	25.012247	25.012489	25.012684	25.012831	25.012928	25.012978	25.012978	25.012928	25.012829	25.012684	25.012487	25.012245	25.011955	25.011625	25.011244	25.010824	25.010361	25.009859	25.009321	25.008747	25.008141	25.007500	25.006836	25.006142	25.005428	25.004690	25.003937	25.003170	25.002388	25.001596	25.000799	
25.001194	25.002384	25.003567	25.004734	25.005886	25.007011	25.008114	25.009184	25.010221	25.011215	25.012173	25.013079	25.013939	25.014744	25.015491	25.016186	25.016811	25.017380	25.017879	25.018311	25.018673	25.018967	25.019184	25.019333	25.019403	25.019407	25.019329	25.019186	25.018963	25.018673	25.018311	25.017879	25.017380	25.016815	25.016182	25.015493	25.014740	25.013939	25.013081	25.012171	25.011217	25.010220	25.009186	25.008114	25.007015	25.005886	25.004734	25.003571	25.002386	25.001196	
25.001587	25.003166	25.004738	25.006287	25.007812	25.009308	25.010771	25.012192	25.013565	25.014889	25.016155	25.017365	25.018501	25.019569	25.020569	25.021482	25.022320	25.023067	25.023735	25.024305	25.024788	25.025175	25.025467	25.025661	25.025759	25.025757	25.025661	25.025463	25.025175	25.024784	25.024307	25.023731	25.023071	25.022318	25.021484	25.020565	25.019569	25.018501	25.017361	25.016159	25.014889	25.013567	25.012192	25.010773	25.009312	25.007812	25.006287	25.004736	25.003166	25.001587	
25.001972	25.003937	25.005886	25.007812	25.009712	25.011570	25.013388	25.015152	25.016861	25.018505	25.020081	25.021576	25.022995	25.024324	25.025558	25.026703	25.027739	25.028675	25.029499	25.030210	25.030809	25.031288	25.031651	25.031893	25.032013	25.032017	25.031891	25.031652	25.031288	25.030807	25.030209	25.029499	25.028673	25.027739	25.026699	25.025562	25.024323	25.022995	25.021580	25.020081	25.018505	25.016861	25.015154	25.013390	25.011570	25.009712	25.007812	25.005886	25.003937	25.001972	
25.002350	25.004690	25.007011	25.009312	25.011572	25.013788	25.015951	25.018059	25.020092	25.022053	25.023926	25.025715	25.027401	25.028984	25.030460	25.031818	25.033054	25.034168	25.035152	25.035999	25.036713	25.037285	25.037716	25.038006	25.038149	25.038147	25.038006	25.037714	25.037285	25.036709	25.035999	25.035149	25.034164	25.033054	25.031816	25.030457	25.028984	25.027403	25.025711	25.023930	25.022053	25.020092	25.018057	25.015953	25.013790	25.011572	25.009310	25.007015	25.004688	25.002350	
25.002720	25.005428	25.008114	25.010771	25.013388	25.015953	25.018459	25.020891	25.023249	25.025513	25.027687	25.029749	25.031704	25.033535	25.035240	25.036812	25.038242	25.039532	25.040668	25.041651	25.042475	25.043137	25.043636	25.043972	25.044140	25.044140	25.043972	25.043638	25.043137	25.042477	25.041649	25.040668	25.039530	25.038242	25.036812	25.035242	25.033539	25.031704	25.029751	25.027685	25.025515	25.023247	25.020893	25.018457	25.015953	25.013390	25.010773	25.008114	25.005428	25.002718	
25.003075	25.006142	25.009184	25.012192	25.015152	25.018059	25.020889	25.023647	25.026314	25.028881	25.031336	25.033676	25.035885	25.037960	25.039890	25.041670	25.043289	25.044746	25.046032	25.047146	25.048077	25.048828	25.049393	25.049772	25.049961	25.049961	25.049774	25.049393	25.048828	25.048077	25.047146	25.046032	25.044743	25.043289	25.041668	25.039890	25.037960	25.035885	25.033674	25.031338	25.028881	25.026314	25.023647	25.020893	25.018057	25.015154	25.012192	25.009188	25.006142	25.003078	
25.003426	25.006834	25.010220	25.013565	25.016863	25.020092	25.023247	25.026312	25.029282	25.032135	25.034872	25.037472	25.039932	25.042238	25.044388	25.046368	25.048168	25.049789	25.051222	25.052460	25.053497	25.054333	25.054964	25.055384	25.055595	25.055595	25.055382	25.054964	25.054331	25.053497	25.052456	25.051224	25.049789	25.048170	25.046366	25.044388	25.042240	25.039932	25.037472	25.034870	25.032137	25.029282	25.026314	25.023247	25.020092	25.016861	25.013569	25.010220	25.006836	25.003424	
25.003757	25.007502	25.011215	25.014889	25.018505	25.022055	25.025513	25.028881	25.032135	25.035273	25.038269	25.041126	25.043823	25.046360	25.048716	25.050890	25.052868	25.054646	25.056217	25.057577	25.058716	25.059635	25.060322	25.060785	25.061018	25.061016	25.060787	25.060322	25.059631	25.058716	25.057577	25.056217	25.054647	25.052868	25.050888	25.048716	25.046358	25.043823	25.041126	25.038271	25.035271	25.032135	25.028877	25.025515	25.022053	25.018509	25.014891	25.011217	25.007504	25.003757	
25.004078	25.008139	25.012173	25.016155	25.020081	25.023926	25.027687	25.031336	25.034870	25.038271	25.041527	25.044624	25.047554	25.050301	25.052860	25.055218	25.057367	25.059296	25.061001	25.062473	25.063709	25.064705	25.065454	25.065956	25.066208	25.066208	25.065956	25.065454	25.064705	25.063709	25.062473	25.061001	25.059294	25.057365	25.055218	25.052860	25.050301	25.047554	25.044624	25.041527	25.038271	25.034868	25.031338	25.027683	25.023928	25.020081	25.016155	25.012173	25.008141	25.004078	
25.004379	25.008747	25.013077	25.017361	25.021576	25.025713	25.029749	25.033676	25.037472	25.041126	25.044624	25.047955	25.051102	25.054054	25.056803	25.059336	25.061646	25.063717	25.065550	25.067135	25.068462	25.069532	25.070339	25.070875	25.071146	25.071148	25.070877	25.070337	25.069532	25.068462	25.067135	25.065552	25.063719	25.061646	25.059338	25.056801	25.054054	25.051100	25.047955	25.044624	25.041126	25.037472	25.033674	25.029751	25.025715	25.021578	25.017365	25.013081	25.008747	25.004381	
25.004669	25.009319	25.013939	25.018501	25.022995	25.027399	25.031704	25.035885	25.039930	25.043827	25.047554	25.051102	25.054453	25.057602	25.060532	25.063229	25.065689	25.067900	25.069853	25.071539	25.072956	25.074097	25.074955	25.075527	25.075815	25.075813	25.075527	25.074955	25.074097	25.072958	25.071539	25.069855	25.067898	25.065693	25.063231	25.060532	25.057602	25.054457	25.051102	25.047554	25.043827	25.039928	25.035885	25.031704	25.027401	25.022995	25.018501	25.013939	25.009321	25.004669	
25.004938	25.009859	25.014744	25.019569	25.024323	25.028984	25.033535	25.037958	25.042240	25.046356	25.050304	25.054054	25.057602	25.060928	25.064030	25.066885	25.069489	25.071823	25.073891	25.075676	25.077173	25.078379	25.079288	25.079891	25.080196	25.080196	25.079893	25.079287	25.078377	25.077173	25.075676	25.073891	25.071825	25.069487	25.066887	25.064030	25.060932	25.057602	25.054054	25.050301	25.046358	25.042240	25.037958	25.033535	25.028984	25.024323	25.019569	25.014744	25.009861	25.004938	
25.005192	25.010361	25.015491	25.020565	25.025558	25.030457	25.035240	25.039890	25.044386	25.048717	25.052860	25.056805	25.060530	25.064030	25.067286	25.070288	25.073017	25.075480	25.077646	25.079521	25.081097	25.082363	25.083317	25.083956	25.084274	25.084274	25.083954	25.083317	25.082363	25.081099	25.079525	25.077648	25.075476	25.073021	25.070286	25.067287	25.064030	25.060532	25.056805	25.052860	25.048716	25.044386	25.039890	25.035240	25.030457	25.025558	25.020565	25.015493	25.010361	25.005190	
25.005421	25.010822	25.016182	25.021481	25.026699	25.031815	25.036812	25.041668	25.046368	25.050886	25.055218	25.059338	25.063232	25.066883	25.070286	25.073418	25.076279	25.078840	25.081108	25.083069	25.084711	25.086035	25.087032	25.087698	25.088034	25.088034	25.087700	25.087032	25.086039	25.084715	25.083069	25.081108	25.078844	25.076275	25.073421	25.070286	25.066887	25.063231	25.059338	25.055218	25.050890	25.046366	25.041666	25.036812	25.031816	25.026699	25.021481	25.016182	25.010822	25.005421	
25.005630	25.011246	25.016813	25.022316	25.027737	25.033054	25.038244	25.043289	25.048168	25.052868	25.057362	25.061646	25.065689	25.069487	25.073017	25.076279	25.079239	25.081909	25.084263	25.086298	25.088007	25.089382	25.090416	25.091110	25.091457	25.091457	25.091110	25.090420	25.089382	25.088011	25.086302	25.084267	25.081909	25.079245	25.076275	25.073021	25.069485	25.065693	25.061644	25.057365	25.052868	25.048168	25.043289	25.038244	25.033054	25.027739	25.022316	25.016811	25.011246	25.005632	
25.005821	25.011621	25.017380	25.023069	25.028673	25.034164	25.039532	25.044746	25.049789	25.054646	25.059296	25.063717	25.067900	25.071823	25.075478	25.078840	25.081909	25.084663	25.087097	25.089203	25.090969	25.092388	25.093458	25.094173	25.094536	25.094534	25.094177	25.093462	25.092392	25.090969	25.089207	25.087101	25.084667	25.081909	25.078844	25.075478	25.071827	25.067902	25.063721	25.059296	25.054646	25.049789	25.044746	25.039532	25.034166	25.028669	25.023067	25.017378	25.011620	25.005821	
25.005989	25.011959	25.017876	25.023735	25.029495	25.035149	25.040668	25.046032	25.051220	25.056217	25.060997	25.065550	25.069851	25.073891	25.077646	25.081112	25.084263	25.087101	25.089603	25.091766	25.093586	25.095045	25.096148	25.096886	25.097252	25.097254	25.096882	25.096149	25.095047	25.093586	25.091768	25.089607	25.087097	25.084267	25.081110	25.077648	25.073889	25.069855	25.065548	25.061001	25.056217	25.051222	25.046032	25.040668	25.035147	25.029495	25.023731	25.017876	25.011955	25.005989	
25.006136	25.012245	25.018311	25.024305	25.030209	25.035995	25.041651	25.047144	25.052460	25.057575	25.062473	25.067133	25.071541	25.075676	25.079525	25.083067	25.086300	25.089203	25.091766	25.093983	25.095844	25.097342	25.098469	25.099224	25.099606	25.099602	25.099228	25.098471	25.097345	25.095844	25.093987	25.091768	25.089205	25.086300	25.083069	25.079525	25.075676	25.071541	25.067135	25.062473	25.057575	25.052460	25.047146	25.041649	25.035997	25.030209	25.024303	25.018311	25.012245	25.006134	
25.006256	25.012489	25.018673	25.024788	25.030807	25.036711	25.042473	25.048077	25.053497	25.058716	25.063709	25.068464	25.072956	25.077175	25.081097	25.084717	25.088009	25.090969	25.093582	25.095844	25.097744	25.099268	25.100418	25.101189	25.101574	25.101578	25.101189	25.100422	25.099270	25.097746	25.095848	25.093586	25.090969	25.088011	25.084715	25.081100	25.077173	25.072956	25.068462	25.063709	25.058712	25.053497	25.048077	25.042475	25.036709	25.030804	25.024786	25.018669	25.012489	25.006256	
25.006355	25.012684	25.018967	25.025175	25.031288	25.037283	25.043137	25.048828	25.054335	25.059631	25.064705	25.069530	25.074097	25.078379	25.082367	25.086037	25.089384	25.092392	25.095045	25.097343	25.099270	25.100821	25.101986	25.102768	25.103161	25.103161	25.102770	25.101990	25.100822	25.099270	25.097343	25.095049	25.092392	25.089384	25.086037	25.082365	25.078381	25.074097	25.069532	25.064705	25.059633	25.054333	25.048828	25.043137	25.037281	25.031288	25.025171	25.018963	25.012682	25.006353	
25.006430	25.012833	25.019184	25.025467	25.031652	25.037716	25.043636	25.049393	25.054962	25.060326	25.065454	25.070339	25.074955	25.079288	25.083321	25.087034	25.090420	25.093460	25.096149	25.098471	25.100420	25.101986	25.103168	25.103962	25.104355	25.104359	25.103962	25.103172	25.101990	25.100422	25.098473	25.096149	25.093462	25.090420	25.087036	25.083321	25.079287	25.074955	25.070339	25.065456	25.060322	25.054962	25.049393	25.043638	25.037716	25.031649	25.025463	25.019182	25.012829	25.006428	
25.006477	25.012930	25.019333	25.025661	25.031895	25.038008	25.043972	25.049772	25.055386	25.060783	25.065956	25.070879	25.075531	25.079895	25.083958	25.087702	25.091110	25.094177	25.096886	25.099224	25.101189	25.102770	25.103960	25.104755	25.105156	25.105156	25.104759	25.103962	25.102772	25.101189	25.099226	25.096886	25.094177	25.091112	25.087704	25.083958	25.079895	25.075527	25.070877	25.065956	25.060785	25.055382	25.049770	25.043972	25.038006	25.031891	25.025658	25.019329	25.012928	25.006475	
25.006504	25.012978	25.019405	25.025757	25.032017	25.038151	25.044140	25.049963	25.055595	25.061016	25.066208	25.071148	25.075817	25.080200	25.084278	25.088036	25.091457	25.094536	25.097254	25.099604	25.101576	25.103161	25.104355	25.105156	25.105556	25.105556	25.105156	25.104357	25.103161	25.101574	25.099606	25.097252	25.094536	25.091459	25.088036	25.084278	25.080198	25.075817	25.071146	25.066208	25.061016	25.055593	25.049961	25.044140	25.038151	25.032013	25.025757	25.019403	25.012978	25.006500	
25.006504	25.012978	25.019405	25.025757	25.032017	25.038151	25.044140	25.049963	25.055595	25.061016	25.066208	25.071148	25.075817	25.080200	25.084278	25.088036	25.091457	25.094536	25.097254	25.099604	25.101576	25.103161	25.104355	25.105156	25.105556	25.105556	25.105156	25.104357	25.103161	25.101574	25.099606	25.097252	25.094536	25.091459	25.088036	25.084278	25.080198	25.075817	25.071146	25.066208	25.061016	25.055593	25.049961	25.044140	25.038151	25.032013	25.025757	25.019403	25.012978	25.006500	
25.006477	25.012930	25.019333	25.025661	25.031895	25.038008	25.043972	25.049772	25.055386	25.060783	25.065956	25.070879	25.075531	25.079895	25.083958	25.087702	25.091110	25.094177	25.096886	25.099224	25.101189	25.102770	25.103960	25.104755	25.105156	25.105156	25.104759	25.103962	25.102772	25.101189	25.099226	25.096886	25.094177	25.091112	25.087704	25.083958	25.079895	25.075527	25.070877	25.065956	25.060785	25.055382	25.049770	25.043972	25.038006	25.031891	25.025658	25.019329	25.012928	25.006475	
25.006430	25.012833	25.019184	25.025467	25.031652	25.037716	25.043636	25.049393	25.054962	25.060326	25.065454	25.070339	25.074955	25.079288	25.083321	25.087034	25.090420	25.093460	25.096149	25.098471	25.100420	25.101986	25.103168	25.103962	25.104355	25.104359	25.103962	25.103172	25.101990	25.100422	25.098473	25.096149	25.093462	25.090420	25.087036	25.083321	25.079287	25.074955	25.070339	25.065456	25.060322	25.054962	25.049393	25.043638	25.037716	25.031649	25.025463	25.019182	25.012829	25.006428	
25.006355	25.012684	25.018967	25.025175	25.031288	25.037283	25.043137	25.048828	25.054335	25.059631	25.064705	25.069530	25.074097	25.078379	25.082367	25.086037	25.089384	25.092392	25.095045	25.097343	25.099270	25.100821	25.101986	25.102768	25.103161	25.103161	25.102770	25.101990	25.100822	25.099270	25.097343	25.095049	25.092392	25.089384	25.086037	25.082365	25.078381	25.074097	25.069532	25.064705	25.059633	25.054333	25.048828	25.043137	25.037281	25.031288	25.025171	25.018963	25.012682	25.006353	
25.006256	25.012489	25.018673	25.024788	25.030807	25.036711	25.042473	25.048077	25.053497	25.058716	25.063709	25.068464	25.072956	25.077175	25.081097	25.084717	25.088009	25.090969	25.093582	25.095844	25.097744	25.099268	25.100418	25.101189	25.101574	25.101578	25.101189	25.100422	25.099270	25.097746	25.095848	25.093586	25.090969	25.088011	25.084715	25.081100	25.077173	25.072956	25.068462	25.063709	25.058712	25.053497	25.048077	25.042475	25.036709	25.030804	25.024786	25.018669	25.012489	25.006256	
25.006136	25.012245	25.018311	25.024305	25.030209	25.035995	25.041651	25.047144	25.052460	25.057575	25.062473	25.067133	25.071541	25.075676	25.079525	25.083067	25.086300	25.089203	25.091766	25.093983	25.095844	25.097342	25.098469	25.099224	25.099606	25.099602	25.099228	25.098471	25.097345	25.095844	25.093987	25.091768	25.089205	25.086300	25.083069	25.079525	25.075676	25.071541	25.067135	25.062473	25.057575	25.052460	25.047146	25.041649	25.035997	25.030209	25.024303	25.018311	25.012245	25.006134	
25.005989	25.011959	25.017876	25.023735	25.029495	25.035149	25.040668	25.046032	25.051220	25.056217	25.060997	25.065550	25.069851	25.073891	25.077646	25.081112	25.084263	25.087101	25.089603	25.091766	25.093586	25.095045	25.096148	25.096886	25.097252	25.097254	25.096882	25.096149	25.095047	25.093586	25.091768	25.089607	25.087097	25.084267	25.081110	25.077648	25.073889	25.069855	25.065548	25.061001	25.056217	25.051222	25.046032	25.040668	25.035147	25.029495	25.023731	25.017876	25.011955	25.005989	
25.005821	25.011621	25.017380	25.023069	25.028673	25.034164	25.039532	25.044746	25.049789	25.054646	25.059296	25.063717	25.067900	25.071823	25.075478	25.078840	25.081909	25.084663	25.087097	25.089203	25.090969	25.092388	25.093458	25.094173	25.094536	25.094534	25.094177	25.093462	25.092392	25.090969	25.089207	25.087101	25.084667	25.081909	25.078844	25.075478	25.071827	25.067902	25.063721	25.059296	25.054646	25.049789	25.044746	25.039532	25.034166	25.028669	25.023067	25.017378	25.011620	25.005821	
25.005630	25.011246	25.016813	25.022316	25.027737	25.033054	25.038244	25.043289	25.048168	25.052868	25.057362	25.061646	25.065689	25.069487	25.073017	25.076279	25.079239	25.081909	25.084263	25.086298	25.088007	25.089382	25.090416	25.091110	25.091457	25.091457	25.091110	25.090420	25.089382	25.088011	25.086302	25.084267	25.081909	25.079245	25.076275	25.073021	25.069485	25.065693	25.061644	25.057365	25.052868	25.048168	25.043289	25.038244	25.033054	25.027739	25.022316	25.016811	25.011246	25.005632	
25.005421	25.010822	25.016182	25.021481	25.026699	25.031815	25.036812	25.041668	25.046368	25.050886	25.055218	25.059338	25.063232	25.066883	25.070286	25.073418	25.076279	25.078840	25.081108	25.083069	25.084711	25.086035	25.087032	25.087698	25.088034	25.088034	25.087700	25.087032	25.086039	25.084715	25.083069	25.081108	25.078844	25.076275	25.073421	25.070286	25.066887	25.063231	25.059338	25.055218	25.050890	25.046366	25.041666	25.036812	25.031816	25.026699	25.021481	25.016182	25.010822	25.005421	
25.005192	25.010361	25.015491	25.020565	25.025558	25.030457	25.035240	25.039890	25.044386	25.048717	25.052860	25.056805	25.060530	25.064030	25.067286	25.070288	25.073017	25.075480	25.077646	25.079521	25.081097	25.082363	25.083317	25.083956	25.084274	25.084274	25.083954	25.083317	25.082363	25.081099	25.079525	25.077648	25.075476	25.073021	25.070286	25.067287	25.064030	25.060532	25.056805	25.052860	25.048716	25.044386	25.039890	25.035240	25.030457	25.025558	25.020565	25.015493	25.010361	25.005190	
25.004938	25.009859	25.014744	25.019569	25.024323	25.028984	25.033535	25.037958	25.042240	25.046356	25.050304	25.054054	25.057602	25.060928	25.064030	25.066885	25.069489	25.071823	25.073891	25.075676	25.077173	25.078379	25.079288	25.079891	25.080196	25.080196	25.079893	25.079287	25.078377	25.077173	25.075676	25.073891	25.071825	25.069487	25.066887	25.064030	25.060932	25.057602	25.054054	25.050301	25.046358	25.042240	25.037958	25.033535	25.028984	25.024323	25.019569	25.014744	25.009861	25.004938	
25.004669	25.009319	25.013939	25.018501	25.022995	25.027399	25.031704	25.035885	25.039930	25.043827	25.047554	25.051102	25.054453	25.057602	25.060532	25.063229	25.065689	25.067900	25.069853	25.071539	25.072956	25.074097	25.074955	25.075527	25.075815	25.075813	25.075527	25.074955	25.074097	25.072958	25.071539	25.069855	25.067898	25.065693	25.063231	25.060532	25.057602	25.054457	25.051102	25.047554	25.043827	25.039928	25.035885	25.031704	25.027401	25.022995	25.018501	25.013939	25.009321	25.004669	
25.004379	25.008747	25.013077	25.017361	25.021576	25.025713	25.029749	25.033676	25.037472	25.041126	25.044624	25.047955	25.051102	25.054054	25.056803	25.059336	25.061646	25.063717	25.065550	25.067135	25.068462	25.069532	25.070339	25.070875	25.071146	25.071148	25.070877	25.070337	25.069532	25.068462	25.067135	25.065552	25.063719	25.061646	25.059338	25.056801	25.054054	25.051100	25.047955	25.044624	25.041126	25.037472	25.033674	25.029751	25.025715	25.021578	25.017365	25.013081	25.008747	25.004381	
25.004078	25.008139	25.012173	25.016155	25.020081	25.023926	25.027687	25.031336	25.034870	25.038271	25.041527	25.044624	25.047554	25.050301	25.052860	25.055218	25.057367	25.059296	25.061001	25.062473	25.063709	25.064705	25.065454	25.065956	25.066208	25.066208	25.065956	25.065454	25.064705	25.063709	25.062473	25.061001	25.059294	25.057365	25.055218	25.052860	25.050301	25.047554	25.044624	25.041527	25.038271	25.034868	25.031338	25.027683	25.023928	25.020081	25.016155	25.012173	25.008141	25.004078	
25.003757	25.007502	25.011215	25.014889	25.018505	25.022055	25.025513	25.028881	25.032135	25.035273	25.038269	25.041126	25.043823	25.046360	25.048716	25.050890	25.052868	25.054646	25.056217	25.057577	25.058716	25.059635	25.060322	25.060785	25.061018	25.061016	25.060787	25.060322	25.059631	25.058716	25.057577	25.056217	25.054647	25.052868	25.050888	25.048716	25.046358	25.043823	25.041126	25.038271	25.035271	25.032135	25.028877	25.025515	25.022053	25.018509	25.014891	25.011217	25.007504	25.003757	
25.003426	25.006834	25.010220	25.013565	25.016863	25.020092	25.023247	25.026312	25.029282	25.032135	25.034872	25.037472	25.039932	25.042238	25.044388	25.046368	25.048168	25.049789	25.051222	25.052460	25.053497	25.054333	25.054964	25.055384	25.055595	25.055595	25.055382	25.054964	25.054331	25.053497	25.052456	25.051224	25.049789	25.048170	25.046366	25.044388	25.042240	25.039932	25.037472	25.034870	25.032137	25.029282	25.026314	25.023247	25.020092	25.016861	25.013569	25.010220	25.006836	25.003424	
25.003075	25.006142	25.009184	25.012192	25.015152	25.018059	25.020889	25.023647	25.026314	25.028881	25.031336	25.033676	25.035885	25.037960	25.039890	25.041670	25.043289	25.044746	25.046032	25.047146	25.048077	25.048828	25.049393	25.049772	25.049961	25.049961	25.049774	25.049393	25.048828	25.048077	25.047146	25.046032	25.044743	25.043289	25.041668	25.039890	25.037960	25.035885	25.033674	25.031338	25.028881	25.026314	25.023647	25.020893	25.018057	25.015154	25.012192	25.009188	25.006142	25.003078	
25.002720	25.005428	25.008114	25.010771	25.013388	25.015953	25.018459	25.020891	25.023249	25.025513	25.027687	25.029749	25.031704	25.033535	25.035240	25.036812	25.038242	25.039532	25.040668	25.041651	25.042475	25.043137	25.043636	25.043972	25.044140	25.044140	25.043972	25.043638	25.043137	25.042477	25.041649	25.040668	25.039530	25.038242	25.036812	25.035242	25.033539	25.031704	25.029751	25.027685	25.025515	25.023247	25.020893	25.018457	25.015953	25.013390	25.010773	25.008114	25.005428	25.002718	
25.002350	25.004690	25.007011	25.009312	25.011572	25.013788	25.015951	25.018059	25.020092	25.022053	25.023926	25.025715	25.027401	25.028984	25.030460	25.031818	25.033054	25.034168	25.035152	25.035999	25.036713	25.037285	25.037716	25.038006	25.038149	25.038147	25.038006	25.037714	25.037285	25.036709	25.035999	25.035149	25.034164	25.033054	25.031816	25.030457	25.028984	25.027403	25.025711	25.023930	25.022053	25.020092	25.018057	25.015953	25.013790	25.011572	25.009310	25.007015	25.004688	25.002350	
25.001972	25.003937	25.005886	25.007812	25.009712	25.011570	25.013388	25.015152	25.016861	25.018505	25.020081	25.021576	25.022995	25.024324	25.025558	25.026703	25.027739	25.028675	25.029499	25.030210	25.030809	25.031288	25.031651	25.031893	25.032013	25.032017	25.031891	25.031652	25.031288	25.030807	25.030209	25.029499	25.028673	25.027739	25.026699	25.025562	25.024323	25.022995	25.021580	25.020081	25.018505	25.016861	25.015154	25.013390	25.011570	25.009712	25.007812	25.005886	25.003937	25.001972	
25.001587	25.003166	25.004738	25.006287	25.007812	25.009308	25.010771	25.012192	25.013565	25.014889	25.016155	25.017365	25.018501	25.019569	25.020569	25.021482	25.022320	25.023067	25.023735	25.024305	25.024788	25.025175	25.025467	25.025661	25.025759	25.025757	25.025661	25.025463	25.025175	25.024784	25.024307	25.023731	25.023071	25.022318	25.021484	25.020565	25.019569	25.018501	25.017361	25.016159	25.014889	25.013567	25.012192	25.010773	25.009312	25.007812	25.006287	25.004736	25.003166	25.001587	
25.001194	25.002384	25.003567	25.004734	25.005886	25.007011	25.008114	25.009184	25.010221	25.011215	25.012173	25.013079	25.013939	25.014744	25.015491	25.016186	25.016811	25.017380	25.017879	25.018311	25.018673	25.018967	25.019184	25.019333	25.019403	25.019407	25.019329	25.019186	25.018963	25.018673	25.018311	25.017879	25.017380	25.016815	25.016182	25.015493	25.014740	25.013939	25.013081	25.012171	25.011217	25.010220	25.009186	25.008114	25.007015	25.005886	25.004734	25.003571	25.002386	25.001196	
25.000801	25.001595	25.002386	25.003168	25.003937	25.004688	25.005424	25.006142	25.006834	25.007502	25.008141	25.008747	25.009321	25.009859	25.010365	25.010822	25.011246	25.011623	25.011959	25.012247	25.012489	25.012684	25.012831	25.012928	25.012978	25.012978	25.012928	25.012829	25.012684	25.012487	25.012245	25.011955	25.011625	25.011244	25.010824	25.010361	25.009859	25.009321	25.008747	25.008141	25.007500	25.006836	25.006142	25.005428	25.004690	25.003937	25.003170	25.002388	25.001596	25.000799	
25.000401	25.000799	25.001194	25.001587	25.001972	25.002350	25.002718	25.003078	25.003426	25.003757	25.004078	25.004381	25.004669	25.004940	25.005192	25.005424	25.005630	25.005823	25.005991	25.006134	25.006256	25.006353	25.006428	25.006477	25.006500	25.006500	25.006475	25.006428	25.006355	25.006256	25.006134	25.005991	25.005823	25.005634	25.005421	25.005192	25.004938	25.004669	25.004383	25.004078	25.003757	25.003424	25.003078	25.002716	25.002350	25.001972	25.001587	25.001196	25.000797	25.000401	
