25.004444	25.008873	25.013268	25.017614	25.021889	25.026089	25.030184	25.034170	25.038021	25.041739	25.045290	25.048676	25.051872	25.054878	25.057671	25.060249	25.062593	25.064709	25.066572	25.068188	25.069538	25.070629	25.071447	25.071999	25.072273	25.072273	25.071999	25.071447	25.070629	25.069538	25.068188	25.066574	25.064709	25.062595	25.060249	25.057671	25.054878	25.051872	25.048676	25.045288	25.041740	25.038023	25.034170	25.030182	25.026089	25.021889	25.017612	25.013266	25.008873	25.004444	
25.008873	25.017712	25.026485	25.035156	25.043701	25.052074	25.060257	25.068207	25.075909	25.083313	25.090414	25.097162	25.103554	25.109543	25.115128	25.120266	25.124960	25.129169	25.132898	25.136110	25.138817	25.140987	25.142630	25.143723	25.144274	25.144272	25.143723	25.142628	25.140989	25.138817	25.136112	25.132896	25.129168	25.124960	25.120266	25.115128	25.109543	25.103554	25.097160	25.090416	25.083313	25.075909	25.068207	25.060259	25.052073	25.043701	25.035156	25.026487	25.017712	25.008873	
25.013268	25.026485	25.039600	25.052572	25.065340	25.077869	25.090097	25.101995	25.113499	25.124586	25.135187	25.145294	25.154835	25.163807	25.172142	25.179840	25.186844	25.193151	25.198713	25.203533	25.207565	25.210825	25.213264	25.214911	25.215729	25.215729	25.214909	25.213270	25.210823	25.207567	25.203533	25.198713	25.193153	25.186844	25.179842	25.172142	25.163807	25.154835	25.145294	25.135185	25.124588	25.113497	25.101997	25.090096	25.077871	25.065338	25.052574	25.039600	25.026485	25.013268	
25.017611	25.035156	25.052574	25.069786	25.086744	25.103367	25.119610	25.135387	25.150673	25.165375	25.179468	25.192863	25.205551	25.217438	25.228523	25.238724	25.248039	25.256393	25.263794	25.270176	25.275547	25.279854	25.283113	25.285282	25.286373	25.286373	25.285282	25.283112	25.279858	25.275547	25.270178	25.263796	25.256397	25.248041	25.238724	25.228527	25.217438	25.205551	25.192862	25.179468	25.165373	25.150677	25.135387	25.119612	25.103363	25.086746	25.069782	25.052574	25.035158	25.017612	
25.021889	25.043699	25.065338	25.086742	25.107811	25.128483	25.148659	25.168289	25.187263	25.205561	25.223051	25.239727	25.255468	25.270273	25.284023	25.296728	25.308283	25.318689	25.327866	25.335817	25.342472	25.347847	25.351879	25.354588	25.355942	25.355938	25.354588	25.351883	25.347847	25.342478	25.335817	25.327868	25.318691	25.308283	25.296730	25.284027	25.270273	25.255468	25.239729	25.223051	25.205559	25.187265	25.168291	25.148655	25.128483	25.107807	25.086744	25.065338	25.043699	25.021889	
25.026085	25.052073	25.077869	25.103363	25.128481	25.153103	25.177162	25.200533	25.223175	25.244947	25.265823	25.285664	25.304455	25.322063	25.338486	25.353592	25.367390	25.379765	25.390726	25.400177	25.408131	25.414515	25.419338	25.422554	25.424168	25.424171	25.422554	25.419338	25.414516	25.408133	25.400177	25.390726	25.379765	25.367392	25.353592	25.338486	25.322063	25.304455	25.285664	25.265823	25.244946	25.223177	25.200533	25.177162	25.153099	25.128485	25.103361	25.077869	25.052074	25.026089	
25.030182	25.060257	25.090096	25.119606	25.148655	25.177160	25.204979	25.232048	25.258215	25.283443	25.307560	25.330555	25.352261	25.372673	25.391636	25.409153	25.425081	25.439434	25.452087	25.463053	25.472231	25.479639	25.485203	25.488934	25.490799	25.490799	25.488935	25.485207	25.479641	25.472235	25.463053	25.452089	25.439434	25.425085	25.409153	25.391638	25.372673	25.352261	25.330555	25.307560	25.283442	25.258217	25.232052	25.204977	25.177162	25.148651	25.119610	25.090096	25.060257	25.030182	
25.034168	25.068207	25.101994	25.135387	25.168285	25.200531	25.232048	25.262661	25.292316	25.320833	25.348177	25.374165	25.398779	25.421841	25.443350	25.463137	25.481209	25.497417	25.511776	25.524157	25.534576	25.542936	25.549252	25.553465	25.555584	25.555582	25.553467	25.549252	25.542938	25.534576	25.524160	25.511776	25.497421	25.481209	25.463139	25.443350	25.421843	25.398779	25.374165	25.348179	25.320831	25.292318	25.262659	25.232048	25.200531	25.168285	25.135386	25.101994	25.068205	25.034168	
25.038023	25.075905	25.113495	25.150669	25.187262	25.223171	25.258213	25.292313	25.325275	25.357052	25.387438	25.416403	25.443748	25.469461	25.493351	25.515417	25.535484	25.553562	25.569502	25.583313	25.594879	25.604206	25.611217	25.615921	25.618267	25.618271	25.615917	25.611217	25.604206	25.594879	25.583313	25.569506	25.553564	25.535488	25.515417	25.493353	25.469463	25.443750	25.416403	25.387438	25.357054	25.325277	25.292313	25.258213	25.223173	25.187262	25.150671	25.113495	25.075905	25.038021	
25.041733	25.083311	25.124580	25.165371	25.205555	25.244944	25.283436	25.320831	25.357050	25.391886	25.425282	25.457027	25.487091	25.515266	25.541536	25.565706	25.587780	25.607580	25.625116	25.640240	25.652962	25.663179	25.670893	25.676039	25.678627	25.678625	25.676039	25.670895	25.663179	25.652964	25.640244	25.625114	25.607584	25.587780	25.565710	25.541536	25.515266	25.487093	25.457027	25.425282	25.391884	25.357052	25.320827	25.283436	25.244942	25.205555	25.165369	25.124582	25.083309	25.041737	
25.045288	25.090410	25.135181	25.179462	25.223047	25.265816	25.307556	25.348173	25.387438	25.425282	25.461475	25.495975	25.528549	25.559172	25.587631	25.613909	25.637815	25.659344	25.678331	25.694780	25.708557	25.719666	25.728020	25.733618	25.736416	25.736416	25.733618	25.728020	25.719667	25.708561	25.694782	25.678335	25.659346	25.637815	25.613909	25.587631	25.559174	25.528549	25.495974	25.461475	25.425282	25.387436	25.348171	25.307556	25.265816	25.223045	25.179464	25.135181	25.090408	25.045288	
25.048676	25.097158	25.145290	25.192858	25.239725	25.285660	25.330549	25.374163	25.416401	25.457026	25.495974	25.532997	25.568058	25.600916	25.631550	25.659742	25.685482	25.708576	25.729025	25.746664	25.761501	25.773415	25.782410	25.788414	25.791428	25.791431	25.788416	25.782412	25.773418	25.761501	25.746666	25.729025	25.708578	25.685484	25.659742	25.631552	25.600916	25.568058	25.532997	25.495972	25.457024	25.416399	25.374161	25.330547	25.285656	25.239723	25.192856	25.145290	25.097160	25.048674	
25.051868	25.103550	25.154833	25.205547	25.255466	25.304453	25.352257	25.398775	25.443748	25.487089	25.528545	25.568054	25.605366	25.640438	25.673035	25.703131	25.730515	25.755173	25.776920	25.795757	25.811539	25.824261	25.833830	25.840240	25.843449	25.843447	25.840240	25.833832	25.824265	25.811541	25.795757	25.776924	25.755175	25.730515	25.703133	25.673035	25.640438	25.605368	25.568054	25.528545	25.487089	25.443745	25.398775	25.352257	25.304451	25.255465	25.205547	25.154831	25.103550	25.051868	
25.054878	25.109539	25.163805	25.217434	25.270269	25.322062	25.372669	25.421841	25.469460	25.515265	25.559170	25.600914	25.640436	25.677486	25.712023	25.743813	25.772829	25.798866	25.821918	25.841808	25.858536	25.871967	25.882111	25.888878	25.892277	25.892277	25.888878	25.882111	25.871971	25.858534	25.841810	25.821918	25.798872	25.772829	25.743813	25.712025	25.677490	25.640438	25.600916	25.559170	25.515263	25.469460	25.421839	25.372671	25.322062	25.270271	25.217434	25.163803	25.109539	25.054876	
25.057667	25.115124	25.172138	25.228523	25.284023	25.338482	25.391636	25.443348	25.493351	25.541534	25.587627	25.631546	25.673035	25.712021	25.748268	25.781723	25.812172	25.839582	25.863766	25.884706	25.902252	25.916395	25.927032	25.934162	25.937725	25.937727	25.934162	25.927034	25.916397	25.902252	25.884706	25.863770	25.839584	25.812176	25.781727	25.748268	25.712025	25.673035	25.631550	25.587627	25.541534	25.493351	25.443350	25.391636	25.338484	25.284023	25.228525	25.172138	25.115128	25.057667	
25.060249	25.120266	25.179840	25.238722	25.296730	25.353592	25.409153	25.463139	25.515415	25.565708	25.613907	25.659742	25.703131	25.743813	25.781723	25.816631	25.848482	25.877077	25.902378	25.924219	25.942579	25.957331	25.968460	25.975897	25.979626	25.979628	25.975897	25.968462	25.957331	25.942577	25.924221	25.902376	25.877077	25.848484	25.816631	25.781727	25.743813	25.703131	25.659744	25.613909	25.565708	25.515417	25.463139	25.409153	25.353592	25.296730	25.238722	25.179840	25.120262	25.060249	
25.062593	25.124958	25.186842	25.248039	25.308285	25.367388	25.425087	25.481209	25.535486	25.587780	25.637815	25.685482	25.730515	25.772827	25.812174	25.848480	25.881535	25.911282	25.937534	25.960257	25.979305	25.994656	26.006207	26.013939	26.017807	26.017811	26.013941	26.006203	25.994656	25.979309	25.960258	25.937538	25.911282	25.881536	25.848484	25.812174	25.772829	25.730515	25.685484	25.637814	25.587782	25.535484	25.481209	25.425083	25.367388	25.308281	25.248039	25.186840	25.124958	25.062593	
25.064707	25.129169	25.193151	25.256397	25.318691	25.379766	25.439434	25.497421	25.553562	25.607584	25.659344	25.708578	25.755171	25.798870	25.839582	25.877075	25.911280	25.941998	25.969166	25.992628	26.012344	26.028191	26.040142	26.048130	26.052135	26.052132	26.048130	26.040142	26.028194	26.012342	25.992630	25.969166	25.941998	25.911283	25.877079	25.839584	25.798872	25.755175	25.708578	25.659344	25.607582	25.553566	25.497421	25.439434	25.379765	25.318689	25.256393	25.193151	25.129166	25.064709	
25.066570	25.132896	25.198711	25.263796	25.327869	25.390724	25.452091	25.511776	25.569504	25.625114	25.678333	25.729023	25.776922	25.821917	25.863768	25.902376	25.937534	25.969166	25.997093	26.021255	26.041519	26.057838	26.070124	26.078348	26.082462	26.082464	26.078346	26.070124	26.057838	26.041519	26.021255	25.997093	25.969166	25.937538	25.902382	25.863770	25.821920	25.776924	25.729027	25.678333	25.625116	25.569504	25.511776	25.452087	25.390726	25.327866	25.263794	25.198713	25.132896	25.066570	
25.068184	25.136110	25.203533	25.270178	25.335819	25.400181	25.463051	25.524162	25.583313	25.640242	25.694778	25.746666	25.795755	25.841808	25.884705	25.924217	25.960257	25.992630	26.021254	26.045984	26.066753	26.083454	26.096050	26.104464	26.108685	26.108681	26.104464	26.096046	26.083456	26.066751	26.045986	26.021255	25.992630	25.960260	25.924221	25.884708	25.841812	25.795759	25.746666	25.694780	25.640240	25.583313	25.524155	25.463053	25.400177	25.335819	25.270176	25.203531	25.136110	25.068186	
25.069538	25.138817	25.207567	25.275547	25.342478	25.408133	25.472233	25.534573	25.594879	25.652962	25.708557	25.761499	25.811539	25.858532	25.902252	25.942575	25.979307	26.012341	26.041517	26.066751	26.087921	26.104965	26.117800	26.126389	26.130690	26.130690	26.126389	26.117802	26.104965	26.087923	26.066753	26.041517	26.012344	25.979307	25.942579	25.902254	25.858536	25.811543	25.761501	25.708557	25.652966	25.594877	25.534575	25.472231	25.408131	25.342476	25.275547	25.207567	25.138817	25.069538	
25.070627	25.140987	25.210823	25.279858	25.347847	25.414515	25.479637	25.542938	25.604204	25.663177	25.719666	25.773415	25.824259	25.871969	25.916395	25.957329	25.994654	26.028191	26.057835	26.083454	26.104965	26.122269	26.135311	26.144032	26.148399	26.148399	26.144032	26.135311	26.122269	26.104965	26.083454	26.057838	26.028191	25.994658	25.957331	25.916397	25.871971	25.824263	25.773418	25.719666	25.663177	25.604206	25.542936	25.479635	25.414516	25.347847	25.279856	25.210821	25.140989	25.070629	
25.071445	25.142628	25.213268	25.283112	25.351883	25.419338	25.485203	25.549252	25.611219	25.670891	25.728020	25.782408	25.833828	25.882107	25.927032	25.968460	26.006203	26.040142	26.070122	26.096046	26.117798	26.135309	26.148499	26.157322	26.161743	26.161743	26.157324	26.148500	26.135311	26.117800	26.096048	26.070122	26.040146	26.006205	25.968464	25.927034	25.882111	25.833832	25.782410	25.728020	25.670891	25.611217	25.549252	25.485203	25.419336	25.351883	25.283112	25.213270	25.142628	25.071447	
25.071997	25.143723	25.214909	25.285282	25.354588	25.422554	25.488934	25.553467	25.615917	25.676037	25.733616	25.788414	25.840239	25.888878	25.934158	25.975893	26.013937	26.048126	26.078344	26.104464	26.126389	26.144028	26.157322	26.166210	26.170666	26.170666	26.166214	26.157322	26.144030	26.126389	26.104462	26.078346	26.048130	26.013939	25.975895	25.934160	25.888880	25.840240	25.788414	25.733616	25.676041	25.615917	25.553465	25.488934	25.422554	25.354589	25.285284	25.214909	25.143723	25.071995	
25.072271	25.144274	25.215729	25.286373	25.355942	25.424170	25.490799	25.555584	25.618269	25.678623	25.736414	25.791428	25.843445	25.892277	25.937723	25.979624	26.017805	26.052132	26.082460	26.108683	26.130688	26.148399	26.161739	26.170666	26.175137	26.175137	26.170666	26.161743	26.148399	26.130690	26.108683	26.082462	26.052135	26.017811	25.979626	25.937727	25.892277	25.843447	25.791430	25.736416	25.678623	25.618269	25.555580	25.490799	25.424171	25.355942	25.286373	25.215729	25.144270	25.072271	
25.072271	25.144274	25.215729	25.286373	25.355942	25.424170	25.490799	25.555584	25.618269	25.678623	25.736414	25.791428	25.843445	25.892277	25.937723	25.979624	26.017805	26.052132	26.082460	26.108683	26.130688	26.148399	26.161739	26.170666	26.175137	26.175137	26.170666	26.161743	26.148399	26.130690	26.108683	26.082462	26.052135	26.017811	25.979626	25.937727	25.892277	25.843447	25.791430	25.736416	25.678623	25.618269	25.555580	25.490799	25.424171	25.355942	25.286373	25.215729	25.144270	25.072271	
25.071997	25.143723	25.214909	25.285282	25.354588	25.422554	25.488934	25.553467	25.615917	25.676037	25.733616	25.788414	25.840239	25.888878	25.934158	25.975893	26.013937	26.048126	26.078344	26.104464	26.126389	26.144028	26.157322	26.166210	26.170666	26.170666	26.166214	26.157322	26.144030	26.126389	26.104462	26.078346	26.048130	26.013939	25.975895	25.934160	25.888880	25.840240	25.788414	25.733616	25.676041	25.615917	25.553465	25.488934	25.422554	25.354589	25.285284	25.214909	25.143723	25.071995	
25.071445	25.142628	25.213268	25.283112	25.351883	25.419338	25.485203	25.549252	25.611219	25.670891	25.728020	25.782408	25.833828	25.882107	25.927032	25.968460	26.006203	26.040142	26.070122	26.096046	26.117798	26.135309	26.148499	26.157322	26.161743	26.161743	26.157324	26.148500	26.135311	26.117800	26.096048	26.070122	26.040146	26.006205	25.968464	25.927034	25.882111	25.833832	25.782410	25.728020	25.670891	25.611217	25.549252	25.485203	25.419336	25.351883	25.283112	25.213270	25.142628	25.071447	
25.070627	25.140987	25.210823	25.279858	25.347847	25.414515	25.479637	25.542938	25.604204	25.663177	25.719666	25.773415	25.824259	25.871969	25.916395	25.957329	25.994654	26.028191	26.057835	26.083454	26.104965	26.122269	26.135311	26.144032	26.148399	26.148399	26.144032	26.135311	26.122269	26.104965	26.083454	26.057838	26.028191	25.994658	25.957331	25.916397	25.871971	25.824263	25.773418	25.719666	25.663177	25.604206	25.542936	25.479635	25.414516	25.347847	25.279856	25.210821	25.140989	25.070629	
25.069538	25.138817	25.207567	25.275547	25.342478	25.408133	25.472233	25.534573	25.594879	25.652962	25.708557	25.761499	25.811539	25.858532	25.902252	25.942575	25.979307	26.012341	26.041517	26.066751	26.087921	26.104965	26.117800	26.126389	26.130690	26.130690	26.126389	26.117802	26.104965	26.087923	26.066753	26.041517	26.012344	25.979307	25.942579	25.902254	25.858536	25.811543	25.761501	25.708557	25.652966	25.594877	25.534575	25.472231	25.408131	25.342476	25.275547	25.207567	25.138817	25.069538	
25.068184	25.136110	25.203533	25.270178	25.335819	25.400181	25.463051	25.524162	25.583313	25.640242	25.694778	25.746666	25.795755	25.841808	25.884705	25.924217	25.960257	25.992630	26.021254	26.045984	26.066753	26.083454	26.096050	26.104464	26.108685	26.108681	26.104464	26.096046	26.083456	26.066751	26.045986	26.021255	25.992630	25.960260	25.924221	25.884708	25.841812	25.795759	25.746666	25.694780	25.640240	25.583313	25.524155	25.463053	25.400177	25.335819	25.270176	25.203531	25.136110	25.068186	
25.066570	25.132896	25.198711	25.263796	25.327869	25.390724	25.452091	25.511776	25.569504	25.625114	25.678333	25.729023	25.776922	25.821917	25.863768	25.902376	25.937534	25.969166	25.997093	26.021255	26.041519	26.057838	26.070124	26.078348	26.082462	26.082464	26.078346	26.070124	26.057838	26.041519	26.021255	25.997093	25.969166	25.937538	25.902382	25.863770	25.821920	25.776924	25.729027	25.678333	25.625116	25.569504	25.511776	25.452087	25.390726	25.327866	25.263794	25.198713	25.132896	25.066570	
25.064707	25.129169	25.193151	25.256397	25.318691	25.379766	25.439434	25.497421	25.553562	25.607584	25.659344	25.708578	25.755171	25.798870	25.839582	25.877075	25.911280	25.941998	25.969166	25.992628	26.012344	26.028191	26.040142	26.048130	26.052135	26.052132	26.048130	26.040142	26.028194	26.012342	25.992630	25.969166	25.941998	25.911283	25.877079	25.839584	25.798872	25.755175	25.708578	25.659344	25.607582	25.553566	25.497421	25.439434	25.379765	25.318689	25.256393	25.193151	25.129166	25.064709	
25.062593	25.124958	25.186842	25.248039	25.308285	25.367388	25.425087	25.481209	25.535486	25.587780	25.637815	25.685482	25.730515	25.772827	25.812174	25.848480	25.881535	25.911282	25.937534	25.960257	25.979305	25.994656	26.006207	26.013939	26.017807	26.017811	26.013941	26.006203	25.994656	25.979309	25.960258	25.937538	25.911282	25.881536	25.848484	25.812174	25.772829	25.730515	25.685484	25.637814	25.587782	25.535484	25.481209	25.425083	25.367388	25.308281	25.248039	25.186840	25.124958	25.062593	
25.060249	25.120266	25.179840	25.238722	25.296730	25.353592	25.409153	25.463139	25.515415	25.565708	25.613907	25.659742	25.703131	25.743813	25.781723	25.816631	25.848482	25.877077	25.902378	25.924219	25.942579	25.957331	25.968460	25.975897	25.979626	25.979628	25.975897	25.968462	25.957331	25.942577	25.924221	25.902376	25.877077	25.848484	25.816631	25.781727	25.743813	25.703131	25.659744	25.613909	25.565708	25.515417	25.463139	25.409153	25.353592	25.296730	25.238722	25.179840	25.120262	25.060249	
25.057667	25.115124	25.172138	25.228523	25.284023	25.338482	25.391636	25.443348	25.493351	25.541534	25.587627	25.631546	25.673035	25.712021	25.748268	25.781723	25.812172	25.839582	25.863766	25.884706	25.902252	25.916395	25.927032	25.934162	25.937725	25.937727	25.934162	25.927034	25.916397	25.902252	25.884706	25.863770	25.839584	25.812176	25.781727	25.748268	25.712025	25.673035	25.631550	25.587627	25.541534	25.493351	25.443350	25.391636	25.338484	25.284023	25.228525	25.172138	25.115128	25.057667	
25.054878	25.109539	25.163805	25.217434	25.270269	25.322062	25.372669	25.421841	25.469460	25.515265	25.559170	25.600914	25.640436	25.677486	25.712023	25.743813	25.772829	25.798866	25.821918	25.841808	25.858536	25.871967	25.882111	25.888878	25.892277	25.892277	25.888878	25.882111	25.871971	25.858534	25.841810	25.821918	25.798872	25.772829	25.743813	25.712025	25.677490	25.640438	25.600916	25.559170	25.515263	25.469460	25.421839	25.372671	25.322062	25.270271	25.217434	25.163803	25.109539	25.054876	
25.051868	25.103550	25.154833	25.205547	25.255466	25.304453	25.352257	25.398775	25.443748	25.487089	25.528545	25.568054	25.605366	25.640438	25.673035	25.703131	25.730515	25.755173	25.776920	25.795757	25.811539	25.824261	25.833830	25.840240	25.843449	25.843447	25.840240	25.833832	25.824265	25.811541	25.795757	25.776924	25.755175	25.730515	25.703133	25.673035	25.640438	25.605368	25.568054	25.528545	25.487089	25.443745	25.398775	25.352257	25.304451	25.255465	25.205547	25.154831	25.103550	25.051868	
25.048676	25.097158	25.145290	25.192858	25.239725	25.285660	25.330549	25.374163	25.416401	25.457026	25.495974	25.532997	25.568058	25.600916	25.631550	25.659742	25.685482	25.708576	25.729025	25.746664	25.761501	25.773415	25.782410	25.788414	25.791428	25.791431	25.788416	25.782412	25.773418	25.761501	25.746666	25.729025	25.708578	25.685484	25.659742	25.631552	25.600916	25.568058	25.532997	25.495972	25.457024	25.416399	25.374161	25.330547	25.285656	25.239723	25.192856	25.145290	25.097160	25.048674	
25.045288	25.090410	25.135181	25.179462	25.223047	25.265816	25.307556	25.348173	25.387438	25.425282	25.461475	25.495975	25.528549	25.559172	25.587631	25.613909	25.637815	25.659344	25.678331	25.694780	25.708557	25.719666	25.728020	25.733618	25.736416	25.736416	25.733618	25.728020	25.719667	25.708561	25.694782	25.678335	25.659346	25.637815	25.613909	25.587631	25.559174	25.528549	25.495974	25.461475	25.425282	25.387436	25.348171	25.307556	25.265816	25.223045	25.179464	25.135181	25.090408	25.045288	
25.041733	25.083311	25.124580	25.165371	25.205555	25.244944	25.283436	25.320831	25.357050	25.391886	25.425282	25.457027	25.487091	25.515266	25.541536	25.565706	25.587780	25.607580	25.625116	25.640240	25.652962	25.663179	25.670893	25.676039	25.678627	25.678625	25.676039	25.670895	25.663179	25.652964	25.640244	25.625114	25.607584	25.587780	25.565710	25.541536	25.515266	25.487093	25.457027	25.425282	25.391884	25.357052	25.320827	25.283436	25.244942	25.205555	25.165369	25.124582	25.083309	25.041737	
25.038023	25.075905	25.113495	25.150669	25.187262	25.223171	25.258213	25.292313	25.325275	25.357052	25.387438	25.416403	25.443748	25.469461	25.493351	25.515417	25.535484	25.553562	25.569502	25.583313	25.594879	25.604206	25.611217	25.615921	25.618267	25.618271	25.615917	25.611217	25.604206	25.594879	25.583313	25.569506	25.553564	25.535488	25.515417	25.493353	25.469463	25.443750	25.416403	25.387438	25.357054	25.325277	25.292313	25.258213	25.223173	25.187262	25.150671	25.113495	25.075905	25.038021	
25.034168	25.068207	25.101994	25.135387	25.168285	25.200531	25.232048	25.262661	25.292316	25.320833	25.348177	25.374165	25.398779	25.421841	25.443350	25.463137	25.481209	25.497417	25.511776	25.524157	25.534576	25.542936	25.549252	25.553465	25.555584	25.555582	25.553467	25.549252	25.542938	25.534576	25.524160	25.511776	25.497421	25.481209	25.463139	25.443350	25.421843	25.398779	25.374165	25.348179	25.320831	25.292318	25.262659	25.232048	25.200531	25.168285	25.135386	25.101994	25.068205	25.034168	
25.030182	25.060257	25.090096	25.119606	25.148655	25.177160	25.204979	25.232048	25.258215	25.283443	25.307560	25.330555	25.352261	25.372673	25.391636	25.409153	25.425081	25.439434	25.452087	25.463053	25.472231	25.479639	25.485203	25.488934	25.490799	25.490799	25.488935	25.485207	25.479641	25.472235	25.463053	25.452089	25.439434	25.425085	25.409153	25.391638	25.372673	25.352261	25.330555	25.307560	25.283442	25.258217	25.232052	25.204977	25.177162	25.148651	25.119610	25.090096	25.060257	25.030182	
25.026085	25.052073	25.077869	25.103363	25.128481	25.153103	25.177162	25.200533	25.223175	25.244947	25.265823	25.285664	25.304455	25.322063	25.338486	25.353592	25.367390	25.379765	25.390726	25.400177	25.408131	25.414515	25.419338	25.422554	25.424168	25.424171	25.422554	25.419338	25.414516	25.408133	25.400177	25.390726	25.379765	25.367392	25.353592	25.338486	25.322063	25.304455	25.285664	25.265823	25.244946	25.223177	25.200533	25.177162	25.153099	25.128485	25.103361	25.077869	25.052074	25.026089	
25.021889	25.043699	25.065338	25.086742	25.107811	25.128483	25.148659	25.168289	25.187263	25.205561	25.223051	25.239727	25.255468	25.270273	25.284023	25.296728	25.308283	25.318689	25.327866	25.335817	25.342472	25.347847	25.351879	25.354588	25.355942	25.355938	25.354588	25.351883	25.347847	25.342478	25.335817	25.327868	25.318691	25.308283	25.296730	25.284027	25.270273	25.255468	25.239729	25.223051	25.205559	25.187265	25.168291	25.148655	25.128483	25.107807	25.086744	25.065338	25.043699	25.021889	
25.017611	25.035156	25.052574	25.069786	25.086744	25.103367	25.119610	25.135387	25.150673	25.165375	25.179468	25.192863	25.205551	25.217438	25.228523	25.238724	25.248039	25.256393	25.263794	25.270176	25.275547	25.279854	25.283113	25.285282	25.286373	25.286373	25.285282	25.283112	25.279858	25.275547	25.270178	25.263796	25.256397	25.248041	25.238724	25.228527	25.217438	25.205551	25.192862	25.179468	25.165373	25.150677	25.135387	25.119612	25.103363	25.086746	25.069782	25.052574	25.035158	25.017612	
25.013268	25.026485	25.039600	25.052572	25.065340	25.077869	25.090097	25.101995	25.113499	25.124586	25.135187	25.145294	25.154835	25.163807	25.172142	25.179840	25.186844	25.193151	25.198713	25.203533	25.207565	25.210825	25.213264	25.214911	25.215729	25.215729	25.214909	25.213270	25.210823	25.207567	25.203533	25.198713	25.193153	25.186844	25.179842	25.172142	25.163807	25.154835	25.145294	25.135185	25.124588	25.113497	25.101997	25.090096	25.077871	25.065338	25.052574	25.039600	25.026485	25.013268	
25.008873	25.017712	25.026485	25.035156	25.043701	25.052074	25.060257	25.068207	25.075909	25.083313	25.090414	25.097162	25.103554	25.109543	25.115128	25.120266	25.124960	25.129169	25.132898	25.136110	25.138817	25.140987	25.142630	25.143723	25.144274	25.144272	25.143723	25.142628	25.140989	25.138817	25.136112	25.132896	25.129168	25.124960	25.120266	25.115128	25.109543	25.103554	25.097160	25.090416	25.083313	25.075909	25.068207	25.060259	25.052073	25.043701	25.035156	25.026487	25.017712	25.008873	
25.004444	25.008873	25.013268	25.017614	25.021889	25.026089	25.030184	25.034170	25.038021	25.041739	25.045290	25.048676	25.051872	25.054878	25.057671	25.060249	25.062593	25.064709	25.066572	25.068188	25.069538	25.070629	25.071447	25.071999	25.072273	25.072273	25.071999	25.071447	25.070629	25.069538	25.068188	25.066574	25.064709	25.062595	25.060249	25.057671	25.054878	25.051872	25.048676	25.045288	25.041740	25.038023	25.034170	25.030182	25.026089	25.021889	25.017612	25.013266	25.008873	25.004444	
