25.005451	25.010881	25.016273	25.021599	25.026852	25.031998	25.037033	25.041920	25.046661	25.051214	25.055588	25.059742	25.063683	25.067371	25.070816	25.073984	25.076881	25.079475	25.081779	25.083759	25.085432	25.086773	25.087788	25.088465	25.088802	25.088804	25.088463	25.087788	25.086773	25.085434	25.083759	25.081778	25.079477	25.076880	25.073984	25.070816	25.067371	25.063683	25.059742	25.055588	25.051216	25.046661	25.041920	25.037033	25.032000	25.026854	25.021599	25.016273	25.010881	25.005451	
25.010883	25.021725	25.032482	25.043129	25.053598	25.063887	25.073917	25.083694	25.093136	25.102249	25.110958	25.119272	25.127115	25.134502	25.141359	25.147701	25.153465	25.158665	25.163242	25.167217	25.170544	25.173229	25.175245	25.176601	25.177277	25.177277	25.176601	25.175247	25.173233	25.170544	25.167221	25.163244	25.158665	25.153467	25.147701	25.141359	25.134502	25.127115	25.119274	25.110960	25.102253	25.093136	25.083694	25.073921	25.063889	25.053598	25.043129	25.032482	25.021725	25.010880	
25.016273	25.032482	25.048576	25.064480	25.080160	25.095520	25.110550	25.125137	25.139290	25.152882	25.165941	25.178339	25.190098	25.201111	25.211397	25.220852	25.229496	25.237246	25.244118	25.250042	25.255030	25.259031	25.262060	25.264076	25.265089	25.265093	25.264076	25.262060	25.259031	25.255033	25.250040	25.244122	25.237247	25.229500	25.220852	25.211395	25.201111	25.190102	25.178337	25.165941	25.152882	25.139290	25.125135	25.110548	25.095522	25.080162	25.064480	25.048578	25.032482	25.016273	
25.021603	25.043125	25.064480	25.085611	25.106403	25.126823	25.146740	25.166145	25.184887	25.202984	25.220268	25.236774	25.252342	25.267006	25.280615	25.293209	25.304647	25.314972	25.324062	25.331953	25.338554	25.343885	25.347889	25.350574	25.351917	25.351915	25.350578	25.347889	25.343887	25.338551	25.331955	25.324062	25.314974	25.304647	25.293209	25.280617	25.267006	25.252342	25.236774	25.220268	25.202982	25.184887	25.166145	25.146740	25.126823	25.106400	25.085613	25.064478	25.043127	25.021599	
25.026855	25.053598	25.080160	25.106401	25.132275	25.157621	25.182423	25.206493	25.229847	25.252277	25.273827	25.294281	25.313694	25.331860	25.348835	25.364433	25.378704	25.391489	25.402832	25.412601	25.420837	25.427439	25.432430	25.435760	25.437435	25.437435	25.435760	25.432436	25.427439	25.420839	25.412601	25.402832	25.391489	25.378704	25.364433	25.348833	25.331863	25.313694	25.294283	25.273823	25.252277	25.229843	25.206493	25.182421	25.157623	25.132275	25.106400	25.080162	25.053598	25.026854	
25.031998	25.063887	25.095520	25.126822	25.157623	25.187874	25.217377	25.246124	25.273888	25.300695	25.326302	25.350754	25.373814	25.395536	25.415695	25.434351	25.451298	25.466591	25.480059	25.491749	25.501522	25.509422	25.515350	25.519333	25.521320	25.521318	25.519333	25.515350	25.509426	25.501522	25.491749	25.480059	25.466593	25.451298	25.434351	25.415699	25.395538	25.373814	25.350754	25.326302	25.300690	25.273888	25.246122	25.217377	25.187874	25.157619	25.126823	25.095518	25.063885	25.031998	
25.037033	25.073919	25.110550	25.146740	25.182421	25.217377	25.251575	25.284775	25.316977	25.347916	25.377630	25.405846	25.432613	25.457666	25.481075	25.502586	25.522270	25.539900	25.555542	25.569017	25.580376	25.589479	25.596367	25.600956	25.603262	25.603264	25.600954	25.596367	25.589478	25.580376	25.569019	25.555544	25.539902	25.522268	25.502590	25.481077	25.457668	25.432613	25.405846	25.377630	25.347919	25.316975	25.284775	25.251575	25.217377	25.182421	25.146738	25.110548	25.073917	25.037033	
25.041920	25.083694	25.125135	25.166143	25.206493	25.246120	25.284775	25.322432	25.358807	25.393919	25.427469	25.459499	25.489716	25.518169	25.544582	25.569019	25.591221	25.611256	25.628899	25.644211	25.657017	25.667366	25.675131	25.680346	25.682949	25.682949	25.680347	25.675131	25.667366	25.657019	25.644213	25.628899	25.611256	25.591221	25.569019	25.544582	25.518169	25.489714	25.459499	25.427469	25.393921	25.358807	25.322430	25.284775	25.246122	25.206493	25.166142	25.125135	25.083694	25.041920	
25.046659	25.093136	25.139288	25.184889	25.229843	25.273890	25.316977	25.358807	25.399376	25.438364	25.475798	25.511351	25.545071	25.576647	25.606133	25.633240	25.658039	25.680254	25.699963	25.716942	25.731249	25.742722	25.751398	25.757179	25.760086	25.760088	25.757179	25.751398	25.742722	25.731247	25.716942	25.699963	25.680256	25.658035	25.633242	25.606136	25.576645	25.545073	25.511351	25.475800	25.438362	25.399378	25.358807	25.316975	25.273890	25.229843	25.184887	25.139286	25.093136	25.046659	
25.051216	25.102251	25.152884	25.202984	25.252279	25.300694	25.347918	25.393919	25.438362	25.481258	25.522249	25.561378	25.598297	25.633055	25.665329	25.695179	25.722305	25.746782	25.768339	25.787045	25.802692	25.815332	25.824821	25.831192	25.834373	25.834373	25.831194	25.824823	25.815332	25.802694	25.787045	25.768339	25.746778	25.722305	25.695181	25.665329	25.633057	25.598295	25.561380	25.522251	25.481258	25.438364	25.393917	25.347916	25.300690	25.252277	25.202980	25.152884	25.102249	25.051214	
25.055588	25.110958	25.165939	25.220268	25.273827	25.326300	25.377628	25.427467	25.475796	25.522249	25.566841	25.609203	25.649372	25.686993	25.722120	25.754417	25.783955	25.810429	25.833904	25.854134	25.871176	25.884846	25.895184	25.902071	25.905535	25.905537	25.902071	25.895182	25.884846	25.871178	25.854134	25.833900	25.810427	25.783955	25.754419	25.722122	25.686993	25.649374	25.609200	25.566843	25.522247	25.475798	25.427467	25.377628	25.326300	25.273823	25.220268	25.165939	25.110960	25.055588	
25.059742	25.119274	25.178339	25.236776	25.294285	25.350754	25.405844	25.459499	25.511351	25.561378	25.609203	25.654839	25.697908	25.738449	25.776100	25.810917	25.842566	25.871109	25.896263	25.918079	25.936337	25.951077	25.962149	25.969582	25.973289	25.973289	25.969578	25.962147	25.951077	25.936335	25.918077	25.896261	25.871109	25.842566	25.810919	25.776102	25.738451	25.697906	25.654839	25.609201	25.561378	25.511349	25.459499	25.405844	25.350752	25.294281	25.236774	25.178337	25.119274	25.059742	
25.063683	25.127117	25.190102	25.252344	25.313694	25.373816	25.432611	25.489716	25.545073	25.598297	25.649374	25.697906	25.743921	25.787024	25.827263	25.864269	25.898098	25.928432	25.955322	25.978504	25.998024	26.013687	26.025526	26.033421	26.037388	26.037386	26.033419	26.025524	26.013683	25.998022	25.978500	25.955322	25.928431	25.898098	25.864269	25.827263	25.787025	25.743923	25.697906	25.649374	25.598293	25.545074	25.489712	25.432611	25.373812	25.313694	25.252340	25.190102	25.127115	25.063683	
25.067371	25.134504	25.201113	25.267010	25.331861	25.395538	25.457672	25.518171	25.576647	25.633057	25.686993	25.738451	25.787025	25.832737	25.875202	25.914461	25.950155	25.982338	26.010706	26.035303	26.055895	26.072517	26.085003	26.093380	26.097565	26.097567	26.093382	26.085003	26.072515	26.055893	26.035305	26.010704	25.982334	25.950155	25.914459	25.875204	25.832739	25.787025	25.738451	25.686989	25.633057	25.576645	25.518171	25.457668	25.395536	25.331860	25.267008	25.201109	25.134502	25.067371	
25.070816	25.141359	25.211397	25.280617	25.348835	25.415699	25.481079	25.544584	25.606138	25.665329	25.722122	25.776100	25.827263	25.875200	25.919941	25.961100	25.998714	26.032452	26.062347	26.088131	26.109833	26.127254	26.140419	26.149197	26.153608	26.153610	26.149197	26.140417	26.127253	26.109835	26.088127	26.062347	26.032450	25.998711	25.961102	25.919943	25.875204	25.827263	25.776100	25.722122	25.665327	25.606136	25.544580	25.481077	25.415695	25.348835	25.280613	25.211397	25.141359	25.070816	
25.073982	25.147701	25.220850	25.293209	25.364433	25.434353	25.502590	25.569021	25.633244	25.695181	25.754419	25.810917	25.864265	25.914461	25.961098	26.004202	26.043407	26.078743	26.109900	26.136906	26.159523	26.177773	26.191488	26.200686	26.205282	26.205282	26.200686	26.191486	26.177773	26.159521	26.136908	26.109898	26.078739	26.043407	26.004202	25.961102	25.914463	25.864267	25.810917	25.754417	25.695181	25.633240	25.569019	25.502586	25.434353	25.364429	25.293209	25.220848	25.147701	25.073982	
25.076880	25.153465	25.229500	25.304649	25.378704	25.451300	25.522270	25.591225	25.658039	25.722307	25.783955	25.842566	25.898100	25.950153	25.998716	26.043407	26.084236	26.120867	26.153316	26.181313	26.204872	26.223785	26.238075	26.247610	26.252396	26.252396	26.247608	26.238075	26.223785	26.204872	26.181313	26.153316	26.120865	26.084234	26.043407	25.998716	25.950155	25.898100	25.842569	25.783955	25.722309	25.658035	25.591221	25.522268	25.451296	25.378706	25.304646	25.229500	25.153463	25.076880	
25.079475	25.158665	25.237246	25.314974	25.391489	25.466595	25.539902	25.611256	25.680256	25.746782	25.810427	25.871109	25.928429	25.982338	26.032448	26.078743	26.120869	26.158815	26.192295	26.221296	26.245602	26.265198	26.279938	26.289814	26.294754	26.294752	26.289814	26.279936	26.265202	26.245598	26.221298	26.192291	26.158815	26.120865	26.078743	26.032452	25.982338	25.928434	25.871109	25.810427	25.746780	25.680254	25.611256	25.539902	25.466593	25.391485	25.314974	25.237244	25.158667	25.079475	
25.081779	25.163246	25.244122	25.324062	25.402832	25.480061	25.555544	25.628901	25.699965	25.768339	25.833904	25.896259	25.955322	26.010704	26.062349	26.109900	26.153316	26.192293	26.226799	26.256592	26.281641	26.301771	26.316959	26.327106	26.332197	26.332199	26.327106	26.316961	26.301767	26.281643	26.256588	26.226803	26.192291	26.153316	26.109898	26.062347	26.010708	25.955322	25.896261	25.833902	25.768339	25.699963	25.628901	25.555542	25.480057	25.402832	25.324062	25.244122	25.163242	25.081779	
25.083761	25.167221	25.250040	25.331957	25.412601	25.491749	25.569019	25.644213	25.716942	25.787045	25.854134	25.918079	25.978500	26.035303	26.088129	26.136908	26.181313	26.221298	26.256588	26.287151	26.312771	26.333418	26.348957	26.359364	26.364571	26.364571	26.359364	26.348957	26.333420	26.312767	26.287151	26.256588	26.221298	26.181313	26.136906	26.088131	26.035303	25.978504	25.918079	25.854136	25.787045	25.716942	25.644211	25.569017	25.491749	25.412600	25.331955	25.250040	25.167221	25.083761	
25.085434	25.170544	25.255032	25.338552	25.420837	25.501524	25.580376	25.657017	25.731249	25.802692	25.871178	25.936333	25.998022	26.055893	26.109835	26.159521	26.204870	26.245598	26.281641	26.312769	26.338932	26.359966	26.375832	26.386435	26.391750	26.391752	26.386435	26.375835	26.359966	26.338934	26.312769	26.281641	26.245598	26.204868	26.159521	26.109835	26.055895	25.998024	25.936337	25.871176	25.802694	25.731247	25.657019	25.580376	25.501522	25.420837	25.338551	25.255032	25.170544	25.085434	
25.086775	25.173231	25.259033	25.343887	25.427441	25.509422	25.589478	25.667366	25.742720	25.815332	25.884846	25.951077	26.013683	26.072517	26.127253	26.177773	26.223785	26.265198	26.301767	26.333418	26.359966	26.381351	26.397453	26.408228	26.413626	26.413626	26.408232	26.397451	26.381351	26.359962	26.333420	26.301767	26.265198	26.223785	26.177771	26.127253	26.072515	26.013685	25.951077	25.884846	25.815331	25.742722	25.667364	25.589478	25.509422	25.427435	25.343885	25.259029	25.173229	25.086773	
25.087790	25.175247	25.262062	25.347887	25.432434	25.515350	25.596367	25.675133	25.751398	25.824823	25.895182	25.962149	26.025524	26.085003	26.140417	26.191486	26.238075	26.279934	26.316961	26.348955	26.375832	26.397451	26.413752	26.424648	26.430111	26.430111	26.424648	26.413754	26.397449	26.375835	26.348953	26.316963	26.279934	26.238075	26.191486	26.140417	26.085003	26.025524	25.962149	25.895182	25.824823	25.751398	25.675131	25.596365	25.515350	25.432432	25.347885	25.262058	25.175243	25.087788	
25.088465	25.176601	25.264076	25.350576	25.435760	25.519333	25.600956	25.680347	25.757181	25.831196	25.902073	25.969580	26.033419	26.093384	26.149199	26.200687	26.247608	26.289818	26.327105	26.359364	26.386435	26.408232	26.424648	26.435635	26.441135	26.441137	26.435635	26.424648	26.408230	26.386435	26.359364	26.327105	26.289814	26.247606	26.200687	26.149197	26.093382	26.033417	25.969580	25.902073	25.831194	25.757179	25.680346	25.600954	25.519333	25.435760	25.350574	25.264074	25.176600	25.088463	
25.088804	25.177277	25.265091	25.351915	25.437435	25.521318	25.603264	25.682951	25.760088	25.834375	25.905537	25.973289	26.037388	26.097569	26.153610	26.205282	26.252396	26.294754	26.332197	26.364571	26.391752	26.413626	26.430111	26.441135	26.446663	26.446661	26.441135	26.430109	26.413626	26.391752	26.364571	26.332197	26.294754	26.252396	26.205282	26.153606	26.097565	26.037384	25.973288	25.905535	25.834373	25.760088	25.682949	25.603262	25.521320	25.437435	25.351917	25.265091	25.177277	25.088802	
25.088804	25.177277	25.265091	25.351915	25.437435	25.521318	25.603264	25.682951	25.760088	25.834375	25.905537	25.973289	26.037388	26.097569	26.153610	26.205282	26.252396	26.294754	26.332197	26.364571	26.391752	26.413626	26.430111	26.441135	26.446663	26.446661	26.441135	26.430109	26.413626	26.391752	26.364571	26.332197	26.294754	26.252396	26.205282	26.153606	26.097565	26.037384	25.973288	25.905535	25.834373	25.760088	25.682949	25.603262	25.521320	25.437435	25.351917	25.265091	25.177277	25.088802	
25.088465	25.176601	25.264076	25.350576	25.435760	25.519333	25.600956	25.680347	25.757181	25.831196	25.902073	25.969580	26.033419	26.093384	26.149199	26.200687	26.247608	26.289818	26.327105	26.359364	26.386435	26.408232	26.424648	26.435635	26.441135	26.441137	26.435635	26.424648	26.408230	26.386435	26.359364	26.327105	26.289814	26.247606	26.200687	26.149197	26.093382	26.033417	25.969580	25.902073	25.831194	25.757179	25.680346	25.600954	25.519333	25.435760	25.350574	25.264074	25.176600	25.088463	
25.087790	25.175247	25.262062	25.347887	25.432434	25.515350	25.596367	25.675133	25.751398	25.824823	25.895182	25.962149	26.025524	26.085003	26.140417	26.191486	26.238075	26.279934	26.316961	26.348955	26.375832	26.397451	26.413752	26.424648	26.430111	26.430111	26.424648	26.413754	26.397449	26.375835	26.348953	26.316963	26.279934	26.238075	26.191486	26.140417	26.085003	26.025524	25.962149	25.895182	25.824823	25.751398	25.675131	25.596365	25.515350	25.432432	25.347885	25.262058	25.175243	25.087788	
25.086775	25.173231	25.259033	25.343887	25.427441	25.509422	25.589478	25.667366	25.742720	25.815332	25.884846	25.951077	26.013683	26.072517	26.127253	26.177773	26.223785	26.265198	26.301767	26.333418	26.359966	26.381351	26.397453	26.408228	26.413626	26.413626	26.408232	26.397451	26.381351	26.359962	26.333420	26.301767	26.265198	26.223785	26.177771	26.127253	26.072515	26.013685	25.951077	25.884846	25.815331	25.742722	25.667364	25.589478	25.509422	25.427435	25.343885	25.259029	25.173229	25.086773	
25.085434	25.170544	25.255032	25.338552	25.420837	25.501524	25.580376	25.657017	25.731249	25.802692	25.871178	25.936333	25.998022	26.055893	26.109835	26.159521	26.204870	26.245598	26.281641	26.312769	26.338932	26.359966	26.375832	26.386435	26.391750	26.391752	26.386435	26.375835	26.359966	26.338934	26.312769	26.281641	26.245598	26.204868	26.159521	26.109835	26.055895	25.998024	25.936337	25.871176	25.802694	25.731247	25.657019	25.580376	25.501522	25.420837	25.338551	25.255032	25.170544	25.085434	
25.083761	25.167221	25.250040	25.331957	25.412601	25.491749	25.569019	25.644213	25.716942	25.787045	25.854134	25.918079	25.978500	26.035303	26.088129	26.136908	26.181313	26.221298	26.256588	26.287151	26.312771	26.333418	26.348957	26.359364	26.364571	26.364571	26.359364	26.348957	26.333420	26.312767	26.287151	26.256588	26.221298	26.181313	26.136906	26.088131	26.035303	25.978504	25.918079	25.854136	25.787045	25.716942	25.644211	25.569017	25.491749	25.412600	25.331955	25.250040	25.167221	25.083761	
25.081779	25.163246	25.244122	25.324062	25.402832	25.480061	25.555544	25.628901	25.699965	25.768339	25.833904	25.896259	25.955322	26.010704	26.062349	26.109900	26.153316	26.192293	26.226799	26.256592	26.281641	26.301771	26.316959	26.327106	26.332197	26.332199	26.327106	26.316961	26.301767	26.281643	26.256588	26.226803	26.192291	26.153316	26.109898	26.062347	26.010708	25.955322	25.896261	25.833902	25.768339	25.699963	25.628901	25.555542	25.480057	25.402832	25.324062	25.244122	25.163242	25.081779	
25.079475	25.158665	25.237246	25.314974	25.391489	25.466595	25.539902	25.611256	25.680256	25.746782	25.810427	25.871109	25.928429	25.982338	26.032448	26.078743	26.120869	26.158815	26.192295	26.221296	26.245602	26.265198	26.279938	26.289814	26.294754	26.294752	26.289814	26.279936	26.265202	26.245598	26.221298	26.192291	26.158815	26.120865	26.078743	26.032452	25.982338	25.928434	25.871109	25.810427	25.746780	25.680254	25.611256	25.539902	25.466593	25.391485	25.314974	25.237244	25.158667	25.079475	
25.076880	25.153465	25.229500	25.304649	25.378704	25.451300	25.522270	25.591225	25.658039	25.722307	25.783955	25.842566	25.898100	25.950153	25.998716	26.043407	26.084236	26.120867	26.153316	26.181313	26.204872	26.223785	26.238075	26.247610	26.252396	26.252396	26.247608	26.238075	26.223785	26.204872	26.181313	26.153316	26.120865	26.084234	26.043407	25.998716	25.950155	25.898100	25.842569	25.783955	25.722309	25.658035	25.591221	25.522268	25.451296	25.378706	25.304646	25.229500	25.153463	25.076880	
25.073982	25.147701	25.220850	25.293209	25.364433	25.434353	25.502590	25.569021	25.633244	25.695181	25.754419	25.810917	25.864265	25.914461	25.961098	26.004202	26.043407	26.078743	26.109900	26.136906	26.159523	26.177773	26.191488	26.200686	26.205282	26.205282	26.200686	26.191486	26.177773	26.159521	26.136908	26.109898	26.078739	26.043407	26.004202	25.961102	25.914463	25.864267	25.810917	25.754417	25.695181	25.633240	25.569019	25.502586	25.434353	25.364429	25.293209	25.220848	25.147701	25.073982	
25.070816	25.141359	25.211397	25.280617	25.348835	25.415699	25.481079	25.544584	25.606138	25.665329	25.722122	25.776100	25.827263	25.875200	25.919941	25.961100	25.998714	26.032452	26.062347	26.088131	26.109833	26.127254	26.140419	26.149197	26.153608	26.153610	26.149197	26.140417	26.127253	26.109835	26.088127	26.062347	26.032450	25.998711	25.961102	25.919943	25.875204	25.827263	25.776100	25.722122	25.665327	25.606136	25.544580	25.481077	25.415695	25.348835	25.280613	25.211397	25.141359	25.070816	
25.067371	25.134504	25.201113	25.267010	25.331861	25.395538	25.457672	25.518171	25.576647	25.633057	25.686993	25.738451	25.787025	25.832737	25.875202	25.914461	25.950155	25.982338	26.010706	26.035303	26.055895	26.072517	26.085003	26.093380	26.097565	26.097567	26.093382	26.085003	26.072515	26.055893	26.035305	26.010704	25.982334	25.950155	25.914459	25.875204	25.832739	25.787025	25.738451	25.686989	25.633057	25.576645	25.518171	25.457668	25.395536	25.331860	25.267008	25.201109	25.134502	25.067371	
25.063683	25.127117	25.190102	25.252344	25.313694	25.373816	25.432611	25.489716	25.545073	25.598297	25.649374	25.697906	25.743921	25.787024	25.827263	25.864269	25.898098	25.928432	25.955322	25.978504	25.998024	26.013687	26.025526	26.033421	26.037388	26.037386	26.033419	26.025524	26.013683	25.998022	25.978500	25.955322	25.928431	25.898098	25.864269	25.827263	25.787025	25.743923	25.697906	25.649374	25.598293	25.545074	25.489712	25.432611	25.373812	25.313694	25.252340	25.190102	25.127115	25.063683	
25.059742	25.119274	25.178339	25.236776	25.294285	25.350754	25.405844	25.459499	25.511351	25.561378	25.609203	25.654839	25.697908	25.738449	25.776100	25.810917	25.842566	25.871109	25.896263	25.918079	25.936337	25.951077	25.962149	25.969582	25.973289	25.973289	25.969578	25.962147	25.951077	25.936335	25.918077	25.896261	25.871109	25.842566	25.810919	25.776102	25.738451	25.697906	25.654839	25.609201	25.561378	25.511349	25.459499	25.405844	25.350752	25.294281	25.236774	25.178337	25.119274	25.059742	
25.055588	25.110958	25.165939	25.220268	25.273827	25.326300	25.377628	25.427467	25.475796	25.522249	25.566841	25.609203	25.649372	25.686993	25.722120	25.754417	25.783955	25.810429	25.833904	25.854134	25.871176	25.884846	25.895184	25.902071	25.905535	25.905537	25.902071	25.895182	25.884846	25.871178	25.854134	25.833900	25.810427	25.783955	25.754419	25.722122	25.686993	25.649374	25.609200	25.566843	25.522247	25.475798	25.427467	25.377628	25.326300	25.273823	25.220268	25.165939	25.110960	25.055588	
25.051216	25.102251	25.152884	25.202984	25.252279	25.300694	25.347918	25.393919	25.438362	25.481258	25.522249	25.561378	25.598297	25.633055	25.665329	25.695179	25.722305	25.746782	25.768339	25.787045	25.802692	25.815332	25.824821	25.831192	25.834373	25.834373	25.831194	25.824823	25.815332	25.802694	25.787045	25.768339	25.746778	25.722305	25.695181	25.665329	25.633057	25.598295	25.561380	25.522251	25.481258	25.438364	25.393917	25.347916	25.300690	25.252277	25.202980	25.152884	25.102249	25.051214	
25.046659	25.093136	25.139288	25.184889	25.229843	25.273890	25.316977	25.358807	25.399376	25.438364	25.475798	25.511351	25.545071	25.576647	25.606133	25.633240	25.658039	25.680254	25.699963	25.716942	25.731249	25.742722	25.751398	25.757179	25.760086	25.760088	25.757179	25.751398	25.742722	25.731247	25.716942	25.699963	25.680256	25.658035	25.633242	25.606136	25.576645	25.545073	25.511351	25.475800	25.438362	25.399378	25.358807	25.316975	25.273890	25.229843	25.184887	25.139286	25.093136	25.046659	
25.041920	25.083694	25.125135	25.166143	25.206493	25.246120	25.284775	25.322432	25.358807	25.393919	25.427469	25.459499	25.489716	25.518169	25.544582	25.569019	25.591221	25.611256	25.628899	25.644211	25.657017	25.667366	25.675131	25.680346	25.682949	25.682949	25.680347	25.675131	25.667366	25.657019	25.644213	25.628899	25.611256	25.591221	25.569019	25.544582	25.518169	25.489714	25.459499	25.427469	25.393921	25.358807	25.322430	25.284775	25.246122	25.206493	25.166142	25.125135	25.083694	25.041920	
25.037033	25.073919	25.110550	25.146740	25.182421	25.217377	25.251575	25.284775	25.316977	25.347916	25.377630	25.405846	25.432613	25.457666	25.481075	25.502586	25.522270	25.539900	25.555542	25.569017	25.580376	25.589479	25.596367	25.600956	25.603262	25.603264	25.600954	25.596367	25.589478	25.580376	25.569019	25.555544	25.539902	25.522268	25.502590	25.481077	25.457668	25.432613	25.405846	25.377630	25.347919	25.316975	25.284775	25.251575	25.217377	25.182421	25.146738	25.110548	25.073917	25.037033	
25.031998	25.063887	25.095520	25.126822	25.157623	25.187874	25.217377	25.246124	25.273888	25.300695	25.326302	25.350754	25.373814	25.395536	25.415695	25.434351	25.451298	25.466591	25.480059	25.491749	25.501522	25.509422	25.515350	25.519333	25.521320	25.521318	25.519333	25.515350	25.509426	25.501522	25.491749	25.480059	25.466593	25.451298	25.434351	25.415699	25.395538	25.373814	25.350754	25.326302	25.300690	25.273888	25.246122	25.217377	25.187874	25.157619	25.126823	25.095518	25.063885	25.031998	
25.026855	25.053598	25.080160	25.106401	25.132275	25.157621	25.182423	25.206493	25.229847	25.252277	25.273827	25.294281	25.313694	25.331860	25.348835	25.364433	25.378704	25.391489	25.402832	25.412601	25.420837	25.427439	25.432430	25.435760	25.437435	25.437435	25.435760	25.432436	25.427439	25.420839	25.412601	25.402832	25.391489	25.378704	25.364433	25.348833	25.331863	25.313694	25.294283	25.273823	25.252277	25.229843	25.206493	25.182421	25.157623	25.132275	25.106400	25.080162	25.053598	25.026854	
25.021603	25.043125	25.064480	25.085611	25.106403	25.126823	25.146740	25.166145	25.184887	25.202984	25.220268	25.236774	25.252342	25.267006	25.280615	25.293209	25.304647	25.314972	25.324062	25.331953	25.338554	25.343885	25.347889	25.350574	25.351917	25.351915	25.350578	25.347889	25.343887	25.338551	25.331955	25.324062	25.314974	25.304647	25.293209	25.280617	25.267006	25.252342	25.236774	25.220268	25.202982	25.184887	25.166145	25.146740	25.126823	25.106400	25.085613	25.064478	25.043127	25.021599	
25.016273	25.032482	25.048576	25.064480	25.080160	25.095520	25.110550	25.125137	25.139290	25.152882	25.165941	25.178339	25.190098	25.201111	25.211397	25.220852	25.229496	25.237246	25.244118	25.250042	25.255030	25.259031	25.262060	25.264076	25.265089	25.265093	25.264076	25.262060	25.259031	25.255033	25.250040	25.244122	25.237247	25.229500	25.220852	25.211395	25.201111	25.190102	25.178337	25.165941	25.152882	25.139290	25.125135	25.110548	25.095522	25.080162	25.064480	25.048578	25.032482	25.016273	
25.010883	25.021725	25.032482	25.043129	25.053598	25.063887	25.073917	25.083694	25.093136	25.102249	25.110958	25.119272	25.127115	25.134502	25.141359	25.147701	25.153465	25.158665	25.163242	25.167217	25.170544	25.173229	25.175245	25.176601	25.177277	25.177277	25.176601	25.175247	25.173233	25.170544	25.167221	25.163244	25.158665	25.153467	25.147701	25.141359	25.134502	25.127115	25.119274	25.110960	25.102253	25.093136	25.083694	25.073921	25.063889	25.053598	25.043129	25.032482	25.021725	25.010880	
25.005451	25.010881	25.016273	25.021599	25.026852	25.031998	25.037033	25.041920	25.046661	25.051214	25.055588	25.059742	25.063683	25.067371	25.070816	25.073984	25.076881	25.079475	25.081779	25.083759	25.085432	25.086773	25.087788	25.088465	25.088802	25.088804	25.088463	25.087788	25.086773	25.085434	25.083759	25.081778	25.079477	25.076880	25.073984	25.070816	25.067371	25.063683	25.059742	25.055588	25.051216	25.046661	25.041920	25.037033	25.032000	25.026854	25.021599	25.016273	25.010881	25.005451	
