25.010860	25.021749	25.032516	25.043360	25.053957	25.064667	25.075008	25.085468	25.095436	25.105499	25.114948	25.124437	25.133200	25.141911	25.149796	25.157511	25.164314	25.170815	25.176350	25.181433	25.185524	25.189014	25.191525	25.193306	25.194153	25.194153	25.193306	25.191526	25.189013	25.185522	25.181431	25.176350	25.170815	25.164318	25.157509	25.149794	25.141911	25.133202	25.124437	25.114948	25.105499	25.095436	25.085468	25.075008	25.064667	25.053959	25.043360	25.032515	25.021748	25.010860	
25.021748	25.043377	25.065111	25.086483	25.108042	25.128994	25.150177	25.170506	25.191050	25.210495	25.230076	25.248325	25.266560	25.283243	25.299709	25.314442	25.328697	25.341076	25.352694	25.362354	25.370953	25.377583	25.382872	25.386246	25.388027	25.388029	25.386244	25.382870	25.377583	25.370955	25.362350	25.352695	25.341076	25.328697	25.314440	25.299709	25.283245	25.266560	25.248322	25.230076	25.210495	25.191050	25.170506	25.150177	25.128994	25.108042	25.086483	25.065113	25.043377	25.021748	
25.032516	25.065111	25.097347	25.129807	25.161545	25.193596	25.224567	25.255869	25.285723	25.315838	25.344139	25.372536	25.398779	25.424847	25.448460	25.471544	25.491932	25.511379	25.527958	25.543161	25.555418	25.565863	25.573391	25.578711	25.581249	25.581247	25.578711	25.573391	25.565865	25.555416	25.543163	25.527956	25.511381	25.491928	25.471546	25.448456	25.424847	25.398777	25.372536	25.344137	25.315838	25.285721	25.255871	25.224564	25.193600	25.161543	25.129808	25.097347	25.065111	25.032516	
25.043360	25.086481	25.129807	25.172421	25.215393	25.257175	25.299393	25.339937	25.380878	25.419662	25.458683	25.495079	25.531414	25.564699	25.597506	25.626894	25.655293	25.679989	25.703136	25.722406	25.739544	25.752766	25.763304	25.770033	25.773588	25.773588	25.770031	25.763304	25.752768	25.739544	25.722404	25.703136	25.679989	25.655294	25.626888	25.597507	25.564693	25.531416	25.495075	25.458683	25.419661	25.380878	25.339933	25.299393	25.257175	25.215395	25.172419	25.129807	25.086483	25.043360	
25.053959	25.108044	25.161545	25.215393	25.268074	25.321245	25.372654	25.424576	25.474134	25.524082	25.571075	25.618164	25.661743	25.704969	25.744183	25.782459	25.816313	25.848560	25.876091	25.901299	25.921652	25.938972	25.951473	25.960293	25.964512	25.964508	25.960295	25.951471	25.938972	25.921650	25.901300	25.876089	25.848560	25.816309	25.782459	25.744177	25.704969	25.661737	25.618166	25.571072	25.524082	25.474136	25.424578	25.372654	25.321247	25.268074	25.215393	25.161541	25.108042	25.053959	
25.064667	25.128996	25.193600	25.257175	25.321247	25.383591	25.446526	25.507032	25.568058	25.625946	25.684099	25.738430	25.792576	25.842262	25.891151	25.935020	25.977337	26.014210	26.048695	26.077465	26.102997	26.122742	26.138439	26.148487	26.153782	26.153786	26.148487	26.138439	26.122740	26.102999	26.077465	26.048697	26.014208	25.977337	25.935017	25.891151	25.842260	25.792580	25.738424	25.684099	25.625942	25.568058	25.507030	25.446526	25.383591	25.321243	25.257172	25.193600	25.128994	25.064667	
25.075010	25.150177	25.224566	25.299395	25.372654	25.446526	25.518032	25.590155	25.659100	25.728466	25.793850	25.859241	25.919878	25.979900	26.034466	26.087612	26.134727	26.179493	26.217815	26.252808	26.281137	26.305182	26.322578	26.334824	26.340693	26.340691	26.334826	26.322578	26.305182	26.281132	26.252811	26.217812	26.179499	26.134726	26.087614	26.034462	25.979902	25.919874	25.859245	25.793846	25.728468	25.659096	25.590157	25.518030	25.446527	25.372652	25.299393	25.224564	25.150177	25.075008	
25.085468	25.170506	25.255871	25.339935	25.424576	25.507030	25.590155	25.670189	25.750776	25.827362	25.904144	25.976032	26.047518	26.113270	26.177801	26.235863	26.291714	26.340519	26.386030	26.424116	26.457809	26.483948	26.504660	26.517962	26.524952	26.524952	26.517962	26.504662	26.483944	26.457811	26.424112	26.386034	26.340517	26.291719	26.235859	26.177805	26.113266	26.047522	25.976028	25.904148	25.827362	25.750778	25.670189	25.590157	25.507030	25.424576	25.339933	25.255871	25.170504	25.085468	
25.095436	25.191048	25.285721	25.380878	25.474136	25.568056	25.659100	25.750774	25.838577	25.926735	26.010012	26.093102	26.170347	26.246603	26.316120	26.383636	26.443668	26.500534	26.549362	26.593811	26.629910	26.660444	26.682619	26.698170	26.705650	26.705647	26.698172	26.682615	26.660448	26.629906	26.593811	26.549358	26.500538	26.443665	26.383644	26.316116	26.246607	26.170341	26.093107	26.010010	25.926737	25.838575	25.750778	25.659098	25.568058	25.474134	25.380878	25.285719	25.191048	25.095436	
25.105497	25.210495	25.315838	25.419662	25.524082	25.625946	25.728468	25.827362	25.926733	26.021385	26.116051	26.204912	26.293030	26.374315	26.453852	26.525639	26.594471	26.654819	26.710901	26.757996	26.799515	26.831837	26.857357	26.873810	26.882420	26.882423	26.873806	26.857361	26.831835	26.799519	26.757994	26.710905	26.654814	26.594475	26.525633	26.453857	26.374313	26.293034	26.204906	26.116055	26.021385	25.926735	25.827358	25.728470	25.625942	25.524082	25.419661	25.315836	25.210495	25.105499	
25.114950	25.230076	25.344143	25.458681	25.571075	25.684099	25.793850	25.904144	26.010012	26.116051	26.216486	26.316410	26.409580	26.501274	26.585136	26.666311	26.738735	26.807098	26.866011	26.919437	26.962997	26.999702	27.026459	27.045147	27.054176	27.054173	27.045155	27.026459	26.999706	26.962996	26.919441	26.866007	26.807098	26.738729	26.666311	26.585133	26.501278	26.409580	26.316414	26.216482	26.116055	26.010010	25.904148	25.793846	25.684101	25.571074	25.458683	25.344139	25.230076	25.114948	
25.124437	25.248325	25.372536	25.495083	25.618166	25.738430	25.859243	25.976034	26.093105	26.204910	26.316412	26.421394	26.525169	26.621220	26.714870	26.799707	26.880749	26.952068	27.018093	27.073755	27.122627	27.160835	27.190874	27.210321	27.220457	27.220459	27.210321	27.190880	27.160833	27.122631	27.073753	27.018093	26.952065	26.880749	26.799702	26.714872	26.621216	26.525171	26.421394	26.316414	26.204908	26.093107	25.976030	25.859243	25.738426	25.618166	25.495079	25.372536	25.248322	25.124437	
25.133202	25.266558	25.398779	25.531418	25.661743	25.792578	25.919880	26.047520	26.170347	26.293030	26.409580	26.525169	26.633308	26.739357	26.836704	26.930576	27.014656	27.093704	27.162104	27.223873	27.274452	27.316883	27.347956	27.369562	27.380043	27.380043	27.369564	27.347956	27.316887	27.274452	27.223873	27.162100	27.093702	27.014652	26.930574	26.836704	26.739353	26.633308	26.525169	26.409580	26.293032	26.170347	26.047520	25.919876	25.792578	25.661741	25.531418	25.398777	25.266562	25.133202	
25.141911	25.283245	25.424847	25.564701	25.704971	25.842262	25.979900	26.113270	26.246605	26.374317	26.501274	26.621220	26.739357	26.849110	26.955708	27.052662	27.144894	27.226410	27.301542	27.365170	27.420778	27.464455	27.498638	27.520864	27.532400	27.532398	27.520864	27.498636	27.464455	27.420780	27.365166	27.301540	27.226408	27.144894	27.052660	26.955708	26.849110	26.739355	26.621218	26.501274	26.374315	26.246607	26.113268	25.979900	25.842260	25.704967	25.564697	25.424849	25.283243	25.141911	
25.149796	25.299709	25.448458	25.597509	25.744179	25.891151	26.034464	26.177803	26.316122	26.453854	26.585138	26.714874	26.836706	26.955709	27.065403	27.170727	27.265484	27.354162	27.431253	27.500546	27.557556	27.605154	27.640175	27.664412	27.676226	27.676224	27.664410	27.640175	27.605152	27.557556	27.500547	27.431250	27.354160	27.265480	27.170727	27.065405	26.955708	26.836704	26.714874	26.585136	26.453854	26.316120	26.177805	26.034464	25.891151	25.744179	25.597507	25.448458	25.299713	25.149796	
25.157509	25.314442	25.471546	25.626890	25.782461	25.935019	26.087616	26.235861	26.383640	26.525637	26.666309	26.799706	26.930573	27.052662	27.170725	27.278587	27.380726	27.471426	27.554621	27.625422	27.686995	27.735596	27.773441	27.798176	27.810947	27.810946	27.798176	27.773441	27.735594	27.686995	27.625420	27.554619	27.471422	27.380726	27.278584	27.170727	27.052658	26.930576	26.799704	26.666313	26.525637	26.383640	26.235861	26.087616	25.935020	25.782459	25.626892	25.471546	25.314442	25.157509	
25.164316	25.328695	25.491930	25.655293	25.816311	25.977339	26.134724	26.291718	26.443668	26.594475	26.738733	26.880749	27.014656	27.144892	27.265484	27.380726	27.484905	27.581928	27.666695	27.742504	27.805189	27.857260	27.895771	27.922285	27.935274	27.935276	27.922285	27.895771	27.857262	27.805191	27.742502	27.666695	27.581928	27.484901	27.380726	27.265478	27.144894	27.014652	26.880749	26.738735	26.594477	26.443666	26.291719	26.134726	25.977339	25.816313	25.655294	25.491930	25.328695	25.164316	
25.170815	25.341076	25.511379	25.679989	25.848560	26.014210	26.179497	26.340519	26.500540	26.654819	26.807098	26.952066	27.093704	27.226410	27.354160	27.471428	27.581932	27.680548	27.770546	27.847534	27.914137	27.966988	28.007923	28.034824	28.048634	28.048634	28.034824	28.007921	27.966988	27.914137	27.847534	27.770542	27.680546	27.581926	27.471422	27.354162	27.226408	27.093704	26.952068	26.807100	26.654816	26.500542	26.340519	26.179501	26.014210	25.848560	25.679989	25.511379	25.341076	25.170815	
25.176350	25.352692	25.527958	25.703135	25.876091	26.048695	26.217815	26.386032	26.549362	26.710903	26.866009	27.018093	27.162102	27.301542	27.431253	27.554623	27.666697	27.770546	27.861748	27.942879	28.010330	28.066053	28.107492	28.135864	28.149843	28.149843	28.135864	28.107494	28.066051	28.010330	27.942877	27.861746	27.770542	27.666695	27.554621	27.431252	27.301542	27.162102	27.018093	26.866009	26.710903	26.549362	26.386036	26.217813	26.048695	25.876091	25.703136	25.527958	25.352692	25.176350	
25.181433	25.362352	25.543163	25.722404	25.901299	26.077467	26.252810	26.424118	26.593811	26.757998	26.919439	27.073757	27.223873	27.365170	27.500547	27.625423	27.742502	27.847534	27.942879	28.024879	28.095436	28.151731	28.195091	28.223747	28.238377	28.238377	28.223749	28.195091	28.151730	28.095434	28.024879	27.942877	27.847534	27.742502	27.625422	27.500546	27.365170	27.223873	27.073755	26.919439	26.757996	26.593811	26.424116	26.252808	26.077465	25.901299	25.722404	25.543159	25.362352	25.181431	
25.185522	25.370955	25.555416	25.739542	25.921652	26.102997	26.281137	26.457809	26.629910	26.799515	26.962996	27.122631	27.274452	27.420782	27.557556	27.686996	27.805191	27.914139	28.010330	28.095436	28.166584	28.225031	28.268749	28.298502	28.313250	28.313251	28.298502	28.268745	28.225033	28.166586	28.095434	28.010330	27.914137	27.805191	27.686995	27.557554	27.420780	27.274450	27.122631	26.962997	26.799515	26.629910	26.457809	26.281136	26.102995	25.921652	25.739542	25.555416	25.370953	25.185524	
25.189014	25.377583	25.565865	25.752766	25.938972	26.122746	26.305180	26.483948	26.660448	26.831837	26.999702	27.160835	27.316889	27.464455	27.605158	27.735596	27.857262	27.966988	28.066055	28.151730	28.225031	28.283857	28.328901	28.358847	28.374044	28.374043	28.358847	28.328903	28.283855	28.225033	28.151731	28.066053	27.966988	27.857262	27.735596	27.605154	27.464455	27.316887	27.160835	26.999702	26.831837	26.660446	26.483948	26.305180	26.122744	25.938972	25.752768	25.565865	25.377584	25.189014	
25.191526	25.382872	25.573389	25.763304	25.951471	26.138439	26.322580	26.504662	26.682621	26.857359	27.026459	27.190878	27.347954	27.498638	27.640175	27.773443	27.895771	28.007923	28.107492	28.195091	28.268745	28.328901	28.374157	28.404785	28.420050	28.420052	28.404783	28.374159	28.328903	28.268747	28.195091	28.107494	28.007923	27.895771	27.773441	27.640175	27.498636	27.347956	27.190878	27.026459	26.857357	26.682619	26.504658	26.322580	26.138435	25.951473	25.763304	25.573391	25.382870	25.191526	
25.193304	25.386244	25.578712	25.770031	25.960293	26.148487	26.334824	26.517963	26.698170	26.873808	27.045151	27.210323	27.369566	27.520866	27.664413	27.798176	27.922283	28.034822	28.135864	28.223747	28.298502	28.358845	28.404781	28.435501	28.451000	28.450996	28.435501	28.404783	28.358849	28.298504	28.223747	28.135864	28.034824	27.922285	27.798178	27.664413	27.520864	27.369564	27.210321	27.045149	26.873808	26.698170	26.517963	26.334822	26.148487	25.960293	25.770033	25.578711	25.386242	25.193304	
25.194153	25.388031	25.581251	25.773586	25.964508	26.153784	26.340693	26.524952	26.705647	26.882420	27.054176	27.220463	27.380047	27.532402	27.676228	27.810949	27.935276	28.048634	28.149843	28.238377	28.313250	28.374043	28.420052	28.451000	28.466520	28.466522	28.451000	28.420052	28.374044	28.313251	28.238377	28.149845	28.048637	27.935276	27.810947	27.676226	27.532400	27.380043	27.220457	27.054173	26.882420	26.705647	26.524950	26.340691	26.153786	25.964510	25.773586	25.581249	25.388027	25.194153	
25.194153	25.388031	25.581251	25.773586	25.964508	26.153784	26.340693	26.524952	26.705647	26.882420	27.054176	27.220463	27.380047	27.532402	27.676228	27.810949	27.935276	28.048634	28.149843	28.238377	28.313250	28.374043	28.420052	28.451000	28.466520	28.466522	28.451000	28.420052	28.374044	28.313251	28.238377	28.149845	28.048637	27.935276	27.810947	27.676226	27.532400	27.380043	27.220457	27.054173	26.882420	26.705647	26.524950	26.340691	26.153786	25.964510	25.773586	25.581249	25.388027	25.194153	
25.193304	25.386244	25.578712	25.770031	25.960293	26.148487	26.334824	26.517963	26.698170	26.873808	27.045151	27.210323	27.369566	27.520866	27.664413	27.798176	27.922283	28.034822	28.135864	28.223747	28.298502	28.358845	28.404781	28.435501	28.451000	28.450996	28.435501	28.404783	28.358849	28.298504	28.223747	28.135864	28.034824	27.922285	27.798178	27.664413	27.520864	27.369564	27.210321	27.045149	26.873808	26.698170	26.517963	26.334822	26.148487	25.960293	25.770033	25.578711	25.386242	25.193304	
25.191526	25.382872	25.573389	25.763304	25.951471	26.138439	26.322580	26.504662	26.682621	26.857359	27.026459	27.190878	27.347954	27.498638	27.640175	27.773443	27.895771	28.007923	28.107492	28.195091	28.268745	28.328901	28.374157	28.404785	28.420050	28.420052	28.404783	28.374159	28.328903	28.268747	28.195091	28.107494	28.007923	27.895771	27.773441	27.640175	27.498636	27.347956	27.190878	27.026459	26.857357	26.682619	26.504658	26.322580	26.138435	25.951473	25.763304	25.573391	25.382870	25.191526	
25.189014	25.377583	25.565865	25.752766	25.938972	26.122746	26.305180	26.483948	26.660448	26.831837	26.999702	27.160835	27.316889	27.464455	27.605158	27.735596	27.857262	27.966988	28.066055	28.151730	28.225031	28.283857	28.328901	28.358847	28.374044	28.374043	28.358847	28.328903	28.283855	28.225033	28.151731	28.066053	27.966988	27.857262	27.735596	27.605154	27.464455	27.316887	27.160835	26.999702	26.831837	26.660446	26.483948	26.305180	26.122744	25.938972	25.752768	25.565865	25.377584	25.189014	
25.185522	25.370955	25.555416	25.739542	25.921652	26.102997	26.281137	26.457809	26.629910	26.799515	26.962996	27.122631	27.274452	27.420782	27.557556	27.686996	27.805191	27.914139	28.010330	28.095436	28.166584	28.225031	28.268749	28.298502	28.313250	28.313251	28.298502	28.268745	28.225033	28.166586	28.095434	28.010330	27.914137	27.805191	27.686995	27.557554	27.420780	27.274450	27.122631	26.962997	26.799515	26.629910	26.457809	26.281136	26.102995	25.921652	25.739542	25.555416	25.370953	25.185524	
25.181433	25.362352	25.543163	25.722404	25.901299	26.077467	26.252810	26.424118	26.593811	26.757998	26.919439	27.073757	27.223873	27.365170	27.500547	27.625423	27.742502	27.847534	27.942879	28.024879	28.095436	28.151731	28.195091	28.223747	28.238377	28.238377	28.223749	28.195091	28.151730	28.095434	28.024879	27.942877	27.847534	27.742502	27.625422	27.500546	27.365170	27.223873	27.073755	26.919439	26.757996	26.593811	26.424116	26.252808	26.077465	25.901299	25.722404	25.543159	25.362352	25.181431	
25.176350	25.352692	25.527958	25.703135	25.876091	26.048695	26.217815	26.386032	26.549362	26.710903	26.866009	27.018093	27.162102	27.301542	27.431253	27.554623	27.666697	27.770546	27.861748	27.942879	28.010330	28.066053	28.107492	28.135864	28.149843	28.149843	28.135864	28.107494	28.066051	28.010330	27.942877	27.861746	27.770542	27.666695	27.554621	27.431252	27.301542	27.162102	27.018093	26.866009	26.710903	26.549362	26.386036	26.217813	26.048695	25.876091	25.703136	25.527958	25.352692	25.176350	
25.170815	25.341076	25.511379	25.679989	25.848560	26.014210	26.179497	26.340519	26.500540	26.654819	26.807098	26.952066	27.093704	27.226410	27.354160	27.471428	27.581932	27.680548	27.770546	27.847534	27.914137	27.966988	28.007923	28.034824	28.048634	28.048634	28.034824	28.007921	27.966988	27.914137	27.847534	27.770542	27.680546	27.581926	27.471422	27.354162	27.226408	27.093704	26.952068	26.807100	26.654816	26.500542	26.340519	26.179501	26.014210	25.848560	25.679989	25.511379	25.341076	25.170815	
25.164316	25.328695	25.491930	25.655293	25.816311	25.977339	26.134724	26.291718	26.443668	26.594475	26.738733	26.880749	27.014656	27.144892	27.265484	27.380726	27.484905	27.581928	27.666695	27.742504	27.805189	27.857260	27.895771	27.922285	27.935274	27.935276	27.922285	27.895771	27.857262	27.805191	27.742502	27.666695	27.581928	27.484901	27.380726	27.265478	27.144894	27.014652	26.880749	26.738735	26.594477	26.443666	26.291719	26.134726	25.977339	25.816313	25.655294	25.491930	25.328695	25.164316	
25.157509	25.314442	25.471546	25.626890	25.782461	25.935019	26.087616	26.235861	26.383640	26.525637	26.666309	26.799706	26.930573	27.052662	27.170725	27.278587	27.380726	27.471426	27.554621	27.625422	27.686995	27.735596	27.773441	27.798176	27.810947	27.810946	27.798176	27.773441	27.735594	27.686995	27.625420	27.554619	27.471422	27.380726	27.278584	27.170727	27.052658	26.930576	26.799704	26.666313	26.525637	26.383640	26.235861	26.087616	25.935020	25.782459	25.626892	25.471546	25.314442	25.157509	
25.149796	25.299709	25.448458	25.597509	25.744179	25.891151	26.034464	26.177803	26.316122	26.453854	26.585138	26.714874	26.836706	26.955709	27.065403	27.170727	27.265484	27.354162	27.431253	27.500546	27.557556	27.605154	27.640175	27.664412	27.676226	27.676224	27.664410	27.640175	27.605152	27.557556	27.500547	27.431250	27.354160	27.265480	27.170727	27.065405	26.955708	26.836704	26.714874	26.585136	26.453854	26.316120	26.177805	26.034464	25.891151	25.744179	25.597507	25.448458	25.299713	25.149796	
25.141911	25.283245	25.424847	25.564701	25.704971	25.842262	25.979900	26.113270	26.246605	26.374317	26.501274	26.621220	26.739357	26.849110	26.955708	27.052662	27.144894	27.226410	27.301542	27.365170	27.420778	27.464455	27.498638	27.520864	27.532400	27.532398	27.520864	27.498636	27.464455	27.420780	27.365166	27.301540	27.226408	27.144894	27.052660	26.955708	26.849110	26.739355	26.621218	26.501274	26.374315	26.246607	26.113268	25.979900	25.842260	25.704967	25.564697	25.424849	25.283243	25.141911	
25.133202	25.266558	25.398779	25.531418	25.661743	25.792578	25.919880	26.047520	26.170347	26.293030	26.409580	26.525169	26.633308	26.739357	26.836704	26.930576	27.014656	27.093704	27.162104	27.223873	27.274452	27.316883	27.347956	27.369562	27.380043	27.380043	27.369564	27.347956	27.316887	27.274452	27.223873	27.162100	27.093702	27.014652	26.930574	26.836704	26.739353	26.633308	26.525169	26.409580	26.293032	26.170347	26.047520	25.919876	25.792578	25.661741	25.531418	25.398777	25.266562	25.133202	
25.124437	25.248325	25.372536	25.495083	25.618166	25.738430	25.859243	25.976034	26.093105	26.204910	26.316412	26.421394	26.525169	26.621220	26.714870	26.799707	26.880749	26.952068	27.018093	27.073755	27.122627	27.160835	27.190874	27.210321	27.220457	27.220459	27.210321	27.190880	27.160833	27.122631	27.073753	27.018093	26.952065	26.880749	26.799702	26.714872	26.621216	26.525171	26.421394	26.316414	26.204908	26.093107	25.976030	25.859243	25.738426	25.618166	25.495079	25.372536	25.248322	25.124437	
25.114950	25.230076	25.344143	25.458681	25.571075	25.684099	25.793850	25.904144	26.010012	26.116051	26.216486	26.316410	26.409580	26.501274	26.585136	26.666311	26.738735	26.807098	26.866011	26.919437	26.962997	26.999702	27.026459	27.045147	27.054176	27.054173	27.045155	27.026459	26.999706	26.962996	26.919441	26.866007	26.807098	26.738729	26.666311	26.585133	26.501278	26.409580	26.316414	26.216482	26.116055	26.010010	25.904148	25.793846	25.684101	25.571074	25.458683	25.344139	25.230076	25.114948	
25.105497	25.210495	25.315838	25.419662	25.524082	25.625946	25.728468	25.827362	25.926733	26.021385	26.116051	26.204912	26.293030	26.374315	26.453852	26.525639	26.594471	26.654819	26.710901	26.757996	26.799515	26.831837	26.857357	26.873810	26.882420	26.882423	26.873806	26.857361	26.831835	26.799519	26.757994	26.710905	26.654814	26.594475	26.525633	26.453857	26.374313	26.293034	26.204906	26.116055	26.021385	25.926735	25.827358	25.728470	25.625942	25.524082	25.419661	25.315836	25.210495	25.105499	
25.095436	25.191048	25.285721	25.380878	25.474136	25.568056	25.659100	25.750774	25.838577	25.926735	26.010012	26.093102	26.170347	26.246603	26.316120	26.383636	26.443668	26.500534	26.549362	26.593811	26.629910	26.660444	26.682619	26.698170	26.705650	26.705647	26.698172	26.682615	26.660448	26.629906	26.593811	26.549358	26.500538	26.443665	26.383644	26.316116	26.246607	26.170341	26.093107	26.010010	25.926737	25.838575	25.750778	25.659098	25.568058	25.474134	25.380878	25.285719	25.191048	25.095436	
25.085468	25.170506	25.255871	25.339935	25.424576	25.507030	25.590155	25.670189	25.750776	25.827362	25.904144	25.976032	26.047518	26.113270	26.177801	26.235863	26.291714	26.340519	26.386030	26.424116	26.457809	26.483948	26.504660	26.517962	26.524952	26.524952	26.517962	26.504662	26.483944	26.457811	26.424112	26.386034	26.340517	26.291719	26.235859	26.177805	26.113266	26.047522	25.976028	25.904148	25.827362	25.750778	25.670189	25.590157	25.507030	25.424576	25.339933	25.255871	25.170504	25.085468	
25.075010	25.150177	25.224566	25.299395	25.372654	25.446526	25.518032	25.590155	25.659100	25.728466	25.793850	25.859241	25.919878	25.979900	26.034466	26.087612	26.134727	26.179493	26.217815	26.252808	26.281137	26.305182	26.322578	26.334824	26.340693	26.340691	26.334826	26.322578	26.305182	26.281132	26.252811	26.217812	26.179499	26.134726	26.087614	26.034462	25.979902	25.919874	25.859245	25.793846	25.728468	25.659096	25.590157	25.518030	25.446527	25.372652	25.299393	25.224564	25.150177	25.075008	
25.064667	25.128996	25.193600	25.257175	25.321247	25.383591	25.446526	25.507032	25.568058	25.625946	25.684099	25.738430	25.792576	25.842262	25.891151	25.935020	25.977337	26.014210	26.048695	26.077465	26.102997	26.122742	26.138439	26.148487	26.153782	26.153786	26.148487	26.138439	26.122740	26.102999	26.077465	26.048697	26.014208	25.977337	25.935017	25.891151	25.842260	25.792580	25.738424	25.684099	25.625942	25.568058	25.507030	25.446526	25.383591	25.321243	25.257172	25.193600	25.128994	25.064667	
25.053959	25.108044	25.161545	25.215393	25.268074	25.321245	25.372654	25.424576	25.474134	25.524082	25.571075	25.618164	25.661743	25.704969	25.744183	25.782459	25.816313	25.848560	25.876091	25.901299	25.921652	25.938972	25.951473	25.960293	25.964512	25.964508	25.960295	25.951471	25.938972	25.921650	25.901300	25.876089	25.848560	25.816309	25.782459	25.744177	25.704969	25.661737	25.618166	25.571072	25.524082	25.474136	25.424578	25.372654	25.321247	25.268074	25.215393	25.161541	25.108042	25.053959	
25.043360	25.086481	25.129807	25.172421	25.215393	25.257175	25.299393	25.339937	25.380878	25.419662	25.458683	25.495079	25.531414	25.564699	25.597506	25.626894	25.655293	25.679989	25.703136	25.722406	25.739544	25.752766	25.763304	25.770033	25.773588	25.773588	25.770031	25.763304	25.752768	25.739544	25.722404	25.703136	25.679989	25.655294	25.626888	25.597507	25.564693	25.531416	25.495075	25.458683	25.419661	25.380878	25.339933	25.299393	25.257175	25.215395	25.172419	25.129807	25.086483	25.043360	
25.032516	25.065111	25.097347	25.129807	25.161545	25.193596	25.224567	25.255869	25.285723	25.315838	25.344139	25.372536	25.398779	25.424847	25.448460	25.471544	25.491932	25.511379	25.527958	25.543161	25.555418	25.565863	25.573391	25.578711	25.581249	25.581247	25.578711	25.573391	25.565865	25.555416	25.543163	25.527956	25.511381	25.491928	25.471546	25.448456	25.424847	25.398777	25.372536	25.344137	25.315838	25.285721	25.255871	25.224564	25.193600	25.161543	25.129808	25.097347	25.065111	25.032516	
25.021748	25.043377	25.065111	25.086483	25.108042	25.128994	25.150177	25.170506	25.191050	25.210495	25.230076	25.248325	25.266560	25.283243	25.299709	25.314442	25.328697	25.341076	25.352694	25.362354	25.370953	25.377583	25.382872	25.386246	25.388027	25.388029	25.386244	25.382870	25.377583	25.370955	25.362350	25.352695	25.341076	25.328697	25.314440	25.299709	25.283245	25.266560	25.248322	25.230076	25.210495	25.191050	25.170506	25.150177	25.128994	25.108042	25.086483	25.065113	25.043377	25.021748	
25.010860	25.021749	25.032516	25.043360	25.053957	25.064667	25.075008	25.085468	25.095436	25.105499	25.114948	25.124437	25.133200	25.141911	25.149796	25.157511	25.164314	25.170815	25.176350	25.181433	25.185524	25.189014	25.191525	25.193306	25.194153	25.194153	25.193306	25.191526	25.189013	25.185522	25.181431	25.176350	25.170815	25.164318	25.157509	25.149794	25.141911	25.133202	25.124437	25.114948	25.105499	25.095436	25.085468	25.075008	25.064667	25.053959	25.043360	25.032515	25.021748	25.010860	
