25.001682	25.003357	25.005020	25.006664	25.008284	25.009869	25.011419	25.012926	25.014381	25.015785	25.017128	25.018408	25.019615	25.020748	25.021805	25.022776	25.023663	25.024458	25.025162	25.025768	25.026279	25.026691	25.026999	25.027206	25.027309	25.027309	25.027206	25.026999	25.026690	25.026279	25.025768	25.025162	25.024458	25.023663	25.022776	25.021805	25.020748	25.019615	25.018406	25.017130	25.015785	25.014385	25.012924	25.011419	25.009871	25.008282	25.006664	25.005020	25.003357	25.001682	
25.003357	25.006702	25.010021	25.013306	25.016533	25.019703	25.022797	25.025801	25.028713	25.031511	25.034195	25.036743	25.039156	25.041420	25.043522	25.045465	25.047234	25.048824	25.050226	25.051441	25.052460	25.053280	25.053896	25.054308	25.054516	25.054516	25.054310	25.053894	25.053278	25.052458	25.051441	25.050228	25.048824	25.047234	25.045467	25.043524	25.041420	25.039154	25.036745	25.034191	25.031513	25.028709	25.025803	25.022797	25.019701	25.016535	25.013302	25.010021	25.006702	25.003359	
25.005020	25.010021	25.014984	25.019890	25.024723	25.029459	25.034084	25.038582	25.042931	25.047119	25.051126	25.054939	25.058548	25.061930	25.065083	25.067982	25.070627	25.073002	25.075104	25.076918	25.078442	25.079666	25.080587	25.081205	25.081516	25.081514	25.081205	25.080589	25.079664	25.078440	25.076916	25.075104	25.073002	25.070629	25.067982	25.065083	25.061930	25.058548	25.054939	25.051128	25.047115	25.042933	25.038582	25.034084	25.029461	25.024721	25.019890	25.014984	25.010021	25.005020	
25.006664	25.013302	25.019890	25.026405	25.032816	25.039104	25.045244	25.051212	25.056988	25.062544	25.067865	25.072929	25.077717	25.082211	25.086388	25.090240	25.093750	25.096907	25.099693	25.102104	25.104124	25.105751	25.106976	25.107796	25.108204	25.108204	25.107796	25.106976	25.105751	25.104122	25.102102	25.099693	25.096909	25.093750	25.090244	25.086388	25.082211	25.077715	25.072931	25.067863	25.062546	25.056988	25.051216	25.045246	25.039104	25.032816	25.026403	25.019890	25.013302	25.006664	
25.008282	25.016533	25.024723	25.032816	25.040787	25.048603	25.056234	25.063650	25.070827	25.077736	25.084347	25.090641	25.096592	25.102173	25.107372	25.112156	25.116520	25.120440	25.123907	25.126900	25.129412	25.131432	25.132957	25.133972	25.134485	25.134483	25.133976	25.132956	25.131432	25.129410	25.126900	25.123905	25.120443	25.116522	25.112158	25.107372	25.102173	25.096592	25.090641	25.084351	25.077734	25.070827	25.063652	25.056236	25.048603	25.040787	25.032814	25.024721	25.016533	25.008282	
25.009869	25.019703	25.029459	25.039104	25.048603	25.057915	25.067007	25.075848	25.084396	25.092630	25.100510	25.108009	25.115097	25.121754	25.127943	25.133652	25.138847	25.143520	25.147648	25.151217	25.154207	25.156620	25.158432	25.159647	25.160254	25.160255	25.159645	25.158432	25.156618	25.154211	25.151215	25.147652	25.143520	25.138849	25.133652	25.127945	25.121754	25.115101	25.108013	25.100510	25.092632	25.084400	25.075850	25.067009	25.057915	25.048601	25.039104	25.029459	25.019701	25.009869	
25.011421	25.022797	25.034084	25.045242	25.056232	25.067007	25.077530	25.087755	25.097652	25.107174	25.116293	25.124969	25.133171	25.140869	25.148035	25.154633	25.160648	25.166054	25.170832	25.174957	25.178421	25.181206	25.183310	25.184711	25.185417	25.185417	25.184713	25.183308	25.181210	25.178421	25.174961	25.170832	25.166056	25.160652	25.154636	25.148033	25.140869	25.133173	25.124969	25.116293	25.107174	25.097652	25.087757	25.077530	25.067009	25.056232	25.045244	25.034084	25.022797	25.011419	
25.012924	25.025803	25.038582	25.051214	25.063652	25.075848	25.087757	25.099333	25.110533	25.121313	25.131632	25.141453	25.150738	25.159454	25.167561	25.175034	25.181841	25.187960	25.193363	25.198036	25.201956	25.205112	25.207487	25.209080	25.209873	25.209877	25.209080	25.207489	25.205112	25.201958	25.198036	25.193365	25.187962	25.181843	25.175034	25.167561	25.159451	25.150740	25.141457	25.131634	25.121311	25.110531	25.099335	25.087757	25.075848	25.063650	25.051212	25.038582	25.025803	25.012924	
25.014381	25.028713	25.042931	25.056988	25.070827	25.084400	25.097651	25.110531	25.122995	25.134989	25.146473	25.157402	25.167736	25.177429	25.186453	25.194767	25.202343	25.209148	25.215168	25.220362	25.224728	25.228237	25.230885	25.232649	25.233540	25.233536	25.232651	25.230885	25.228241	25.224728	25.220366	25.215168	25.209152	25.202345	25.194767	25.186453	25.177431	25.167736	25.157404	25.146475	25.134991	25.122997	25.110535	25.097652	25.084398	25.070827	25.056988	25.042931	25.028713	25.014383	
25.015785	25.031513	25.047119	25.062546	25.077734	25.092632	25.107174	25.121311	25.134991	25.148155	25.160759	25.172756	25.184090	25.194735	25.204634	25.213764	25.222073	25.229549	25.236149	25.241858	25.246643	25.250498	25.253399	25.255341	25.256313	25.256315	25.255342	25.253403	25.250500	25.246647	25.241859	25.236153	25.229549	25.222076	25.213764	25.204638	25.194736	25.184093	25.172754	25.160763	25.148155	25.134991	25.121311	25.107174	25.092630	25.077736	25.062546	25.047119	25.031511	25.015785	
25.017128	25.034193	25.051126	25.067863	25.084349	25.100510	25.116291	25.131632	25.146475	25.160759	25.174435	25.187450	25.199757	25.211298	25.222046	25.231943	25.240969	25.249073	25.256241	25.262428	25.267628	25.271805	25.274956	25.277061	25.278118	25.278118	25.277065	25.274956	25.271809	25.267628	25.262434	25.256241	25.249077	25.240971	25.231947	25.222046	25.211302	25.199757	25.187450	25.174437	25.160761	25.146473	25.131634	25.116293	25.100510	25.084347	25.067865	25.051125	25.034195	25.017128	
25.018408	25.036745	25.054939	25.072929	25.090641	25.108009	25.124968	25.141453	25.157402	25.172752	25.187447	25.201435	25.214655	25.227066	25.238609	25.249252	25.258944	25.267658	25.275356	25.282011	25.287592	25.292088	25.295467	25.297733	25.298866	25.298868	25.297733	25.295471	25.292086	25.287598	25.282013	25.275360	25.267660	25.258947	25.249252	25.238613	25.227066	25.214659	25.201437	25.187450	25.172754	25.157402	25.141453	25.124969	25.108009	25.090641	25.072929	25.054941	25.036741	25.018406	
25.019615	25.039154	25.058548	25.077715	25.096592	25.115097	25.133171	25.150738	25.167734	25.184090	25.199753	25.214655	25.228748	25.241966	25.254272	25.265608	25.275944	25.285225	25.293430	25.300518	25.306471	25.311253	25.314865	25.317270	25.318485	25.318481	25.317276	25.314861	25.311256	25.306471	25.300524	25.293430	25.285229	25.275944	25.265614	25.254272	25.241968	25.228746	25.214657	25.199753	25.184093	25.167734	25.150738	25.133171	25.115097	25.096592	25.077717	25.058544	25.039154	25.019613	
25.020748	25.041420	25.061928	25.082211	25.102173	25.121752	25.140867	25.159451	25.177425	25.194733	25.211296	25.227066	25.241966	25.255953	25.268967	25.280964	25.291889	25.301714	25.310387	25.317888	25.324181	25.329247	25.333059	25.335613	25.336887	25.336891	25.335611	25.333061	25.329247	25.324184	25.317890	25.310394	25.301712	25.291893	25.280964	25.268969	25.255955	25.241966	25.227064	25.211300	25.194733	25.177429	25.159451	25.140869	25.121754	25.102173	25.082209	25.061930	25.041416	25.020748	
25.021805	25.043522	25.065081	25.086388	25.107372	25.127941	25.148031	25.167557	25.186449	25.204632	25.222042	25.238607	25.254271	25.268967	25.282642	25.295246	25.306732	25.317051	25.326172	25.334049	25.340668	25.345985	25.349998	25.352676	25.354019	25.354019	25.352676	25.349995	25.345989	25.340668	25.334057	25.326172	25.317057	25.306736	25.295250	25.282646	25.268969	25.254269	25.238609	25.222044	25.204636	25.186451	25.167561	25.148033	25.127941	25.107368	25.086388	25.065079	25.043524	25.021801	
25.022774	25.045464	25.067980	25.090242	25.112156	25.133648	25.154631	25.175030	25.194761	25.213758	25.231941	25.249250	25.265610	25.280960	25.295246	25.308414	25.320408	25.331192	25.340714	25.348949	25.355856	25.361418	25.365601	25.368404	25.369804	25.369806	25.368404	25.365604	25.361418	25.355858	25.348949	25.340719	25.331194	25.320412	25.308418	25.295250	25.280962	25.265610	25.249250	25.231945	25.213760	25.194765	25.175030	25.154633	25.133648	25.112156	25.090239	25.067982	25.045464	25.022774	
25.023663	25.047234	25.070625	25.093748	25.116520	25.138845	25.160646	25.181835	25.202339	25.222073	25.240967	25.258944	25.275940	25.291887	25.306732	25.320408	25.332874	25.344074	25.353970	25.362520	25.369701	25.375469	25.379826	25.382732	25.384190	25.384190	25.382734	25.379826	25.375473	25.369701	25.362522	25.353970	25.344076	25.332876	25.320412	25.306736	25.291891	25.275942	25.258945	25.240965	25.222076	25.202339	25.181839	25.160646	25.138847	25.116518	25.093750	25.070625	25.047232	25.023661	
25.024456	25.048820	25.073002	25.096905	25.120440	25.143518	25.166050	25.187958	25.209145	25.229546	25.249071	25.267658	25.285225	25.301712	25.317051	25.331192	25.344074	25.355652	25.365879	25.374722	25.382137	25.388111	25.392603	25.395613	25.397118	25.397118	25.395611	25.392601	25.388109	25.382139	25.374722	25.365879	25.355652	25.344074	25.331192	25.317053	25.301712	25.285225	25.267658	25.249077	25.229546	25.209150	25.187956	25.166054	25.143517	25.120441	25.096901	25.073002	25.048820	25.024458	
25.025162	25.050224	25.075100	25.099689	25.123903	25.147644	25.170826	25.193359	25.215162	25.236145	25.256237	25.275352	25.293427	25.310385	25.326170	25.340714	25.353970	25.365879	25.376404	25.385496	25.393129	25.399269	25.403896	25.406986	25.408539	25.408535	25.406986	25.403896	25.399267	25.393129	25.385498	25.376404	25.365879	25.353970	25.340715	25.326172	25.310387	25.293427	25.275356	25.256235	25.236149	25.215160	25.193363	25.170828	25.147646	25.123901	25.099693	25.075100	25.050226	25.025162	
25.025768	25.051437	25.076916	25.102097	25.126894	25.151213	25.174953	25.198032	25.220358	25.241852	25.262424	25.282005	25.300516	25.317886	25.334049	25.348946	25.362518	25.374722	25.385496	25.394810	25.402626	25.408916	25.413652	25.416822	25.418407	25.418407	25.416819	25.413651	25.408916	25.402626	25.394812	25.385494	25.374718	25.362522	25.348948	25.334051	25.317886	25.300518	25.282005	25.262428	25.241852	25.220362	25.198032	25.174957	25.151213	25.126898	25.102097	25.076916	25.051439	25.025768	
25.026279	25.052456	25.078436	25.104118	25.129410	25.154205	25.178419	25.201954	25.224724	25.246639	25.267620	25.287590	25.306465	25.324179	25.340662	25.355854	25.369698	25.382137	25.393127	25.402626	25.410599	25.417011	25.421843	25.425072	25.426693	25.426691	25.425072	25.421841	25.417009	25.410599	25.402626	25.393127	25.382137	25.369698	25.355858	25.340664	25.324181	25.306465	25.287592	25.267622	25.246643	25.224720	25.201954	25.178417	25.154205	25.129408	25.104122	25.078438	25.052458	25.026279	
25.026688	25.053274	25.079664	25.105747	25.131428	25.156612	25.181204	25.205109	25.228231	25.250492	25.271801	25.292082	25.311253	25.329241	25.345984	25.361412	25.375473	25.388107	25.399267	25.408913	25.417011	25.423525	25.428432	25.431711	25.433353	25.433355	25.431713	25.428429	25.423523	25.417009	25.408915	25.399265	25.388107	25.375473	25.361414	25.345985	25.329243	25.311253	25.292080	25.271803	25.250492	25.228233	25.205107	25.181204	25.156616	25.131432	25.105747	25.079662	25.053278	25.026690	
25.026999	25.053894	25.080585	25.106972	25.132952	25.158428	25.183304	25.207485	25.230877	25.253395	25.274952	25.295467	25.314857	25.333057	25.349991	25.365601	25.379822	25.392603	25.403893	25.413652	25.421841	25.428432	25.433395	25.436714	25.438375	25.438377	25.436714	25.433393	25.428429	25.421841	25.413651	25.403894	25.392601	25.379822	25.365601	25.349995	25.333057	25.314857	25.295465	25.274950	25.253395	25.230877	25.207485	25.183304	25.158428	25.132954	25.106972	25.080585	25.053894	25.026997	
25.027206	25.054306	25.081203	25.107790	25.133968	25.159641	25.184708	25.209074	25.232647	25.255337	25.277058	25.297729	25.317268	25.335606	25.352673	25.368401	25.382730	25.395611	25.406990	25.416821	25.425074	25.431713	25.436714	25.440058	25.441734	25.441734	25.440060	25.436714	25.431711	25.425072	25.416821	25.406986	25.395609	25.382730	25.368401	25.352673	25.335608	25.317270	25.297726	25.277058	25.255335	25.232647	25.209072	25.184708	25.159641	25.133970	25.107792	25.081203	25.054306	25.027206	
25.027306	25.054512	25.081511	25.108200	25.134480	25.160248	25.185410	25.209871	25.233532	25.256310	25.278112	25.298862	25.318478	25.336887	25.354015	25.369802	25.384190	25.397118	25.408537	25.418409	25.426693	25.433357	25.438375	25.441734	25.443417	25.443417	25.441734	25.438374	25.433353	25.426691	25.418407	25.408539	25.397116	25.384188	25.369804	25.354015	25.336885	25.318478	25.298862	25.278111	25.256306	25.233530	25.209867	25.185410	25.160248	25.134480	25.108200	25.081512	25.054516	25.027309	
25.027306	25.054512	25.081511	25.108200	25.134480	25.160248	25.185410	25.209871	25.233532	25.256310	25.278112	25.298862	25.318478	25.336887	25.354015	25.369802	25.384190	25.397118	25.408537	25.418409	25.426693	25.433357	25.438375	25.441734	25.443417	25.443417	25.441734	25.438374	25.433353	25.426691	25.418407	25.408539	25.397116	25.384188	25.369804	25.354015	25.336885	25.318478	25.298862	25.278111	25.256306	25.233530	25.209867	25.185410	25.160248	25.134480	25.108200	25.081512	25.054516	25.027309	
25.027206	25.054306	25.081203	25.107790	25.133968	25.159641	25.184708	25.209074	25.232647	25.255337	25.277058	25.297729	25.317268	25.335606	25.352673	25.368401	25.382730	25.395611	25.406990	25.416821	25.425074	25.431713	25.436714	25.440058	25.441734	25.441734	25.440060	25.436714	25.431711	25.425072	25.416821	25.406986	25.395609	25.382730	25.368401	25.352673	25.335608	25.317270	25.297726	25.277058	25.255335	25.232647	25.209072	25.184708	25.159641	25.133970	25.107792	25.081203	25.054306	25.027206	
25.026999	25.053894	25.080585	25.106972	25.132952	25.158428	25.183304	25.207485	25.230877	25.253395	25.274952	25.295467	25.314857	25.333057	25.349991	25.365601	25.379822	25.392603	25.403893	25.413652	25.421841	25.428432	25.433395	25.436714	25.438375	25.438377	25.436714	25.433393	25.428429	25.421841	25.413651	25.403894	25.392601	25.379822	25.365601	25.349995	25.333057	25.314857	25.295465	25.274950	25.253395	25.230877	25.207485	25.183304	25.158428	25.132954	25.106972	25.080585	25.053894	25.026997	
25.026688	25.053274	25.079664	25.105747	25.131428	25.156612	25.181204	25.205109	25.228231	25.250492	25.271801	25.292082	25.311253	25.329241	25.345984	25.361412	25.375473	25.388107	25.399267	25.408913	25.417011	25.423525	25.428432	25.431711	25.433353	25.433355	25.431713	25.428429	25.423523	25.417009	25.408915	25.399265	25.388107	25.375473	25.361414	25.345985	25.329243	25.311253	25.292080	25.271803	25.250492	25.228233	25.205107	25.181204	25.156616	25.131432	25.105747	25.079662	25.053278	25.026690	
25.026279	25.052456	25.078436	25.104118	25.129410	25.154205	25.178419	25.201954	25.224724	25.246639	25.267620	25.287590	25.306465	25.324179	25.340662	25.355854	25.369698	25.382137	25.393127	25.402626	25.410599	25.417011	25.421843	25.425072	25.426693	25.426691	25.425072	25.421841	25.417009	25.410599	25.402626	25.393127	25.382137	25.369698	25.355858	25.340664	25.324181	25.306465	25.287592	25.267622	25.246643	25.224720	25.201954	25.178417	25.154205	25.129408	25.104122	25.078438	25.052458	25.026279	
25.025768	25.051437	25.076916	25.102097	25.126894	25.151213	25.174953	25.198032	25.220358	25.241852	25.262424	25.282005	25.300516	25.317886	25.334049	25.348946	25.362518	25.374722	25.385496	25.394810	25.402626	25.408916	25.413652	25.416822	25.418407	25.418407	25.416819	25.413651	25.408916	25.402626	25.394812	25.385494	25.374718	25.362522	25.348948	25.334051	25.317886	25.300518	25.282005	25.262428	25.241852	25.220362	25.198032	25.174957	25.151213	25.126898	25.102097	25.076916	25.051439	25.025768	
25.025162	25.050224	25.075100	25.099689	25.123903	25.147644	25.170826	25.193359	25.215162	25.236145	25.256237	25.275352	25.293427	25.310385	25.326170	25.340714	25.353970	25.365879	25.376404	25.385496	25.393129	25.399269	25.403896	25.406986	25.408539	25.408535	25.406986	25.403896	25.399267	25.393129	25.385498	25.376404	25.365879	25.353970	25.340715	25.326172	25.310387	25.293427	25.275356	25.256235	25.236149	25.215160	25.193363	25.170828	25.147646	25.123901	25.099693	25.075100	25.050226	25.025162	
25.024456	25.048820	25.073002	25.096905	25.120440	25.143518	25.166050	25.187958	25.209145	25.229546	25.249071	25.267658	25.285225	25.301712	25.317051	25.331192	25.344074	25.355652	25.365879	25.374722	25.382137	25.388111	25.392603	25.395613	25.397118	25.397118	25.395611	25.392601	25.388109	25.382139	25.374722	25.365879	25.355652	25.344074	25.331192	25.317053	25.301712	25.285225	25.267658	25.249077	25.229546	25.209150	25.187956	25.166054	25.143517	25.120441	25.096901	25.073002	25.048820	25.024458	
25.023663	25.047234	25.070625	25.093748	25.116520	25.138845	25.160646	25.181835	25.202339	25.222073	25.240967	25.258944	25.275940	25.291887	25.306732	25.320408	25.332874	25.344074	25.353970	25.362520	25.369701	25.375469	25.379826	25.382732	25.384190	25.384190	25.382734	25.379826	25.375473	25.369701	25.362522	25.353970	25.344076	25.332876	25.320412	25.306736	25.291891	25.275942	25.258945	25.240965	25.222076	25.202339	25.181839	25.160646	25.138847	25.116518	25.093750	25.070625	25.047232	25.023661	
25.022774	25.045464	25.067980	25.090242	25.112156	25.133648	25.154631	25.175030	25.194761	25.213758	25.231941	25.249250	25.265610	25.280960	25.295246	25.308414	25.320408	25.331192	25.340714	25.348949	25.355856	25.361418	25.365601	25.368404	25.369804	25.369806	25.368404	25.365604	25.361418	25.355858	25.348949	25.340719	25.331194	25.320412	25.308418	25.295250	25.280962	25.265610	25.249250	25.231945	25.213760	25.194765	25.175030	25.154633	25.133648	25.112156	25.090239	25.067982	25.045464	25.022774	
25.021805	25.043522	25.065081	25.086388	25.107372	25.127941	25.148031	25.167557	25.186449	25.204632	25.222042	25.238607	25.254271	25.268967	25.282642	25.295246	25.306732	25.317051	25.326172	25.334049	25.340668	25.345985	25.349998	25.352676	25.354019	25.354019	25.352676	25.349995	25.345989	25.340668	25.334057	25.326172	25.317057	25.306736	25.295250	25.282646	25.268969	25.254269	25.238609	25.222044	25.204636	25.186451	25.167561	25.148033	25.127941	25.107368	25.086388	25.065079	25.043524	25.021801	
25.020748	25.041420	25.061928	25.082211	25.102173	25.121752	25.140867	25.159451	25.177425	25.194733	25.211296	25.227066	25.241966	25.255953	25.268967	25.280964	25.291889	25.301714	25.310387	25.317888	25.324181	25.329247	25.333059	25.335613	25.336887	25.336891	25.335611	25.333061	25.329247	25.324184	25.317890	25.310394	25.301712	25.291893	25.280964	25.268969	25.255955	25.241966	25.227064	25.211300	25.194733	25.177429	25.159451	25.140869	25.121754	25.102173	25.082209	25.061930	25.041416	25.020748	
25.019615	25.039154	25.058548	25.077715	25.096592	25.115097	25.133171	25.150738	25.167734	25.184090	25.199753	25.214655	25.228748	25.241966	25.254272	25.265608	25.275944	25.285225	25.293430	25.300518	25.306471	25.311253	25.314865	25.317270	25.318485	25.318481	25.317276	25.314861	25.311256	25.306471	25.300524	25.293430	25.285229	25.275944	25.265614	25.254272	25.241968	25.228746	25.214657	25.199753	25.184093	25.167734	25.150738	25.133171	25.115097	25.096592	25.077717	25.058544	25.039154	25.019613	
25.018408	25.036745	25.054939	25.072929	25.090641	25.108009	25.124968	25.141453	25.157402	25.172752	25.187447	25.201435	25.214655	25.227066	25.238609	25.249252	25.258944	25.267658	25.275356	25.282011	25.287592	25.292088	25.295467	25.297733	25.298866	25.298868	25.297733	25.295471	25.292086	25.287598	25.282013	25.275360	25.267660	25.258947	25.249252	25.238613	25.227066	25.214659	25.201437	25.187450	25.172754	25.157402	25.141453	25.124969	25.108009	25.090641	25.072929	25.054941	25.036741	25.018406	
25.017128	25.034193	25.051126	25.067863	25.084349	25.100510	25.116291	25.131632	25.146475	25.160759	25.174435	25.187450	25.199757	25.211298	25.222046	25.231943	25.240969	25.249073	25.256241	25.262428	25.267628	25.271805	25.274956	25.277061	25.278118	25.278118	25.277065	25.274956	25.271809	25.267628	25.262434	25.256241	25.249077	25.240971	25.231947	25.222046	25.211302	25.199757	25.187450	25.174437	25.160761	25.146473	25.131634	25.116293	25.100510	25.084347	25.067865	25.051125	25.034195	25.017128	
25.015785	25.031513	25.047119	25.062546	25.077734	25.092632	25.107174	25.121311	25.134991	25.148155	25.160759	25.172756	25.184090	25.194735	25.204634	25.213764	25.222073	25.229549	25.236149	25.241858	25.246643	25.250498	25.253399	25.255341	25.256313	25.256315	25.255342	25.253403	25.250500	25.246647	25.241859	25.236153	25.229549	25.222076	25.213764	25.204638	25.194736	25.184093	25.172754	25.160763	25.148155	25.134991	25.121311	25.107174	25.092630	25.077736	25.062546	25.047119	25.031511	25.015785	
25.014381	25.028713	25.042931	25.056988	25.070827	25.084400	25.097651	25.110531	25.122995	25.134989	25.146473	25.157402	25.167736	25.177429	25.186453	25.194767	25.202343	25.209148	25.215168	25.220362	25.224728	25.228237	25.230885	25.232649	25.233540	25.233536	25.232651	25.230885	25.228241	25.224728	25.220366	25.215168	25.209152	25.202345	25.194767	25.186453	25.177431	25.167736	25.157404	25.146475	25.134991	25.122997	25.110535	25.097652	25.084398	25.070827	25.056988	25.042931	25.028713	25.014383	
25.012924	25.025803	25.038582	25.051214	25.063652	25.075848	25.087757	25.099333	25.110533	25.121313	25.131632	25.141453	25.150738	25.159454	25.167561	25.175034	25.181841	25.187960	25.193363	25.198036	25.201956	25.205112	25.207487	25.209080	25.209873	25.209877	25.209080	25.207489	25.205112	25.201958	25.198036	25.193365	25.187962	25.181843	25.175034	25.167561	25.159451	25.150740	25.141457	25.131634	25.121311	25.110531	25.099335	25.087757	25.075848	25.063650	25.051212	25.038582	25.025803	25.012924	
25.011421	25.022797	25.034084	25.045242	25.056232	25.067007	25.077530	25.087755	25.097652	25.107174	25.116293	25.124969	25.133171	25.140869	25.148035	25.154633	25.160648	25.166054	25.170832	25.174957	25.178421	25.181206	25.183310	25.184711	25.185417	25.185417	25.184713	25.183308	25.181210	25.178421	25.174961	25.170832	25.166056	25.160652	25.154636	25.148033	25.140869	25.133173	25.124969	25.116293	25.107174	25.097652	25.087757	25.077530	25.067009	25.056232	25.045244	25.034084	25.022797	25.011419	
25.009869	25.019703	25.029459	25.039104	25.048603	25.057915	25.067007	25.075848	25.084396	25.092630	25.100510	25.108009	25.115097	25.121754	25.127943	25.133652	25.138847	25.143520	25.147648	25.151217	25.154207	25.156620	25.158432	25.159647	25.160254	25.160255	25.159645	25.158432	25.156618	25.154211	25.151215	25.147652	25.143520	25.138849	25.133652	25.127945	25.121754	25.115101	25.108013	25.100510	25.092632	25.084400	25.075850	25.067009	25.057915	25.048601	25.039104	25.029459	25.019701	25.009869	
25.008282	25.016533	25.024723	25.032816	25.040787	25.048603	25.056234	25.063650	25.070827	25.077736	25.084347	25.090641	25.096592	25.102173	25.107372	25.112156	25.116520	25.120440	25.123907	25.126900	25.129412	25.131432	25.132957	25.133972	25.134485	25.134483	25.133976	25.132956	25.131432	25.129410	25.126900	25.123905	25.120443	25.116522	25.112158	25.107372	25.102173	25.096592	25.090641	25.084351	25.077734	25.070827	25.063652	25.056236	25.048603	25.040787	25.032814	25.024721	25.016533	25.008282	
25.006664	25.013302	25.019890	25.026405	25.032816	25.039104	25.045244	25.051212	25.056988	25.062544	25.067865	25.072929	25.077717	25.082211	25.086388	25.090240	25.093750	25.096907	25.099693	25.102104	25.104124	25.105751	25.106976	25.107796	25.108204	25.108204	25.107796	25.106976	25.105751	25.104122	25.102102	25.099693	25.096909	25.093750	25.090244	25.086388	25.082211	25.077715	25.072931	25.067863	25.062546	25.056988	25.051216	25.045246	25.039104	25.032816	25.026403	25.019890	25.013302	25.006664	
25.005020	25.010021	25.014984	25.019890	25.024723	25.029459	25.034084	25.038582	25.042931	25.047119	25.051126	25.054939	25.058548	25.061930	25.065083	25.067982	25.070627	25.073002	25.075104	25.076918	25.078442	25.079666	25.080587	25.081205	25.081516	25.081514	25.081205	25.080589	25.079664	25.078440	25.076916	25.075104	25.073002	25.070629	25.067982	25.065083	25.061930	25.058548	25.054939	25.051128	25.047115	25.042933	25.038582	25.034084	25.029461	25.024721	25.019890	25.014984	25.010021	25.005020	
25.003357	25.006702	25.010021	25.013306	25.016533	25.019703	25.022797	25.025801	25.028713	25.031511	25.034195	25.036743	25.039156	25.041420	25.043522	25.045465	25.047234	25.048824	25.050226	25.051441	25.052460	25.053280	25.053896	25.054308	25.054516	25.054516	25.054310	25.053894	25.053278	25.052458	25.051441	25.050228	25.048824	25.047234	25.045467	25.043524	25.041420	25.039154	25.036745	25.034191	25.031513	25.028709	25.025803	25.022797	25.019701	25.016535	25.013302	25.010021	25.006702	25.003359	
25.001682	25.003357	25.005020	25.006664	25.008284	25.009869	25.011419	25.012926	25.014381	25.015785	25.017128	25.018408	25.019615	25.020748	25.021805	25.022776	25.023663	25.024458	25.025162	25.025768	25.026279	25.026691	25.026999	25.027206	25.027309	25.027309	25.027206	25.026999	25.026690	25.026279	25.025768	25.025162	25.024458	25.023663	25.022776	25.021805	25.020748	25.019615	25.018406	25.017130	25.015785	25.014385	25.012924	25.011419	25.009871	25.008282	25.006664	25.005020	25.003357	25.001682	
