25.000847	25.001696	25.002535	25.003365	25.004181	25.004984	25.005766	25.006527	25.007263	25.007971	25.008648	25.009293	25.009903	25.010475	25.011009	25.011497	25.011948	25.012348	25.012703	25.013012	25.013268	25.013475	25.013632	25.013733	25.013788	25.013788	25.013735	25.013630	25.013474	25.013268	25.013010	25.012703	25.012348	25.011946	25.011497	25.011009	25.010475	25.009903	25.009293	25.008650	25.007969	25.007263	25.006527	25.005764	25.004984	25.004181	25.003365	25.002533	25.001694	25.000849	
25.001694	25.003384	25.005062	25.006716	25.008347	25.009949	25.011511	25.013027	25.014496	25.015911	25.017265	25.018551	25.019768	25.020912	25.021973	25.022955	25.023848	25.024651	25.025360	25.025970	25.026485	25.026897	25.027210	25.027420	25.027523	25.027523	25.027418	25.027210	25.026899	25.026485	25.025970	25.025358	25.024651	25.023846	25.022953	25.021975	25.020912	25.019770	25.018555	25.017262	25.015911	25.014496	25.013027	25.011509	25.009945	25.008347	25.006716	25.005058	25.003384	25.001694	
25.002533	25.005062	25.007566	25.010044	25.012482	25.014875	25.017210	25.019478	25.021675	25.023790	25.025814	25.027740	25.029560	25.031267	25.032856	25.034325	25.035658	25.036858	25.037918	25.038834	25.039602	25.040220	25.040688	25.040997	25.041153	25.041153	25.040998	25.040688	25.040220	25.039604	25.038834	25.037918	25.036858	25.035658	25.034323	25.032858	25.031269	25.029560	25.027740	25.025814	25.023788	25.021675	25.019480	25.017206	25.014874	25.012480	25.010044	25.007565	25.005060	25.002533	
25.003365	25.006716	25.010046	25.013332	25.016571	25.019745	25.022846	25.025856	25.028774	25.031578	25.034267	25.036821	25.039238	25.041508	25.043615	25.045563	25.047335	25.048927	25.050335	25.051548	25.052568	25.053391	25.054005	25.054422	25.054626	25.054630	25.054420	25.054007	25.053391	25.052570	25.051550	25.050333	25.048927	25.047333	25.045561	25.043617	25.041508	25.039238	25.036823	25.034266	25.031578	25.028774	25.025856	25.022844	25.019741	25.016567	25.013329	25.010040	25.006716	25.003365	
25.004181	25.008347	25.012482	25.016571	25.020592	25.024540	25.028393	25.032139	25.035761	25.039249	25.042587	25.045765	25.048767	25.051588	25.054209	25.056629	25.058830	25.060808	25.062557	25.064068	25.065336	25.066357	25.067127	25.067636	25.067898	25.067894	25.067638	25.067125	25.066357	25.065338	25.064068	25.062557	25.060806	25.058830	25.056627	25.054211	25.051586	25.048767	25.045765	25.042587	25.039248	25.035759	25.032135	25.028389	25.024540	25.020592	25.016567	25.012482	25.008345	25.004181	
25.004982	25.009949	25.014875	25.019745	25.024540	25.029242	25.033833	25.038296	25.042614	25.046768	25.050747	25.054535	25.058115	25.061472	25.064598	25.067478	25.070103	25.072460	25.074543	25.076344	25.077854	25.079071	25.079987	25.080601	25.080906	25.080906	25.080601	25.079987	25.079071	25.077858	25.076347	25.074541	25.072460	25.070101	25.067476	25.064598	25.061470	25.058113	25.054533	25.050747	25.046768	25.042612	25.038296	25.033833	25.029238	25.024538	25.019741	25.014874	25.009947	25.004982	
25.005768	25.011509	25.017212	25.022842	25.028393	25.033833	25.039145	25.044310	25.049305	25.054111	25.058716	25.063097	25.067238	25.071125	25.074738	25.078075	25.081108	25.083838	25.086248	25.088329	25.090080	25.091488	25.092548	25.093256	25.093611	25.093613	25.093254	25.092548	25.091488	25.090080	25.088331	25.086250	25.083836	25.081108	25.078072	25.074739	25.071125	25.067236	25.063095	25.058714	25.054111	25.049301	25.044308	25.039143	25.033833	25.028389	25.022844	25.017208	25.011507	25.005764	
25.006527	25.013029	25.019482	25.025860	25.032137	25.038296	25.044308	25.050154	25.055809	25.061251	25.066462	25.071419	25.076107	25.080505	25.084599	25.088371	25.091808	25.094894	25.097626	25.099983	25.101961	25.103554	25.104755	25.105558	25.105959	25.105957	25.105560	25.104753	25.103558	25.101963	25.099983	25.097626	25.094894	25.091805	25.088371	25.084599	25.080505	25.076105	25.071419	25.066460	25.061249	25.055805	25.050152	25.044308	25.038294	25.032139	25.025856	25.019478	25.013027	25.006525	
25.007263	25.014496	25.021675	25.028772	25.035761	25.042610	25.049301	25.055807	25.062099	25.068153	25.073956	25.079470	25.084688	25.089581	25.094137	25.098333	25.102158	25.105595	25.108631	25.111254	25.113459	25.115231	25.116566	25.117458	25.117905	25.117907	25.117458	25.116566	25.115231	25.113457	25.111256	25.108631	25.105595	25.102158	25.098331	25.094135	25.089581	25.084686	25.079472	25.073952	25.068155	25.062098	25.055809	25.049303	25.042614	25.035759	25.028772	25.021675	25.014496	25.007261	
25.007973	25.015911	25.023790	25.031578	25.039249	25.046768	25.054110	25.061249	25.068153	25.074804	25.081165	25.087223	25.092945	25.098320	25.103317	25.107925	25.112122	25.115892	25.119226	25.122108	25.124523	25.126469	25.127934	25.128914	25.129406	25.129404	25.128914	25.127934	25.126469	25.124523	25.122107	25.119225	25.115892	25.112120	25.107925	25.103315	25.098316	25.092945	25.087219	25.081165	25.074800	25.068157	25.061249	25.054113	25.046768	25.039248	25.031578	25.023788	25.015907	25.007969	
25.008650	25.017265	25.025814	25.034264	25.042587	25.050747	25.058716	25.066460	25.073954	25.081165	25.088070	25.094641	25.100853	25.106682	25.112106	25.117104	25.121660	25.125753	25.129368	25.132492	25.135118	25.137226	25.138817	25.139879	25.140411	25.140411	25.139881	25.138817	25.137226	25.135117	25.132494	25.129368	25.125751	25.121658	25.117104	25.112106	25.106680	25.100851	25.094643	25.088070	25.081165	25.073952	25.066462	25.058716	25.050747	25.042587	25.034266	25.025812	25.017262	25.008648	
25.009296	25.018551	25.027739	25.036819	25.045765	25.054535	25.063095	25.071419	25.079470	25.087219	25.094643	25.101700	25.108376	25.114639	25.120468	25.125843	25.130735	25.135132	25.139019	25.142380	25.145197	25.147465	25.149174	25.150314	25.150888	25.150888	25.150314	25.149174	25.147465	25.145195	25.142380	25.139019	25.135132	25.130737	25.125839	25.120468	25.114639	25.108376	25.101700	25.094641	25.087219	25.079470	25.071419	25.063095	25.054531	25.045765	25.036821	25.027739	25.018551	25.009293	
25.009903	25.019772	25.029560	25.039238	25.048767	25.058113	25.067238	25.076105	25.084686	25.092945	25.100851	25.108376	25.115486	25.122162	25.128376	25.134100	25.139317	25.144001	25.148144	25.151724	25.154726	25.157143	25.158966	25.160183	25.160793	25.160791	25.160183	25.158966	25.157145	25.154728	25.151722	25.148144	25.144003	25.139315	25.134098	25.128376	25.122162	25.115488	25.108376	25.100853	25.092945	25.084686	25.076107	25.067234	25.058113	25.048767	25.039238	25.029560	25.019768	25.009903	
25.010477	25.020912	25.031269	25.041504	25.051586	25.061472	25.071121	25.080505	25.089579	25.098316	25.106682	25.114639	25.122164	25.129225	25.135796	25.141853	25.147369	25.152327	25.156706	25.160492	25.163670	25.166225	25.168152	25.169441	25.170086	25.170086	25.169441	25.168152	25.166227	25.163670	25.160492	25.156708	25.152325	25.147366	25.141850	25.135792	25.129223	25.122162	25.114639	25.106680	25.098316	25.089581	25.080502	25.071121	25.061470	25.051586	25.041508	25.031269	25.020912	25.010475	
25.011009	25.021976	25.032860	25.043617	25.054209	25.064594	25.074739	25.084595	25.094135	25.103317	25.112104	25.120468	25.128374	25.135796	25.142700	25.149063	25.154863	25.160070	25.164673	25.168652	25.171991	25.174679	25.176701	25.178055	25.178734	25.178734	25.178055	25.176702	25.174679	25.171993	25.168652	25.164673	25.160072	25.154860	25.149061	25.142700	25.135794	25.128374	25.120468	25.112106	25.103317	25.094133	25.084599	25.074738	25.064596	25.054209	25.043615	25.032860	25.021976	25.011009	
25.011501	25.022957	25.034323	25.045561	25.056627	25.067474	25.078068	25.088369	25.098331	25.107922	25.117104	25.125839	25.134100	25.141850	25.149063	25.155712	25.161768	25.167210	25.172016	25.176174	25.179661	25.182468	25.184582	25.185997	25.186703	25.186705	25.185997	25.184582	25.182468	25.179659	25.176174	25.172016	25.167208	25.161766	25.155708	25.149061	25.141850	25.134098	25.125839	25.117104	25.107922	25.098333	25.088371	25.078072	25.067476	25.056627	25.045563	25.034325	25.022957	25.011497	
25.011948	25.023848	25.035658	25.047333	25.058826	25.070101	25.081108	25.091805	25.102158	25.112122	25.121658	25.130735	25.139313	25.147366	25.154861	25.161766	25.168060	25.173714	25.178707	25.183025	25.186651	25.189564	25.191761	25.193230	25.193966	25.193964	25.193230	25.191761	25.189564	25.186649	25.183023	25.178709	25.173714	25.168058	25.161766	25.154861	25.147367	25.139315	25.130733	25.121658	25.112120	25.102158	25.091806	25.081108	25.070103	25.058828	25.047335	25.035660	25.023848	25.011948	
25.012350	25.024651	25.036858	25.048923	25.060808	25.072460	25.083836	25.094896	25.105595	25.115892	25.125751	25.135132	25.144005	25.152327	25.160070	25.167210	25.173714	25.179558	25.184723	25.189186	25.192930	25.195946	25.198212	25.199734	25.200489	25.200491	25.199730	25.198212	25.195944	25.192928	25.189186	25.184721	25.179558	25.173714	25.167210	25.160069	25.152325	25.144001	25.135132	25.125750	25.115894	25.105595	25.094898	25.083836	25.072458	25.060808	25.048925	25.036858	25.024651	25.012348	
25.012703	25.025360	25.037918	25.050333	25.062555	25.074543	25.086246	25.097626	25.108629	25.119226	25.129368	25.139019	25.148144	25.156706	25.164677	25.172016	25.178711	25.184723	25.190033	25.194626	25.198479	25.201576	25.203915	25.205475	25.206259	25.206257	25.205475	25.203915	25.201576	25.198479	25.194622	25.190035	25.184723	25.178711	25.172016	25.164675	25.156704	25.148144	25.139015	25.129368	25.119225	25.108631	25.097626	25.086246	25.074543	25.062557	25.050335	25.037916	25.025358	25.012703	
25.013012	25.025970	25.038834	25.051548	25.064068	25.076344	25.088329	25.099981	25.111256	25.122105	25.132492	25.142376	25.151722	25.160492	25.168652	25.176174	25.183025	25.189182	25.194626	25.199327	25.203274	25.206450	25.208839	25.210442	25.211239	25.211241	25.210440	25.208839	25.206450	25.203274	25.199329	25.194626	25.189186	25.183025	25.176174	25.168652	25.160492	25.151722	25.142380	25.132492	25.122107	25.111256	25.099983	25.088333	25.076344	25.064068	25.051548	25.038834	25.025970	25.013010	
25.013268	25.026485	25.039600	25.052568	25.065336	25.077854	25.090080	25.101963	25.113455	25.124523	25.135115	25.145197	25.154724	25.163670	25.171991	25.179661	25.186649	25.192928	25.198479	25.203274	25.207298	25.210533	25.212975	25.214603	25.215424	25.215424	25.214603	25.212975	25.210533	25.207298	25.203274	25.198479	25.192930	25.186649	25.179661	25.171991	25.163670	25.154728	25.145195	25.135117	25.124523	25.113459	25.101963	25.090080	25.077856	25.065338	25.052570	25.039600	25.026485	25.013268	
25.013474	25.026897	25.040220	25.053391	25.066357	25.079071	25.091486	25.103554	25.115231	25.126465	25.137226	25.147465	25.157143	25.166225	25.174679	25.182465	25.189564	25.195942	25.201578	25.206448	25.210533	25.213825	25.216301	25.217957	25.218788	25.218788	25.217958	25.216301	25.213825	25.210535	25.206448	25.201580	25.195944	25.189564	25.182467	25.174677	25.166225	25.157145	25.147465	25.137226	25.126469	25.115231	25.103556	25.091488	25.079071	25.066357	25.053391	25.040222	25.026897	25.013475	
25.013630	25.027210	25.040684	25.054008	25.067123	25.079987	25.092545	25.104753	25.116562	25.127934	25.138817	25.149172	25.158962	25.168152	25.176699	25.184582	25.191761	25.198214	25.203913	25.208839	25.212975	25.216301	25.218807	25.220480	25.221321	25.221321	25.220482	25.218807	25.216301	25.212976	25.208839	25.203915	25.198212	25.191759	25.184580	25.176701	25.168152	25.158962	25.149174	25.138817	25.127934	25.116566	25.104755	25.092546	25.079988	25.067127	25.054008	25.040688	25.027210	25.013630	
25.013733	25.027420	25.040998	25.054420	25.067638	25.080597	25.093254	25.105553	25.117456	25.128912	25.139881	25.150314	25.160181	25.169437	25.178053	25.185993	25.193230	25.199732	25.205475	25.210438	25.214603	25.217958	25.220482	25.222172	25.223017	25.223015	25.222170	25.220482	25.217957	25.214605	25.210440	25.205475	25.199730	25.193230	25.185993	25.178055	25.169437	25.160183	25.150314	25.139879	25.128910	25.117458	25.105556	25.093254	25.080601	25.067640	25.054424	25.040998	25.027420	25.013735	
25.013786	25.027523	25.041153	25.054628	25.067894	25.080906	25.093609	25.105957	25.117903	25.129402	25.140411	25.150887	25.160789	25.170084	25.178730	25.186703	25.193966	25.200493	25.206257	25.211239	25.215424	25.218788	25.221323	25.223015	25.223866	25.223866	25.223015	25.221321	25.218788	25.215424	25.211241	25.206259	25.200493	25.193966	25.186703	25.178734	25.170084	25.160789	25.150887	25.140409	25.129402	25.117905	25.105959	25.093611	25.080906	25.067898	25.054630	25.041157	25.027523	25.013786	
25.013786	25.027523	25.041153	25.054628	25.067894	25.080906	25.093609	25.105957	25.117903	25.129402	25.140411	25.150887	25.160789	25.170084	25.178730	25.186703	25.193966	25.200493	25.206257	25.211239	25.215424	25.218788	25.221323	25.223015	25.223866	25.223866	25.223015	25.221321	25.218788	25.215424	25.211241	25.206259	25.200493	25.193966	25.186703	25.178734	25.170084	25.160789	25.150887	25.140409	25.129402	25.117905	25.105959	25.093611	25.080906	25.067898	25.054630	25.041157	25.027523	25.013786	
25.013733	25.027420	25.040998	25.054420	25.067638	25.080597	25.093254	25.105553	25.117456	25.128912	25.139881	25.150314	25.160181	25.169437	25.178053	25.185993	25.193230	25.199732	25.205475	25.210438	25.214603	25.217958	25.220482	25.222172	25.223017	25.223015	25.222170	25.220482	25.217957	25.214605	25.210440	25.205475	25.199730	25.193230	25.185993	25.178055	25.169437	25.160183	25.150314	25.139879	25.128910	25.117458	25.105556	25.093254	25.080601	25.067640	25.054424	25.040998	25.027420	25.013735	
25.013630	25.027210	25.040684	25.054008	25.067123	25.079987	25.092545	25.104753	25.116562	25.127934	25.138817	25.149172	25.158962	25.168152	25.176699	25.184582	25.191761	25.198214	25.203913	25.208839	25.212975	25.216301	25.218807	25.220480	25.221321	25.221321	25.220482	25.218807	25.216301	25.212976	25.208839	25.203915	25.198212	25.191759	25.184580	25.176701	25.168152	25.158962	25.149174	25.138817	25.127934	25.116566	25.104755	25.092546	25.079988	25.067127	25.054008	25.040688	25.027210	25.013630	
25.013474	25.026897	25.040220	25.053391	25.066357	25.079071	25.091486	25.103554	25.115231	25.126465	25.137226	25.147465	25.157143	25.166225	25.174679	25.182465	25.189564	25.195942	25.201578	25.206448	25.210533	25.213825	25.216301	25.217957	25.218788	25.218788	25.217958	25.216301	25.213825	25.210535	25.206448	25.201580	25.195944	25.189564	25.182467	25.174677	25.166225	25.157145	25.147465	25.137226	25.126469	25.115231	25.103556	25.091488	25.079071	25.066357	25.053391	25.040222	25.026897	25.013475	
25.013268	25.026485	25.039600	25.052568	25.065336	25.077854	25.090080	25.101963	25.113455	25.124523	25.135115	25.145197	25.154724	25.163670	25.171991	25.179661	25.186649	25.192928	25.198479	25.203274	25.207298	25.210533	25.212975	25.214603	25.215424	25.215424	25.214603	25.212975	25.210533	25.207298	25.203274	25.198479	25.192930	25.186649	25.179661	25.171991	25.163670	25.154728	25.145195	25.135117	25.124523	25.113459	25.101963	25.090080	25.077856	25.065338	25.052570	25.039600	25.026485	25.013268	
25.013012	25.025970	25.038834	25.051548	25.064068	25.076344	25.088329	25.099981	25.111256	25.122105	25.132492	25.142376	25.151722	25.160492	25.168652	25.176174	25.183025	25.189182	25.194626	25.199327	25.203274	25.206450	25.208839	25.210442	25.211239	25.211241	25.210440	25.208839	25.206450	25.203274	25.199329	25.194626	25.189186	25.183025	25.176174	25.168652	25.160492	25.151722	25.142380	25.132492	25.122107	25.111256	25.099983	25.088333	25.076344	25.064068	25.051548	25.038834	25.025970	25.013010	
25.012703	25.025360	25.037918	25.050333	25.062555	25.074543	25.086246	25.097626	25.108629	25.119226	25.129368	25.139019	25.148144	25.156706	25.164677	25.172016	25.178711	25.184723	25.190033	25.194626	25.198479	25.201576	25.203915	25.205475	25.206259	25.206257	25.205475	25.203915	25.201576	25.198479	25.194622	25.190035	25.184723	25.178711	25.172016	25.164675	25.156704	25.148144	25.139015	25.129368	25.119225	25.108631	25.097626	25.086246	25.074543	25.062557	25.050335	25.037916	25.025358	25.012703	
25.012350	25.024651	25.036858	25.048923	25.060808	25.072460	25.083836	25.094896	25.105595	25.115892	25.125751	25.135132	25.144005	25.152327	25.160070	25.167210	25.173714	25.179558	25.184723	25.189186	25.192930	25.195946	25.198212	25.199734	25.200489	25.200491	25.199730	25.198212	25.195944	25.192928	25.189186	25.184721	25.179558	25.173714	25.167210	25.160069	25.152325	25.144001	25.135132	25.125750	25.115894	25.105595	25.094898	25.083836	25.072458	25.060808	25.048925	25.036858	25.024651	25.012348	
25.011948	25.023848	25.035658	25.047333	25.058826	25.070101	25.081108	25.091805	25.102158	25.112122	25.121658	25.130735	25.139313	25.147366	25.154861	25.161766	25.168060	25.173714	25.178707	25.183025	25.186651	25.189564	25.191761	25.193230	25.193966	25.193964	25.193230	25.191761	25.189564	25.186649	25.183023	25.178709	25.173714	25.168058	25.161766	25.154861	25.147367	25.139315	25.130733	25.121658	25.112120	25.102158	25.091806	25.081108	25.070103	25.058828	25.047335	25.035660	25.023848	25.011948	
25.011501	25.022957	25.034323	25.045561	25.056627	25.067474	25.078068	25.088369	25.098331	25.107922	25.117104	25.125839	25.134100	25.141850	25.149063	25.155712	25.161768	25.167210	25.172016	25.176174	25.179661	25.182468	25.184582	25.185997	25.186703	25.186705	25.185997	25.184582	25.182468	25.179659	25.176174	25.172016	25.167208	25.161766	25.155708	25.149061	25.141850	25.134098	25.125839	25.117104	25.107922	25.098333	25.088371	25.078072	25.067476	25.056627	25.045563	25.034325	25.022957	25.011497	
25.011009	25.021976	25.032860	25.043617	25.054209	25.064594	25.074739	25.084595	25.094135	25.103317	25.112104	25.120468	25.128374	25.135796	25.142700	25.149063	25.154863	25.160070	25.164673	25.168652	25.171991	25.174679	25.176701	25.178055	25.178734	25.178734	25.178055	25.176702	25.174679	25.171993	25.168652	25.164673	25.160072	25.154860	25.149061	25.142700	25.135794	25.128374	25.120468	25.112106	25.103317	25.094133	25.084599	25.074738	25.064596	25.054209	25.043615	25.032860	25.021976	25.011009	
25.010477	25.020912	25.031269	25.041504	25.051586	25.061472	25.071121	25.080505	25.089579	25.098316	25.106682	25.114639	25.122164	25.129225	25.135796	25.141853	25.147369	25.152327	25.156706	25.160492	25.163670	25.166225	25.168152	25.169441	25.170086	25.170086	25.169441	25.168152	25.166227	25.163670	25.160492	25.156708	25.152325	25.147366	25.141850	25.135792	25.129223	25.122162	25.114639	25.106680	25.098316	25.089581	25.080502	25.071121	25.061470	25.051586	25.041508	25.031269	25.020912	25.010475	
25.009903	25.019772	25.029560	25.039238	25.048767	25.058113	25.067238	25.076105	25.084686	25.092945	25.100851	25.108376	25.115486	25.122162	25.128376	25.134100	25.139317	25.144001	25.148144	25.151724	25.154726	25.157143	25.158966	25.160183	25.160793	25.160791	25.160183	25.158966	25.157145	25.154728	25.151722	25.148144	25.144003	25.139315	25.134098	25.128376	25.122162	25.115488	25.108376	25.100853	25.092945	25.084686	25.076107	25.067234	25.058113	25.048767	25.039238	25.029560	25.019768	25.009903	
25.009296	25.018551	25.027739	25.036819	25.045765	25.054535	25.063095	25.071419	25.079470	25.087219	25.094643	25.101700	25.108376	25.114639	25.120468	25.125843	25.130735	25.135132	25.139019	25.142380	25.145197	25.147465	25.149174	25.150314	25.150888	25.150888	25.150314	25.149174	25.147465	25.145195	25.142380	25.139019	25.135132	25.130737	25.125839	25.120468	25.114639	25.108376	25.101700	25.094641	25.087219	25.079470	25.071419	25.063095	25.054531	25.045765	25.036821	25.027739	25.018551	25.009293	
25.008650	25.017265	25.025814	25.034264	25.042587	25.050747	25.058716	25.066460	25.073954	25.081165	25.088070	25.094641	25.100853	25.106682	25.112106	25.117104	25.121660	25.125753	25.129368	25.132492	25.135118	25.137226	25.138817	25.139879	25.140411	25.140411	25.139881	25.138817	25.137226	25.135117	25.132494	25.129368	25.125751	25.121658	25.117104	25.112106	25.106680	25.100851	25.094643	25.088070	25.081165	25.073952	25.066462	25.058716	25.050747	25.042587	25.034266	25.025812	25.017262	25.008648	
25.007973	25.015911	25.023790	25.031578	25.039249	25.046768	25.054110	25.061249	25.068153	25.074804	25.081165	25.087223	25.092945	25.098320	25.103317	25.107925	25.112122	25.115892	25.119226	25.122108	25.124523	25.126469	25.127934	25.128914	25.129406	25.129404	25.128914	25.127934	25.126469	25.124523	25.122107	25.119225	25.115892	25.112120	25.107925	25.103315	25.098316	25.092945	25.087219	25.081165	25.074800	25.068157	25.061249	25.054113	25.046768	25.039248	25.031578	25.023788	25.015907	25.007969	
25.007263	25.014496	25.021675	25.028772	25.035761	25.042610	25.049301	25.055807	25.062099	25.068153	25.073956	25.079470	25.084688	25.089581	25.094137	25.098333	25.102158	25.105595	25.108631	25.111254	25.113459	25.115231	25.116566	25.117458	25.117905	25.117907	25.117458	25.116566	25.115231	25.113457	25.111256	25.108631	25.105595	25.102158	25.098331	25.094135	25.089581	25.084686	25.079472	25.073952	25.068155	25.062098	25.055809	25.049303	25.042614	25.035759	25.028772	25.021675	25.014496	25.007261	
25.006527	25.013029	25.019482	25.025860	25.032137	25.038296	25.044308	25.050154	25.055809	25.061251	25.066462	25.071419	25.076107	25.080505	25.084599	25.088371	25.091808	25.094894	25.097626	25.099983	25.101961	25.103554	25.104755	25.105558	25.105959	25.105957	25.105560	25.104753	25.103558	25.101963	25.099983	25.097626	25.094894	25.091805	25.088371	25.084599	25.080505	25.076105	25.071419	25.066460	25.061249	25.055805	25.050152	25.044308	25.038294	25.032139	25.025856	25.019478	25.013027	25.006525	
25.005768	25.011509	25.017212	25.022842	25.028393	25.033833	25.039145	25.044310	25.049305	25.054111	25.058716	25.063097	25.067238	25.071125	25.074738	25.078075	25.081108	25.083838	25.086248	25.088329	25.090080	25.091488	25.092548	25.093256	25.093611	25.093613	25.093254	25.092548	25.091488	25.090080	25.088331	25.086250	25.083836	25.081108	25.078072	25.074739	25.071125	25.067236	25.063095	25.058714	25.054111	25.049301	25.044308	25.039143	25.033833	25.028389	25.022844	25.017208	25.011507	25.005764	
25.004982	25.009949	25.014875	25.019745	25.024540	25.029242	25.033833	25.038296	25.042614	25.046768	25.050747	25.054535	25.058115	25.061472	25.064598	25.067478	25.070103	25.072460	25.074543	25.076344	25.077854	25.079071	25.079987	25.080601	25.080906	25.080906	25.080601	25.079987	25.079071	25.077858	25.076347	25.074541	25.072460	25.070101	25.067476	25.064598	25.061470	25.058113	25.054533	25.050747	25.046768	25.042612	25.038296	25.033833	25.029238	25.024538	25.019741	25.014874	25.009947	25.004982	
25.004181	25.008347	25.012482	25.016571	25.020592	25.024540	25.028393	25.032139	25.035761	25.039249	25.042587	25.045765	25.048767	25.051588	25.054209	25.056629	25.058830	25.060808	25.062557	25.064068	25.065336	25.066357	25.067127	25.067636	25.067898	25.067894	25.067638	25.067125	25.066357	25.065338	25.064068	25.062557	25.060806	25.058830	25.056627	25.054211	25.051586	25.048767	25.045765	25.042587	25.039248	25.035759	25.032135	25.028389	25.024540	25.020592	25.016567	25.012482	25.008345	25.004181	
25.003365	25.006716	25.010046	25.013332	25.016571	25.019745	25.022846	25.025856	25.028774	25.031578	25.034267	25.036821	25.039238	25.041508	25.043615	25.045563	25.047335	25.048927	25.050335	25.051548	25.052568	25.053391	25.054005	25.054422	25.054626	25.054630	25.054420	25.054007	25.053391	25.052570	25.051550	25.050333	25.048927	25.047333	25.045561	25.043617	25.041508	25.039238	25.036823	25.034266	25.031578	25.028774	25.025856	25.022844	25.019741	25.016567	25.013329	25.010040	25.006716	25.003365	
25.002533	25.005062	25.007566	25.010044	25.012482	25.014875	25.017210	25.019478	25.021675	25.023790	25.025814	25.027740	25.029560	25.031267	25.032856	25.034325	25.035658	25.036858	25.037918	25.038834	25.039602	25.040220	25.040688	25.040997	25.041153	25.041153	25.040998	25.040688	25.040220	25.039604	25.038834	25.037918	25.036858	25.035658	25.034323	25.032858	25.031269	25.029560	25.027740	25.025814	25.023788	25.021675	25.019480	25.017206	25.014874	25.012480	25.010044	25.007565	25.005060	25.002533	
25.001694	25.003384	25.005062	25.006716	25.008347	25.009949	25.011511	25.013027	25.014496	25.015911	25.017265	25.018551	25.019768	25.020912	25.021973	25.022955	25.023848	25.024651	25.025360	25.025970	25.026485	25.026897	25.027210	25.027420	25.027523	25.027523	25.027418	25.027210	25.026899	25.026485	25.025970	25.025358	25.024651	25.023846	25.022953	25.021975	25.020912	25.019770	25.018555	25.017262	25.015911	25.014496	25.013027	25.011509	25.009945	25.008347	25.006716	25.005058	25.003384	25.001694	
25.000847	25.001696	25.002535	25.003365	25.004181	25.004984	25.005766	25.006527	25.007263	25.007971	25.008648	25.009293	25.009903	25.010475	25.011009	25.011497	25.011948	25.012348	25.012703	25.013012	25.013268	25.013475	25.013632	25.013733	25.013788	25.013788	25.013735	25.013630	25.013474	25.013268	25.013010	25.012703	25.012348	25.011946	25.011497	25.011009	25.010475	25.009903	25.009293	25.008650	25.007969	25.007263	25.006527	25.005764	25.004984	25.004181	25.003365	25.002533	25.001694	25.000849	
