25.001442	25.002880	25.004303	25.005714	25.007101	25.008463	25.009792	25.011082	25.012333	25.013536	25.014687	25.015783	25.016819	25.017792	25.018696	25.019529	25.020290	25.020973	25.021576	25.022097	25.022533	25.022886	25.023151	25.023329	25.023418	25.023418	25.023329	25.023149	25.022886	25.022533	25.022097	25.021576	25.020973	25.020290	25.019529	25.018696	25.017792	25.016819	25.015783	25.014687	25.013535	25.012333	25.011084	25.009790	25.008463	25.007103	25.005714	25.004305	25.002880	25.001442	
25.002880	25.005745	25.008595	25.011406	25.014175	25.016893	25.019545	25.022125	25.024620	25.027020	25.029320	25.031506	25.033575	25.035517	25.037323	25.038986	25.040501	25.041864	25.043068	25.044109	25.044983	25.045685	25.046215	25.046566	25.046747	25.046745	25.046566	25.046215	25.045683	25.044983	25.044107	25.043068	25.041864	25.040501	25.038984	25.037321	25.035519	25.033573	25.031506	25.029320	25.027021	25.024620	25.022125	25.019547	25.016893	25.014177	25.011406	25.008593	25.005747	25.002880	
25.004303	25.008593	25.012850	25.017056	25.021198	25.025261	25.029228	25.033081	25.036812	25.040403	25.043839	25.047112	25.050201	25.053104	25.055805	25.058294	25.060558	25.062599	25.064400	25.065956	25.067261	25.068310	25.069103	25.069632	25.069897	25.069897	25.069633	25.069099	25.068312	25.067257	25.065954	25.064396	25.062599	25.060560	25.058292	25.055805	25.053104	25.050205	25.047110	25.043840	25.040401	25.036812	25.033083	25.029226	25.025261	25.021198	25.017056	25.012848	25.008593	25.004305	
25.005714	25.011408	25.017056	25.022640	25.028141	25.033533	25.038797	25.043915	25.048866	25.053631	25.058193	25.062534	25.066641	25.070492	25.074078	25.077377	25.080391	25.083094	25.085485	25.087551	25.089285	25.090677	25.091728	25.092430	25.092781	25.092783	25.092430	25.091728	25.090675	25.089283	25.087547	25.085484	25.083094	25.080391	25.077381	25.074076	25.070496	25.066639	25.062536	25.058193	25.053633	25.048866	25.043915	25.038795	25.033531	25.028137	25.022640	25.017056	25.011406	25.005714	
25.007103	25.014179	25.021202	25.028139	25.034975	25.041676	25.048218	25.054581	25.060734	25.066658	25.072327	25.077724	25.082823	25.087612	25.092068	25.096174	25.099911	25.103275	25.106243	25.108814	25.110966	25.112701	25.114006	25.114880	25.115318	25.115316	25.114880	25.114006	25.112701	25.110966	25.108810	25.106243	25.103275	25.099915	25.096172	25.092068	25.087612	25.082827	25.077723	25.072327	25.066658	25.060734	25.054581	25.048220	25.041676	25.034973	25.028139	25.021198	25.014175	25.007103	
25.008465	25.016895	25.025259	25.033533	25.041676	25.049660	25.057459	25.065039	25.072372	25.079430	25.086185	25.092615	25.098694	25.104401	25.109711	25.114597	25.119061	25.123062	25.126606	25.129662	25.132231	25.134295	25.135853	25.136890	25.137413	25.137413	25.136892	25.135851	25.134293	25.132229	25.129662	25.126604	25.123064	25.119057	25.114601	25.109707	25.104401	25.098694	25.092617	25.086187	25.079430	25.072371	25.065037	25.057461	25.049662	25.041676	25.033531	25.025261	25.016895	25.008461	
25.009790	25.019547	25.029228	25.038795	25.048218	25.057457	25.066481	25.075251	25.083733	25.091902	25.099718	25.107159	25.114189	25.120790	25.126932	25.132595	25.137749	25.142387	25.146481	25.150021	25.152988	25.155384	25.157179	25.158386	25.158985	25.158989	25.158384	25.157183	25.155380	25.152992	25.150021	25.146481	25.142387	25.137753	25.132593	25.126934	25.120792	25.114193	25.107159	25.099716	25.091900	25.083733	25.075249	25.066479	25.057459	25.048220	25.038795	25.029228	25.019547	25.009792	
25.011086	25.022125	25.033083	25.043913	25.054579	25.065037	25.075253	25.085175	25.094780	25.104023	25.112873	25.121292	25.129255	25.136723	25.143677	25.150082	25.155924	25.161167	25.165806	25.169809	25.173174	25.175877	25.177917	25.179276	25.179962	25.179960	25.179279	25.177914	25.175877	25.173172	25.169811	25.165804	25.161167	25.155922	25.150085	25.143677	25.136726	25.129253	25.121292	25.112873	25.104023	25.094780	25.085175	25.075251	25.065037	25.054579	25.043915	25.033081	25.022125	25.011082	
25.012333	25.024618	25.036812	25.048866	25.060732	25.072372	25.083733	25.094780	25.105465	25.115753	25.125599	25.134968	25.143826	25.152140	25.159874	25.167007	25.173500	25.179340	25.184498	25.188957	25.192696	25.195709	25.197973	25.199492	25.200249	25.200253	25.199490	25.197975	25.195704	25.192696	25.188953	25.184498	25.179340	25.173504	25.167006	25.159878	25.152142	25.143829	25.134968	25.125599	25.115751	25.105465	25.094780	25.083733	25.072372	25.060734	25.048866	25.036812	25.024620	25.012333	
25.013535	25.027020	25.040401	25.053629	25.066656	25.079430	25.091900	25.104025	25.115751	25.127041	25.137848	25.148132	25.157856	25.166977	25.175468	25.183292	25.190424	25.196829	25.202492	25.207378	25.211491	25.214790	25.217285	25.218945	25.219782	25.219780	25.218948	25.217278	25.214794	25.211489	25.207384	25.202492	25.196831	25.190422	25.183294	25.175468	25.166981	25.157854	25.148132	25.137848	25.127041	25.115749	25.104023	25.091902	25.079428	25.066656	25.053631	25.040401	25.027020	25.013535	
25.014687	25.029318	25.043839	25.058193	25.072327	25.086187	25.099720	25.112873	25.125599	25.137848	25.149574	25.160734	25.171282	25.181183	25.190395	25.198887	25.206619	25.213575	25.219715	25.225027	25.229477	25.233067	25.235764	25.237574	25.238474	25.238478	25.237568	25.235767	25.233063	25.229481	25.225025	25.219717	25.213573	25.206623	25.198885	25.190397	25.181183	25.171284	25.160732	25.149574	25.137848	25.125599	25.112873	25.099718	25.086185	25.072327	25.058193	25.043839	25.029320	25.014687	
25.015785	25.031506	25.047110	25.062534	25.077721	25.092615	25.107157	25.121294	25.134968	25.148132	25.160736	25.172724	25.184061	25.194698	25.204601	25.213722	25.222036	25.229507	25.236111	25.241812	25.246601	25.250450	25.253357	25.255293	25.256271	25.256268	25.255297	25.253351	25.250454	25.246599	25.241814	25.236109	25.229509	25.222034	25.213726	25.204599	25.194702	25.184063	25.172726	25.160734	25.148132	25.134968	25.121294	25.107159	25.092617	25.077723	25.062534	25.047112	25.031507	25.015781	
25.016817	25.033573	25.050201	25.066639	25.082825	25.098694	25.114191	25.129253	25.143827	25.157854	25.171282	25.184063	25.196140	25.207478	25.218025	25.227753	25.236609	25.244572	25.251602	25.257687	25.262787	25.266893	25.269981	25.272053	25.273085	25.273088	25.272049	25.269985	25.266888	25.262787	25.257683	25.251606	25.244572	25.236610	25.227751	25.218029	25.207478	25.196142	25.184061	25.171284	25.157856	25.143829	25.129255	25.114191	25.098694	25.082825	25.066639	25.050201	25.033573	25.016819	
25.017792	25.035515	25.053104	25.070490	25.087608	25.104397	25.120790	25.136724	25.152138	25.166977	25.181183	25.194698	25.207479	25.219467	25.230633	25.240913	25.250286	25.258705	25.266148	25.272577	25.277975	25.282318	25.285589	25.287773	25.288874	25.288870	25.287777	25.285585	25.282318	25.277971	25.272579	25.266148	25.258709	25.250284	25.240915	25.230629	25.219471	25.207478	25.194700	25.181183	25.166977	25.152140	25.136726	25.120792	25.104401	25.087612	25.070492	25.053104	25.035515	25.017790	
25.018694	25.037321	25.055801	25.074074	25.092064	25.109707	25.126930	25.143677	25.159874	25.175468	25.190393	25.204601	25.218025	25.230629	25.242355	25.253164	25.263010	25.271862	25.279678	25.286438	25.292109	25.296673	25.300108	25.302408	25.303558	25.303558	25.302406	25.300108	25.296669	25.292110	25.286436	25.279682	25.271860	25.263014	25.253162	25.242355	25.230629	25.218029	25.204599	25.190395	25.175468	25.159874	25.143677	25.126932	25.109707	25.092068	25.074076	25.055805	25.037319	25.018696	
25.019531	25.038984	25.058290	25.077377	25.096172	25.114597	25.132593	25.150082	25.167004	25.183292	25.198887	25.213722	25.227751	25.240913	25.253166	25.264452	25.274740	25.283985	25.292152	25.299212	25.305134	25.309902	25.313492	25.315891	25.317097	25.317093	25.315891	25.313488	25.309902	25.305130	25.299212	25.292150	25.283985	25.274738	25.264454	25.253164	25.240913	25.227749	25.213722	25.198883	25.183292	25.167004	25.150082	25.132595	25.114597	25.096172	25.077379	25.058292	25.038986	25.019529	
25.020287	25.040501	25.060558	25.080387	25.099911	25.119057	25.137749	25.155922	25.173500	25.190422	25.206619	25.222038	25.236607	25.250286	25.263010	25.274738	25.285427	25.295029	25.303514	25.310848	25.317005	25.321957	25.325686	25.328180	25.329426	25.329430	25.328176	25.325684	25.321953	25.317003	25.310848	25.303516	25.295029	25.285427	25.274740	25.263012	25.250286	25.236609	25.222034	25.206623	25.190422	25.173500	25.155922	25.137749	25.119059	25.099913	25.080389	25.060560	25.040501	25.020290	
25.020973	25.041862	25.062597	25.083092	25.103273	25.123062	25.142387	25.161165	25.179337	25.196827	25.213573	25.229506	25.244572	25.258705	25.271860	25.283985	25.295029	25.304956	25.313728	25.321308	25.327667	25.332787	25.336643	25.339218	25.340511	25.340511	25.339222	25.336641	25.332788	25.327667	25.321308	25.313728	25.304958	25.295031	25.283985	25.271862	25.258705	25.244570	25.229507	25.213573	25.196829	25.179337	25.161165	25.142385	25.123062	25.103275	25.083092	25.062599	25.041864	25.020973	
25.021576	25.043068	25.064396	25.085484	25.106241	25.126602	25.146479	25.165802	25.184494	25.202488	25.219715	25.236107	25.251602	25.266144	25.279678	25.292150	25.303514	25.313728	25.322746	25.330547	25.337090	25.342358	25.346321	25.348976	25.350304	25.350306	25.348972	25.346325	25.342356	25.337093	25.330547	25.322750	25.313728	25.303516	25.292152	25.279678	25.266146	25.251602	25.236107	25.219715	25.202488	25.184494	25.165802	25.146481	25.126602	25.106243	25.085484	25.064396	25.043072	25.021574	
25.022095	25.044107	25.065954	25.087547	25.108810	25.129658	25.150019	25.169806	25.188953	25.207380	25.225023	25.241810	25.257683	25.272575	25.286434	25.299210	25.310848	25.321304	25.330547	25.338531	25.345234	25.350628	25.354689	25.357407	25.358768	25.358767	25.357407	25.354691	25.350630	25.345234	25.338535	25.330547	25.321308	25.310848	25.299210	25.286436	25.272575	25.257683	25.241810	25.225021	25.207382	25.188951	25.169807	25.150017	25.129660	25.108812	25.087547	25.065952	25.044109	25.022099	
25.022532	25.044983	25.067257	25.089281	25.110964	25.132225	25.152985	25.173168	25.192692	25.211485	25.229477	25.246597	25.262783	25.277973	25.292107	25.305132	25.316999	25.327667	25.337090	25.345236	25.352070	25.357567	25.361710	25.364479	25.365868	25.365871	25.364479	25.361713	25.357567	25.352072	25.345234	25.337093	25.327667	25.317001	25.305134	25.292107	25.277973	25.262783	25.246597	25.229477	25.211483	25.192692	25.173168	25.152988	25.132229	25.110966	25.089283	25.067259	25.044981	25.022533	
25.022884	25.045681	25.068310	25.090675	25.112696	25.134291	25.155376	25.175873	25.195702	25.214788	25.233063	25.250450	25.266888	25.282314	25.296669	25.309898	25.321953	25.332783	25.342358	25.350628	25.357567	25.363155	25.367359	25.370174	25.371584	25.371582	25.370174	25.367359	25.363155	25.357567	25.350630	25.342354	25.332787	25.321953	25.309900	25.296669	25.282314	25.266888	25.250450	25.233059	25.214790	25.195702	25.175873	25.155376	25.134293	25.112698	25.090675	25.068308	25.045683	25.022884	
25.023148	25.046215	25.069099	25.091726	25.114002	25.135847	25.157175	25.177910	25.197968	25.217278	25.235760	25.253353	25.269979	25.285583	25.300106	25.313490	25.325680	25.336643	25.346321	25.354691	25.361710	25.367359	25.371616	25.374462	25.375889	25.375889	25.374462	25.371616	25.367359	25.361710	25.354691	25.346325	25.336641	25.325684	25.313488	25.300106	25.285585	25.269981	25.253349	25.235762	25.217278	25.197971	25.177912	25.157177	25.135849	25.114002	25.091724	25.069099	25.046213	25.023151	
25.023327	25.046566	25.069630	25.092426	25.114876	25.136889	25.158382	25.179272	25.199486	25.218941	25.237568	25.255291	25.272049	25.287773	25.302404	25.315887	25.328176	25.339220	25.348976	25.357405	25.364483	25.370174	25.374462	25.377331	25.378769	25.378767	25.377331	25.374462	25.370174	25.364481	25.357407	25.348972	25.339220	25.328176	25.315891	25.302406	25.287773	25.272047	25.255291	25.237568	25.218943	25.199486	25.179272	25.158382	25.136890	25.114876	25.092428	25.069630	25.046566	25.023327	
25.023415	25.046745	25.069893	25.092779	25.115313	25.137409	25.158985	25.179955	25.200245	25.219776	25.238472	25.256264	25.273083	25.288866	25.303556	25.317093	25.329426	25.340511	25.350304	25.358768	25.365870	25.371582	25.375889	25.378769	25.380211	25.380209	25.378765	25.375889	25.371582	25.365868	25.358767	25.350304	25.340511	25.329428	25.317093	25.303555	25.288868	25.273085	25.256264	25.238472	25.219776	25.200245	25.179956	25.158983	25.137411	25.115314	25.092781	25.069893	25.046743	25.023417	
25.023415	25.046745	25.069893	25.092779	25.115313	25.137409	25.158985	25.179955	25.200245	25.219776	25.238472	25.256264	25.273083	25.288866	25.303556	25.317093	25.329426	25.340511	25.350304	25.358768	25.365870	25.371582	25.375889	25.378769	25.380211	25.380209	25.378765	25.375889	25.371582	25.365868	25.358767	25.350304	25.340511	25.329428	25.317093	25.303555	25.288868	25.273085	25.256264	25.238472	25.219776	25.200245	25.179956	25.158983	25.137411	25.115314	25.092781	25.069893	25.046743	25.023417	
25.023327	25.046566	25.069630	25.092426	25.114876	25.136889	25.158382	25.179272	25.199486	25.218941	25.237568	25.255291	25.272049	25.287773	25.302404	25.315887	25.328176	25.339220	25.348976	25.357405	25.364483	25.370174	25.374462	25.377331	25.378769	25.378767	25.377331	25.374462	25.370174	25.364481	25.357407	25.348972	25.339220	25.328176	25.315891	25.302406	25.287773	25.272047	25.255291	25.237568	25.218943	25.199486	25.179272	25.158382	25.136890	25.114876	25.092428	25.069630	25.046566	25.023327	
25.023148	25.046215	25.069099	25.091726	25.114002	25.135847	25.157175	25.177910	25.197968	25.217278	25.235760	25.253353	25.269979	25.285583	25.300106	25.313490	25.325680	25.336643	25.346321	25.354691	25.361710	25.367359	25.371616	25.374462	25.375889	25.375889	25.374462	25.371616	25.367359	25.361710	25.354691	25.346325	25.336641	25.325684	25.313488	25.300106	25.285585	25.269981	25.253349	25.235762	25.217278	25.197971	25.177912	25.157177	25.135849	25.114002	25.091724	25.069099	25.046213	25.023151	
25.022884	25.045681	25.068310	25.090675	25.112696	25.134291	25.155376	25.175873	25.195702	25.214788	25.233063	25.250450	25.266888	25.282314	25.296669	25.309898	25.321953	25.332783	25.342358	25.350628	25.357567	25.363155	25.367359	25.370174	25.371584	25.371582	25.370174	25.367359	25.363155	25.357567	25.350630	25.342354	25.332787	25.321953	25.309900	25.296669	25.282314	25.266888	25.250450	25.233059	25.214790	25.195702	25.175873	25.155376	25.134293	25.112698	25.090675	25.068308	25.045683	25.022884	
25.022532	25.044983	25.067257	25.089281	25.110964	25.132225	25.152985	25.173168	25.192692	25.211485	25.229477	25.246597	25.262783	25.277973	25.292107	25.305132	25.316999	25.327667	25.337090	25.345236	25.352070	25.357567	25.361710	25.364479	25.365868	25.365871	25.364479	25.361713	25.357567	25.352072	25.345234	25.337093	25.327667	25.317001	25.305134	25.292107	25.277973	25.262783	25.246597	25.229477	25.211483	25.192692	25.173168	25.152988	25.132229	25.110966	25.089283	25.067259	25.044981	25.022533	
25.022095	25.044107	25.065954	25.087547	25.108810	25.129658	25.150019	25.169806	25.188953	25.207380	25.225023	25.241810	25.257683	25.272575	25.286434	25.299210	25.310848	25.321304	25.330547	25.338531	25.345234	25.350628	25.354689	25.357407	25.358768	25.358767	25.357407	25.354691	25.350630	25.345234	25.338535	25.330547	25.321308	25.310848	25.299210	25.286436	25.272575	25.257683	25.241810	25.225021	25.207382	25.188951	25.169807	25.150017	25.129660	25.108812	25.087547	25.065952	25.044109	25.022099	
25.021576	25.043068	25.064396	25.085484	25.106241	25.126602	25.146479	25.165802	25.184494	25.202488	25.219715	25.236107	25.251602	25.266144	25.279678	25.292150	25.303514	25.313728	25.322746	25.330547	25.337090	25.342358	25.346321	25.348976	25.350304	25.350306	25.348972	25.346325	25.342356	25.337093	25.330547	25.322750	25.313728	25.303516	25.292152	25.279678	25.266146	25.251602	25.236107	25.219715	25.202488	25.184494	25.165802	25.146481	25.126602	25.106243	25.085484	25.064396	25.043072	25.021574	
25.020973	25.041862	25.062597	25.083092	25.103273	25.123062	25.142387	25.161165	25.179337	25.196827	25.213573	25.229506	25.244572	25.258705	25.271860	25.283985	25.295029	25.304956	25.313728	25.321308	25.327667	25.332787	25.336643	25.339218	25.340511	25.340511	25.339222	25.336641	25.332788	25.327667	25.321308	25.313728	25.304958	25.295031	25.283985	25.271862	25.258705	25.244570	25.229507	25.213573	25.196829	25.179337	25.161165	25.142385	25.123062	25.103275	25.083092	25.062599	25.041864	25.020973	
25.020287	25.040501	25.060558	25.080387	25.099911	25.119057	25.137749	25.155922	25.173500	25.190422	25.206619	25.222038	25.236607	25.250286	25.263010	25.274738	25.285427	25.295029	25.303514	25.310848	25.317005	25.321957	25.325686	25.328180	25.329426	25.329430	25.328176	25.325684	25.321953	25.317003	25.310848	25.303516	25.295029	25.285427	25.274740	25.263012	25.250286	25.236609	25.222034	25.206623	25.190422	25.173500	25.155922	25.137749	25.119059	25.099913	25.080389	25.060560	25.040501	25.020290	
25.019531	25.038984	25.058290	25.077377	25.096172	25.114597	25.132593	25.150082	25.167004	25.183292	25.198887	25.213722	25.227751	25.240913	25.253166	25.264452	25.274740	25.283985	25.292152	25.299212	25.305134	25.309902	25.313492	25.315891	25.317097	25.317093	25.315891	25.313488	25.309902	25.305130	25.299212	25.292150	25.283985	25.274738	25.264454	25.253164	25.240913	25.227749	25.213722	25.198883	25.183292	25.167004	25.150082	25.132595	25.114597	25.096172	25.077379	25.058292	25.038986	25.019529	
25.018694	25.037321	25.055801	25.074074	25.092064	25.109707	25.126930	25.143677	25.159874	25.175468	25.190393	25.204601	25.218025	25.230629	25.242355	25.253164	25.263010	25.271862	25.279678	25.286438	25.292109	25.296673	25.300108	25.302408	25.303558	25.303558	25.302406	25.300108	25.296669	25.292110	25.286436	25.279682	25.271860	25.263014	25.253162	25.242355	25.230629	25.218029	25.204599	25.190395	25.175468	25.159874	25.143677	25.126932	25.109707	25.092068	25.074076	25.055805	25.037319	25.018696	
25.017792	25.035515	25.053104	25.070490	25.087608	25.104397	25.120790	25.136724	25.152138	25.166977	25.181183	25.194698	25.207479	25.219467	25.230633	25.240913	25.250286	25.258705	25.266148	25.272577	25.277975	25.282318	25.285589	25.287773	25.288874	25.288870	25.287777	25.285585	25.282318	25.277971	25.272579	25.266148	25.258709	25.250284	25.240915	25.230629	25.219471	25.207478	25.194700	25.181183	25.166977	25.152140	25.136726	25.120792	25.104401	25.087612	25.070492	25.053104	25.035515	25.017790	
25.016817	25.033573	25.050201	25.066639	25.082825	25.098694	25.114191	25.129253	25.143827	25.157854	25.171282	25.184063	25.196140	25.207478	25.218025	25.227753	25.236609	25.244572	25.251602	25.257687	25.262787	25.266893	25.269981	25.272053	25.273085	25.273088	25.272049	25.269985	25.266888	25.262787	25.257683	25.251606	25.244572	25.236610	25.227751	25.218029	25.207478	25.196142	25.184061	25.171284	25.157856	25.143829	25.129255	25.114191	25.098694	25.082825	25.066639	25.050201	25.033573	25.016819	
25.015785	25.031506	25.047110	25.062534	25.077721	25.092615	25.107157	25.121294	25.134968	25.148132	25.160736	25.172724	25.184061	25.194698	25.204601	25.213722	25.222036	25.229507	25.236111	25.241812	25.246601	25.250450	25.253357	25.255293	25.256271	25.256268	25.255297	25.253351	25.250454	25.246599	25.241814	25.236109	25.229509	25.222034	25.213726	25.204599	25.194702	25.184063	25.172726	25.160734	25.148132	25.134968	25.121294	25.107159	25.092617	25.077723	25.062534	25.047112	25.031507	25.015781	
25.014687	25.029318	25.043839	25.058193	25.072327	25.086187	25.099720	25.112873	25.125599	25.137848	25.149574	25.160734	25.171282	25.181183	25.190395	25.198887	25.206619	25.213575	25.219715	25.225027	25.229477	25.233067	25.235764	25.237574	25.238474	25.238478	25.237568	25.235767	25.233063	25.229481	25.225025	25.219717	25.213573	25.206623	25.198885	25.190397	25.181183	25.171284	25.160732	25.149574	25.137848	25.125599	25.112873	25.099718	25.086185	25.072327	25.058193	25.043839	25.029320	25.014687	
25.013535	25.027020	25.040401	25.053629	25.066656	25.079430	25.091900	25.104025	25.115751	25.127041	25.137848	25.148132	25.157856	25.166977	25.175468	25.183292	25.190424	25.196829	25.202492	25.207378	25.211491	25.214790	25.217285	25.218945	25.219782	25.219780	25.218948	25.217278	25.214794	25.211489	25.207384	25.202492	25.196831	25.190422	25.183294	25.175468	25.166981	25.157854	25.148132	25.137848	25.127041	25.115749	25.104023	25.091902	25.079428	25.066656	25.053631	25.040401	25.027020	25.013535	
25.012333	25.024618	25.036812	25.048866	25.060732	25.072372	25.083733	25.094780	25.105465	25.115753	25.125599	25.134968	25.143826	25.152140	25.159874	25.167007	25.173500	25.179340	25.184498	25.188957	25.192696	25.195709	25.197973	25.199492	25.200249	25.200253	25.199490	25.197975	25.195704	25.192696	25.188953	25.184498	25.179340	25.173504	25.167006	25.159878	25.152142	25.143829	25.134968	25.125599	25.115751	25.105465	25.094780	25.083733	25.072372	25.060734	25.048866	25.036812	25.024620	25.012333	
25.011086	25.022125	25.033083	25.043913	25.054579	25.065037	25.075253	25.085175	25.094780	25.104023	25.112873	25.121292	25.129255	25.136723	25.143677	25.150082	25.155924	25.161167	25.165806	25.169809	25.173174	25.175877	25.177917	25.179276	25.179962	25.179960	25.179279	25.177914	25.175877	25.173172	25.169811	25.165804	25.161167	25.155922	25.150085	25.143677	25.136726	25.129253	25.121292	25.112873	25.104023	25.094780	25.085175	25.075251	25.065037	25.054579	25.043915	25.033081	25.022125	25.011082	
25.009790	25.019547	25.029228	25.038795	25.048218	25.057457	25.066481	25.075251	25.083733	25.091902	25.099718	25.107159	25.114189	25.120790	25.126932	25.132595	25.137749	25.142387	25.146481	25.150021	25.152988	25.155384	25.157179	25.158386	25.158985	25.158989	25.158384	25.157183	25.155380	25.152992	25.150021	25.146481	25.142387	25.137753	25.132593	25.126934	25.120792	25.114193	25.107159	25.099716	25.091900	25.083733	25.075249	25.066479	25.057459	25.048220	25.038795	25.029228	25.019547	25.009792	
25.008465	25.016895	25.025259	25.033533	25.041676	25.049660	25.057459	25.065039	25.072372	25.079430	25.086185	25.092615	25.098694	25.104401	25.109711	25.114597	25.119061	25.123062	25.126606	25.129662	25.132231	25.134295	25.135853	25.136890	25.137413	25.137413	25.136892	25.135851	25.134293	25.132229	25.129662	25.126604	25.123064	25.119057	25.114601	25.109707	25.104401	25.098694	25.092617	25.086187	25.079430	25.072371	25.065037	25.057461	25.049662	25.041676	25.033531	25.025261	25.016895	25.008461	
25.007103	25.014179	25.021202	25.028139	25.034975	25.041676	25.048218	25.054581	25.060734	25.066658	25.072327	25.077724	25.082823	25.087612	25.092068	25.096174	25.099911	25.103275	25.106243	25.108814	25.110966	25.112701	25.114006	25.114880	25.115318	25.115316	25.114880	25.114006	25.112701	25.110966	25.108810	25.106243	25.103275	25.099915	25.096172	25.092068	25.087612	25.082827	25.077723	25.072327	25.066658	25.060734	25.054581	25.048220	25.041676	25.034973	25.028139	25.021198	25.014175	25.007103	
25.005714	25.011408	25.017056	25.022640	25.028141	25.033533	25.038797	25.043915	25.048866	25.053631	25.058193	25.062534	25.066641	25.070492	25.074078	25.077377	25.080391	25.083094	25.085485	25.087551	25.089285	25.090677	25.091728	25.092430	25.092781	25.092783	25.092430	25.091728	25.090675	25.089283	25.087547	25.085484	25.083094	25.080391	25.077381	25.074076	25.070496	25.066639	25.062536	25.058193	25.053633	25.048866	25.043915	25.038795	25.033531	25.028137	25.022640	25.017056	25.011406	25.005714	
25.004303	25.008593	25.012850	25.017056	25.021198	25.025261	25.029228	25.033081	25.036812	25.040403	25.043839	25.047112	25.050201	25.053104	25.055805	25.058294	25.060558	25.062599	25.064400	25.065956	25.067261	25.068310	25.069103	25.069632	25.069897	25.069897	25.069633	25.069099	25.068312	25.067257	25.065954	25.064396	25.062599	25.060560	25.058292	25.055805	25.053104	25.050205	25.047110	25.043840	25.040401	25.036812	25.033083	25.029226	25.025261	25.021198	25.017056	25.012848	25.008593	25.004305	
25.002880	25.005745	25.008595	25.011406	25.014175	25.016893	25.019545	25.022125	25.024620	25.027020	25.029320	25.031506	25.033575	25.035517	25.037323	25.038986	25.040501	25.041864	25.043068	25.044109	25.044983	25.045685	25.046215	25.046566	25.046747	25.046745	25.046566	25.046215	25.045683	25.044983	25.044107	25.043068	25.041864	25.040501	25.038984	25.037321	25.035519	25.033573	25.031506	25.029320	25.027021	25.024620	25.022125	25.019547	25.016893	25.014177	25.011406	25.008593	25.005747	25.002880	
25.001442	25.002880	25.004303	25.005714	25.007101	25.008463	25.009792	25.011082	25.012333	25.013536	25.014687	25.015783	25.016819	25.017792	25.018696	25.019529	25.020290	25.020973	25.021576	25.022097	25.022533	25.022886	25.023151	25.023329	25.023418	25.023418	25.023329	25.023149	25.022886	25.022533	25.022097	25.021576	25.020973	25.020290	25.019529	25.018696	25.017792	25.016819	25.015783	25.014687	25.013535	25.012333	25.011084	25.009790	25.008463	25.007103	25.005714	25.004305	25.002880	25.001442	
