25.009781	25.019487	25.029575	25.039429	25.050013	25.060183	25.071358	25.081915	25.093643	25.104521	25.116623	25.127621	25.139757	25.150536	25.162239	25.172348	25.183067	25.192005	25.201143	25.208401	25.215397	25.220524	25.224920	25.227575	25.229076	25.229076	25.227577	25.224922	25.220524	25.215399	25.208401	25.201141	25.192005	25.183067	25.172352	25.162243	25.150536	25.139759	25.127621	25.116627	25.104523	25.093643	25.081913	25.071358	25.060184	25.050013	25.039431	25.029575	25.019485	25.009781	
25.019485	25.039356	25.058929	25.079622	25.099682	25.121490	25.142288	25.165279	25.186821	25.210781	25.232798	25.257204	25.279148	25.303186	25.324265	25.346893	25.366138	25.386187	25.402567	25.418869	25.431400	25.442919	25.450794	25.456760	25.459446	25.459446	25.456760	25.450794	25.442919	25.431398	25.418869	25.402565	25.386189	25.366137	25.346893	25.324265	25.303186	25.279150	25.257202	25.232800	25.210781	25.186821	25.165279	25.142286	25.121490	25.099682	25.079620	25.058929	25.039358	25.019485	
25.029573	25.058929	25.089422	25.119240	25.151220	25.182003	25.215763	25.247715	25.283150	25.316076	25.352634	25.385918	25.422581	25.455198	25.490555	25.521160	25.553524	25.580589	25.608175	25.630150	25.651279	25.666798	25.680079	25.688112	25.692646	25.692646	25.688114	25.680080	25.666794	25.651278	25.630150	25.608177	25.580585	25.553528	25.521160	25.490557	25.455198	25.422581	25.385918	25.352631	25.316076	25.283150	25.247715	25.215763	25.182007	25.151222	25.119240	25.089424	25.058931	25.029575	
25.039429	25.079620	25.119242	25.161072	25.201698	25.245770	25.287895	25.334351	25.377993	25.426394	25.471006	25.520302	25.564770	25.613316	25.656027	25.701723	25.740723	25.781210	25.814400	25.847319	25.872707	25.895971	25.911926	25.923973	25.929419	25.929417	25.923973	25.911924	25.895971	25.872707	25.847319	25.814398	25.781210	25.740723	25.701723	25.656029	25.613314	25.564770	25.520300	25.471004	25.426394	25.377991	25.334351	25.287897	25.245771	25.201700	25.161072	25.119240	25.079620	25.039429	
25.050013	25.099682	25.151220	25.201698	25.255726	25.307859	25.364868	25.418995	25.478813	25.534607	25.596302	25.652708	25.714573	25.769852	25.829506	25.881378	25.935982	25.981844	26.028389	26.065632	26.101273	26.127571	26.149979	26.163593	26.171238	26.171242	26.163593	26.149979	26.127567	26.101271	26.065630	26.028389	25.981846	25.935982	25.881378	25.829506	25.769852	25.714569	25.652706	25.596300	25.534607	25.478813	25.418993	25.364866	25.307861	25.255726	25.201702	25.151222	25.099684	25.050011	
25.060184	25.121490	25.182003	25.245771	25.307859	25.375004	25.439411	25.510151	25.576897	25.650578	25.718821	25.793844	25.861876	25.935745	26.001095	26.070621	26.130287	26.191887	26.242664	26.292744	26.331593	26.366980	26.391392	26.409718	26.418047	26.418047	26.409718	26.391392	26.366978	26.331593	26.292744	26.242666	26.191887	26.130289	26.070621	26.001095	25.935745	25.861870	25.793842	25.718819	25.650578	25.576893	25.510151	25.439409	25.375000	25.307861	25.245770	25.182005	25.121490	25.060184	
25.071358	25.142286	25.215763	25.287897	25.364868	25.439411	25.520580	25.598003	25.683136	25.762970	25.850746	25.931469	26.019466	26.098583	26.183420	26.257664	26.335310	26.400961	26.467140	26.520449	26.571121	26.608765	26.640625	26.660110	26.670982	26.670986	26.660112	26.640625	26.608765	26.571119	26.520449	26.467138	26.400961	26.335310	26.257664	26.183422	26.098581	26.019466	25.931467	25.850746	25.762968	25.683136	25.598003	25.520576	25.439411	25.364864	25.287897	25.215763	25.142286	25.071356	
25.081913	25.165279	25.247715	25.334352	25.418995	25.510153	25.598003	25.693991	25.785067	25.885002	25.978148	26.079866	26.172739	26.272875	26.362091	26.456322	26.537792	26.621267	26.690598	26.758461	26.811499	26.859453	26.892780	26.917614	26.928986	26.928986	26.917616	26.892784	26.859451	26.811501	26.758459	26.690598	26.621265	26.537792	26.456324	26.362091	26.272875	26.172737	26.079866	25.978144	25.885002	25.785067	25.693989	25.598005	25.510151	25.418995	25.334351	25.247715	25.165279	25.081913	
25.093643	25.186819	25.283150	25.377991	25.478813	25.576893	25.683138	25.785065	25.896439	26.001572	26.116356	26.222687	26.337723	26.441952	26.552839	26.650654	26.752125	26.838623	26.925100	26.995338	27.061552	27.111149	27.152775	27.178452	27.192656	27.192656	27.178450	27.152775	27.111149	27.061548	26.995338	26.925098	26.838623	26.752127	26.650654	26.552841	26.441950	26.337723	26.222683	26.116354	26.001568	25.896439	25.785065	25.683138	25.576895	25.478811	25.377993	25.283150	25.186819	25.093643	
25.104523	25.210781	25.316078	25.426395	25.534607	25.650578	25.762968	25.885000	26.001570	26.128561	26.247814	26.377026	26.495951	26.623116	26.737375	26.857019	26.961359	27.067333	27.156136	27.242283	27.310215	27.371082	27.413773	27.445290	27.459854	27.459854	27.445293	27.413769	27.371080	27.310215	27.242279	27.156136	27.067333	26.961357	26.857021	26.737373	26.623116	26.495947	26.377026	26.247812	26.128563	26.001570	25.885002	25.762970	25.650578	25.534607	25.426394	25.316078	25.210779	25.104523	
25.116625	25.232800	25.352634	25.471008	25.596302	25.718819	25.850742	25.978146	26.116356	26.247814	26.390194	26.523180	26.665831	26.796211	26.933681	27.056049	27.181826	27.290039	27.397217	27.485092	27.567150	27.629202	27.680786	27.712914	27.730515	27.730515	27.712912	27.680788	27.629204	27.567148	27.485092	27.397217	27.290039	27.181828	27.056046	26.933683	26.796207	26.665829	26.523178	26.390192	26.247810	26.116356	25.978146	25.850746	25.718821	25.596298	25.471006	25.352634	25.232798	25.116625	
25.127621	25.257204	25.385918	25.520298	25.652708	25.793842	25.931469	26.079865	26.222683	26.377026	26.523180	26.680161	26.825941	26.980392	27.120474	27.265760	27.393690	27.522358	27.631237	27.735825	27.819120	27.893009	27.945354	27.983616	28.001478	28.001474	27.983620	27.945353	27.893011	27.819118	27.735821	27.631239	27.522362	27.393688	27.265762	27.120472	26.980392	26.825939	26.680161	26.523178	26.377026	26.222685	26.079868	25.931469	25.793842	25.652708	25.520298	25.385918	25.257202	25.127621	
25.139759	25.279150	25.422581	25.564770	25.714573	25.861874	26.019464	26.172739	26.337723	26.495949	26.665829	26.825941	26.996082	27.153084	27.317011	27.464378	27.614336	27.744665	27.872431	27.978270	28.076082	28.150820	28.212307	28.250999	28.271978	28.271978	28.250996	28.212307	28.150820	28.076082	27.978270	27.872433	27.744665	27.614338	27.464376	27.317013	27.153084	26.996082	26.825939	26.665829	26.495949	26.337725	26.172737	26.019464	25.861874	25.714573	25.564768	25.422581	25.279150	25.139759	
25.150534	25.303186	25.455200	25.613316	25.769854	25.935743	26.098583	26.272873	26.441952	26.623116	26.796209	26.980392	27.153088	27.334248	27.500210	27.670591	27.822166	27.973038	28.102049	28.224667	28.323368	28.409992	28.472017	28.516876	28.538034	28.538034	28.516872	28.472015	28.409992	28.323368	28.224667	28.102049	27.973038	27.822166	27.670591	27.500210	27.334248	27.153084	26.980392	26.796209	26.623116	26.441952	26.272873	26.098581	25.935745	25.769850	25.613314	25.455198	25.303186	25.150534	
25.162241	25.324265	25.490555	25.656029	25.829506	26.001095	26.183422	26.362091	26.552841	26.737373	26.933681	27.120476	27.317015	27.500210	27.689524	27.861496	28.034649	28.186749	28.334259	28.457783	28.570702	28.657928	28.728907	28.774063	28.798283	28.798281	28.774063	28.728905	28.657928	28.570698	28.457779	28.334261	28.186749	28.034651	27.861496	27.689526	27.500208	27.317015	27.120472	26.933683	26.737373	26.552841	26.362091	26.183422	26.001095	25.829506	25.656029	25.490555	25.324265	25.162241	
25.172350	25.346893	25.521160	25.701723	25.881378	26.070621	26.257666	26.456324	26.650654	26.857021	27.056047	27.265762	27.464378	27.670593	27.861498	28.055397	28.229769	28.401442	28.549862	28.689373	28.802925	28.901482	28.972839	29.023870	29.048218	29.048216	29.023870	28.972839	28.901480	28.802925	28.689373	28.549858	28.401443	28.229767	28.055397	27.861494	27.670593	27.464376	27.265762	27.056046	26.857021	26.650654	26.456326	26.257664	26.070620	25.881376	25.701723	25.521160	25.346893	25.172350	
25.183067	25.366138	25.553524	25.740723	25.935978	26.130291	26.335308	26.537792	26.752127	26.961359	27.181826	27.393688	27.614338	27.822166	28.034649	28.229769	28.424080	28.596661	28.762180	28.902340	29.029034	29.128010	29.207647	29.258888	29.286060	29.286060	29.258888	29.207645	29.128010	29.029030	28.902340	28.762180	28.596659	28.424080	28.229767	28.034651	27.822165	27.614338	27.393688	27.181828	26.961357	26.752131	26.537788	26.335312	26.130289	25.935978	25.740723	25.553526	25.366138	25.183067	
25.192007	25.386189	25.580589	25.781208	25.981846	26.191885	26.400965	26.621265	26.838625	27.067333	27.290041	27.522360	27.744667	27.973040	28.186750	28.401442	28.596661	28.786716	28.952892	29.107328	29.234467	29.343563	29.423458	29.479946	29.507206	29.507206	29.479946	29.423458	29.343561	29.234467	29.107328	28.952888	28.786720	28.596659	28.401443	28.186745	27.973040	27.744665	27.522362	27.290039	27.067337	26.838623	26.621267	26.400959	26.191887	25.981844	25.781208	25.580587	25.386189	25.192007	
25.201141	25.402569	25.608175	25.814400	26.028387	26.242668	26.467138	26.690603	26.925098	27.156136	27.397217	27.631241	27.872433	28.102051	28.334261	28.549862	28.762178	28.952892	29.133728	29.288622	29.427029	29.536415	29.623409	29.680040	29.709724	29.709723	29.680042	29.623409	29.536415	29.427029	29.288620	29.133728	28.952890	28.762178	28.549858	28.334261	28.102049	27.872433	27.631239	27.397219	27.156134	26.925102	26.690599	26.467136	26.242666	26.028387	25.814400	25.608175	25.402565	25.201141	
25.208405	25.418869	25.630154	25.847319	26.065632	26.292744	26.520451	26.758459	26.995342	27.242279	27.485096	27.735823	27.978271	28.224667	28.457785	28.689375	28.902342	29.107330	29.288620	29.455181	29.593891	29.711540	29.798710	29.859625	29.889366	29.889366	29.859623	29.798710	29.711536	29.593891	29.455177	29.288620	29.107332	28.902336	28.689373	28.457781	28.224669	27.978271	27.735825	27.485096	27.242281	26.995338	26.758461	26.520451	26.292746	26.065632	25.847319	25.630152	25.418869	25.208403	
25.215399	25.431400	25.651279	25.872709	26.101273	26.331596	26.571121	26.811504	27.061548	27.310215	27.567150	27.819120	28.076080	28.323368	28.570698	28.802927	29.029034	29.234470	29.427032	29.593889	29.741264	29.859100	29.951729	30.012735	30.044338	30.044338	30.012735	29.951725	29.859104	29.741261	29.593891	29.427031	29.234467	29.029034	28.802925	28.570702	28.323370	28.076084	27.819122	27.567150	27.310215	27.061550	26.811504	26.571123	26.331594	26.101273	25.872707	25.651278	25.431398	25.215399	
25.220526	25.442921	25.666798	25.895969	26.127571	26.366978	26.608768	26.859449	27.111149	27.371080	27.629202	27.893009	28.150822	28.409992	28.657928	28.901482	29.128012	29.343563	29.536415	29.711540	29.859100	29.982798	30.075529	30.139574	30.171213	30.171213	30.139572	30.075531	29.982794	29.859104	29.711536	29.536417	29.343563	29.128014	28.901482	28.657930	28.409996	28.150822	27.893011	27.629202	27.371080	27.111149	26.859451	26.608768	26.366982	26.127571	25.895971	25.666796	25.442921	25.220524	
25.224922	25.450794	25.680079	25.911926	26.149979	26.391392	26.640623	26.892782	27.152773	27.413771	27.680786	27.945354	28.212305	28.472017	28.728905	28.972837	29.207645	29.423458	29.623409	29.798706	29.951729	30.075529	30.171700	30.235796	30.268608	30.268608	30.235794	30.171700	30.075531	29.951727	29.798710	29.623411	29.423458	29.207647	28.972839	28.728909	28.472019	28.212307	27.945354	27.680786	27.413771	27.152773	26.892782	26.640623	26.391392	26.149979	25.911926	25.680080	25.450794	25.224922	
25.227575	25.456760	25.688114	25.923973	26.163595	26.409718	26.660114	26.917616	27.178452	27.445290	27.712912	27.983616	28.250998	28.516872	28.774063	29.023870	29.258888	29.479946	29.680038	29.859623	30.012733	30.139572	30.235794	30.301466	30.334293	30.334293	30.301464	30.235794	30.139572	30.012737	29.859623	29.680040	29.479946	29.258888	29.023874	28.774067	28.516876	28.251001	27.983618	27.712914	27.445290	27.178452	26.917614	26.660110	26.409718	26.163593	25.923973	25.688112	25.456760	25.227577	
25.229076	25.459446	25.692646	25.929419	26.171240	26.418049	26.670984	26.928988	27.192656	27.459854	27.730511	28.001472	28.271976	28.538033	28.798281	29.048214	29.286060	29.507206	29.709724	29.889362	30.044338	30.171211	30.268608	30.334297	30.367527	30.367525	30.334293	30.268608	30.171211	30.044338	29.889366	29.709724	29.507206	29.286060	29.048220	28.798286	28.538038	28.271980	28.001478	27.730515	27.459856	27.192656	26.928986	26.670982	26.418045	26.171240	25.929419	25.692646	25.459446	25.229078	
25.229076	25.459446	25.692646	25.929419	26.171240	26.418049	26.670984	26.928988	27.192656	27.459854	27.730511	28.001472	28.271976	28.538033	28.798281	29.048214	29.286060	29.507206	29.709724	29.889362	30.044338	30.171211	30.268608	30.334297	30.367527	30.367525	30.334293	30.268608	30.171211	30.044338	29.889366	29.709724	29.507206	29.286060	29.048220	28.798286	28.538038	28.271980	28.001478	27.730515	27.459856	27.192656	26.928986	26.670982	26.418045	26.171240	25.929419	25.692646	25.459446	25.229078	
25.227575	25.456760	25.688114	25.923973	26.163595	26.409718	26.660114	26.917616	27.178452	27.445290	27.712912	27.983616	28.250998	28.516872	28.774063	29.023870	29.258888	29.479946	29.680038	29.859623	30.012733	30.139572	30.235794	30.301466	30.334293	30.334293	30.301464	30.235794	30.139572	30.012737	29.859623	29.680040	29.479946	29.258888	29.023874	28.774067	28.516876	28.251001	27.983618	27.712914	27.445290	27.178452	26.917614	26.660110	26.409718	26.163593	25.923973	25.688112	25.456760	25.227577	
25.224922	25.450794	25.680079	25.911926	26.149979	26.391392	26.640623	26.892782	27.152773	27.413771	27.680786	27.945354	28.212305	28.472017	28.728905	28.972837	29.207645	29.423458	29.623409	29.798706	29.951729	30.075529	30.171700	30.235796	30.268608	30.268608	30.235794	30.171700	30.075531	29.951727	29.798710	29.623411	29.423458	29.207647	28.972839	28.728909	28.472019	28.212307	27.945354	27.680786	27.413771	27.152773	26.892782	26.640623	26.391392	26.149979	25.911926	25.680080	25.450794	25.224922	
25.220526	25.442921	25.666798	25.895969	26.127571	26.366978	26.608768	26.859449	27.111149	27.371080	27.629202	27.893009	28.150822	28.409992	28.657928	28.901482	29.128012	29.343563	29.536415	29.711540	29.859100	29.982798	30.075529	30.139574	30.171213	30.171213	30.139572	30.075531	29.982794	29.859104	29.711536	29.536417	29.343563	29.128014	28.901482	28.657930	28.409996	28.150822	27.893011	27.629202	27.371080	27.111149	26.859451	26.608768	26.366982	26.127571	25.895971	25.666796	25.442921	25.220524	
25.215399	25.431400	25.651279	25.872709	26.101273	26.331596	26.571121	26.811504	27.061548	27.310215	27.567150	27.819120	28.076080	28.323368	28.570698	28.802927	29.029034	29.234470	29.427032	29.593889	29.741264	29.859100	29.951729	30.012735	30.044338	30.044338	30.012735	29.951725	29.859104	29.741261	29.593891	29.427031	29.234467	29.029034	28.802925	28.570702	28.323370	28.076084	27.819122	27.567150	27.310215	27.061550	26.811504	26.571123	26.331594	26.101273	25.872707	25.651278	25.431398	25.215399	
25.208405	25.418869	25.630154	25.847319	26.065632	26.292744	26.520451	26.758459	26.995342	27.242279	27.485096	27.735823	27.978271	28.224667	28.457785	28.689375	28.902342	29.107330	29.288620	29.455181	29.593891	29.711540	29.798710	29.859625	29.889366	29.889366	29.859623	29.798710	29.711536	29.593891	29.455177	29.288620	29.107332	28.902336	28.689373	28.457781	28.224669	27.978271	27.735825	27.485096	27.242281	26.995338	26.758461	26.520451	26.292746	26.065632	25.847319	25.630152	25.418869	25.208403	
25.201141	25.402569	25.608175	25.814400	26.028387	26.242668	26.467138	26.690603	26.925098	27.156136	27.397217	27.631241	27.872433	28.102051	28.334261	28.549862	28.762178	28.952892	29.133728	29.288622	29.427029	29.536415	29.623409	29.680040	29.709724	29.709723	29.680042	29.623409	29.536415	29.427029	29.288620	29.133728	28.952890	28.762178	28.549858	28.334261	28.102049	27.872433	27.631239	27.397219	27.156134	26.925102	26.690599	26.467136	26.242666	26.028387	25.814400	25.608175	25.402565	25.201141	
25.192007	25.386189	25.580589	25.781208	25.981846	26.191885	26.400965	26.621265	26.838625	27.067333	27.290041	27.522360	27.744667	27.973040	28.186750	28.401442	28.596661	28.786716	28.952892	29.107328	29.234467	29.343563	29.423458	29.479946	29.507206	29.507206	29.479946	29.423458	29.343561	29.234467	29.107328	28.952888	28.786720	28.596659	28.401443	28.186745	27.973040	27.744665	27.522362	27.290039	27.067337	26.838623	26.621267	26.400959	26.191887	25.981844	25.781208	25.580587	25.386189	25.192007	
25.183067	25.366138	25.553524	25.740723	25.935978	26.130291	26.335308	26.537792	26.752127	26.961359	27.181826	27.393688	27.614338	27.822166	28.034649	28.229769	28.424080	28.596661	28.762180	28.902340	29.029034	29.128010	29.207647	29.258888	29.286060	29.286060	29.258888	29.207645	29.128010	29.029030	28.902340	28.762180	28.596659	28.424080	28.229767	28.034651	27.822165	27.614338	27.393688	27.181828	26.961357	26.752131	26.537788	26.335312	26.130289	25.935978	25.740723	25.553526	25.366138	25.183067	
25.172350	25.346893	25.521160	25.701723	25.881378	26.070621	26.257666	26.456324	26.650654	26.857021	27.056047	27.265762	27.464378	27.670593	27.861498	28.055397	28.229769	28.401442	28.549862	28.689373	28.802925	28.901482	28.972839	29.023870	29.048218	29.048216	29.023870	28.972839	28.901480	28.802925	28.689373	28.549858	28.401443	28.229767	28.055397	27.861494	27.670593	27.464376	27.265762	27.056046	26.857021	26.650654	26.456326	26.257664	26.070620	25.881376	25.701723	25.521160	25.346893	25.172350	
25.162241	25.324265	25.490555	25.656029	25.829506	26.001095	26.183422	26.362091	26.552841	26.737373	26.933681	27.120476	27.317015	27.500210	27.689524	27.861496	28.034649	28.186749	28.334259	28.457783	28.570702	28.657928	28.728907	28.774063	28.798283	28.798281	28.774063	28.728905	28.657928	28.570698	28.457779	28.334261	28.186749	28.034651	27.861496	27.689526	27.500208	27.317015	27.120472	26.933683	26.737373	26.552841	26.362091	26.183422	26.001095	25.829506	25.656029	25.490555	25.324265	25.162241	
25.150534	25.303186	25.455200	25.613316	25.769854	25.935743	26.098583	26.272873	26.441952	26.623116	26.796209	26.980392	27.153088	27.334248	27.500210	27.670591	27.822166	27.973038	28.102049	28.224667	28.323368	28.409992	28.472017	28.516876	28.538034	28.538034	28.516872	28.472015	28.409992	28.323368	28.224667	28.102049	27.973038	27.822166	27.670591	27.500210	27.334248	27.153084	26.980392	26.796209	26.623116	26.441952	26.272873	26.098581	25.935745	25.769850	25.613314	25.455198	25.303186	25.150534	
25.139759	25.279150	25.422581	25.564770	25.714573	25.861874	26.019464	26.172739	26.337723	26.495949	26.665829	26.825941	26.996082	27.153084	27.317011	27.464378	27.614336	27.744665	27.872431	27.978270	28.076082	28.150820	28.212307	28.250999	28.271978	28.271978	28.250996	28.212307	28.150820	28.076082	27.978270	27.872433	27.744665	27.614338	27.464376	27.317013	27.153084	26.996082	26.825939	26.665829	26.495949	26.337725	26.172737	26.019464	25.861874	25.714573	25.564768	25.422581	25.279150	25.139759	
25.127621	25.257204	25.385918	25.520298	25.652708	25.793842	25.931469	26.079865	26.222683	26.377026	26.523180	26.680161	26.825941	26.980392	27.120474	27.265760	27.393690	27.522358	27.631237	27.735825	27.819120	27.893009	27.945354	27.983616	28.001478	28.001474	27.983620	27.945353	27.893011	27.819118	27.735821	27.631239	27.522362	27.393688	27.265762	27.120472	26.980392	26.825939	26.680161	26.523178	26.377026	26.222685	26.079868	25.931469	25.793842	25.652708	25.520298	25.385918	25.257202	25.127621	
25.116625	25.232800	25.352634	25.471008	25.596302	25.718819	25.850742	25.978146	26.116356	26.247814	26.390194	26.523180	26.665831	26.796211	26.933681	27.056049	27.181826	27.290039	27.397217	27.485092	27.567150	27.629202	27.680786	27.712914	27.730515	27.730515	27.712912	27.680788	27.629204	27.567148	27.485092	27.397217	27.290039	27.181828	27.056046	26.933683	26.796207	26.665829	26.523178	26.390192	26.247810	26.116356	25.978146	25.850746	25.718821	25.596298	25.471006	25.352634	25.232798	25.116625	
25.104523	25.210781	25.316078	25.426395	25.534607	25.650578	25.762968	25.885000	26.001570	26.128561	26.247814	26.377026	26.495951	26.623116	26.737375	26.857019	26.961359	27.067333	27.156136	27.242283	27.310215	27.371082	27.413773	27.445290	27.459854	27.459854	27.445293	27.413769	27.371080	27.310215	27.242279	27.156136	27.067333	26.961357	26.857021	26.737373	26.623116	26.495947	26.377026	26.247812	26.128563	26.001570	25.885002	25.762970	25.650578	25.534607	25.426394	25.316078	25.210779	25.104523	
25.093643	25.186819	25.283150	25.377991	25.478813	25.576893	25.683138	25.785065	25.896439	26.001572	26.116356	26.222687	26.337723	26.441952	26.552839	26.650654	26.752125	26.838623	26.925100	26.995338	27.061552	27.111149	27.152775	27.178452	27.192656	27.192656	27.178450	27.152775	27.111149	27.061548	26.995338	26.925098	26.838623	26.752127	26.650654	26.552841	26.441950	26.337723	26.222683	26.116354	26.001568	25.896439	25.785065	25.683138	25.576895	25.478811	25.377993	25.283150	25.186819	25.093643	
25.081913	25.165279	25.247715	25.334352	25.418995	25.510153	25.598003	25.693991	25.785067	25.885002	25.978148	26.079866	26.172739	26.272875	26.362091	26.456322	26.537792	26.621267	26.690598	26.758461	26.811499	26.859453	26.892780	26.917614	26.928986	26.928986	26.917616	26.892784	26.859451	26.811501	26.758459	26.690598	26.621265	26.537792	26.456324	26.362091	26.272875	26.172737	26.079866	25.978144	25.885002	25.785067	25.693989	25.598005	25.510151	25.418995	25.334351	25.247715	25.165279	25.081913	
25.071358	25.142286	25.215763	25.287897	25.364868	25.439411	25.520580	25.598003	25.683136	25.762970	25.850746	25.931469	26.019466	26.098583	26.183420	26.257664	26.335310	26.400961	26.467140	26.520449	26.571121	26.608765	26.640625	26.660110	26.670982	26.670986	26.660112	26.640625	26.608765	26.571119	26.520449	26.467138	26.400961	26.335310	26.257664	26.183422	26.098581	26.019466	25.931467	25.850746	25.762968	25.683136	25.598003	25.520576	25.439411	25.364864	25.287897	25.215763	25.142286	25.071356	
25.060184	25.121490	25.182003	25.245771	25.307859	25.375004	25.439411	25.510151	25.576897	25.650578	25.718821	25.793844	25.861876	25.935745	26.001095	26.070621	26.130287	26.191887	26.242664	26.292744	26.331593	26.366980	26.391392	26.409718	26.418047	26.418047	26.409718	26.391392	26.366978	26.331593	26.292744	26.242666	26.191887	26.130289	26.070621	26.001095	25.935745	25.861870	25.793842	25.718819	25.650578	25.576893	25.510151	25.439409	25.375000	25.307861	25.245770	25.182005	25.121490	25.060184	
25.050013	25.099682	25.151220	25.201698	25.255726	25.307859	25.364868	25.418995	25.478813	25.534607	25.596302	25.652708	25.714573	25.769852	25.829506	25.881378	25.935982	25.981844	26.028389	26.065632	26.101273	26.127571	26.149979	26.163593	26.171238	26.171242	26.163593	26.149979	26.127567	26.101271	26.065630	26.028389	25.981846	25.935982	25.881378	25.829506	25.769852	25.714569	25.652706	25.596300	25.534607	25.478813	25.418993	25.364866	25.307861	25.255726	25.201702	25.151222	25.099684	25.050011	
25.039429	25.079620	25.119242	25.161072	25.201698	25.245770	25.287895	25.334351	25.377993	25.426394	25.471006	25.520302	25.564770	25.613316	25.656027	25.701723	25.740723	25.781210	25.814400	25.847319	25.872707	25.895971	25.911926	25.923973	25.929419	25.929417	25.923973	25.911924	25.895971	25.872707	25.847319	25.814398	25.781210	25.740723	25.701723	25.656029	25.613314	25.564770	25.520300	25.471004	25.426394	25.377991	25.334351	25.287897	25.245771	25.201700	25.161072	25.119240	25.079620	25.039429	
25.029573	25.058929	25.089422	25.119240	25.151220	25.182003	25.215763	25.247715	25.283150	25.316076	25.352634	25.385918	25.422581	25.455198	25.490555	25.521160	25.553524	25.580589	25.608175	25.630150	25.651279	25.666798	25.680079	25.688112	25.692646	25.692646	25.688114	25.680080	25.666794	25.651278	25.630150	25.608177	25.580585	25.553528	25.521160	25.490557	25.455198	25.422581	25.385918	25.352631	25.316076	25.283150	25.247715	25.215763	25.182007	25.151222	25.119240	25.089424	25.058931	25.029575	
25.019485	25.039356	25.058929	25.079622	25.099682	25.121490	25.142288	25.165279	25.186821	25.210781	25.232798	25.257204	25.279148	25.303186	25.324265	25.346893	25.366138	25.386187	25.402567	25.418869	25.431400	25.442919	25.450794	25.456760	25.459446	25.459446	25.456760	25.450794	25.442919	25.431398	25.418869	25.402565	25.386189	25.366137	25.346893	25.324265	25.303186	25.279150	25.257202	25.232800	25.210781	25.186821	25.165279	25.142286	25.121490	25.099682	25.079620	25.058929	25.039358	25.019485	
25.009781	25.019487	25.029575	25.039429	25.050013	25.060183	25.071358	25.081915	25.093643	25.104521	25.116623	25.127621	25.139757	25.150536	25.162239	25.172348	25.183067	25.192005	25.201143	25.208401	25.215397	25.220524	25.224920	25.227575	25.229076	25.229076	25.227577	25.224922	25.220524	25.215399	25.208401	25.201141	25.192005	25.183067	25.172352	25.162243	25.150536	25.139759	25.127621	25.116627	25.104523	25.093643	25.081913	25.071358	25.060184	25.050013	25.039431	25.029575	25.019485	25.009781	
