25.000648	25.001293	25.001932	25.002563	25.003187	25.003798	25.004395	25.004974	25.005535	25.006073	25.006592	25.007082	25.007549	25.007984	25.008390	25.008766	25.009106	25.009415	25.009682	25.009916	25.010115	25.010269	25.010391	25.010469	25.010509	25.010509	25.010471	25.010391	25.010271	25.010113	25.009918	25.009684	25.009413	25.009106	25.008764	25.008392	25.007984	25.007547	25.007084	25.006592	25.006077	25.005535	25.004974	25.004395	25.003799	25.003187	25.002563	25.001930	25.001291	25.000647	
25.001291	25.002579	25.003857	25.005119	25.006363	25.007584	25.008772	25.009930	25.011047	25.012127	25.013159	25.014141	25.015068	25.015938	25.016750	25.017496	25.018177	25.018787	25.019329	25.019798	25.020187	25.020504	25.020741	25.020901	25.020979	25.020981	25.020901	25.020741	25.020504	25.020191	25.019794	25.019329	25.018789	25.018177	25.017498	25.016748	25.015938	25.015068	25.014141	25.013161	25.012127	25.011051	25.009930	25.008774	25.007584	25.006363	25.005119	25.003857	25.002579	25.001291	
25.001930	25.003855	25.005766	25.007656	25.009514	25.011337	25.013119	25.014847	25.016521	25.018131	25.019676	25.021145	25.022532	25.023834	25.025047	25.026161	25.027180	25.028095	25.028902	25.029600	25.030188	25.030657	25.031013	25.031250	25.031372	25.031370	25.031252	25.031013	25.030659	25.030186	25.029602	25.028904	25.028093	25.027180	25.026161	25.025047	25.023832	25.022530	25.021143	25.019674	25.018135	25.016521	25.014847	25.013117	25.011335	25.009514	25.007654	25.005764	25.003857	25.001930	
25.002563	25.005117	25.007656	25.010162	25.012630	25.015049	25.017414	25.019711	25.021933	25.024071	25.026119	25.028069	25.029907	25.031639	25.033245	25.034729	25.036079	25.037292	25.038364	25.039291	25.040070	25.040695	25.041168	25.041485	25.041641	25.041641	25.041485	25.041168	25.040697	25.040073	25.039295	25.038368	25.037294	25.036079	25.034729	25.033245	25.031639	25.029907	25.028067	25.026117	25.024071	25.021931	25.019711	25.017414	25.015049	25.012630	25.010160	25.007652	25.005119	25.002563	
25.003185	25.006363	25.009514	25.012629	25.015696	25.018703	25.021641	25.024498	25.027260	25.029917	25.032463	25.034882	25.037174	25.039320	25.041321	25.043163	25.044844	25.046349	25.047684	25.048836	25.049801	25.050579	25.051167	25.051559	25.051754	25.051756	25.051558	25.051167	25.050583	25.049805	25.048836	25.047686	25.046350	25.044842	25.043163	25.041321	25.039322	25.037174	25.034883	25.032459	25.029915	25.027258	25.024496	25.021641	25.018707	25.015697	25.012629	25.009514	25.006363	25.003189	
25.003799	25.007582	25.011337	25.015049	25.018703	25.022285	25.025791	25.029190	25.032482	25.035648	25.038681	25.041569	25.044294	25.046856	25.049238	25.051435	25.053432	25.055233	25.056820	25.058193	25.059345	25.060274	25.060970	25.061440	25.061672	25.061672	25.061440	25.060970	25.060276	25.059345	25.058197	25.056820	25.055233	25.053432	25.051434	25.049236	25.046856	25.044296	25.041569	25.038681	25.035648	25.032480	25.029190	25.025787	25.022289	25.018703	25.015049	25.011337	25.007582	25.003798	
25.004395	25.008774	25.013115	25.017412	25.021641	25.025787	25.029837	25.033773	25.037579	25.041248	25.044756	25.048094	25.051250	25.054214	25.056971	25.059509	25.061825	25.063902	25.065742	25.067329	25.068665	25.069733	25.070545	25.071083	25.071354	25.071356	25.071087	25.070545	25.069736	25.068665	25.067329	25.065742	25.063904	25.061825	25.059507	25.056969	25.054211	25.051250	25.048094	25.044754	25.041245	25.037580	25.033773	25.029835	25.025787	25.021643	25.017414	25.013119	25.008772	25.004395	
25.004974	25.009930	25.014847	25.019709	25.024498	25.029190	25.033775	25.038227	25.042538	25.046688	25.050659	25.054440	25.058010	25.061367	25.064484	25.067362	25.069977	25.072334	25.074411	25.076210	25.077721	25.078936	25.079847	25.080460	25.080765	25.080769	25.080462	25.079849	25.078938	25.077721	25.076214	25.074413	25.072334	25.069977	25.067360	25.064484	25.061363	25.058010	25.054438	25.050657	25.046688	25.042538	25.038227	25.033773	25.029190	25.024498	25.019711	25.014847	25.009930	25.004974	
25.005535	25.011051	25.016521	25.021931	25.027260	25.032480	25.037579	25.042538	25.047333	25.051949	25.056372	25.060575	25.064552	25.068283	25.071758	25.074951	25.077871	25.080486	25.082806	25.084803	25.086483	25.087833	25.088852	25.089531	25.089874	25.089874	25.089535	25.088854	25.087835	25.086483	25.084805	25.082806	25.080488	25.077871	25.074951	25.071754	25.068281	25.064552	25.060574	25.056370	25.051949	25.047333	25.042540	25.037582	25.032482	25.027260	25.021933	25.016523	25.011049	25.005535	
25.006077	25.012127	25.018135	25.024071	25.029915	25.035648	25.041245	25.046684	25.051949	25.057018	25.061869	25.066486	25.070847	25.074944	25.078753	25.082268	25.085461	25.088341	25.090878	25.093077	25.094917	25.096401	25.097517	25.098267	25.098637	25.098640	25.098265	25.097519	25.096401	25.094919	25.093075	25.090878	25.088341	25.085463	25.082266	25.078751	25.074944	25.070848	25.066484	25.061867	25.057018	25.051950	25.046684	25.041248	25.035650	25.029917	25.024071	25.018131	25.012127	25.006077	
25.006592	25.013161	25.019676	25.026119	25.032459	25.038679	25.044754	25.050655	25.056370	25.061869	25.067131	25.072140	25.076876	25.081318	25.085453	25.089260	25.092735	25.095852	25.098612	25.100992	25.102993	25.104603	25.105816	25.106623	25.107033	25.107029	25.106625	25.105812	25.104601	25.102993	25.100994	25.098612	25.095854	25.092735	25.089260	25.085453	25.081318	25.076874	25.072140	25.067131	25.061867	25.056370	25.050659	25.044754	25.038683	25.032463	25.026119	25.019676	25.013159	25.006592	
25.007086	25.014141	25.021145	25.028067	25.034882	25.041565	25.048094	25.054438	25.060575	25.066483	25.072140	25.077522	25.082607	25.087383	25.091824	25.095924	25.099651	25.103008	25.105967	25.108528	25.110676	25.112408	25.113705	25.114578	25.115013	25.115017	25.114578	25.113707	25.112406	25.110676	25.108528	25.105967	25.103004	25.099651	25.095922	25.091825	25.087383	25.082611	25.077520	25.072142	25.066483	25.060575	25.054440	25.048096	25.041569	25.034885	25.028065	25.021145	25.014141	25.007084	
25.007545	25.015070	25.022530	25.029911	25.037172	25.044296	25.051249	25.058010	25.064552	25.070848	25.076874	25.082609	25.088032	25.093117	25.097855	25.102215	25.106195	25.109764	25.112926	25.115650	25.117941	25.119781	25.121170	25.122097	25.122564	25.122562	25.122099	25.121170	25.119781	25.117943	25.115650	25.112925	25.109768	25.106194	25.102217	25.097855	25.093117	25.088032	25.082611	25.076874	25.070848	25.064552	25.058010	25.051250	25.044296	25.037174	25.029909	25.022532	25.015068	25.007549	
25.007988	25.015938	25.023834	25.031635	25.039320	25.046854	25.054211	25.061363	25.068283	25.074942	25.081318	25.087383	25.093119	25.098501	25.103508	25.108128	25.112331	25.116112	25.119450	25.122335	25.124758	25.126707	25.128174	25.129158	25.129644	25.129648	25.129156	25.128174	25.126705	25.124756	25.122337	25.119450	25.116112	25.112329	25.108126	25.103508	25.098503	25.093117	25.087385	25.081318	25.074944	25.068283	25.061363	25.054214	25.046856	25.039322	25.031635	25.023832	25.015938	25.007984	
25.008392	25.016752	25.025043	25.033245	25.041321	25.049238	25.056967	25.064484	25.071754	25.078754	25.085453	25.091827	25.097855	25.103508	25.108772	25.113625	25.118044	25.122013	25.125525	25.128555	25.131100	25.133148	25.134691	25.135721	25.136240	25.136238	25.135723	25.134691	25.133148	25.131102	25.128555	25.125525	25.122013	25.118042	25.113621	25.108772	25.103508	25.097857	25.091827	25.085453	25.078753	25.071754	25.064484	25.056969	25.049240	25.041321	25.033245	25.025043	25.016750	25.008390	
25.008766	25.017498	25.026161	25.034727	25.043163	25.051434	25.059509	25.067358	25.074955	25.082264	25.089264	25.095922	25.102217	25.108126	25.113621	25.118690	25.123306	25.127457	25.131121	25.134289	25.136948	25.139088	25.140697	25.141775	25.142315	25.142315	25.141777	25.140696	25.139086	25.136948	25.134289	25.131119	25.127457	25.123306	25.118690	25.113623	25.108128	25.102215	25.095924	25.089260	25.082266	25.074955	25.067360	25.059509	25.051434	25.043163	25.034729	25.026161	25.017496	25.008764	
25.009106	25.018179	25.027180	25.036079	25.044842	25.053434	25.061821	25.069981	25.077868	25.085464	25.092735	25.099653	25.106194	25.112331	25.118044	25.123306	25.128105	25.132414	25.136221	25.139515	25.142273	25.144495	25.146170	25.147289	25.147850	25.147850	25.147289	25.146170	25.144497	25.142273	25.139511	25.136219	25.132412	25.128103	25.123306	25.118042	25.112329	25.106195	25.099651	25.092735	25.085464	25.077869	25.069981	25.061825	25.053434	25.044842	25.036079	25.027180	25.018177	25.009106	
25.009415	25.018787	25.028093	25.037292	25.046349	25.055233	25.063904	25.072332	25.080490	25.088341	25.095854	25.103006	25.109764	25.116112	25.122013	25.127457	25.132412	25.136868	25.140804	25.144205	25.147060	25.149357	25.151089	25.152245	25.152826	25.152824	25.152246	25.151089	25.149357	25.147060	25.144207	25.140804	25.136868	25.132412	25.127455	25.122013	25.116112	25.109764	25.103008	25.095854	25.088341	25.080488	25.072334	25.063904	25.055229	25.046352	25.037291	25.028095	25.018787	25.009411	
25.009682	25.019329	25.028900	25.038364	25.047684	25.056820	25.065739	25.074415	25.082802	25.090881	25.098610	25.105967	25.112923	25.119450	25.125523	25.131119	25.136219	25.140804	25.144854	25.148354	25.151291	25.153654	25.155434	25.156624	25.157219	25.157221	25.156624	25.155434	25.153652	25.151291	25.148350	25.144852	25.140800	25.136221	25.131119	25.125523	25.119450	25.112923	25.105968	25.098610	25.090878	25.082804	25.074411	25.065742	25.056820	25.047682	25.038368	25.028900	25.019329	25.009682	
25.009918	25.019794	25.029600	25.039291	25.048834	25.058193	25.067333	25.076210	25.084806	25.093075	25.100994	25.108528	25.115650	25.122335	25.128555	25.134289	25.139511	25.144205	25.148354	25.151936	25.154945	25.157366	25.159189	25.160408	25.161020	25.161018	25.160408	25.159187	25.157368	25.154945	25.151937	25.148352	25.144207	25.139511	25.134289	25.128555	25.122337	25.115650	25.108528	25.100990	25.093075	25.084803	25.076210	25.067329	25.058191	25.048836	25.039291	25.029602	25.019794	25.009916	
25.010113	25.020187	25.030186	25.040070	25.049801	25.059345	25.068661	25.077723	25.086483	25.094919	25.102991	25.110676	25.117941	25.124756	25.131100	25.136948	25.142273	25.147060	25.151291	25.154943	25.158012	25.160480	25.162338	25.163584	25.164207	25.164207	25.163582	25.162338	25.160480	25.158012	25.154942	25.151291	25.147060	25.142275	25.136948	25.131100	25.124756	25.117941	25.110676	25.102993	25.094917	25.086483	25.077719	25.068661	25.059345	25.049801	25.040070	25.030186	25.020187	25.010113	
25.010273	25.020504	25.030657	25.040695	25.050579	25.060272	25.069736	25.078934	25.087833	25.096399	25.104601	25.112404	25.119781	25.126705	25.133148	25.139086	25.144493	25.149357	25.153650	25.157364	25.160480	25.162987	25.164875	25.166138	25.166771	25.166769	25.166138	25.164875	25.162987	25.160479	25.157364	25.153652	25.149357	25.144495	25.139086	25.133148	25.126707	25.119783	25.112404	25.104603	25.096401	25.087833	25.078934	25.069735	25.060270	25.050579	25.040695	25.030659	25.020504	25.010271	
25.010391	25.020741	25.031012	25.041166	25.051163	25.060970	25.070541	25.079849	25.088852	25.097519	25.105812	25.113707	25.121170	25.128174	25.134689	25.140697	25.146170	25.151085	25.155430	25.159187	25.162338	25.164875	25.166784	25.168062	25.168701	25.168701	25.168060	25.166786	25.164875	25.162338	25.159187	25.155432	25.151087	25.146168	25.140697	25.134691	25.128174	25.121170	25.113708	25.105812	25.097519	25.088852	25.079849	25.070541	25.060970	25.051165	25.041168	25.031013	25.020741	25.010391	
25.010471	25.020901	25.031250	25.041481	25.051559	25.061438	25.071083	25.080460	25.089531	25.098263	25.106621	25.114578	25.122099	25.129154	25.135723	25.141773	25.147289	25.152245	25.156620	25.160404	25.163580	25.166138	25.168060	25.169350	25.169994	25.169994	25.169348	25.168060	25.166138	25.163582	25.160406	25.156624	25.152245	25.147287	25.141773	25.135723	25.129156	25.122101	25.114578	25.106625	25.098265	25.089531	25.080460	25.071083	25.061436	25.051556	25.041483	25.031250	25.020901	25.010469	
25.010509	25.020981	25.031368	25.041641	25.051754	25.061670	25.071354	25.080765	25.089872	25.098637	25.107029	25.115013	25.122562	25.129646	25.136238	25.142315	25.147850	25.152822	25.157215	25.161015	25.164204	25.166771	25.168701	25.169994	25.170643	25.170643	25.169994	25.168701	25.166771	25.164206	25.161018	25.157219	25.152824	25.147848	25.142313	25.136238	25.129650	25.122566	25.115017	25.107033	25.098640	25.089870	25.080765	25.071354	25.061668	25.051754	25.041641	25.031370	25.020981	25.010509	
25.010509	25.020981	25.031368	25.041641	25.051754	25.061670	25.071354	25.080765	25.089872	25.098637	25.107029	25.115013	25.122562	25.129646	25.136238	25.142315	25.147850	25.152822	25.157215	25.161015	25.164204	25.166771	25.168701	25.169994	25.170643	25.170643	25.169994	25.168701	25.166771	25.164206	25.161018	25.157219	25.152824	25.147848	25.142313	25.136238	25.129650	25.122566	25.115017	25.107033	25.098640	25.089870	25.080765	25.071354	25.061668	25.051754	25.041641	25.031370	25.020981	25.010509	
25.010471	25.020901	25.031250	25.041481	25.051559	25.061438	25.071083	25.080460	25.089531	25.098263	25.106621	25.114578	25.122099	25.129154	25.135723	25.141773	25.147289	25.152245	25.156620	25.160404	25.163580	25.166138	25.168060	25.169350	25.169994	25.169994	25.169348	25.168060	25.166138	25.163582	25.160406	25.156624	25.152245	25.147287	25.141773	25.135723	25.129156	25.122101	25.114578	25.106625	25.098265	25.089531	25.080460	25.071083	25.061436	25.051556	25.041483	25.031250	25.020901	25.010469	
25.010391	25.020741	25.031012	25.041166	25.051163	25.060970	25.070541	25.079849	25.088852	25.097519	25.105812	25.113707	25.121170	25.128174	25.134689	25.140697	25.146170	25.151085	25.155430	25.159187	25.162338	25.164875	25.166784	25.168062	25.168701	25.168701	25.168060	25.166786	25.164875	25.162338	25.159187	25.155432	25.151087	25.146168	25.140697	25.134691	25.128174	25.121170	25.113708	25.105812	25.097519	25.088852	25.079849	25.070541	25.060970	25.051165	25.041168	25.031013	25.020741	25.010391	
25.010273	25.020504	25.030657	25.040695	25.050579	25.060272	25.069736	25.078934	25.087833	25.096399	25.104601	25.112404	25.119781	25.126705	25.133148	25.139086	25.144493	25.149357	25.153650	25.157364	25.160480	25.162987	25.164875	25.166138	25.166771	25.166769	25.166138	25.164875	25.162987	25.160479	25.157364	25.153652	25.149357	25.144495	25.139086	25.133148	25.126707	25.119783	25.112404	25.104603	25.096401	25.087833	25.078934	25.069735	25.060270	25.050579	25.040695	25.030659	25.020504	25.010271	
25.010113	25.020187	25.030186	25.040070	25.049801	25.059345	25.068661	25.077723	25.086483	25.094919	25.102991	25.110676	25.117941	25.124756	25.131100	25.136948	25.142273	25.147060	25.151291	25.154943	25.158012	25.160480	25.162338	25.163584	25.164207	25.164207	25.163582	25.162338	25.160480	25.158012	25.154942	25.151291	25.147060	25.142275	25.136948	25.131100	25.124756	25.117941	25.110676	25.102993	25.094917	25.086483	25.077719	25.068661	25.059345	25.049801	25.040070	25.030186	25.020187	25.010113	
25.009918	25.019794	25.029600	25.039291	25.048834	25.058193	25.067333	25.076210	25.084806	25.093075	25.100994	25.108528	25.115650	25.122335	25.128555	25.134289	25.139511	25.144205	25.148354	25.151936	25.154945	25.157366	25.159189	25.160408	25.161020	25.161018	25.160408	25.159187	25.157368	25.154945	25.151937	25.148352	25.144207	25.139511	25.134289	25.128555	25.122337	25.115650	25.108528	25.100990	25.093075	25.084803	25.076210	25.067329	25.058191	25.048836	25.039291	25.029602	25.019794	25.009916	
25.009682	25.019329	25.028900	25.038364	25.047684	25.056820	25.065739	25.074415	25.082802	25.090881	25.098610	25.105967	25.112923	25.119450	25.125523	25.131119	25.136219	25.140804	25.144854	25.148354	25.151291	25.153654	25.155434	25.156624	25.157219	25.157221	25.156624	25.155434	25.153652	25.151291	25.148350	25.144852	25.140800	25.136221	25.131119	25.125523	25.119450	25.112923	25.105968	25.098610	25.090878	25.082804	25.074411	25.065742	25.056820	25.047682	25.038368	25.028900	25.019329	25.009682	
25.009415	25.018787	25.028093	25.037292	25.046349	25.055233	25.063904	25.072332	25.080490	25.088341	25.095854	25.103006	25.109764	25.116112	25.122013	25.127457	25.132412	25.136868	25.140804	25.144205	25.147060	25.149357	25.151089	25.152245	25.152826	25.152824	25.152246	25.151089	25.149357	25.147060	25.144207	25.140804	25.136868	25.132412	25.127455	25.122013	25.116112	25.109764	25.103008	25.095854	25.088341	25.080488	25.072334	25.063904	25.055229	25.046352	25.037291	25.028095	25.018787	25.009411	
25.009106	25.018179	25.027180	25.036079	25.044842	25.053434	25.061821	25.069981	25.077868	25.085464	25.092735	25.099653	25.106194	25.112331	25.118044	25.123306	25.128105	25.132414	25.136221	25.139515	25.142273	25.144495	25.146170	25.147289	25.147850	25.147850	25.147289	25.146170	25.144497	25.142273	25.139511	25.136219	25.132412	25.128103	25.123306	25.118042	25.112329	25.106195	25.099651	25.092735	25.085464	25.077869	25.069981	25.061825	25.053434	25.044842	25.036079	25.027180	25.018177	25.009106	
25.008766	25.017498	25.026161	25.034727	25.043163	25.051434	25.059509	25.067358	25.074955	25.082264	25.089264	25.095922	25.102217	25.108126	25.113621	25.118690	25.123306	25.127457	25.131121	25.134289	25.136948	25.139088	25.140697	25.141775	25.142315	25.142315	25.141777	25.140696	25.139086	25.136948	25.134289	25.131119	25.127457	25.123306	25.118690	25.113623	25.108128	25.102215	25.095924	25.089260	25.082266	25.074955	25.067360	25.059509	25.051434	25.043163	25.034729	25.026161	25.017496	25.008764	
25.008392	25.016752	25.025043	25.033245	25.041321	25.049238	25.056967	25.064484	25.071754	25.078754	25.085453	25.091827	25.097855	25.103508	25.108772	25.113625	25.118044	25.122013	25.125525	25.128555	25.131100	25.133148	25.134691	25.135721	25.136240	25.136238	25.135723	25.134691	25.133148	25.131102	25.128555	25.125525	25.122013	25.118042	25.113621	25.108772	25.103508	25.097857	25.091827	25.085453	25.078753	25.071754	25.064484	25.056969	25.049240	25.041321	25.033245	25.025043	25.016750	25.008390	
25.007988	25.015938	25.023834	25.031635	25.039320	25.046854	25.054211	25.061363	25.068283	25.074942	25.081318	25.087383	25.093119	25.098501	25.103508	25.108128	25.112331	25.116112	25.119450	25.122335	25.124758	25.126707	25.128174	25.129158	25.129644	25.129648	25.129156	25.128174	25.126705	25.124756	25.122337	25.119450	25.116112	25.112329	25.108126	25.103508	25.098503	25.093117	25.087385	25.081318	25.074944	25.068283	25.061363	25.054214	25.046856	25.039322	25.031635	25.023832	25.015938	25.007984	
25.007545	25.015070	25.022530	25.029911	25.037172	25.044296	25.051249	25.058010	25.064552	25.070848	25.076874	25.082609	25.088032	25.093117	25.097855	25.102215	25.106195	25.109764	25.112926	25.115650	25.117941	25.119781	25.121170	25.122097	25.122564	25.122562	25.122099	25.121170	25.119781	25.117943	25.115650	25.112925	25.109768	25.106194	25.102217	25.097855	25.093117	25.088032	25.082611	25.076874	25.070848	25.064552	25.058010	25.051250	25.044296	25.037174	25.029909	25.022532	25.015068	25.007549	
25.007086	25.014141	25.021145	25.028067	25.034882	25.041565	25.048094	25.054438	25.060575	25.066483	25.072140	25.077522	25.082607	25.087383	25.091824	25.095924	25.099651	25.103008	25.105967	25.108528	25.110676	25.112408	25.113705	25.114578	25.115013	25.115017	25.114578	25.113707	25.112406	25.110676	25.108528	25.105967	25.103004	25.099651	25.095922	25.091825	25.087383	25.082611	25.077520	25.072142	25.066483	25.060575	25.054440	25.048096	25.041569	25.034885	25.028065	25.021145	25.014141	25.007084	
25.006592	25.013161	25.019676	25.026119	25.032459	25.038679	25.044754	25.050655	25.056370	25.061869	25.067131	25.072140	25.076876	25.081318	25.085453	25.089260	25.092735	25.095852	25.098612	25.100992	25.102993	25.104603	25.105816	25.106623	25.107033	25.107029	25.106625	25.105812	25.104601	25.102993	25.100994	25.098612	25.095854	25.092735	25.089260	25.085453	25.081318	25.076874	25.072140	25.067131	25.061867	25.056370	25.050659	25.044754	25.038683	25.032463	25.026119	25.019676	25.013159	25.006592	
25.006077	25.012127	25.018135	25.024071	25.029915	25.035648	25.041245	25.046684	25.051949	25.057018	25.061869	25.066486	25.070847	25.074944	25.078753	25.082268	25.085461	25.088341	25.090878	25.093077	25.094917	25.096401	25.097517	25.098267	25.098637	25.098640	25.098265	25.097519	25.096401	25.094919	25.093075	25.090878	25.088341	25.085463	25.082266	25.078751	25.074944	25.070848	25.066484	25.061867	25.057018	25.051950	25.046684	25.041248	25.035650	25.029917	25.024071	25.018131	25.012127	25.006077	
25.005535	25.011051	25.016521	25.021931	25.027260	25.032480	25.037579	25.042538	25.047333	25.051949	25.056372	25.060575	25.064552	25.068283	25.071758	25.074951	25.077871	25.080486	25.082806	25.084803	25.086483	25.087833	25.088852	25.089531	25.089874	25.089874	25.089535	25.088854	25.087835	25.086483	25.084805	25.082806	25.080488	25.077871	25.074951	25.071754	25.068281	25.064552	25.060574	25.056370	25.051949	25.047333	25.042540	25.037582	25.032482	25.027260	25.021933	25.016523	25.011049	25.005535	
25.004974	25.009930	25.014847	25.019709	25.024498	25.029190	25.033775	25.038227	25.042538	25.046688	25.050659	25.054440	25.058010	25.061367	25.064484	25.067362	25.069977	25.072334	25.074411	25.076210	25.077721	25.078936	25.079847	25.080460	25.080765	25.080769	25.080462	25.079849	25.078938	25.077721	25.076214	25.074413	25.072334	25.069977	25.067360	25.064484	25.061363	25.058010	25.054438	25.050657	25.046688	25.042538	25.038227	25.033773	25.029190	25.024498	25.019711	25.014847	25.009930	25.004974	
25.004395	25.008774	25.013115	25.017412	25.021641	25.025787	25.029837	25.033773	25.037579	25.041248	25.044756	25.048094	25.051250	25.054214	25.056971	25.059509	25.061825	25.063902	25.065742	25.067329	25.068665	25.069733	25.070545	25.071083	25.071354	25.071356	25.071087	25.070545	25.069736	25.068665	25.067329	25.065742	25.063904	25.061825	25.059507	25.056969	25.054211	25.051250	25.048094	25.044754	25.041245	25.037580	25.033773	25.029835	25.025787	25.021643	25.017414	25.013119	25.008772	25.004395	
25.003799	25.007582	25.011337	25.015049	25.018703	25.022285	25.025791	25.029190	25.032482	25.035648	25.038681	25.041569	25.044294	25.046856	25.049238	25.051435	25.053432	25.055233	25.056820	25.058193	25.059345	25.060274	25.060970	25.061440	25.061672	25.061672	25.061440	25.060970	25.060276	25.059345	25.058197	25.056820	25.055233	25.053432	25.051434	25.049236	25.046856	25.044296	25.041569	25.038681	25.035648	25.032480	25.029190	25.025787	25.022289	25.018703	25.015049	25.011337	25.007582	25.003798	
25.003185	25.006363	25.009514	25.012629	25.015696	25.018703	25.021641	25.024498	25.027260	25.029917	25.032463	25.034882	25.037174	25.039320	25.041321	25.043163	25.044844	25.046349	25.047684	25.048836	25.049801	25.050579	25.051167	25.051559	25.051754	25.051756	25.051558	25.051167	25.050583	25.049805	25.048836	25.047686	25.046350	25.044842	25.043163	25.041321	25.039322	25.037174	25.034883	25.032459	25.029915	25.027258	25.024496	25.021641	25.018707	25.015697	25.012629	25.009514	25.006363	25.003189	
25.002563	25.005117	25.007656	25.010162	25.012630	25.015049	25.017414	25.019711	25.021933	25.024071	25.026119	25.028069	25.029907	25.031639	25.033245	25.034729	25.036079	25.037292	25.038364	25.039291	25.040070	25.040695	25.041168	25.041485	25.041641	25.041641	25.041485	25.041168	25.040697	25.040073	25.039295	25.038368	25.037294	25.036079	25.034729	25.033245	25.031639	25.029907	25.028067	25.026117	25.024071	25.021931	25.019711	25.017414	25.015049	25.012630	25.010160	25.007652	25.005119	25.002563	
25.001930	25.003855	25.005766	25.007656	25.009514	25.011337	25.013119	25.014847	25.016521	25.018131	25.019676	25.021145	25.022532	25.023834	25.025047	25.026161	25.027180	25.028095	25.028902	25.029600	25.030188	25.030657	25.031013	25.031250	25.031372	25.031370	25.031252	25.031013	25.030659	25.030186	25.029602	25.028904	25.028093	25.027180	25.026161	25.025047	25.023832	25.022530	25.021143	25.019674	25.018135	25.016521	25.014847	25.013117	25.011335	25.009514	25.007654	25.005764	25.003857	25.001930	
25.001291	25.002579	25.003857	25.005119	25.006363	25.007584	25.008772	25.009930	25.011047	25.012127	25.013159	25.014141	25.015068	25.015938	25.016750	25.017496	25.018177	25.018787	25.019329	25.019798	25.020187	25.020504	25.020741	25.020901	25.020979	25.020981	25.020901	25.020741	25.020504	25.020191	25.019794	25.019329	25.018789	25.018177	25.017498	25.016748	25.015938	25.015068	25.014141	25.013161	25.012127	25.011051	25.009930	25.008774	25.007584	25.006363	25.005119	25.003857	25.002579	25.001291	
25.000648	25.001293	25.001932	25.002563	25.003187	25.003798	25.004395	25.004974	25.005535	25.006073	25.006592	25.007082	25.007549	25.007984	25.008390	25.008766	25.009106	25.009415	25.009682	25.009916	25.010115	25.010269	25.010391	25.010469	25.010509	25.010509	25.010471	25.010391	25.010271	25.010113	25.009918	25.009684	25.009413	25.009106	25.008764	25.008392	25.007984	25.007547	25.007084	25.006592	25.006077	25.005535	25.004974	25.004395	25.003799	25.003187	25.002563	25.001930	25.001291	25.000647	
