25.010830	25.021585	25.032591	25.043369	25.054619	25.065477	25.076973	25.087902	25.099560	25.110458	25.122089	25.132759	25.144081	25.154243	25.164879	25.174185	25.183712	25.191780	25.199764	25.206215	25.212254	25.216757	25.220522	25.222839	25.224121	25.224119	25.222841	25.220524	25.216759	25.212252	25.206215	25.199764	25.191776	25.183712	25.174183	25.164879	25.154243	25.144079	25.132763	25.122089	25.110456	25.099560	25.087900	25.076973	25.065475	25.054619	25.043369	25.032591	25.021585	25.010830	
25.021584	25.043423	25.064964	25.087233	25.108894	25.131670	25.153500	25.176712	25.198608	25.221979	25.243639	25.266695	25.287640	25.309715	25.329308	25.349598	25.367096	25.384729	25.399359	25.413485	25.424534	25.434414	25.441296	25.446381	25.448719	25.448717	25.446381	25.441294	25.434414	25.424534	25.413485	25.399357	25.384727	25.367094	25.349598	25.329308	25.309715	25.287643	25.266695	25.243641	25.221981	25.198605	25.176712	25.153500	25.131670	25.108892	25.087233	25.064966	25.043423	25.021585	
25.032591	25.064964	25.098076	25.130524	25.164364	25.197060	25.231640	25.264545	25.299608	25.332424	25.367405	25.399544	25.433578	25.464188	25.496166	25.524197	25.552841	25.577141	25.601145	25.620575	25.638727	25.652302	25.663622	25.670605	25.674450	25.674450	25.670605	25.663620	25.652302	25.638725	25.620575	25.601145	25.577141	25.552841	25.524197	25.496164	25.464188	25.433578	25.399544	25.367405	25.332424	25.299606	25.264545	25.231638	25.197056	25.164364	25.130524	25.098076	25.064962	25.032591	
25.043369	25.087233	25.130524	25.175240	25.218781	25.264511	25.308407	25.354998	25.399021	25.445929	25.489491	25.535755	25.577885	25.622175	25.661583	25.702291	25.737488	25.772863	25.802296	25.830635	25.852859	25.872677	25.886524	25.896725	25.901428	25.901428	25.896725	25.886524	25.872677	25.852859	25.830633	25.802296	25.772863	25.737488	25.702291	25.661583	25.622175	25.577885	25.535757	25.489491	25.445930	25.399021	25.354996	25.308405	25.264511	25.218781	25.175240	25.130524	25.087233	25.043369	
25.054619	25.108891	25.164364	25.218781	25.275455	25.330301	25.388199	25.443413	25.502102	25.557173	25.615717	25.669659	25.726612	25.777992	25.831497	25.878548	25.926477	25.967266	26.007423	26.040047	26.070412	26.093201	26.112135	26.123859	26.130293	26.130291	26.123856	26.112131	26.093201	26.070410	26.040047	26.007425	25.967262	25.926476	25.878550	25.831495	25.777992	25.726612	25.669657	25.615719	25.557173	25.502102	25.443409	25.388199	25.330299	25.275455	25.218779	25.164364	25.108891	25.054619	
25.065475	25.131672	25.197058	25.264511	25.330299	25.399260	25.465601	25.535835	25.602394	25.673084	25.738953	25.808664	25.872374	25.939102	25.998703	26.060028	26.113258	26.166546	26.211063	26.253746	26.287365	26.317215	26.338158	26.353521	26.360636	26.360636	26.353519	26.338158	26.317211	26.287365	26.253746	26.211061	26.166544	26.113256	26.060024	25.998701	25.939104	25.872372	25.808666	25.738953	25.673084	25.602390	25.535831	25.465599	25.399260	25.330299	25.264513	25.197056	25.131670	25.065475	
25.076973	25.153500	25.231640	25.308403	25.388195	25.465599	25.547083	25.625031	25.707602	25.785366	25.867714	25.943893	26.023987	26.096561	26.171791	26.238260	26.305641	26.363266	26.419722	26.465809	26.508493	26.540691	26.567303	26.583868	26.592911	26.592911	26.583866	26.567303	26.540689	26.508493	26.465809	26.419722	26.363266	26.305637	26.238258	26.171791	26.096561	26.023989	25.943893	25.867714	25.785364	25.707603	25.625027	25.547081	25.465599	25.388195	25.308401	25.231640	25.153500	25.076973	
25.087902	25.176712	25.264544	25.354996	25.443411	25.535833	25.625029	25.719124	25.808638	25.903315	25.991924	26.085266	26.170982	26.260311	26.340513	26.422592	26.494228	26.565548	26.625460	26.682581	26.727827	26.767769	26.795959	26.816517	26.826092	26.826092	26.816513	26.795958	26.767769	26.727825	26.682581	26.625456	26.565546	26.494225	26.422592	26.340509	26.260315	26.170982	26.085266	25.991922	25.903315	25.808636	25.719124	25.625027	25.535835	25.443409	25.354996	25.264542	25.176714	25.087902	
25.099560	25.198606	25.299606	25.399021	25.502100	25.602392	25.707600	25.808638	25.915211	26.016045	26.122292	26.221094	26.324409	26.418549	26.515572	26.601799	26.688688	26.763447	26.836243	26.896038	26.951077	26.992847	27.027163	27.048649	27.060310	27.060310	27.048649	27.027159	26.992846	26.951073	26.896034	26.836243	26.763445	26.688686	26.601795	26.515575	26.418545	26.324411	26.221092	26.122292	26.016043	25.915211	25.808636	25.707600	25.602392	25.502102	25.399021	25.299610	25.198605	25.099560	
25.110458	25.221979	25.332422	25.445927	25.557171	25.673084	25.785366	25.903315	26.016043	26.134678	26.246298	26.363220	26.471224	26.583094	26.684158	26.786934	26.877214	26.966503	27.042011	27.113523	27.170549	27.220552	27.256081	27.281815	27.293888	27.293886	27.281816	27.256083	27.220551	27.170549	27.113522	27.042009	26.966503	26.877213	26.786934	26.684155	26.583096	26.471222	26.363220	26.246298	26.134676	26.016043	25.903315	25.785366	25.673084	25.557175	25.445929	25.332422	25.221981	25.110456	
25.122089	25.243641	25.367405	25.489487	25.615715	25.738953	25.867710	25.991924	26.122292	26.246298	26.376217	26.497759	26.624058	26.739887	26.858467	26.964575	27.070751	27.162756	27.251701	27.325291	27.392536	27.443947	27.485868	27.512318	27.526562	27.526562	27.512316	27.485870	27.443947	27.392536	27.325291	27.251701	27.162754	27.070751	26.964571	26.858471	26.739880	26.624062	26.497759	26.376217	26.246296	26.122292	25.991922	25.867712	25.738953	25.615719	25.489491	25.367405	25.243641	25.122089	
25.132761	25.266695	25.399542	25.535755	25.669655	25.808664	25.943893	26.085266	26.221092	26.363220	26.497759	26.637789	26.767998	26.901943	27.023806	27.146839	27.255711	27.362587	27.453648	27.539238	27.608013	27.667856	27.710707	27.741501	27.756060	27.756058	27.741501	27.710707	27.667852	27.608013	27.539238	27.453646	27.362587	27.255707	27.146839	27.023804	26.901947	26.767994	26.637791	26.497757	26.363222	26.221092	26.085264	25.943892	25.808666	25.669659	25.535757	25.399544	25.266697	25.132763	
25.144079	25.287642	25.433578	25.577881	25.726612	25.872374	26.023989	26.170982	26.324409	26.471224	26.624060	26.767998	26.916531	27.053728	27.193151	27.318853	27.443674	27.552677	27.657230	27.744423	27.823456	27.884373	27.933643	27.964981	27.981724	27.981724	27.964981	27.933643	27.884373	27.823454	27.744421	27.657228	27.552675	27.443674	27.318848	27.193153	27.053720	26.916531	26.767994	26.624058	26.471220	26.324409	26.170979	26.023989	25.872372	25.726612	25.577885	25.433578	25.287643	25.144079	
25.154243	25.309713	25.464188	25.622175	25.777990	25.939102	26.096561	26.260313	26.418547	26.583094	26.739883	26.901941	27.053724	27.208702	27.350780	27.493101	27.620050	27.743662	27.849854	27.948837	28.029041	28.098242	28.148216	28.183828	28.200806	28.200806	28.183828	28.148218	28.098244	28.029039	27.948837	27.849852	27.743662	27.620049	27.493099	27.350777	27.208702	27.053722	26.901947	26.739883	26.583096	26.418545	26.260315	26.096560	25.939104	25.777992	25.622175	25.464188	25.309715	25.154243	
25.164877	25.329308	25.496162	25.661583	25.831495	25.998703	26.171791	26.340511	26.515572	26.684158	26.858467	27.023806	27.193150	27.350780	27.509706	27.654150	27.796406	27.921673	28.040812	28.141022	28.231075	28.301090	28.357227	28.393246	28.412323	28.412321	28.393246	28.357227	28.301090	28.231075	28.141020	28.040812	27.921673	27.796404	27.654148	27.509705	27.350777	27.193151	27.023802	26.858467	26.684155	26.515572	26.340509	26.171791	25.998703	25.831495	25.661583	25.496164	25.329308	25.164877	
25.174185	25.349596	25.524195	25.702290	25.878548	26.060024	26.238260	26.422590	26.601799	26.786934	26.964575	27.146837	27.318851	27.493101	27.654148	27.814133	27.958052	28.096987	28.217381	28.328623	28.419559	28.497328	28.553991	28.594011	28.613260	28.613260	28.594009	28.553991	28.497328	28.419559	28.328623	28.217382	28.096985	27.958050	27.814133	27.654144	27.493101	27.318848	27.146837	26.964569	26.786932	26.601795	26.422592	26.238258	26.060024	25.878550	25.702290	25.524195	25.349598	25.174185	
25.183712	25.367094	25.552841	25.737484	25.926476	26.113258	26.305639	26.494228	26.688686	26.877214	27.070755	27.255711	27.443676	27.620050	27.796406	27.958054	28.115879	28.256084	28.388248	28.500412	28.600306	28.678677	28.740944	28.781261	28.802418	28.802422	28.781260	28.740944	28.678677	28.600304	28.500414	28.388248	28.256084	28.115879	27.958050	27.796404	27.620045	27.443676	27.255707	27.070755	26.877213	26.688690	26.494228	26.305639	26.113258	25.926474	25.737488	25.552841	25.367094	25.183712	
25.191780	25.384729	25.577141	25.772863	25.967266	26.166546	26.363264	26.565546	26.763447	26.966505	27.162756	27.362587	27.552677	27.743664	27.921673	28.096989	28.256084	28.408308	28.541412	28.663284	28.763828	28.849020	28.911671	28.955505	28.976791	28.976791	28.955507	28.911671	28.849018	28.763828	28.663284	28.541414	28.408306	28.256083	28.096985	27.921673	27.743664	27.552675	27.362587	27.162754	26.966505	26.763447	26.565548	26.363266	26.166546	25.967266	25.772863	25.577141	25.384727	25.191780	
25.199762	25.399361	25.601145	25.802296	26.007423	26.211063	26.419720	26.625458	26.836245	27.042011	27.251705	27.453648	27.657230	27.849852	28.040812	28.217381	28.388248	28.541416	28.684479	28.807024	28.915148	29.000776	29.068167	29.112217	29.135117	29.135118	29.112217	29.068167	29.000771	28.915144	28.807026	28.684479	28.541414	28.388248	28.217381	28.040812	27.849850	27.657230	27.453644	27.251705	27.042011	26.836245	26.625458	26.419724	26.211063	26.007425	25.802296	25.601145	25.399359	25.199762	
25.206213	25.413486	25.620577	25.830635	26.040047	26.253748	26.465811	26.682585	26.896038	27.113527	27.325294	27.539238	27.744419	27.948837	28.141020	28.328625	28.500416	28.663284	28.807026	28.937407	29.045990	29.137123	29.204784	29.251678	29.274666	29.274666	29.251675	29.204782	29.137119	29.045988	28.937405	28.807026	28.663284	28.500414	28.328623	28.141020	27.948837	27.744419	27.539238	27.325293	27.113527	26.896038	26.682583	26.465809	26.253750	26.040047	25.830637	25.620577	25.413486	25.206215	
25.212252	25.424534	25.638729	25.852858	26.070415	26.287365	26.508495	26.727829	26.951078	27.170551	27.392540	27.608013	27.823458	28.029041	28.231075	28.419561	28.600307	28.763830	28.915146	29.045990	29.160339	29.251770	29.323040	29.370075	29.394295	29.394291	29.370075	29.323036	29.251764	29.160336	29.045988	28.915146	28.763828	28.600306	28.419563	28.231075	28.029041	27.823456	27.608013	27.392538	27.170551	26.951075	26.727829	26.508495	26.287367	26.070414	25.852859	25.638729	25.424534	25.212252	
25.216759	25.434412	25.652302	25.872681	26.093199	26.317215	26.540691	26.767773	26.992847	27.220554	27.443947	27.667858	27.884373	28.098244	28.301090	28.497330	28.678679	28.849020	29.000774	29.137123	29.251770	29.347069	29.418510	29.467545	29.491817	29.491817	29.467545	29.418509	29.347065	29.251766	29.137121	29.000774	28.849018	28.678677	28.497328	28.301092	28.098244	27.884373	27.667856	27.443949	27.220554	26.992847	26.767769	26.540691	26.317213	26.093203	25.872677	25.652306	25.434414	25.216759	
25.220522	25.441296	25.663620	25.886522	26.112137	26.338156	26.567305	26.795959	27.027164	27.256083	27.485874	27.710705	27.933647	28.148216	28.357229	28.553993	28.740944	28.911673	29.068167	29.204784	29.323040	29.418510	29.492210	29.541328	29.566374	29.566370	29.541328	29.492210	29.418510	29.323038	29.204786	29.068169	28.911673	28.740946	28.553993	28.357227	28.148218	27.933643	27.710707	27.485870	27.256083	27.027163	26.795959	26.567307	26.338158	26.112137	25.886524	25.663622	25.441298	25.220524	
25.222843	25.446381	25.670603	25.896725	26.123856	26.353519	26.583866	26.816517	27.048649	27.281818	27.512316	27.741505	27.964981	28.183830	28.393246	28.594009	28.781261	28.955509	29.112221	29.251680	29.370077	29.467545	29.541328	29.591480	29.616549	29.616550	29.591476	29.541328	29.467543	29.370075	29.251678	29.112221	28.955509	28.781265	28.594011	28.393246	28.183828	27.964983	27.741505	27.512318	27.281816	27.048649	26.816519	26.583868	26.353523	26.123856	25.896725	25.670605	25.446383	25.222841	
25.224121	25.448719	25.674450	25.901428	26.130291	26.360636	26.592911	26.826092	27.060310	27.293888	27.526562	27.756060	27.981724	28.200809	28.412323	28.613258	28.802422	28.976791	29.135118	29.274668	29.394295	29.491819	29.566372	29.616550	29.641882	29.641880	29.616550	29.566372	29.491819	29.394295	29.274668	29.135122	28.976797	28.802423	28.613262	28.412323	28.200808	27.981724	27.756062	27.526566	27.293888	27.060310	26.826092	26.592913	26.360636	26.130291	25.901428	25.674450	25.448719	25.224121	
25.224121	25.448719	25.674450	25.901428	26.130291	26.360636	26.592911	26.826092	27.060310	27.293888	27.526562	27.756060	27.981724	28.200809	28.412323	28.613258	28.802422	28.976791	29.135118	29.274668	29.394295	29.491819	29.566372	29.616550	29.641882	29.641880	29.616550	29.566372	29.491819	29.394295	29.274668	29.135122	28.976797	28.802423	28.613262	28.412323	28.200808	27.981724	27.756062	27.526566	27.293888	27.060310	26.826092	26.592913	26.360636	26.130291	25.901428	25.674450	25.448719	25.224121	
25.222843	25.446381	25.670603	25.896725	26.123856	26.353519	26.583866	26.816517	27.048649	27.281818	27.512316	27.741505	27.964981	28.183830	28.393246	28.594009	28.781261	28.955509	29.112221	29.251680	29.370077	29.467545	29.541328	29.591480	29.616549	29.616550	29.591476	29.541328	29.467543	29.370075	29.251678	29.112221	28.955509	28.781265	28.594011	28.393246	28.183828	27.964983	27.741505	27.512318	27.281816	27.048649	26.816519	26.583868	26.353523	26.123856	25.896725	25.670605	25.446383	25.222841	
25.220522	25.441296	25.663620	25.886522	26.112137	26.338156	26.567305	26.795959	27.027164	27.256083	27.485874	27.710705	27.933647	28.148216	28.357229	28.553993	28.740944	28.911673	29.068167	29.204784	29.323040	29.418510	29.492210	29.541328	29.566374	29.566370	29.541328	29.492210	29.418510	29.323038	29.204786	29.068169	28.911673	28.740946	28.553993	28.357227	28.148218	27.933643	27.710707	27.485870	27.256083	27.027163	26.795959	26.567307	26.338158	26.112137	25.886524	25.663622	25.441298	25.220524	
25.216759	25.434412	25.652302	25.872681	26.093199	26.317215	26.540691	26.767773	26.992847	27.220554	27.443947	27.667858	27.884373	28.098244	28.301090	28.497330	28.678679	28.849020	29.000774	29.137123	29.251770	29.347069	29.418510	29.467545	29.491817	29.491817	29.467545	29.418509	29.347065	29.251766	29.137121	29.000774	28.849018	28.678677	28.497328	28.301092	28.098244	27.884373	27.667856	27.443949	27.220554	26.992847	26.767769	26.540691	26.317213	26.093203	25.872677	25.652306	25.434414	25.216759	
25.212252	25.424534	25.638729	25.852858	26.070415	26.287365	26.508495	26.727829	26.951078	27.170551	27.392540	27.608013	27.823458	28.029041	28.231075	28.419561	28.600307	28.763830	28.915146	29.045990	29.160339	29.251770	29.323040	29.370075	29.394295	29.394291	29.370075	29.323036	29.251764	29.160336	29.045988	28.915146	28.763828	28.600306	28.419563	28.231075	28.029041	27.823456	27.608013	27.392538	27.170551	26.951075	26.727829	26.508495	26.287367	26.070414	25.852859	25.638729	25.424534	25.212252	
25.206213	25.413486	25.620577	25.830635	26.040047	26.253748	26.465811	26.682585	26.896038	27.113527	27.325294	27.539238	27.744419	27.948837	28.141020	28.328625	28.500416	28.663284	28.807026	28.937407	29.045990	29.137123	29.204784	29.251678	29.274666	29.274666	29.251675	29.204782	29.137119	29.045988	28.937405	28.807026	28.663284	28.500414	28.328623	28.141020	27.948837	27.744419	27.539238	27.325293	27.113527	26.896038	26.682583	26.465809	26.253750	26.040047	25.830637	25.620577	25.413486	25.206215	
25.199762	25.399361	25.601145	25.802296	26.007423	26.211063	26.419720	26.625458	26.836245	27.042011	27.251705	27.453648	27.657230	27.849852	28.040812	28.217381	28.388248	28.541416	28.684479	28.807024	28.915148	29.000776	29.068167	29.112217	29.135117	29.135118	29.112217	29.068167	29.000771	28.915144	28.807026	28.684479	28.541414	28.388248	28.217381	28.040812	27.849850	27.657230	27.453644	27.251705	27.042011	26.836245	26.625458	26.419724	26.211063	26.007425	25.802296	25.601145	25.399359	25.199762	
25.191780	25.384729	25.577141	25.772863	25.967266	26.166546	26.363264	26.565546	26.763447	26.966505	27.162756	27.362587	27.552677	27.743664	27.921673	28.096989	28.256084	28.408308	28.541412	28.663284	28.763828	28.849020	28.911671	28.955505	28.976791	28.976791	28.955507	28.911671	28.849018	28.763828	28.663284	28.541414	28.408306	28.256083	28.096985	27.921673	27.743664	27.552675	27.362587	27.162754	26.966505	26.763447	26.565548	26.363266	26.166546	25.967266	25.772863	25.577141	25.384727	25.191780	
25.183712	25.367094	25.552841	25.737484	25.926476	26.113258	26.305639	26.494228	26.688686	26.877214	27.070755	27.255711	27.443676	27.620050	27.796406	27.958054	28.115879	28.256084	28.388248	28.500412	28.600306	28.678677	28.740944	28.781261	28.802418	28.802422	28.781260	28.740944	28.678677	28.600304	28.500414	28.388248	28.256084	28.115879	27.958050	27.796404	27.620045	27.443676	27.255707	27.070755	26.877213	26.688690	26.494228	26.305639	26.113258	25.926474	25.737488	25.552841	25.367094	25.183712	
25.174185	25.349596	25.524195	25.702290	25.878548	26.060024	26.238260	26.422590	26.601799	26.786934	26.964575	27.146837	27.318851	27.493101	27.654148	27.814133	27.958052	28.096987	28.217381	28.328623	28.419559	28.497328	28.553991	28.594011	28.613260	28.613260	28.594009	28.553991	28.497328	28.419559	28.328623	28.217382	28.096985	27.958050	27.814133	27.654144	27.493101	27.318848	27.146837	26.964569	26.786932	26.601795	26.422592	26.238258	26.060024	25.878550	25.702290	25.524195	25.349598	25.174185	
25.164877	25.329308	25.496162	25.661583	25.831495	25.998703	26.171791	26.340511	26.515572	26.684158	26.858467	27.023806	27.193150	27.350780	27.509706	27.654150	27.796406	27.921673	28.040812	28.141022	28.231075	28.301090	28.357227	28.393246	28.412323	28.412321	28.393246	28.357227	28.301090	28.231075	28.141020	28.040812	27.921673	27.796404	27.654148	27.509705	27.350777	27.193151	27.023802	26.858467	26.684155	26.515572	26.340509	26.171791	25.998703	25.831495	25.661583	25.496164	25.329308	25.164877	
25.154243	25.309713	25.464188	25.622175	25.777990	25.939102	26.096561	26.260313	26.418547	26.583094	26.739883	26.901941	27.053724	27.208702	27.350780	27.493101	27.620050	27.743662	27.849854	27.948837	28.029041	28.098242	28.148216	28.183828	28.200806	28.200806	28.183828	28.148218	28.098244	28.029039	27.948837	27.849852	27.743662	27.620049	27.493099	27.350777	27.208702	27.053722	26.901947	26.739883	26.583096	26.418545	26.260315	26.096560	25.939104	25.777992	25.622175	25.464188	25.309715	25.154243	
25.144079	25.287642	25.433578	25.577881	25.726612	25.872374	26.023989	26.170982	26.324409	26.471224	26.624060	26.767998	26.916531	27.053728	27.193151	27.318853	27.443674	27.552677	27.657230	27.744423	27.823456	27.884373	27.933643	27.964981	27.981724	27.981724	27.964981	27.933643	27.884373	27.823454	27.744421	27.657228	27.552675	27.443674	27.318848	27.193153	27.053720	26.916531	26.767994	26.624058	26.471220	26.324409	26.170979	26.023989	25.872372	25.726612	25.577885	25.433578	25.287643	25.144079	
25.132761	25.266695	25.399542	25.535755	25.669655	25.808664	25.943893	26.085266	26.221092	26.363220	26.497759	26.637789	26.767998	26.901943	27.023806	27.146839	27.255711	27.362587	27.453648	27.539238	27.608013	27.667856	27.710707	27.741501	27.756060	27.756058	27.741501	27.710707	27.667852	27.608013	27.539238	27.453646	27.362587	27.255707	27.146839	27.023804	26.901947	26.767994	26.637791	26.497757	26.363222	26.221092	26.085264	25.943892	25.808666	25.669659	25.535757	25.399544	25.266697	25.132763	
25.122089	25.243641	25.367405	25.489487	25.615715	25.738953	25.867710	25.991924	26.122292	26.246298	26.376217	26.497759	26.624058	26.739887	26.858467	26.964575	27.070751	27.162756	27.251701	27.325291	27.392536	27.443947	27.485868	27.512318	27.526562	27.526562	27.512316	27.485870	27.443947	27.392536	27.325291	27.251701	27.162754	27.070751	26.964571	26.858471	26.739880	26.624062	26.497759	26.376217	26.246296	26.122292	25.991922	25.867712	25.738953	25.615719	25.489491	25.367405	25.243641	25.122089	
25.110458	25.221979	25.332422	25.445927	25.557171	25.673084	25.785366	25.903315	26.016043	26.134678	26.246298	26.363220	26.471224	26.583094	26.684158	26.786934	26.877214	26.966503	27.042011	27.113523	27.170549	27.220552	27.256081	27.281815	27.293888	27.293886	27.281816	27.256083	27.220551	27.170549	27.113522	27.042009	26.966503	26.877213	26.786934	26.684155	26.583096	26.471222	26.363220	26.246298	26.134676	26.016043	25.903315	25.785366	25.673084	25.557175	25.445929	25.332422	25.221981	25.110456	
25.099560	25.198606	25.299606	25.399021	25.502100	25.602392	25.707600	25.808638	25.915211	26.016045	26.122292	26.221094	26.324409	26.418549	26.515572	26.601799	26.688688	26.763447	26.836243	26.896038	26.951077	26.992847	27.027163	27.048649	27.060310	27.060310	27.048649	27.027159	26.992846	26.951073	26.896034	26.836243	26.763445	26.688686	26.601795	26.515575	26.418545	26.324411	26.221092	26.122292	26.016043	25.915211	25.808636	25.707600	25.602392	25.502102	25.399021	25.299610	25.198605	25.099560	
25.087902	25.176712	25.264544	25.354996	25.443411	25.535833	25.625029	25.719124	25.808638	25.903315	25.991924	26.085266	26.170982	26.260311	26.340513	26.422592	26.494228	26.565548	26.625460	26.682581	26.727827	26.767769	26.795959	26.816517	26.826092	26.826092	26.816513	26.795958	26.767769	26.727825	26.682581	26.625456	26.565546	26.494225	26.422592	26.340509	26.260315	26.170982	26.085266	25.991922	25.903315	25.808636	25.719124	25.625027	25.535835	25.443409	25.354996	25.264542	25.176714	25.087902	
25.076973	25.153500	25.231640	25.308403	25.388195	25.465599	25.547083	25.625031	25.707602	25.785366	25.867714	25.943893	26.023987	26.096561	26.171791	26.238260	26.305641	26.363266	26.419722	26.465809	26.508493	26.540691	26.567303	26.583868	26.592911	26.592911	26.583866	26.567303	26.540689	26.508493	26.465809	26.419722	26.363266	26.305637	26.238258	26.171791	26.096561	26.023989	25.943893	25.867714	25.785364	25.707603	25.625027	25.547081	25.465599	25.388195	25.308401	25.231640	25.153500	25.076973	
25.065475	25.131672	25.197058	25.264511	25.330299	25.399260	25.465601	25.535835	25.602394	25.673084	25.738953	25.808664	25.872374	25.939102	25.998703	26.060028	26.113258	26.166546	26.211063	26.253746	26.287365	26.317215	26.338158	26.353521	26.360636	26.360636	26.353519	26.338158	26.317211	26.287365	26.253746	26.211061	26.166544	26.113256	26.060024	25.998701	25.939104	25.872372	25.808666	25.738953	25.673084	25.602390	25.535831	25.465599	25.399260	25.330299	25.264513	25.197056	25.131670	25.065475	
25.054619	25.108891	25.164364	25.218781	25.275455	25.330301	25.388199	25.443413	25.502102	25.557173	25.615717	25.669659	25.726612	25.777992	25.831497	25.878548	25.926477	25.967266	26.007423	26.040047	26.070412	26.093201	26.112135	26.123859	26.130293	26.130291	26.123856	26.112131	26.093201	26.070410	26.040047	26.007425	25.967262	25.926476	25.878550	25.831495	25.777992	25.726612	25.669657	25.615719	25.557173	25.502102	25.443409	25.388199	25.330299	25.275455	25.218779	25.164364	25.108891	25.054619	
25.043369	25.087233	25.130524	25.175240	25.218781	25.264511	25.308407	25.354998	25.399021	25.445929	25.489491	25.535755	25.577885	25.622175	25.661583	25.702291	25.737488	25.772863	25.802296	25.830635	25.852859	25.872677	25.886524	25.896725	25.901428	25.901428	25.896725	25.886524	25.872677	25.852859	25.830633	25.802296	25.772863	25.737488	25.702291	25.661583	25.622175	25.577885	25.535757	25.489491	25.445930	25.399021	25.354996	25.308405	25.264511	25.218781	25.175240	25.130524	25.087233	25.043369	
25.032591	25.064964	25.098076	25.130524	25.164364	25.197060	25.231640	25.264545	25.299608	25.332424	25.367405	25.399544	25.433578	25.464188	25.496166	25.524197	25.552841	25.577141	25.601145	25.620575	25.638727	25.652302	25.663622	25.670605	25.674450	25.674450	25.670605	25.663620	25.652302	25.638725	25.620575	25.601145	25.577141	25.552841	25.524197	25.496164	25.464188	25.433578	25.399544	25.367405	25.332424	25.299606	25.264545	25.231638	25.197056	25.164364	25.130524	25.098076	25.064962	25.032591	
25.021584	25.043423	25.064964	25.087233	25.108894	25.131670	25.153500	25.176712	25.198608	25.221979	25.243639	25.266695	25.287640	25.309715	25.329308	25.349598	25.367096	25.384729	25.399359	25.413485	25.424534	25.434414	25.441296	25.446381	25.448719	25.448717	25.446381	25.441294	25.434414	25.424534	25.413485	25.399357	25.384727	25.367094	25.349598	25.329308	25.309715	25.287643	25.266695	25.243641	25.221981	25.198605	25.176712	25.153500	25.131670	25.108892	25.087233	25.064966	25.043423	25.021585	
25.010830	25.021585	25.032591	25.043369	25.054619	25.065477	25.076973	25.087902	25.099560	25.110458	25.122089	25.132759	25.144081	25.154243	25.164879	25.174185	25.183712	25.191780	25.199764	25.206215	25.212254	25.216757	25.220522	25.222839	25.224121	25.224119	25.222841	25.220524	25.216759	25.212252	25.206215	25.199764	25.191776	25.183712	25.174183	25.164879	25.154243	25.144079	25.132763	25.122089	25.110456	25.099560	25.087900	25.076973	25.065475	25.054619	25.043369	25.032591	25.021585	25.010830	
