25.000237	25.000469	25.000700	25.000927	25.001152	25.001375	25.001591	25.001801	25.002005	25.002201	25.002388	25.002565	25.002735	25.002892	25.003040	25.003174	25.003300	25.003407	25.003508	25.003592	25.003662	25.003719	25.003763	25.003792	25.003807	25.003807	25.003792	25.003761	25.003719	25.003662	25.003590	25.003506	25.003408	25.003298	25.003174	25.003036	25.002892	25.002733	25.002567	25.002388	25.002199	25.002003	25.001801	25.001593	25.001377	25.001156	25.000929	25.000698	25.000467	25.000235	
25.000469	25.000935	25.001394	25.001854	25.002304	25.002745	25.003178	25.003597	25.004002	25.004393	25.004765	25.005123	25.005457	25.005774	25.006065	25.006336	25.006584	25.006805	25.007000	25.007172	25.007311	25.007427	25.007511	25.007570	25.007599	25.007599	25.007568	25.007511	25.007425	25.007313	25.007168	25.007000	25.006805	25.006582	25.006336	25.006065	25.005772	25.005459	25.005119	25.004766	25.004391	25.004002	25.003597	25.003178	25.002748	25.002304	25.001854	25.001396	25.000935	25.000467	
25.000702	25.001396	25.002087	25.002773	25.003445	25.004105	25.004749	25.005377	25.005981	25.006567	25.007126	25.007656	25.008160	25.008631	25.009071	25.009472	25.009842	25.010174	25.010468	25.010719	25.010933	25.011103	25.011234	25.011318	25.011362	25.011360	25.011318	25.011232	25.011105	25.010933	25.010719	25.010468	25.010174	25.009842	25.009474	25.009071	25.008633	25.008160	25.007660	25.007126	25.006569	25.005983	25.005379	25.004753	25.004105	25.003445	25.002771	25.002087	25.001396	25.000700	
25.000931	25.001854	25.002773	25.003677	25.004574	25.005449	25.006306	25.007137	25.007942	25.008717	25.009459	25.010166	25.010830	25.011457	25.012039	25.012577	25.013065	25.013504	25.013893	25.014231	25.014511	25.014740	25.014910	25.015026	25.015079	25.015081	25.015024	25.014912	25.014740	25.014513	25.014229	25.013893	25.013504	25.013065	25.012577	25.012039	25.011459	25.010832	25.010164	25.009460	25.008717	25.007942	25.007137	25.006306	25.005451	25.004574	25.003681	25.002769	25.001854	25.000927	
25.001152	25.002304	25.003445	25.004574	25.005684	25.006775	25.007837	25.008873	25.009871	25.010834	25.011755	25.012634	25.013462	25.014240	25.014965	25.015629	25.016239	25.016787	25.017269	25.017685	25.018038	25.018316	25.018532	25.018673	25.018745	25.018744	25.018673	25.018532	25.018318	25.018036	25.017685	25.017269	25.016787	25.016239	25.015631	25.014965	25.014240	25.013462	25.012634	25.011755	25.010834	25.009872	25.008871	25.007839	25.006775	25.005686	25.004574	25.003445	25.002304	25.001154	
25.001377	25.002745	25.004107	25.005447	25.006775	25.008072	25.009342	25.010571	25.011765	25.012909	25.014009	25.015053	25.016043	25.016968	25.017832	25.018627	25.019352	25.020000	25.020576	25.021076	25.021492	25.021828	25.022079	25.022251	25.022335	25.022335	25.022251	25.022079	25.021828	25.021492	25.021072	25.020578	25.020000	25.019352	25.018627	25.017830	25.016972	25.016043	25.015053	25.014008	25.012911	25.011763	25.010571	25.009338	25.008072	25.006775	25.005451	25.004105	25.002747	25.001375	
25.001591	25.003178	25.004749	25.006310	25.007835	25.009340	25.010803	25.012234	25.013611	25.014940	25.016207	25.017422	25.018559	25.019634	25.020632	25.021551	25.022388	25.023144	25.023808	25.024384	25.024868	25.025255	25.025549	25.025742	25.025841	25.025843	25.025743	25.025547	25.025253	25.024864	25.024384	25.023809	25.023144	25.022388	25.021551	25.020630	25.019634	25.018560	25.017418	25.016209	25.014936	25.013611	25.012230	25.010807	25.009338	25.007839	25.006306	25.004753	25.003178	25.001591	
25.001801	25.003595	25.005381	25.007137	25.008873	25.010571	25.012232	25.013844	25.015408	25.016907	25.018349	25.019714	25.021011	25.022223	25.023354	25.024395	25.025343	25.026196	25.026947	25.027599	25.028147	25.028587	25.028915	25.029139	25.029249	25.029251	25.029140	25.028915	25.028585	25.028149	25.027599	25.026949	25.026196	25.025345	25.024395	25.023354	25.022224	25.021009	25.019714	25.018345	25.016907	25.015406	25.013844	25.012230	25.010571	25.008873	25.007137	25.005375	25.003597	25.001801	
25.002007	25.004005	25.005983	25.007946	25.009869	25.011765	25.013609	25.015408	25.017143	25.018816	25.020416	25.021938	25.023380	25.024731	25.025988	25.027143	25.028202	25.029150	25.029987	25.030712	25.031319	25.031811	25.032177	25.032425	25.032547	25.032547	25.032425	25.032177	25.031809	25.031319	25.030712	25.029987	25.029152	25.028200	25.027145	25.025986	25.024727	25.023378	25.021938	25.020412	25.018814	25.017141	25.015404	25.013611	25.011761	25.009872	25.007942	25.005985	25.004000	25.002005	
25.002203	25.004391	25.006571	25.008717	25.010834	25.012909	25.014938	25.016909	25.018816	25.020649	25.022408	25.024078	25.025658	25.027142	25.028522	25.029793	25.030952	25.031992	25.032913	25.033707	25.034374	25.034912	25.035315	25.035585	25.035721	25.035721	25.035587	25.035316	25.034910	25.034378	25.033707	25.032913	25.031990	25.030952	25.029791	25.028521	25.027142	25.025658	25.024076	25.022408	25.020649	25.018814	25.016907	25.014935	25.012911	25.010834	25.008717	25.006565	25.004393	25.002201	
25.002388	25.004768	25.007126	25.009460	25.011757	25.014008	25.016207	25.018347	25.020416	25.022408	25.024313	25.026127	25.027843	25.029451	25.030947	25.032326	25.033585	25.034714	25.035711	25.036575	25.037296	25.037880	25.038321	25.038612	25.038761	25.038761	25.038612	25.038319	25.037884	25.037298	25.036575	25.035709	25.034714	25.033583	25.032328	25.030945	25.029449	25.027840	25.026127	25.024311	25.022404	25.020412	25.018345	25.016209	25.014008	25.011757	25.009457	25.007126	25.004765	25.002388	
25.002567	25.005123	25.007660	25.010166	25.012634	25.015055	25.017418	25.019714	25.021938	25.024078	25.026127	25.028074	25.029919	25.031647	25.033257	25.034740	25.036091	25.037304	25.038376	25.039303	25.040081	25.040707	25.041180	25.041496	25.041653	25.041653	25.041494	25.041180	25.040707	25.040085	25.039303	25.038378	25.037302	25.036091	25.034737	25.033257	25.031647	25.029917	25.028072	25.026123	25.024075	25.021936	25.019712	25.017416	25.015053	25.012630	25.010166	25.007656	25.005121	25.002565	
25.002735	25.005459	25.008160	25.010834	25.013464	25.016045	25.018562	25.021011	25.023380	25.025658	25.027840	25.029919	25.031879	25.033724	25.035437	25.037018	25.038460	25.039753	25.040894	25.041883	25.042713	25.043381	25.043884	25.044218	25.044388	25.044384	25.044216	25.043880	25.043379	25.042711	25.041885	25.040894	25.039753	25.038456	25.037018	25.035435	25.033722	25.031881	25.029915	25.027840	25.025654	25.023376	25.021006	25.018559	25.016041	25.013462	25.010830	25.008160	25.005457	25.002733	
25.002892	25.005772	25.008631	25.011459	25.014240	25.016972	25.019636	25.022224	25.024731	25.027142	25.029449	25.031647	25.033722	25.035673	25.037487	25.039158	25.040684	25.042051	25.043261	25.044304	25.045181	25.045887	25.046417	25.046774	25.046951	25.046951	25.046772	25.046417	25.045885	25.045181	25.044304	25.043259	25.042048	25.040680	25.039158	25.037487	25.035671	25.033722	25.031645	25.029449	25.027142	25.024727	25.022221	25.019630	25.016968	25.014240	25.011459	25.008631	25.005772	25.002892	
25.003040	25.006065	25.009069	25.012041	25.014965	25.017834	25.020634	25.023355	25.025990	25.028522	25.030947	25.033257	25.035439	25.037487	25.039394	25.041149	25.042751	25.044189	25.045458	25.046558	25.047478	25.048222	25.048779	25.049152	25.049337	25.049339	25.049152	25.048777	25.048220	25.047478	25.046558	25.045456	25.044186	25.042751	25.041149	25.039391	25.037487	25.035437	25.033255	25.030945	25.028519	25.025986	25.023352	25.020630	25.017832	25.014965	25.012039	25.009071	25.006065	25.003040	
25.003174	25.006336	25.009476	25.012577	25.015633	25.018627	25.021553	25.024397	25.027145	25.029793	25.032328	25.034740	25.037018	25.039158	25.041151	25.042984	25.044659	25.046158	25.047489	25.048634	25.049597	25.050373	25.050953	25.051344	25.051540	25.051540	25.051342	25.050955	25.050369	25.049595	25.048632	25.047483	25.046158	25.044655	25.042984	25.041149	25.039156	25.037018	25.034737	25.032326	25.029789	25.027145	25.024393	25.021551	25.018627	25.015633	25.012577	25.009474	25.006336	25.003174	
25.003296	25.006580	25.009842	25.013067	25.016239	25.019352	25.022392	25.025345	25.028204	25.030952	25.033585	25.036091	25.038460	25.040682	25.042751	25.044659	25.046394	25.047956	25.049334	25.050526	25.051525	25.052330	25.052937	25.053341	25.053547	25.053543	25.053341	25.052933	25.052330	25.051523	25.050526	25.049332	25.047951	25.046392	25.044655	25.042747	25.040680	25.038456	25.036087	25.033581	25.030949	25.028200	25.025341	25.022388	25.019352	25.016239	25.013065	25.009842	25.006582	25.003298	
25.003407	25.006804	25.010174	25.013504	25.016788	25.020004	25.023144	25.026199	25.029152	25.031996	25.034716	25.037304	25.039753	25.042051	25.044189	25.046158	25.047958	25.049568	25.050995	25.052223	25.053259	25.054092	25.054714	25.055138	25.055346	25.055346	25.055134	25.054714	25.054089	25.053257	25.052223	25.050991	25.049566	25.047951	25.046158	25.044186	25.042049	25.039749	25.037300	25.034712	25.031990	25.029148	25.026196	25.023144	25.020000	25.016787	25.013504	25.010174	25.006805	25.003408	
25.003506	25.007000	25.010464	25.013895	25.017269	25.020576	25.023811	25.026951	25.029991	25.032913	25.035715	25.038376	25.040897	25.043259	25.045460	25.047489	25.049332	25.050995	25.052458	25.053726	25.054790	25.055645	25.056292	25.056721	25.056938	25.056938	25.056721	25.056290	25.055645	25.054789	25.053726	25.052460	25.050991	25.049332	25.047483	25.045456	25.043255	25.040894	25.038376	25.035711	25.032911	25.029987	25.026947	25.023808	25.020578	25.017269	25.013893	25.010466	25.007000	25.003506	
25.003590	25.007168	25.010721	25.014231	25.017685	25.021076	25.024384	25.027603	25.030712	25.033710	25.036575	25.039305	25.041885	25.044306	25.046558	25.048634	25.050526	25.052223	25.053728	25.055025	25.056114	25.056992	25.057648	25.058094	25.058313	25.058313	25.058090	25.057650	25.056990	25.056114	25.055023	25.053726	25.052223	25.050522	25.048632	25.046555	25.044302	25.041880	25.039303	25.036575	25.033707	25.030712	25.027599	25.024384	25.021076	25.017685	25.014229	25.010719	25.007168	25.003592	
25.003662	25.007309	25.010933	25.014511	25.018036	25.021492	25.024868	25.028147	25.031322	25.034374	25.037300	25.040083	25.042713	25.045181	25.047480	25.049599	25.051525	25.053259	25.054790	25.056114	25.057224	25.058117	25.058792	25.059242	25.059471	25.059467	25.059244	25.058790	25.058119	25.057224	25.056114	25.054790	25.053257	25.051525	25.049595	25.047476	25.045179	25.042711	25.040081	25.037298	25.034374	25.031319	25.028145	25.024866	25.021492	25.018036	25.014511	25.010933	25.007311	25.003662	
25.003719	25.007425	25.011105	25.014740	25.018318	25.021828	25.025255	25.028587	25.031811	25.034914	25.037880	25.040710	25.043381	25.045887	25.048222	25.050371	25.052330	25.054092	25.055647	25.056992	25.058121	25.059027	25.059710	25.060169	25.060398	25.060396	25.060167	25.059711	25.059025	25.058117	25.056992	25.055645	25.054089	25.052326	25.050367	25.048218	25.045883	25.043379	25.040707	25.037880	25.034910	25.031807	25.028584	25.025253	25.021826	25.018318	25.014738	25.011103	25.007427	25.003719	
25.003761	25.007511	25.011230	25.014910	25.018532	25.022079	25.025547	25.028919	25.032179	25.035315	25.038322	25.041180	25.043884	25.046421	25.048779	25.050957	25.052937	25.054718	25.056292	25.057652	25.058792	25.059711	25.060402	25.060863	25.061096	25.061096	25.060863	25.060402	25.059708	25.058792	25.057650	25.056290	25.054718	25.052933	25.050953	25.048779	25.046417	25.043882	25.041180	25.038319	25.035316	25.032175	25.028917	25.025547	25.022079	25.018530	25.014910	25.011234	25.007511	25.003763	
25.003792	25.007568	25.011318	25.015022	25.018673	25.022251	25.025742	25.029139	25.032423	25.035587	25.038612	25.041496	25.044220	25.046776	25.049154	25.051346	25.053341	25.055134	25.056721	25.058094	25.059240	25.060167	25.060863	25.061333	25.061562	25.061563	25.061331	25.060863	25.060167	25.059242	25.058094	25.056721	25.055134	25.053341	25.051342	25.049152	25.046774	25.044216	25.041496	25.038612	25.035587	25.032425	25.029137	25.025743	25.022249	25.018673	25.015026	25.011318	25.007568	25.003792	
25.003807	25.007597	25.011360	25.015079	25.018744	25.022335	25.025841	25.029249	25.032547	25.035721	25.038761	25.041653	25.044388	25.046955	25.049339	25.051540	25.053545	25.055346	25.056938	25.058315	25.059471	25.060396	25.061098	25.061565	25.061798	25.061798	25.061563	25.061094	25.060394	25.059467	25.058313	25.056938	25.055346	25.053543	25.051538	25.049339	25.046951	25.044388	25.041653	25.038761	25.035721	25.032547	25.029251	25.025841	25.022335	25.018742	25.015079	25.011362	25.007599	25.003807	
25.003807	25.007597	25.011360	25.015079	25.018744	25.022335	25.025841	25.029249	25.032547	25.035721	25.038761	25.041653	25.044388	25.046955	25.049339	25.051540	25.053545	25.055346	25.056938	25.058315	25.059471	25.060396	25.061098	25.061565	25.061798	25.061798	25.061563	25.061094	25.060394	25.059467	25.058313	25.056938	25.055346	25.053543	25.051538	25.049339	25.046951	25.044388	25.041653	25.038761	25.035721	25.032547	25.029251	25.025841	25.022335	25.018742	25.015079	25.011362	25.007599	25.003807	
25.003792	25.007568	25.011318	25.015022	25.018673	25.022251	25.025742	25.029139	25.032423	25.035587	25.038612	25.041496	25.044220	25.046776	25.049154	25.051346	25.053341	25.055134	25.056721	25.058094	25.059240	25.060167	25.060863	25.061333	25.061562	25.061563	25.061331	25.060863	25.060167	25.059242	25.058094	25.056721	25.055134	25.053341	25.051342	25.049152	25.046774	25.044216	25.041496	25.038612	25.035587	25.032425	25.029137	25.025743	25.022249	25.018673	25.015026	25.011318	25.007568	25.003792	
25.003761	25.007511	25.011230	25.014910	25.018532	25.022079	25.025547	25.028919	25.032179	25.035315	25.038322	25.041180	25.043884	25.046421	25.048779	25.050957	25.052937	25.054718	25.056292	25.057652	25.058792	25.059711	25.060402	25.060863	25.061096	25.061096	25.060863	25.060402	25.059708	25.058792	25.057650	25.056290	25.054718	25.052933	25.050953	25.048779	25.046417	25.043882	25.041180	25.038319	25.035316	25.032175	25.028917	25.025547	25.022079	25.018530	25.014910	25.011234	25.007511	25.003763	
25.003719	25.007425	25.011105	25.014740	25.018318	25.021828	25.025255	25.028587	25.031811	25.034914	25.037880	25.040710	25.043381	25.045887	25.048222	25.050371	25.052330	25.054092	25.055647	25.056992	25.058121	25.059027	25.059710	25.060169	25.060398	25.060396	25.060167	25.059711	25.059025	25.058117	25.056992	25.055645	25.054089	25.052326	25.050367	25.048218	25.045883	25.043379	25.040707	25.037880	25.034910	25.031807	25.028584	25.025253	25.021826	25.018318	25.014738	25.011103	25.007427	25.003719	
25.003662	25.007309	25.010933	25.014511	25.018036	25.021492	25.024868	25.028147	25.031322	25.034374	25.037300	25.040083	25.042713	25.045181	25.047480	25.049599	25.051525	25.053259	25.054790	25.056114	25.057224	25.058117	25.058792	25.059242	25.059471	25.059467	25.059244	25.058790	25.058119	25.057224	25.056114	25.054790	25.053257	25.051525	25.049595	25.047476	25.045179	25.042711	25.040081	25.037298	25.034374	25.031319	25.028145	25.024866	25.021492	25.018036	25.014511	25.010933	25.007311	25.003662	
25.003590	25.007168	25.010721	25.014231	25.017685	25.021076	25.024384	25.027603	25.030712	25.033710	25.036575	25.039305	25.041885	25.044306	25.046558	25.048634	25.050526	25.052223	25.053728	25.055025	25.056114	25.056992	25.057648	25.058094	25.058313	25.058313	25.058090	25.057650	25.056990	25.056114	25.055023	25.053726	25.052223	25.050522	25.048632	25.046555	25.044302	25.041880	25.039303	25.036575	25.033707	25.030712	25.027599	25.024384	25.021076	25.017685	25.014229	25.010719	25.007168	25.003592	
25.003506	25.007000	25.010464	25.013895	25.017269	25.020576	25.023811	25.026951	25.029991	25.032913	25.035715	25.038376	25.040897	25.043259	25.045460	25.047489	25.049332	25.050995	25.052458	25.053726	25.054790	25.055645	25.056292	25.056721	25.056938	25.056938	25.056721	25.056290	25.055645	25.054789	25.053726	25.052460	25.050991	25.049332	25.047483	25.045456	25.043255	25.040894	25.038376	25.035711	25.032911	25.029987	25.026947	25.023808	25.020578	25.017269	25.013893	25.010466	25.007000	25.003506	
25.003407	25.006804	25.010174	25.013504	25.016788	25.020004	25.023144	25.026199	25.029152	25.031996	25.034716	25.037304	25.039753	25.042051	25.044189	25.046158	25.047958	25.049568	25.050995	25.052223	25.053259	25.054092	25.054714	25.055138	25.055346	25.055346	25.055134	25.054714	25.054089	25.053257	25.052223	25.050991	25.049566	25.047951	25.046158	25.044186	25.042049	25.039749	25.037300	25.034712	25.031990	25.029148	25.026196	25.023144	25.020000	25.016787	25.013504	25.010174	25.006805	25.003408	
25.003296	25.006580	25.009842	25.013067	25.016239	25.019352	25.022392	25.025345	25.028204	25.030952	25.033585	25.036091	25.038460	25.040682	25.042751	25.044659	25.046394	25.047956	25.049334	25.050526	25.051525	25.052330	25.052937	25.053341	25.053547	25.053543	25.053341	25.052933	25.052330	25.051523	25.050526	25.049332	25.047951	25.046392	25.044655	25.042747	25.040680	25.038456	25.036087	25.033581	25.030949	25.028200	25.025341	25.022388	25.019352	25.016239	25.013065	25.009842	25.006582	25.003298	
25.003174	25.006336	25.009476	25.012577	25.015633	25.018627	25.021553	25.024397	25.027145	25.029793	25.032328	25.034740	25.037018	25.039158	25.041151	25.042984	25.044659	25.046158	25.047489	25.048634	25.049597	25.050373	25.050953	25.051344	25.051540	25.051540	25.051342	25.050955	25.050369	25.049595	25.048632	25.047483	25.046158	25.044655	25.042984	25.041149	25.039156	25.037018	25.034737	25.032326	25.029789	25.027145	25.024393	25.021551	25.018627	25.015633	25.012577	25.009474	25.006336	25.003174	
25.003040	25.006065	25.009069	25.012041	25.014965	25.017834	25.020634	25.023355	25.025990	25.028522	25.030947	25.033257	25.035439	25.037487	25.039394	25.041149	25.042751	25.044189	25.045458	25.046558	25.047478	25.048222	25.048779	25.049152	25.049337	25.049339	25.049152	25.048777	25.048220	25.047478	25.046558	25.045456	25.044186	25.042751	25.041149	25.039391	25.037487	25.035437	25.033255	25.030945	25.028519	25.025986	25.023352	25.020630	25.017832	25.014965	25.012039	25.009071	25.006065	25.003040	
25.002892	25.005772	25.008631	25.011459	25.014240	25.016972	25.019636	25.022224	25.024731	25.027142	25.029449	25.031647	25.033722	25.035673	25.037487	25.039158	25.040684	25.042051	25.043261	25.044304	25.045181	25.045887	25.046417	25.046774	25.046951	25.046951	25.046772	25.046417	25.045885	25.045181	25.044304	25.043259	25.042048	25.040680	25.039158	25.037487	25.035671	25.033722	25.031645	25.029449	25.027142	25.024727	25.022221	25.019630	25.016968	25.014240	25.011459	25.008631	25.005772	25.002892	
25.002735	25.005459	25.008160	25.010834	25.013464	25.016045	25.018562	25.021011	25.023380	25.025658	25.027840	25.029919	25.031879	25.033724	25.035437	25.037018	25.038460	25.039753	25.040894	25.041883	25.042713	25.043381	25.043884	25.044218	25.044388	25.044384	25.044216	25.043880	25.043379	25.042711	25.041885	25.040894	25.039753	25.038456	25.037018	25.035435	25.033722	25.031881	25.029915	25.027840	25.025654	25.023376	25.021006	25.018559	25.016041	25.013462	25.010830	25.008160	25.005457	25.002733	
25.002567	25.005123	25.007660	25.010166	25.012634	25.015055	25.017418	25.019714	25.021938	25.024078	25.026127	25.028074	25.029919	25.031647	25.033257	25.034740	25.036091	25.037304	25.038376	25.039303	25.040081	25.040707	25.041180	25.041496	25.041653	25.041653	25.041494	25.041180	25.040707	25.040085	25.039303	25.038378	25.037302	25.036091	25.034737	25.033257	25.031647	25.029917	25.028072	25.026123	25.024075	25.021936	25.019712	25.017416	25.015053	25.012630	25.010166	25.007656	25.005121	25.002565	
25.002388	25.004768	25.007126	25.009460	25.011757	25.014008	25.016207	25.018347	25.020416	25.022408	25.024313	25.026127	25.027843	25.029451	25.030947	25.032326	25.033585	25.034714	25.035711	25.036575	25.037296	25.037880	25.038321	25.038612	25.038761	25.038761	25.038612	25.038319	25.037884	25.037298	25.036575	25.035709	25.034714	25.033583	25.032328	25.030945	25.029449	25.027840	25.026127	25.024311	25.022404	25.020412	25.018345	25.016209	25.014008	25.011757	25.009457	25.007126	25.004765	25.002388	
25.002203	25.004391	25.006571	25.008717	25.010834	25.012909	25.014938	25.016909	25.018816	25.020649	25.022408	25.024078	25.025658	25.027142	25.028522	25.029793	25.030952	25.031992	25.032913	25.033707	25.034374	25.034912	25.035315	25.035585	25.035721	25.035721	25.035587	25.035316	25.034910	25.034378	25.033707	25.032913	25.031990	25.030952	25.029791	25.028521	25.027142	25.025658	25.024076	25.022408	25.020649	25.018814	25.016907	25.014935	25.012911	25.010834	25.008717	25.006565	25.004393	25.002201	
25.002007	25.004005	25.005983	25.007946	25.009869	25.011765	25.013609	25.015408	25.017143	25.018816	25.020416	25.021938	25.023380	25.024731	25.025988	25.027143	25.028202	25.029150	25.029987	25.030712	25.031319	25.031811	25.032177	25.032425	25.032547	25.032547	25.032425	25.032177	25.031809	25.031319	25.030712	25.029987	25.029152	25.028200	25.027145	25.025986	25.024727	25.023378	25.021938	25.020412	25.018814	25.017141	25.015404	25.013611	25.011761	25.009872	25.007942	25.005985	25.004000	25.002005	
25.001801	25.003595	25.005381	25.007137	25.008873	25.010571	25.012232	25.013844	25.015408	25.016907	25.018349	25.019714	25.021011	25.022223	25.023354	25.024395	25.025343	25.026196	25.026947	25.027599	25.028147	25.028587	25.028915	25.029139	25.029249	25.029251	25.029140	25.028915	25.028585	25.028149	25.027599	25.026949	25.026196	25.025345	25.024395	25.023354	25.022224	25.021009	25.019714	25.018345	25.016907	25.015406	25.013844	25.012230	25.010571	25.008873	25.007137	25.005375	25.003597	25.001801	
25.001591	25.003178	25.004749	25.006310	25.007835	25.009340	25.010803	25.012234	25.013611	25.014940	25.016207	25.017422	25.018559	25.019634	25.020632	25.021551	25.022388	25.023144	25.023808	25.024384	25.024868	25.025255	25.025549	25.025742	25.025841	25.025843	25.025743	25.025547	25.025253	25.024864	25.024384	25.023809	25.023144	25.022388	25.021551	25.020630	25.019634	25.018560	25.017418	25.016209	25.014936	25.013611	25.012230	25.010807	25.009338	25.007839	25.006306	25.004753	25.003178	25.001591	
25.001377	25.002745	25.004107	25.005447	25.006775	25.008072	25.009342	25.010571	25.011765	25.012909	25.014009	25.015053	25.016043	25.016968	25.017832	25.018627	25.019352	25.020000	25.020576	25.021076	25.021492	25.021828	25.022079	25.022251	25.022335	25.022335	25.022251	25.022079	25.021828	25.021492	25.021072	25.020578	25.020000	25.019352	25.018627	25.017830	25.016972	25.016043	25.015053	25.014008	25.012911	25.011763	25.010571	25.009338	25.008072	25.006775	25.005451	25.004105	25.002747	25.001375	
25.001152	25.002304	25.003445	25.004574	25.005684	25.006775	25.007837	25.008873	25.009871	25.010834	25.011755	25.012634	25.013462	25.014240	25.014965	25.015629	25.016239	25.016787	25.017269	25.017685	25.018038	25.018316	25.018532	25.018673	25.018745	25.018744	25.018673	25.018532	25.018318	25.018036	25.017685	25.017269	25.016787	25.016239	25.015631	25.014965	25.014240	25.013462	25.012634	25.011755	25.010834	25.009872	25.008871	25.007839	25.006775	25.005686	25.004574	25.003445	25.002304	25.001154	
25.000931	25.001854	25.002773	25.003677	25.004574	25.005449	25.006306	25.007137	25.007942	25.008717	25.009459	25.010166	25.010830	25.011457	25.012039	25.012577	25.013065	25.013504	25.013893	25.014231	25.014511	25.014740	25.014910	25.015026	25.015079	25.015081	25.015024	25.014912	25.014740	25.014513	25.014229	25.013893	25.013504	25.013065	25.012577	25.012039	25.011459	25.010832	25.010164	25.009460	25.008717	25.007942	25.007137	25.006306	25.005451	25.004574	25.003681	25.002769	25.001854	25.000927	
25.000702	25.001396	25.002087	25.002773	25.003445	25.004105	25.004749	25.005377	25.005981	25.006567	25.007126	25.007656	25.008160	25.008631	25.009071	25.009472	25.009842	25.010174	25.010468	25.010719	25.010933	25.011103	25.011234	25.011318	25.011362	25.011360	25.011318	25.011232	25.011105	25.010933	25.010719	25.010468	25.010174	25.009842	25.009474	25.009071	25.008633	25.008160	25.007660	25.007126	25.006569	25.005983	25.005379	25.004753	25.004105	25.003445	25.002771	25.002087	25.001396	25.000700	
25.000469	25.000935	25.001394	25.001854	25.002304	25.002745	25.003178	25.003597	25.004002	25.004393	25.004765	25.005123	25.005457	25.005774	25.006065	25.006336	25.006584	25.006805	25.007000	25.007172	25.007311	25.007427	25.007511	25.007570	25.007599	25.007599	25.007568	25.007511	25.007425	25.007313	25.007168	25.007000	25.006805	25.006582	25.006336	25.006065	25.005772	25.005459	25.005119	25.004766	25.004391	25.004002	25.003597	25.003178	25.002748	25.002304	25.001854	25.001396	25.000935	25.000467	
25.000237	25.000469	25.000700	25.000927	25.001152	25.001375	25.001591	25.001801	25.002005	25.002201	25.002388	25.002565	25.002735	25.002892	25.003040	25.003174	25.003300	25.003407	25.003508	25.003592	25.003662	25.003719	25.003763	25.003792	25.003807	25.003807	25.003792	25.003761	25.003719	25.003662	25.003590	25.003506	25.003408	25.003298	25.003174	25.003036	25.002892	25.002733	25.002567	25.002388	25.002199	25.002003	25.001801	25.001593	25.001377	25.001156	25.000929	25.000698	25.000467	25.000235	
