25.009720	25.019365	25.029400	25.039200	25.049740	25.059870	25.071016	25.081543	25.093266	25.104130	25.116241	25.127243	25.139408	25.150202	25.161947	25.172087	25.182850	25.191822	25.201006	25.208298	25.215334	25.220486	25.224911	25.227577	25.229090	25.229088	25.227579	25.224911	25.220486	25.215334	25.208298	25.201006	25.191822	25.182852	25.172087	25.161949	25.150200	25.139408	25.127243	25.116241	25.104132	25.093266	25.081543	25.071016	25.059868	25.049742	25.039204	25.029400	25.019365	25.009720	
25.019365	25.039124	25.058582	25.079176	25.099140	25.120878	25.141605	25.164562	25.186064	25.210026	25.232038	25.256485	25.278458	25.302565	25.323694	25.346411	25.365723	25.385870	25.402317	25.418711	25.431301	25.442890	25.450806	25.456810	25.459511	25.459511	25.456810	25.450806	25.442892	25.431301	25.418711	25.402317	25.385874	25.365723	25.346415	25.323692	25.302565	25.278456	25.256485	25.232040	25.210028	25.186062	25.164562	25.141605	25.120880	25.099142	25.079178	25.058582	25.039124	25.019367	
25.029400	25.058584	25.088915	25.118580	25.150438	25.181099	25.214785	25.246656	25.282072	25.314972	25.351566	25.384872	25.421625	25.454308	25.489792	25.520493	25.553009	25.580177	25.607914	25.629993	25.651245	25.666843	25.680210	25.688286	25.692850	25.692852	25.688288	25.680210	25.666843	25.651245	25.629992	25.607914	25.580177	25.553011	25.520493	25.489794	25.454308	25.421625	25.384872	25.351566	25.314972	25.282074	25.246656	25.214785	25.181099	25.150440	25.118580	25.088919	25.058582	25.029400	
25.039202	25.079174	25.118580	25.160229	25.200676	25.244625	25.286621	25.333023	25.376602	25.425026	25.469646	25.519039	25.563572	25.612280	25.655109	25.701004	25.740150	25.780851	25.814192	25.847305	25.872826	25.896236	25.912281	25.924406	25.929882	25.929882	25.924408	25.912277	25.896236	25.872826	25.847305	25.814190	25.780853	25.740150	25.701006	25.655109	25.612278	25.563574	25.519035	25.469643	25.425026	25.376602	25.333023	25.286623	25.244625	25.200680	25.160233	25.118582	25.079176	25.039202	
25.049740	25.099142	25.150438	25.200676	25.254524	25.306475	25.363380	25.417400	25.477215	25.532988	25.594774	25.651247	25.713289	25.768705	25.828604	25.880661	25.935541	25.981609	26.028425	26.065861	26.101728	26.128174	26.150734	26.164433	26.172129	26.172132	26.164429	26.150736	26.128174	26.101728	26.065857	26.028423	25.981609	25.935539	25.880659	25.828606	25.768703	25.713289	25.651245	25.594774	25.532986	25.477215	25.417400	25.363379	25.306477	25.254520	25.200678	25.150438	25.099140	25.049740	
25.059868	25.120880	25.181099	25.244625	25.306473	25.373465	25.437714	25.508410	25.575096	25.648853	25.717146	25.792356	25.860533	25.934685	26.000256	26.070118	26.130051	26.192003	26.243042	26.293444	26.332514	26.368145	26.392706	26.411163	26.419546	26.419544	26.411163	26.392704	26.368145	26.332512	26.293444	26.243042	26.192001	26.130051	26.070118	26.000254	25.934685	25.860531	25.792355	25.717144	25.648853	25.575096	25.508408	25.437714	25.373461	25.306475	25.244625	25.181099	25.120876	25.059870	
25.071016	25.141605	25.214785	25.286621	25.363382	25.437714	25.518789	25.596115	25.681290	25.761148	25.849108	25.929977	26.018280	26.097645	26.182882	26.257441	26.335526	26.401512	26.468117	26.521736	26.572765	26.610645	26.642738	26.662357	26.673309	26.673309	26.662357	26.642738	26.610647	26.572765	26.521736	26.468117	26.401514	26.335526	26.257439	26.182882	26.097645	26.018278	25.929974	25.849106	25.761147	25.681288	25.596115	25.518784	25.437714	25.363377	25.286625	25.214783	25.141605	25.071014	
25.081545	25.164560	25.246655	25.333023	25.417402	25.508411	25.596113	25.692102	25.783169	25.883270	25.976553	26.078592	26.171732	26.272312	26.361897	26.456650	26.538534	26.622545	26.692286	26.760628	26.814009	26.862322	26.895880	26.920906	26.932360	26.932360	26.920908	26.895882	26.862322	26.814011	26.760626	26.692286	26.622543	26.538532	26.456650	26.361897	26.272314	26.171730	26.078592	25.976549	25.883268	25.783167	25.692101	25.596113	25.508408	25.417402	25.333021	25.246656	25.164560	25.081545	
25.093266	25.186064	25.282074	25.376602	25.477217	25.575096	25.681292	25.783169	25.894676	25.999924	26.115028	26.221634	26.337152	26.441792	26.553274	26.651579	26.753696	26.840706	26.927799	26.998503	27.065224	27.115173	27.157133	27.182999	27.197323	27.197321	27.182999	27.157133	27.115171	27.065222	26.998505	26.927799	26.840708	26.753696	26.651581	26.553274	26.441788	26.337152	26.221630	26.115025	25.999924	25.894674	25.783169	25.681290	25.575096	25.477215	25.376600	25.282074	25.186064	25.093266	
25.104130	25.210028	25.314972	25.425028	25.532986	25.648853	25.761145	25.883266	25.999922	26.127213	26.246740	26.376451	26.495817	26.623638	26.738461	26.858852	26.963810	27.070541	27.159935	27.246754	27.315182	27.376553	27.419567	27.451355	27.466038	27.466036	27.451359	27.419567	27.376551	27.315182	27.246752	27.159937	27.070541	26.963810	26.858852	26.738459	26.623638	26.495811	26.376450	26.246738	26.127214	25.999924	25.883270	25.761147	25.648853	25.532990	25.425026	25.314972	25.210028	25.104130	
25.116243	25.232040	25.351566	25.469646	25.594776	25.717144	25.849106	25.976551	26.115025	26.246738	26.389618	26.523064	26.666410	26.797415	26.935720	27.058807	27.185474	27.294422	27.402439	27.490967	27.573715	27.636259	27.688295	27.720686	27.738443	27.738449	27.720682	27.688297	27.636261	27.573713	27.490971	27.402439	27.294418	27.185474	27.058805	26.935722	26.797411	26.666410	26.523060	26.389618	26.246738	26.115026	25.976551	25.849108	25.717144	25.594776	25.469643	25.351566	25.232038	25.116241	
25.127243	25.256485	25.384874	25.519035	25.651247	25.792355	25.929977	26.078590	26.221630	26.376450	26.523062	26.680763	26.827206	26.982565	27.123453	27.269756	27.398548	27.528229	27.637928	27.743402	27.827375	27.901930	27.954718	27.993336	28.011349	28.011349	27.993338	27.954718	27.901928	27.827375	27.743401	27.637928	27.528229	27.398546	27.269756	27.123453	26.982567	26.827204	26.680759	26.523060	26.376450	26.221630	26.078592	25.929976	25.792356	25.651247	25.519035	25.384872	25.256485	25.127243	
25.139408	25.278458	25.421625	25.563576	25.713287	25.860535	26.018276	26.171730	26.337151	26.495813	26.666409	26.827206	26.998302	27.156181	27.321224	27.469578	27.620705	27.752022	27.880878	27.987591	28.086298	28.161688	28.223759	28.262798	28.283981	28.283983	28.262796	28.223759	28.161686	28.086296	27.987595	27.880880	27.752022	27.620705	27.469576	27.321226	27.156179	26.998304	26.827204	26.666410	26.495815	26.337152	26.171730	26.018280	25.860533	25.713291	25.563572	25.421625	25.278458	25.139408	
25.150202	25.302565	25.454308	25.612278	25.768707	25.934685	26.097647	26.272310	26.441790	26.623634	26.797413	26.982567	27.156181	27.338533	27.505587	27.677273	27.829994	27.982151	28.112240	28.235985	28.335566	28.423031	28.485630	28.530933	28.552294	28.552294	28.530931	28.485630	28.423029	28.335566	28.235985	28.112240	27.982155	27.829994	27.677275	27.505587	27.338535	27.156181	26.982567	26.797411	26.623636	26.441788	26.272312	26.097645	25.934685	25.768703	25.612278	25.454308	25.302565	25.150202	
25.161949	25.323692	25.489794	25.655111	25.828606	26.000256	26.182882	26.361897	26.553274	26.738459	26.935722	27.123453	27.321224	27.505589	27.696312	27.869568	28.044182	28.197550	28.346420	28.471058	28.585081	28.673136	28.744837	28.790436	28.814903	28.814903	28.790436	28.744835	28.673136	28.585079	28.471056	28.346422	28.197552	28.044186	27.869568	27.696314	27.505587	27.321226	27.123451	26.935722	26.738459	26.553274	26.361897	26.182880	26.000254	25.828604	25.655109	25.489794	25.323694	25.161949	
25.172087	25.346415	25.520493	25.701006	25.880661	26.070120	26.257442	26.456650	26.651577	26.858852	27.058805	27.269756	27.469578	27.677273	27.869568	28.065075	28.240887	28.414135	28.563896	28.704779	28.819424	28.918993	28.991066	29.042637	29.067230	29.067230	29.042635	28.991066	28.918993	28.819424	28.704779	28.563896	28.414135	28.240887	28.065075	27.869564	27.677273	27.469574	27.269756	27.058804	26.858856	26.651577	26.456650	26.257439	26.070120	25.880661	25.701006	25.520493	25.346415	25.172087	
25.182850	25.365725	25.553007	25.740152	25.935537	26.130051	26.335526	26.538534	26.753696	26.963810	27.185474	27.398550	27.620705	27.829994	28.044182	28.240887	28.436949	28.611088	28.778225	28.919743	29.047749	29.147732	29.228222	29.280003	29.307468	29.307468	29.279999	29.228222	29.147732	29.047749	28.919743	28.778225	28.611086	28.436951	28.240887	28.044186	27.829990	27.620705	27.398548	27.185478	26.963808	26.753700	26.538532	26.335526	26.130051	25.935539	25.740152	25.553009	25.365723	25.182850	
25.191826	25.385872	25.580177	25.780849	25.981613	26.191999	26.401516	26.622543	26.840708	27.070539	27.294422	27.528229	27.752020	27.982155	28.197552	28.414133	28.611090	28.802982	28.970762	29.126799	29.255239	29.365513	29.446259	29.503372	29.530926	29.530926	29.503370	29.446259	29.365513	29.255238	29.126797	28.970760	28.802986	28.611084	28.414135	28.197548	27.982153	27.752020	27.528229	27.294418	27.070543	26.840706	26.622543	26.401514	26.192001	25.981609	25.780851	25.580177	25.385872	25.191824	
25.201006	25.402321	25.607914	25.814194	26.028423	26.243046	26.468115	26.692287	26.927795	27.159939	27.402437	27.637930	27.880882	28.112240	28.346424	28.563896	28.778223	28.970764	29.153454	29.309933	29.449837	29.560394	29.648365	29.705618	29.735640	29.735638	29.705620	29.648363	29.560396	29.449837	29.309933	29.153452	28.970762	28.778225	28.563894	28.346424	28.112240	27.880882	27.637930	27.402441	27.159935	26.927801	26.692284	26.468117	26.243042	26.028423	25.814194	25.607914	25.402317	25.201006	
25.208300	25.418711	25.629993	25.847305	26.065861	26.293442	26.521740	26.760626	26.998505	27.246750	27.490971	27.743401	27.987595	28.235985	28.471058	28.704779	28.919746	29.126799	29.309933	29.478277	29.618481	29.737448	29.825586	29.887201	29.917278	29.917278	29.887199	29.825584	29.737446	29.618481	29.478279	29.309933	29.126799	28.919743	28.704779	28.471058	28.235985	27.987595	27.743404	27.490971	27.246754	26.998503	26.760628	26.521738	26.293444	26.065861	25.847305	25.629993	25.418711	25.208298	
25.215334	25.431303	25.651245	25.872828	26.101728	26.332518	26.572763	26.814013	27.065220	27.315182	27.573713	27.827375	28.086296	28.335567	28.585079	28.819426	29.047750	29.255239	29.449841	29.618481	29.767498	29.886650	29.980343	30.042048	30.074020	30.074020	30.042049	29.980339	29.886650	29.767494	29.618481	29.449839	29.255238	29.047749	28.819424	28.585083	28.335567	28.086298	27.827377	27.573715	27.315184	27.065222	26.814011	26.572765	26.332516	26.101728	25.872828	25.651245	25.431301	25.215334	
25.220486	25.442892	25.666843	25.896236	26.128178	26.368145	26.610649	26.862320	27.115173	27.376549	27.636259	27.901930	28.161688	28.423029	28.673134	28.918993	29.147734	29.365515	29.560394	29.737450	29.886650	30.011763	30.105560	30.170357	30.202366	30.202366	30.170357	30.105560	30.011761	29.886650	29.737446	29.560396	29.365513	29.147734	28.918995	28.673138	28.423033	28.161690	27.901932	27.636261	27.376549	27.115173	26.862320	26.610649	26.368147	26.128176	25.896236	25.666843	25.442892	25.220486	
25.224911	25.450806	25.680210	25.912281	26.150734	26.392710	26.642736	26.895884	27.157133	27.419567	27.688295	27.954718	28.223759	28.485630	28.744835	28.991064	29.228222	29.446259	29.648365	29.825584	29.980341	30.105560	30.202858	30.267706	30.300911	30.300909	30.267706	30.202858	30.105560	29.980343	29.825588	29.648365	29.446259	29.228226	28.991066	28.744839	28.485632	28.223761	27.954720	27.688297	27.419567	27.157131	26.895882	26.642738	26.392708	26.150736	25.912279	25.680210	25.450806	25.224911	
25.227577	25.456810	25.688288	25.924408	26.164433	26.411163	26.662357	26.920908	27.183001	27.451355	27.720684	27.993336	28.262798	28.530931	28.790434	29.042637	29.279999	29.503372	29.705616	29.887201	30.042046	30.170357	30.267704	30.334156	30.367374	30.367376	30.334156	30.267704	30.170357	30.042049	29.887199	29.705618	29.503372	29.279999	29.042639	28.790440	28.530935	28.262802	27.993336	27.720686	27.451357	27.182999	26.920910	26.662355	26.411163	26.164433	25.924408	25.688286	25.456810	25.227579	
25.229088	25.459511	25.692850	25.929882	26.172131	26.419546	26.673309	26.932362	27.197321	27.466034	27.738443	28.011349	28.283981	28.552292	28.814903	29.067228	29.307468	29.530926	29.735638	29.917276	30.074020	30.202366	30.300911	30.367376	30.401007	30.401005	30.367374	30.300907	30.202364	30.074020	29.917278	29.735638	29.530926	29.307468	29.067232	28.814907	28.552298	28.283983	28.011351	27.738445	27.466038	27.197319	26.932362	26.673309	26.419544	26.172131	25.929882	25.692852	25.459511	25.229088	
25.229088	25.459511	25.692850	25.929882	26.172131	26.419546	26.673309	26.932362	27.197321	27.466034	27.738443	28.011349	28.283981	28.552292	28.814903	29.067228	29.307468	29.530926	29.735638	29.917276	30.074020	30.202366	30.300911	30.367376	30.401007	30.401005	30.367374	30.300907	30.202364	30.074020	29.917278	29.735638	29.530926	29.307468	29.067232	28.814907	28.552298	28.283983	28.011351	27.738445	27.466038	27.197319	26.932362	26.673309	26.419544	26.172131	25.929882	25.692852	25.459511	25.229088	
25.227577	25.456810	25.688288	25.924408	26.164433	26.411163	26.662357	26.920908	27.183001	27.451355	27.720684	27.993336	28.262798	28.530931	28.790434	29.042637	29.279999	29.503372	29.705616	29.887201	30.042046	30.170357	30.267704	30.334156	30.367374	30.367376	30.334156	30.267704	30.170357	30.042049	29.887199	29.705618	29.503372	29.279999	29.042639	28.790440	28.530935	28.262802	27.993336	27.720686	27.451357	27.182999	26.920910	26.662355	26.411163	26.164433	25.924408	25.688286	25.456810	25.227579	
25.224911	25.450806	25.680210	25.912281	26.150734	26.392710	26.642736	26.895884	27.157133	27.419567	27.688295	27.954718	28.223759	28.485630	28.744835	28.991064	29.228222	29.446259	29.648365	29.825584	29.980341	30.105560	30.202858	30.267706	30.300911	30.300909	30.267706	30.202858	30.105560	29.980343	29.825588	29.648365	29.446259	29.228226	28.991066	28.744839	28.485632	28.223761	27.954720	27.688297	27.419567	27.157131	26.895882	26.642738	26.392708	26.150736	25.912279	25.680210	25.450806	25.224911	
25.220486	25.442892	25.666843	25.896236	26.128178	26.368145	26.610649	26.862320	27.115173	27.376549	27.636259	27.901930	28.161688	28.423029	28.673134	28.918993	29.147734	29.365515	29.560394	29.737450	29.886650	30.011763	30.105560	30.170357	30.202366	30.202366	30.170357	30.105560	30.011761	29.886650	29.737446	29.560396	29.365513	29.147734	28.918995	28.673138	28.423033	28.161690	27.901932	27.636261	27.376549	27.115173	26.862320	26.610649	26.368147	26.128176	25.896236	25.666843	25.442892	25.220486	
25.215334	25.431303	25.651245	25.872828	26.101728	26.332518	26.572763	26.814013	27.065220	27.315182	27.573713	27.827375	28.086296	28.335567	28.585079	28.819426	29.047750	29.255239	29.449841	29.618481	29.767498	29.886650	29.980343	30.042048	30.074020	30.074020	30.042049	29.980339	29.886650	29.767494	29.618481	29.449839	29.255238	29.047749	28.819424	28.585083	28.335567	28.086298	27.827377	27.573715	27.315184	27.065222	26.814011	26.572765	26.332516	26.101728	25.872828	25.651245	25.431301	25.215334	
25.208300	25.418711	25.629993	25.847305	26.065861	26.293442	26.521740	26.760626	26.998505	27.246750	27.490971	27.743401	27.987595	28.235985	28.471058	28.704779	28.919746	29.126799	29.309933	29.478277	29.618481	29.737448	29.825586	29.887201	29.917278	29.917278	29.887199	29.825584	29.737446	29.618481	29.478279	29.309933	29.126799	28.919743	28.704779	28.471058	28.235985	27.987595	27.743404	27.490971	27.246754	26.998503	26.760628	26.521738	26.293444	26.065861	25.847305	25.629993	25.418711	25.208298	
25.201006	25.402321	25.607914	25.814194	26.028423	26.243046	26.468115	26.692287	26.927795	27.159939	27.402437	27.637930	27.880882	28.112240	28.346424	28.563896	28.778223	28.970764	29.153454	29.309933	29.449837	29.560394	29.648365	29.705618	29.735640	29.735638	29.705620	29.648363	29.560396	29.449837	29.309933	29.153452	28.970762	28.778225	28.563894	28.346424	28.112240	27.880882	27.637930	27.402441	27.159935	26.927801	26.692284	26.468117	26.243042	26.028423	25.814194	25.607914	25.402317	25.201006	
25.191826	25.385872	25.580177	25.780849	25.981613	26.191999	26.401516	26.622543	26.840708	27.070539	27.294422	27.528229	27.752020	27.982155	28.197552	28.414133	28.611090	28.802982	28.970762	29.126799	29.255239	29.365513	29.446259	29.503372	29.530926	29.530926	29.503370	29.446259	29.365513	29.255238	29.126797	28.970760	28.802986	28.611084	28.414135	28.197548	27.982153	27.752020	27.528229	27.294418	27.070543	26.840706	26.622543	26.401514	26.192001	25.981609	25.780851	25.580177	25.385872	25.191824	
25.182850	25.365725	25.553007	25.740152	25.935537	26.130051	26.335526	26.538534	26.753696	26.963810	27.185474	27.398550	27.620705	27.829994	28.044182	28.240887	28.436949	28.611088	28.778225	28.919743	29.047749	29.147732	29.228222	29.280003	29.307468	29.307468	29.279999	29.228222	29.147732	29.047749	28.919743	28.778225	28.611086	28.436951	28.240887	28.044186	27.829990	27.620705	27.398548	27.185478	26.963808	26.753700	26.538532	26.335526	26.130051	25.935539	25.740152	25.553009	25.365723	25.182850	
25.172087	25.346415	25.520493	25.701006	25.880661	26.070120	26.257442	26.456650	26.651577	26.858852	27.058805	27.269756	27.469578	27.677273	27.869568	28.065075	28.240887	28.414135	28.563896	28.704779	28.819424	28.918993	28.991066	29.042637	29.067230	29.067230	29.042635	28.991066	28.918993	28.819424	28.704779	28.563896	28.414135	28.240887	28.065075	27.869564	27.677273	27.469574	27.269756	27.058804	26.858856	26.651577	26.456650	26.257439	26.070120	25.880661	25.701006	25.520493	25.346415	25.172087	
25.161949	25.323692	25.489794	25.655111	25.828606	26.000256	26.182882	26.361897	26.553274	26.738459	26.935722	27.123453	27.321224	27.505589	27.696312	27.869568	28.044182	28.197550	28.346420	28.471058	28.585081	28.673136	28.744837	28.790436	28.814903	28.814903	28.790436	28.744835	28.673136	28.585079	28.471056	28.346422	28.197552	28.044186	27.869568	27.696314	27.505587	27.321226	27.123451	26.935722	26.738459	26.553274	26.361897	26.182880	26.000254	25.828604	25.655109	25.489794	25.323694	25.161949	
25.150202	25.302565	25.454308	25.612278	25.768707	25.934685	26.097647	26.272310	26.441790	26.623634	26.797413	26.982567	27.156181	27.338533	27.505587	27.677273	27.829994	27.982151	28.112240	28.235985	28.335566	28.423031	28.485630	28.530933	28.552294	28.552294	28.530931	28.485630	28.423029	28.335566	28.235985	28.112240	27.982155	27.829994	27.677275	27.505587	27.338535	27.156181	26.982567	26.797411	26.623636	26.441788	26.272312	26.097645	25.934685	25.768703	25.612278	25.454308	25.302565	25.150202	
25.139408	25.278458	25.421625	25.563576	25.713287	25.860535	26.018276	26.171730	26.337151	26.495813	26.666409	26.827206	26.998302	27.156181	27.321224	27.469578	27.620705	27.752022	27.880878	27.987591	28.086298	28.161688	28.223759	28.262798	28.283981	28.283983	28.262796	28.223759	28.161686	28.086296	27.987595	27.880880	27.752022	27.620705	27.469576	27.321226	27.156179	26.998304	26.827204	26.666410	26.495815	26.337152	26.171730	26.018280	25.860533	25.713291	25.563572	25.421625	25.278458	25.139408	
25.127243	25.256485	25.384874	25.519035	25.651247	25.792355	25.929977	26.078590	26.221630	26.376450	26.523062	26.680763	26.827206	26.982565	27.123453	27.269756	27.398548	27.528229	27.637928	27.743402	27.827375	27.901930	27.954718	27.993336	28.011349	28.011349	27.993338	27.954718	27.901928	27.827375	27.743401	27.637928	27.528229	27.398546	27.269756	27.123453	26.982567	26.827204	26.680759	26.523060	26.376450	26.221630	26.078592	25.929976	25.792356	25.651247	25.519035	25.384872	25.256485	25.127243	
25.116243	25.232040	25.351566	25.469646	25.594776	25.717144	25.849106	25.976551	26.115025	26.246738	26.389618	26.523064	26.666410	26.797415	26.935720	27.058807	27.185474	27.294422	27.402439	27.490967	27.573715	27.636259	27.688295	27.720686	27.738443	27.738449	27.720682	27.688297	27.636261	27.573713	27.490971	27.402439	27.294418	27.185474	27.058805	26.935722	26.797411	26.666410	26.523060	26.389618	26.246738	26.115026	25.976551	25.849108	25.717144	25.594776	25.469643	25.351566	25.232038	25.116241	
25.104130	25.210028	25.314972	25.425028	25.532986	25.648853	25.761145	25.883266	25.999922	26.127213	26.246740	26.376451	26.495817	26.623638	26.738461	26.858852	26.963810	27.070541	27.159935	27.246754	27.315182	27.376553	27.419567	27.451355	27.466038	27.466036	27.451359	27.419567	27.376551	27.315182	27.246752	27.159937	27.070541	26.963810	26.858852	26.738459	26.623638	26.495811	26.376450	26.246738	26.127214	25.999924	25.883270	25.761147	25.648853	25.532990	25.425026	25.314972	25.210028	25.104130	
25.093266	25.186064	25.282074	25.376602	25.477217	25.575096	25.681292	25.783169	25.894676	25.999924	26.115028	26.221634	26.337152	26.441792	26.553274	26.651579	26.753696	26.840706	26.927799	26.998503	27.065224	27.115173	27.157133	27.182999	27.197323	27.197321	27.182999	27.157133	27.115171	27.065222	26.998505	26.927799	26.840708	26.753696	26.651581	26.553274	26.441788	26.337152	26.221630	26.115025	25.999924	25.894674	25.783169	25.681290	25.575096	25.477215	25.376600	25.282074	25.186064	25.093266	
25.081545	25.164560	25.246655	25.333023	25.417402	25.508411	25.596113	25.692102	25.783169	25.883270	25.976553	26.078592	26.171732	26.272312	26.361897	26.456650	26.538534	26.622545	26.692286	26.760628	26.814009	26.862322	26.895880	26.920906	26.932360	26.932360	26.920908	26.895882	26.862322	26.814011	26.760626	26.692286	26.622543	26.538532	26.456650	26.361897	26.272314	26.171730	26.078592	25.976549	25.883268	25.783167	25.692101	25.596113	25.508408	25.417402	25.333021	25.246656	25.164560	25.081545	
25.071016	25.141605	25.214785	25.286621	25.363382	25.437714	25.518789	25.596115	25.681290	25.761148	25.849108	25.929977	26.018280	26.097645	26.182882	26.257441	26.335526	26.401512	26.468117	26.521736	26.572765	26.610645	26.642738	26.662357	26.673309	26.673309	26.662357	26.642738	26.610647	26.572765	26.521736	26.468117	26.401514	26.335526	26.257439	26.182882	26.097645	26.018278	25.929974	25.849106	25.761147	25.681288	25.596115	25.518784	25.437714	25.363377	25.286625	25.214783	25.141605	25.071014	
25.059868	25.120880	25.181099	25.244625	25.306473	25.373465	25.437714	25.508410	25.575096	25.648853	25.717146	25.792356	25.860533	25.934685	26.000256	26.070118	26.130051	26.192003	26.243042	26.293444	26.332514	26.368145	26.392706	26.411163	26.419546	26.419544	26.411163	26.392704	26.368145	26.332512	26.293444	26.243042	26.192001	26.130051	26.070118	26.000254	25.934685	25.860531	25.792355	25.717144	25.648853	25.575096	25.508408	25.437714	25.373461	25.306475	25.244625	25.181099	25.120876	25.059870	
25.049740	25.099142	25.150438	25.200676	25.254524	25.306475	25.363380	25.417400	25.477215	25.532988	25.594774	25.651247	25.713289	25.768705	25.828604	25.880661	25.935541	25.981609	26.028425	26.065861	26.101728	26.128174	26.150734	26.164433	26.172129	26.172132	26.164429	26.150736	26.128174	26.101728	26.065857	26.028423	25.981609	25.935539	25.880659	25.828606	25.768703	25.713289	25.651245	25.594774	25.532986	25.477215	25.417400	25.363379	25.306477	25.254520	25.200678	25.150438	25.099140	25.049740	
25.039202	25.079174	25.118580	25.160229	25.200676	25.244625	25.286621	25.333023	25.376602	25.425026	25.469646	25.519039	25.563572	25.612280	25.655109	25.701004	25.740150	25.780851	25.814192	25.847305	25.872826	25.896236	25.912281	25.924406	25.929882	25.929882	25.924408	25.912277	25.896236	25.872826	25.847305	25.814190	25.780853	25.740150	25.701006	25.655109	25.612278	25.563574	25.519035	25.469643	25.425026	25.376602	25.333023	25.286623	25.244625	25.200680	25.160233	25.118582	25.079176	25.039202	
25.029400	25.058584	25.088915	25.118580	25.150438	25.181099	25.214785	25.246656	25.282072	25.314972	25.351566	25.384872	25.421625	25.454308	25.489792	25.520493	25.553009	25.580177	25.607914	25.629993	25.651245	25.666843	25.680210	25.688286	25.692850	25.692852	25.688288	25.680210	25.666843	25.651245	25.629992	25.607914	25.580177	25.553011	25.520493	25.489794	25.454308	25.421625	25.384872	25.351566	25.314972	25.282074	25.246656	25.214785	25.181099	25.150440	25.118580	25.088919	25.058582	25.029400	
25.019365	25.039124	25.058582	25.079176	25.099140	25.120878	25.141605	25.164562	25.186064	25.210026	25.232038	25.256485	25.278458	25.302565	25.323694	25.346411	25.365723	25.385870	25.402317	25.418711	25.431301	25.442890	25.450806	25.456810	25.459511	25.459511	25.456810	25.450806	25.442892	25.431301	25.418711	25.402317	25.385874	25.365723	25.346415	25.323692	25.302565	25.278456	25.256485	25.232040	25.210028	25.186062	25.164562	25.141605	25.120880	25.099142	25.079178	25.058582	25.039124	25.019367	
25.009720	25.019365	25.029400	25.039200	25.049740	25.059870	25.071016	25.081543	25.093266	25.104130	25.116241	25.127243	25.139408	25.150202	25.161947	25.172087	25.182850	25.191822	25.201006	25.208298	25.215334	25.220486	25.224911	25.227577	25.229090	25.229088	25.227579	25.224911	25.220486	25.215334	25.208298	25.201006	25.191822	25.182852	25.172087	25.161949	25.150200	25.139408	25.127243	25.116241	25.104132	25.093266	25.081543	25.071016	25.059868	25.049742	25.039204	25.029400	25.019365	25.009720	
