25.000351	25.000698	25.001045	25.001385	25.001724	25.002052	25.002375	25.002689	25.002993	25.003284	25.003565	25.003830	25.004082	25.004318	25.004536	25.004738	25.004923	25.005087	25.005234	25.005360	25.005468	25.005554	25.005619	25.005659	25.005680	25.005682	25.005661	25.005615	25.005554	25.005466	25.005363	25.005234	25.005089	25.004921	25.004740	25.004536	25.004316	25.004082	25.003830	25.003563	25.003284	25.002991	25.002689	25.002377	25.002052	25.001724	25.001387	25.001045	25.000698	25.000351	
25.000698	25.001396	25.002087	25.002769	25.003441	25.004099	25.004742	25.005367	25.005974	25.006557	25.007114	25.007645	25.008148	25.008617	25.009056	25.009460	25.009827	25.010159	25.010448	25.010704	25.010914	25.011086	25.011211	25.011297	25.011341	25.011341	25.011299	25.011213	25.011082	25.010918	25.010700	25.010450	25.010159	25.009827	25.009459	25.009056	25.008617	25.008146	25.007645	25.007114	25.006554	25.005974	25.005367	25.004742	25.004101	25.003441	25.002769	25.002085	25.001396	25.000698	
25.001045	25.002087	25.003120	25.004139	25.005144	25.006128	25.007092	25.008026	25.008934	25.009804	25.010637	25.011433	25.012180	25.012886	25.013542	25.014145	25.014694	25.015190	25.015625	25.016003	25.016319	25.016575	25.016766	25.016893	25.016956	25.016956	25.016891	25.016766	25.016575	25.016319	25.016003	25.015625	25.015190	25.014694	25.014145	25.013538	25.012886	25.012180	25.011431	25.010635	25.009804	25.008930	25.008030	25.007092	25.006130	25.005146	25.004139	25.003119	25.002085	25.001045	
25.001385	25.002769	25.004137	25.005493	25.006828	25.008137	25.009413	25.010656	25.011856	25.013012	25.014122	25.015175	25.016169	25.017105	25.017975	25.018776	25.019505	25.020161	25.020741	25.021242	25.021662	25.021999	25.022255	25.022427	25.022511	25.022509	25.022423	25.022255	25.022001	25.021666	25.021240	25.020741	25.020159	25.019505	25.018774	25.017975	25.017103	25.016167	25.015171	25.014120	25.013012	25.011856	25.010654	25.009415	25.008137	25.006828	25.005493	25.004139	25.002768	25.001389	
25.001724	25.003441	25.005146	25.006828	25.008486	25.010113	25.011700	25.013243	25.014736	25.016174	25.017551	25.018858	25.020096	25.021259	25.022339	25.023335	25.024242	25.025057	25.025778	25.026402	25.026924	25.027342	25.027660	25.027870	25.027977	25.027977	25.027870	25.027660	25.027346	25.026922	25.026402	25.025776	25.025059	25.024240	25.023335	25.022339	25.021257	25.020096	25.018858	25.017548	25.016174	25.014734	25.013245	25.011698	25.010113	25.008488	25.006828	25.005142	25.003441	25.001722	
25.002052	25.004101	25.006126	25.008137	25.010113	25.012051	25.013943	25.015781	25.017561	25.019272	25.020912	25.022472	25.023945	25.025333	25.026617	25.027805	25.028885	25.029858	25.030716	25.031460	25.032082	25.032581	25.032957	25.033213	25.033337	25.033340	25.033211	25.032961	25.032581	25.032085	25.031460	25.030718	25.029856	25.028889	25.027805	25.026619	25.025330	25.023947	25.022470	25.020912	25.019272	25.017559	25.015778	25.013943	25.012049	25.010113	25.008137	25.006130	25.004097	25.002054	
25.002377	25.004742	25.007092	25.009411	25.011702	25.013943	25.016132	25.018257	25.020317	25.022301	25.024197	25.026001	25.027708	25.029308	25.030798	25.032169	25.033422	25.034546	25.035542	25.036396	25.037117	25.037697	25.038136	25.038425	25.038574	25.038574	25.038429	25.038136	25.037701	25.037117	25.036398	25.035540	25.034546	25.033421	25.032173	25.030796	25.029308	25.027704	25.026001	25.024193	25.022299	25.020313	25.018257	25.016129	25.013943	25.011700	25.009413	25.007092	25.004744	25.002375	
25.002689	25.005369	25.008026	25.010656	25.013241	25.015781	25.018257	25.020664	25.022995	25.025238	25.027386	25.029430	25.031361	25.033176	25.034859	25.036415	25.037830	25.039104	25.040226	25.041203	25.042015	25.042673	25.043165	25.043497	25.043661	25.043663	25.043495	25.043167	25.042669	25.042015	25.041199	25.040226	25.039104	25.037830	25.036411	25.034863	25.033173	25.031363	25.029427	25.027386	25.025238	25.022997	25.020662	25.018257	25.015778	25.013243	25.010654	25.008026	25.005367	25.002689	
25.002995	25.005974	25.008932	25.011856	25.014736	25.017559	25.020317	25.022995	25.025589	25.028084	25.030476	25.032747	25.034897	25.036915	25.038792	25.040520	25.042095	25.043510	25.044765	25.045845	25.046753	25.047482	25.048035	25.048401	25.048588	25.048584	25.048401	25.048031	25.047485	25.046749	25.045843	25.044762	25.043512	25.042095	25.040522	25.038788	25.036915	25.034893	25.032747	25.030472	25.028084	25.025585	25.022997	25.020313	25.017561	25.014736	25.011856	25.008930	25.005974	25.002991	
25.003284	25.006557	25.009804	25.013012	25.016174	25.019272	25.022297	25.025238	25.028084	25.030823	25.033447	25.035942	25.038300	25.040514	25.042572	25.044472	25.046202	25.047756	25.049126	25.050316	25.051311	25.052114	25.052715	25.053122	25.053322	25.053326	25.053120	25.052719	25.052113	25.051311	25.050316	25.049129	25.047754	25.046204	25.044472	25.042576	25.040510	25.038300	25.035938	25.033443	25.030823	25.028084	25.025236	25.022299	25.019272	25.016174	25.013012	25.009804	25.006556	25.003284	
25.003563	25.007114	25.010635	25.014122	25.017548	25.020912	25.024193	25.027386	25.030472	25.033445	25.036293	25.038998	25.041559	25.043961	25.046196	25.048256	25.050133	25.051817	25.053310	25.054596	25.055677	25.056545	25.057201	25.057640	25.057861	25.057859	25.057642	25.057201	25.056549	25.055676	25.054596	25.053308	25.051819	25.050131	25.048256	25.046192	25.043959	25.041555	25.038998	25.036289	25.033443	25.030470	25.027386	25.024193	25.020914	25.017548	25.014122	25.010635	25.007114	25.003563	
25.003830	25.007643	25.011433	25.015171	25.018860	25.022469	25.026001	25.029427	25.032747	25.035942	25.038998	25.041908	25.044659	25.047239	25.049641	25.051853	25.053871	25.055685	25.057285	25.058670	25.059830	25.060764	25.061470	25.061941	25.062176	25.062180	25.061939	25.061470	25.060762	25.059834	25.058666	25.057285	25.055683	25.053871	25.051855	25.049641	25.047237	25.044657	25.041906	25.038998	25.035938	25.032747	25.029427	25.026001	25.022469	25.018862	25.015171	25.011431	25.007645	25.003830	
25.004082	25.008148	25.012178	25.016171	25.020092	25.023949	25.027704	25.031361	25.034897	25.038300	25.041557	25.044659	25.047590	25.050339	25.052898	25.055258	25.057407	25.059338	25.061045	25.062521	25.063759	25.064754	25.065504	25.066006	25.066257	25.066257	25.066008	25.065502	25.064754	25.063755	25.062519	25.061043	25.059340	25.057407	25.055256	25.052898	25.050339	25.047588	25.044657	25.041555	25.038300	25.034893	25.031363	25.027706	25.023949	25.020094	25.016171	25.012180	25.008146	25.004080	
25.004318	25.008617	25.012886	25.017101	25.021259	25.025330	25.029308	25.033173	25.036913	25.040514	25.043961	25.047239	25.050339	25.053249	25.055956	25.058453	25.060724	25.062769	25.064573	25.066132	25.067444	25.068495	25.069290	25.069820	25.070087	25.070087	25.069820	25.069290	25.068493	25.067444	25.066132	25.064573	25.062767	25.060726	25.058449	25.055956	25.053246	25.050339	25.047237	25.043961	25.040510	25.036915	25.033173	25.029308	25.025330	25.021259	25.017101	25.012886	25.008617	25.004318	
25.004536	25.009056	25.013538	25.017975	25.022335	25.026619	25.030796	25.034861	25.038788	25.042572	25.046194	25.049641	25.052898	25.055956	25.058804	25.061424	25.063814	25.065960	25.067856	25.069496	25.070869	25.071980	25.072811	25.073370	25.073650	25.073650	25.073372	25.072811	25.071978	25.070869	25.069496	25.067856	25.065960	25.063810	25.061424	25.058800	25.055958	25.052895	25.049641	25.046192	25.042572	25.038788	25.034863	25.030800	25.026619	25.022339	25.017973	25.013538	25.009056	25.004536	
25.004738	25.009457	25.014145	25.018772	25.023335	25.027805	25.032169	25.036415	25.040520	25.044470	25.048256	25.051855	25.055260	25.058453	25.061424	25.064165	25.066658	25.068901	25.070883	25.072596	25.074032	25.075188	25.076057	25.076641	25.076933	25.076935	25.076641	25.076057	25.075188	25.074030	25.072594	25.070883	25.068897	25.066658	25.064161	25.061424	25.058449	25.055260	25.051851	25.048256	25.044470	25.040520	25.036415	25.032171	25.027805	25.023335	25.018772	25.014145	25.009459	25.004738	
25.004921	25.009827	25.014694	25.019505	25.024242	25.028887	25.033422	25.037830	25.042095	25.046200	25.050133	25.053873	25.057407	25.060726	25.063814	25.066658	25.069252	25.071579	25.073643	25.075418	25.076912	25.078114	25.079018	25.079622	25.079926	25.079926	25.079624	25.079018	25.078110	25.076910	25.075417	25.073639	25.071581	25.069248	25.066658	25.063810	25.060726	25.057404	25.053871	25.050129	25.046202	25.042093	25.037830	25.033424	25.028885	25.024240	25.019505	25.014694	25.009827	25.004921	
25.005089	25.010155	25.015190	25.020161	25.025057	25.029860	25.034546	25.039104	25.043510	25.047754	25.051819	25.055683	25.059338	25.062769	25.065956	25.068901	25.071579	25.073990	25.076118	25.077957	25.079500	25.080742	25.081676	25.082302	25.082615	25.082615	25.082302	25.081673	25.080738	25.079496	25.077953	25.076118	25.073986	25.071581	25.068897	25.065960	25.062767	25.059341	25.055679	25.051819	25.047752	25.043512	25.039101	25.034546	25.029858	25.025055	25.020161	25.015186	25.010159	25.005089	
25.005234	25.010450	25.015625	25.020741	25.025778	25.030716	25.035540	25.040226	25.044762	25.049126	25.053308	25.057285	25.061047	25.064571	25.067856	25.070881	25.073641	25.076115	25.078308	25.080198	25.081787	25.083061	25.084026	25.084669	25.084990	25.084991	25.084667	25.084023	25.083061	25.081783	25.080196	25.078304	25.076118	25.073637	25.070883	25.067856	25.064575	25.061043	25.057285	25.053305	25.049129	25.044762	25.040228	25.035538	25.030718	25.025776	25.020741	25.015625	25.010448	25.005234	
25.005363	25.010700	25.016003	25.021242	25.026400	25.031460	25.036400	25.041199	25.045843	25.050316	25.054596	25.058670	25.062519	25.066135	25.069492	25.072596	25.075417	25.077957	25.080196	25.082138	25.083759	25.085070	25.086056	25.086712	25.087046	25.087042	25.086712	25.086052	25.085068	25.083759	25.082134	25.080200	25.077953	25.075420	25.072594	25.069498	25.066132	25.062523	25.058666	25.054596	25.050312	25.045845	25.041199	25.036400	25.031458	25.026400	25.021240	25.016003	25.010702	25.005362	
25.005466	25.010914	25.016319	25.021664	25.026922	25.032082	25.037117	25.042013	25.046753	25.051311	25.055677	25.059830	25.063759	25.067440	25.070871	25.074030	25.076912	25.079498	25.081787	25.083759	25.085419	25.086754	25.087759	25.088430	25.088766	25.088768	25.088428	25.087757	25.086750	25.085419	25.083759	25.081783	25.079500	25.076912	25.074034	25.070869	25.067444	25.063757	25.059834	25.055676	25.051313	25.046749	25.042015	25.037119	25.032082	25.026920	25.021662	25.016319	25.010914	25.005466	
25.005554	25.011082	25.016573	25.022001	25.027342	25.032581	25.037699	25.042671	25.047482	25.052113	25.056547	25.060764	25.064753	25.068495	25.071976	25.075188	25.078110	25.080742	25.083059	25.085072	25.086754	25.088108	25.089128	25.089811	25.090153	25.090153	25.089809	25.089127	25.088108	25.086754	25.085068	25.083063	25.080742	25.078114	25.075188	25.071981	25.068495	25.064754	25.060764	25.056549	25.052111	25.047485	25.042671	25.037699	25.032581	25.027344	25.021999	25.016575	25.011084	25.005552	
25.005615	25.011211	25.016766	25.022255	25.027660	25.032959	25.038136	25.043167	25.048033	25.052717	25.057201	25.061470	25.065502	25.069290	25.072811	25.076057	25.079018	25.081675	25.084026	25.086052	25.087757	25.089128	25.090162	25.090851	25.091198	25.091198	25.090851	25.090160	25.089127	25.087759	25.086056	25.084024	25.081676	25.079018	25.076061	25.072811	25.069290	25.065502	25.061470	25.057198	25.052719	25.048031	25.043167	25.038136	25.032959	25.027660	25.022255	25.016766	25.011211	25.005617	
25.005661	25.011299	25.016893	25.022425	25.027870	25.033211	25.038427	25.043495	25.048401	25.053120	25.057640	25.061939	25.066006	25.069818	25.073368	25.076641	25.079622	25.082302	25.084667	25.086712	25.088430	25.089811	25.090851	25.091549	25.091896	25.091896	25.091545	25.090851	25.089811	25.088432	25.086712	25.084667	25.082302	25.079624	25.076641	25.073372	25.069820	25.066006	25.061939	25.057640	25.053120	25.048401	25.043495	25.038429	25.033211	25.027872	25.022427	25.016895	25.011297	25.005659	
25.005680	25.011341	25.016958	25.022511	25.027977	25.033340	25.038574	25.043661	25.048584	25.053322	25.057859	25.062176	25.066257	25.070084	25.073648	25.076933	25.079926	25.082615	25.084991	25.087044	25.088766	25.090153	25.091198	25.091896	25.092247	25.092247	25.091896	25.091196	25.090153	25.088768	25.087044	25.084990	25.082615	25.079926	25.076935	25.073650	25.070087	25.066257	25.062176	25.057858	25.053322	25.048584	25.043663	25.038574	25.033339	25.027977	25.022511	25.016960	25.011341	25.005680	
25.005680	25.011341	25.016958	25.022511	25.027977	25.033340	25.038574	25.043661	25.048584	25.053322	25.057859	25.062176	25.066257	25.070084	25.073648	25.076933	25.079926	25.082615	25.084991	25.087044	25.088766	25.090153	25.091198	25.091896	25.092247	25.092247	25.091896	25.091196	25.090153	25.088768	25.087044	25.084990	25.082615	25.079926	25.076935	25.073650	25.070087	25.066257	25.062176	25.057858	25.053322	25.048584	25.043663	25.038574	25.033339	25.027977	25.022511	25.016960	25.011341	25.005680	
25.005661	25.011299	25.016893	25.022425	25.027870	25.033211	25.038427	25.043495	25.048401	25.053120	25.057640	25.061939	25.066006	25.069818	25.073368	25.076641	25.079622	25.082302	25.084667	25.086712	25.088430	25.089811	25.090851	25.091549	25.091896	25.091896	25.091545	25.090851	25.089811	25.088432	25.086712	25.084667	25.082302	25.079624	25.076641	25.073372	25.069820	25.066006	25.061939	25.057640	25.053120	25.048401	25.043495	25.038429	25.033211	25.027872	25.022427	25.016895	25.011297	25.005659	
25.005615	25.011211	25.016766	25.022255	25.027660	25.032959	25.038136	25.043167	25.048033	25.052717	25.057201	25.061470	25.065502	25.069290	25.072811	25.076057	25.079018	25.081675	25.084026	25.086052	25.087757	25.089128	25.090162	25.090851	25.091198	25.091198	25.090851	25.090160	25.089127	25.087759	25.086056	25.084024	25.081676	25.079018	25.076061	25.072811	25.069290	25.065502	25.061470	25.057198	25.052719	25.048031	25.043167	25.038136	25.032959	25.027660	25.022255	25.016766	25.011211	25.005617	
25.005554	25.011082	25.016573	25.022001	25.027342	25.032581	25.037699	25.042671	25.047482	25.052113	25.056547	25.060764	25.064753	25.068495	25.071976	25.075188	25.078110	25.080742	25.083059	25.085072	25.086754	25.088108	25.089128	25.089811	25.090153	25.090153	25.089809	25.089127	25.088108	25.086754	25.085068	25.083063	25.080742	25.078114	25.075188	25.071981	25.068495	25.064754	25.060764	25.056549	25.052111	25.047485	25.042671	25.037699	25.032581	25.027344	25.021999	25.016575	25.011084	25.005552	
25.005466	25.010914	25.016319	25.021664	25.026922	25.032082	25.037117	25.042013	25.046753	25.051311	25.055677	25.059830	25.063759	25.067440	25.070871	25.074030	25.076912	25.079498	25.081787	25.083759	25.085419	25.086754	25.087759	25.088430	25.088766	25.088768	25.088428	25.087757	25.086750	25.085419	25.083759	25.081783	25.079500	25.076912	25.074034	25.070869	25.067444	25.063757	25.059834	25.055676	25.051313	25.046749	25.042015	25.037119	25.032082	25.026920	25.021662	25.016319	25.010914	25.005466	
25.005363	25.010700	25.016003	25.021242	25.026400	25.031460	25.036400	25.041199	25.045843	25.050316	25.054596	25.058670	25.062519	25.066135	25.069492	25.072596	25.075417	25.077957	25.080196	25.082138	25.083759	25.085070	25.086056	25.086712	25.087046	25.087042	25.086712	25.086052	25.085068	25.083759	25.082134	25.080200	25.077953	25.075420	25.072594	25.069498	25.066132	25.062523	25.058666	25.054596	25.050312	25.045845	25.041199	25.036400	25.031458	25.026400	25.021240	25.016003	25.010702	25.005362	
25.005234	25.010450	25.015625	25.020741	25.025778	25.030716	25.035540	25.040226	25.044762	25.049126	25.053308	25.057285	25.061047	25.064571	25.067856	25.070881	25.073641	25.076115	25.078308	25.080198	25.081787	25.083061	25.084026	25.084669	25.084990	25.084991	25.084667	25.084023	25.083061	25.081783	25.080196	25.078304	25.076118	25.073637	25.070883	25.067856	25.064575	25.061043	25.057285	25.053305	25.049129	25.044762	25.040228	25.035538	25.030718	25.025776	25.020741	25.015625	25.010448	25.005234	
25.005089	25.010155	25.015190	25.020161	25.025057	25.029860	25.034546	25.039104	25.043510	25.047754	25.051819	25.055683	25.059338	25.062769	25.065956	25.068901	25.071579	25.073990	25.076118	25.077957	25.079500	25.080742	25.081676	25.082302	25.082615	25.082615	25.082302	25.081673	25.080738	25.079496	25.077953	25.076118	25.073986	25.071581	25.068897	25.065960	25.062767	25.059341	25.055679	25.051819	25.047752	25.043512	25.039101	25.034546	25.029858	25.025055	25.020161	25.015186	25.010159	25.005089	
25.004921	25.009827	25.014694	25.019505	25.024242	25.028887	25.033422	25.037830	25.042095	25.046200	25.050133	25.053873	25.057407	25.060726	25.063814	25.066658	25.069252	25.071579	25.073643	25.075418	25.076912	25.078114	25.079018	25.079622	25.079926	25.079926	25.079624	25.079018	25.078110	25.076910	25.075417	25.073639	25.071581	25.069248	25.066658	25.063810	25.060726	25.057404	25.053871	25.050129	25.046202	25.042093	25.037830	25.033424	25.028885	25.024240	25.019505	25.014694	25.009827	25.004921	
25.004738	25.009457	25.014145	25.018772	25.023335	25.027805	25.032169	25.036415	25.040520	25.044470	25.048256	25.051855	25.055260	25.058453	25.061424	25.064165	25.066658	25.068901	25.070883	25.072596	25.074032	25.075188	25.076057	25.076641	25.076933	25.076935	25.076641	25.076057	25.075188	25.074030	25.072594	25.070883	25.068897	25.066658	25.064161	25.061424	25.058449	25.055260	25.051851	25.048256	25.044470	25.040520	25.036415	25.032171	25.027805	25.023335	25.018772	25.014145	25.009459	25.004738	
25.004536	25.009056	25.013538	25.017975	25.022335	25.026619	25.030796	25.034861	25.038788	25.042572	25.046194	25.049641	25.052898	25.055956	25.058804	25.061424	25.063814	25.065960	25.067856	25.069496	25.070869	25.071980	25.072811	25.073370	25.073650	25.073650	25.073372	25.072811	25.071978	25.070869	25.069496	25.067856	25.065960	25.063810	25.061424	25.058800	25.055958	25.052895	25.049641	25.046192	25.042572	25.038788	25.034863	25.030800	25.026619	25.022339	25.017973	25.013538	25.009056	25.004536	
25.004318	25.008617	25.012886	25.017101	25.021259	25.025330	25.029308	25.033173	25.036913	25.040514	25.043961	25.047239	25.050339	25.053249	25.055956	25.058453	25.060724	25.062769	25.064573	25.066132	25.067444	25.068495	25.069290	25.069820	25.070087	25.070087	25.069820	25.069290	25.068493	25.067444	25.066132	25.064573	25.062767	25.060726	25.058449	25.055956	25.053246	25.050339	25.047237	25.043961	25.040510	25.036915	25.033173	25.029308	25.025330	25.021259	25.017101	25.012886	25.008617	25.004318	
25.004082	25.008148	25.012178	25.016171	25.020092	25.023949	25.027704	25.031361	25.034897	25.038300	25.041557	25.044659	25.047590	25.050339	25.052898	25.055258	25.057407	25.059338	25.061045	25.062521	25.063759	25.064754	25.065504	25.066006	25.066257	25.066257	25.066008	25.065502	25.064754	25.063755	25.062519	25.061043	25.059340	25.057407	25.055256	25.052898	25.050339	25.047588	25.044657	25.041555	25.038300	25.034893	25.031363	25.027706	25.023949	25.020094	25.016171	25.012180	25.008146	25.004080	
25.003830	25.007643	25.011433	25.015171	25.018860	25.022469	25.026001	25.029427	25.032747	25.035942	25.038998	25.041908	25.044659	25.047239	25.049641	25.051853	25.053871	25.055685	25.057285	25.058670	25.059830	25.060764	25.061470	25.061941	25.062176	25.062180	25.061939	25.061470	25.060762	25.059834	25.058666	25.057285	25.055683	25.053871	25.051855	25.049641	25.047237	25.044657	25.041906	25.038998	25.035938	25.032747	25.029427	25.026001	25.022469	25.018862	25.015171	25.011431	25.007645	25.003830	
25.003563	25.007114	25.010635	25.014122	25.017548	25.020912	25.024193	25.027386	25.030472	25.033445	25.036293	25.038998	25.041559	25.043961	25.046196	25.048256	25.050133	25.051817	25.053310	25.054596	25.055677	25.056545	25.057201	25.057640	25.057861	25.057859	25.057642	25.057201	25.056549	25.055676	25.054596	25.053308	25.051819	25.050131	25.048256	25.046192	25.043959	25.041555	25.038998	25.036289	25.033443	25.030470	25.027386	25.024193	25.020914	25.017548	25.014122	25.010635	25.007114	25.003563	
25.003284	25.006557	25.009804	25.013012	25.016174	25.019272	25.022297	25.025238	25.028084	25.030823	25.033447	25.035942	25.038300	25.040514	25.042572	25.044472	25.046202	25.047756	25.049126	25.050316	25.051311	25.052114	25.052715	25.053122	25.053322	25.053326	25.053120	25.052719	25.052113	25.051311	25.050316	25.049129	25.047754	25.046204	25.044472	25.042576	25.040510	25.038300	25.035938	25.033443	25.030823	25.028084	25.025236	25.022299	25.019272	25.016174	25.013012	25.009804	25.006556	25.003284	
25.002995	25.005974	25.008932	25.011856	25.014736	25.017559	25.020317	25.022995	25.025589	25.028084	25.030476	25.032747	25.034897	25.036915	25.038792	25.040520	25.042095	25.043510	25.044765	25.045845	25.046753	25.047482	25.048035	25.048401	25.048588	25.048584	25.048401	25.048031	25.047485	25.046749	25.045843	25.044762	25.043512	25.042095	25.040522	25.038788	25.036915	25.034893	25.032747	25.030472	25.028084	25.025585	25.022997	25.020313	25.017561	25.014736	25.011856	25.008930	25.005974	25.002991	
25.002689	25.005369	25.008026	25.010656	25.013241	25.015781	25.018257	25.020664	25.022995	25.025238	25.027386	25.029430	25.031361	25.033176	25.034859	25.036415	25.037830	25.039104	25.040226	25.041203	25.042015	25.042673	25.043165	25.043497	25.043661	25.043663	25.043495	25.043167	25.042669	25.042015	25.041199	25.040226	25.039104	25.037830	25.036411	25.034863	25.033173	25.031363	25.029427	25.027386	25.025238	25.022997	25.020662	25.018257	25.015778	25.013243	25.010654	25.008026	25.005367	25.002689	
25.002377	25.004742	25.007092	25.009411	25.011702	25.013943	25.016132	25.018257	25.020317	25.022301	25.024197	25.026001	25.027708	25.029308	25.030798	25.032169	25.033422	25.034546	25.035542	25.036396	25.037117	25.037697	25.038136	25.038425	25.038574	25.038574	25.038429	25.038136	25.037701	25.037117	25.036398	25.035540	25.034546	25.033421	25.032173	25.030796	25.029308	25.027704	25.026001	25.024193	25.022299	25.020313	25.018257	25.016129	25.013943	25.011700	25.009413	25.007092	25.004744	25.002375	
25.002052	25.004101	25.006126	25.008137	25.010113	25.012051	25.013943	25.015781	25.017561	25.019272	25.020912	25.022472	25.023945	25.025333	25.026617	25.027805	25.028885	25.029858	25.030716	25.031460	25.032082	25.032581	25.032957	25.033213	25.033337	25.033340	25.033211	25.032961	25.032581	25.032085	25.031460	25.030718	25.029856	25.028889	25.027805	25.026619	25.025330	25.023947	25.022470	25.020912	25.019272	25.017559	25.015778	25.013943	25.012049	25.010113	25.008137	25.006130	25.004097	25.002054	
25.001724	25.003441	25.005146	25.006828	25.008486	25.010113	25.011700	25.013243	25.014736	25.016174	25.017551	25.018858	25.020096	25.021259	25.022339	25.023335	25.024242	25.025057	25.025778	25.026402	25.026924	25.027342	25.027660	25.027870	25.027977	25.027977	25.027870	25.027660	25.027346	25.026922	25.026402	25.025776	25.025059	25.024240	25.023335	25.022339	25.021257	25.020096	25.018858	25.017548	25.016174	25.014734	25.013245	25.011698	25.010113	25.008488	25.006828	25.005142	25.003441	25.001722	
25.001385	25.002769	25.004137	25.005493	25.006828	25.008137	25.009413	25.010656	25.011856	25.013012	25.014122	25.015175	25.016169	25.017105	25.017975	25.018776	25.019505	25.020161	25.020741	25.021242	25.021662	25.021999	25.022255	25.022427	25.022511	25.022509	25.022423	25.022255	25.022001	25.021666	25.021240	25.020741	25.020159	25.019505	25.018774	25.017975	25.017103	25.016167	25.015171	25.014120	25.013012	25.011856	25.010654	25.009415	25.008137	25.006828	25.005493	25.004139	25.002768	25.001389	
25.001045	25.002087	25.003120	25.004139	25.005144	25.006128	25.007092	25.008026	25.008934	25.009804	25.010637	25.011433	25.012180	25.012886	25.013542	25.014145	25.014694	25.015190	25.015625	25.016003	25.016319	25.016575	25.016766	25.016893	25.016956	25.016956	25.016891	25.016766	25.016575	25.016319	25.016003	25.015625	25.015190	25.014694	25.014145	25.013538	25.012886	25.012180	25.011431	25.010635	25.009804	25.008930	25.008030	25.007092	25.006130	25.005146	25.004139	25.003119	25.002085	25.001045	
25.000698	25.001396	25.002087	25.002769	25.003441	25.004099	25.004742	25.005367	25.005974	25.006557	25.007114	25.007645	25.008148	25.008617	25.009056	25.009460	25.009827	25.010159	25.010448	25.010704	25.010914	25.011086	25.011211	25.011297	25.011341	25.011341	25.011299	25.011213	25.011082	25.010918	25.010700	25.010450	25.010159	25.009827	25.009459	25.009056	25.008617	25.008146	25.007645	25.007114	25.006554	25.005974	25.005367	25.004742	25.004101	25.003441	25.002769	25.002085	25.001396	25.000698	
25.000351	25.000698	25.001045	25.001385	25.001724	25.002052	25.002375	25.002689	25.002993	25.003284	25.003565	25.003830	25.004082	25.004318	25.004536	25.004738	25.004923	25.005087	25.005234	25.005360	25.005468	25.005554	25.005619	25.005659	25.005680	25.005682	25.005661	25.005615	25.005554	25.005466	25.005363	25.005234	25.005089	25.004921	25.004740	25.004536	25.004316	25.004082	25.003830	25.003563	25.003284	25.002991	25.002689	25.002377	25.002052	25.001724	25.001387	25.001045	25.000698	25.000351	
