25.000473	25.000946	25.001415	25.001879	25.002335	25.002783	25.003220	25.003643	25.004055	25.004450	25.004829	25.005188	25.005529	25.005850	25.006145	25.006420	25.006670	25.006897	25.007092	25.007265	25.007408	25.007523	25.007610	25.007669	25.007698	25.007698	25.007668	25.007610	25.007524	25.007408	25.007263	25.007092	25.006895	25.006670	25.006420	25.006145	25.005848	25.005529	25.005188	25.004829	25.004448	25.004055	25.003645	25.003218	25.002781	25.002335	25.001877	25.001415	25.000946	25.000473	
25.000946	25.001888	25.002823	25.003750	25.004662	25.005554	25.006426	25.007273	25.008095	25.008883	25.009640	25.010357	25.011036	25.011675	25.012270	25.012814	25.013317	25.013762	25.014158	25.014500	25.014786	25.015018	25.015192	25.015308	25.015366	25.015366	25.015306	25.015194	25.015018	25.014790	25.014498	25.014160	25.013760	25.013315	25.012815	25.012268	25.011673	25.011036	25.010357	25.009636	25.008883	25.008093	25.007271	25.006424	25.005554	25.004662	25.003748	25.002823	25.001888	25.000946	
25.001413	25.002823	25.004223	25.005606	25.006969	25.008305	25.009609	25.010876	25.012100	25.013283	25.014412	25.015486	25.016502	25.017460	25.018345	25.019165	25.019909	25.020580	25.021168	25.021683	25.022110	25.022455	25.022717	25.022888	25.022976	25.022976	25.022890	25.022715	25.022457	25.022108	25.021683	25.021168	25.020580	25.019905	25.019163	25.018345	25.017456	25.016502	25.015484	25.014412	25.013281	25.012100	25.010876	25.009605	25.008303	25.006968	25.005608	25.004225	25.002823	25.001415	
25.001877	25.003750	25.005606	25.007442	25.009251	25.011023	25.012754	25.014435	25.016066	25.017630	25.019131	25.020557	25.021906	25.023172	25.024353	25.025436	25.026428	25.027315	25.028103	25.028780	25.029350	25.029808	25.030153	25.030386	25.030499	25.030500	25.030384	25.030155	25.029808	25.029350	25.028778	25.028101	25.027313	25.026428	25.025436	25.024353	25.023170	25.021908	25.020555	25.019129	25.017630	25.016064	25.014435	25.012753	25.011024	25.009251	25.007442	25.005606	25.003750	25.001877	
25.002335	25.004660	25.006966	25.009251	25.011496	25.013700	25.015850	25.017944	25.019966	25.021912	25.023775	25.025551	25.027225	25.028801	25.030266	25.031614	25.032845	25.033951	25.034927	25.035770	25.036478	25.037048	25.037479	25.037764	25.037907	25.037909	25.037766	25.037476	25.037048	25.036476	25.035772	25.034924	25.033951	25.032845	25.031616	25.030264	25.028801	25.027225	25.025549	25.023777	25.021912	25.019964	25.017941	25.015852	25.013700	25.011497	25.009251	25.006969	25.004658	25.002335	
25.002783	25.005552	25.008305	25.011021	25.013700	25.016323	25.018890	25.021381	25.023792	25.026112	25.028332	25.030445	25.032444	25.034319	25.036064	25.037674	25.039141	25.040455	25.041618	25.042625	25.043468	25.044147	25.044659	25.045002	25.045170	25.045174	25.044998	25.044657	25.044146	25.043468	25.042624	25.041620	25.040455	25.039139	25.037672	25.036064	25.034317	25.032444	25.030445	25.028332	25.026110	25.023788	25.021381	25.018888	25.016325	25.013699	25.011024	25.008303	25.005552	25.002781	
25.003218	25.006426	25.009605	25.012754	25.015850	25.018890	25.021854	25.024738	25.027525	25.030212	25.032780	25.035227	25.037537	25.039709	25.041729	25.043591	25.045284	25.046806	25.048153	25.049316	25.050293	25.051079	25.051674	25.052065	25.052265	25.052263	25.052065	25.051670	25.051079	25.050293	25.049320	25.048153	25.046808	25.045280	25.043587	25.041725	25.039709	25.037537	25.035227	25.032780	25.030212	25.027527	25.024736	25.021854	25.018890	25.015852	25.012754	25.009609	25.006428	25.003220	
25.003645	25.007273	25.010876	25.014435	25.017944	25.021378	25.024738	25.028000	25.031158	25.034195	25.037106	25.039871	25.042492	25.044945	25.047232	25.049337	25.051258	25.052982	25.054504	25.055824	25.056927	25.057819	25.058487	25.058935	25.059158	25.059158	25.058933	25.058483	25.057816	25.056929	25.055820	25.054504	25.052980	25.051256	25.049335	25.047230	25.044945	25.042492	25.039871	25.037106	25.034195	25.031158	25.028000	25.024738	25.021381	25.017942	25.014437	25.010876	25.007275	25.003643	
25.004053	25.008095	25.012100	25.016064	25.019962	25.023792	25.027527	25.031157	25.034670	25.038052	25.041286	25.044369	25.047281	25.050014	25.052555	25.054901	25.057037	25.058956	25.060654	25.062117	25.063349	25.064335	25.065083	25.065578	25.065830	25.065826	25.065578	25.065079	25.064335	25.063345	25.062115	25.060650	25.058954	25.057034	25.054901	25.052555	25.050014	25.047279	25.044369	25.041288	25.038052	25.034672	25.031158	25.027527	25.023792	25.019966	25.016066	25.012102	25.008095	25.004055	
25.004452	25.008881	25.013281	25.017630	25.021914	25.026110	25.030212	25.034195	25.038052	25.041763	25.045317	25.048695	25.051891	25.054892	25.057684	25.060255	25.062599	25.064705	25.066565	25.068176	25.069523	25.070610	25.071426	25.071976	25.072245	25.072247	25.071972	25.071424	25.070608	25.069523	25.068172	25.066565	25.064701	25.062599	25.060253	25.057682	25.054890	25.051893	25.048697	25.045315	25.041763	25.038052	25.034199	25.030212	25.026112	25.021915	25.017632	25.013283	25.008881	25.004450	
25.004826	25.009636	25.014410	25.019131	25.023773	25.028334	25.032780	25.037106	25.041288	25.045315	25.049170	25.052837	25.056307	25.059563	25.062592	25.065380	25.067924	25.070208	25.072227	25.073975	25.075438	25.076616	25.077503	25.078094	25.078396	25.078392	25.078094	25.077501	25.076614	25.075436	25.073973	25.072227	25.070210	25.067923	25.065384	25.062588	25.059563	25.056307	25.052839	25.049171	25.045315	25.041288	25.037106	25.032780	25.028332	25.023777	25.019131	25.014412	25.009640	25.004829	
25.005188	25.010357	25.015488	25.020555	25.025551	25.030445	25.035227	25.039873	25.044369	25.048695	25.052837	25.056782	25.060509	25.064007	25.067259	25.070259	25.072990	25.075449	25.077616	25.079494	25.081066	25.082331	25.083286	25.083925	25.084240	25.084244	25.083921	25.083286	25.082329	25.081066	25.079491	25.077618	25.075445	25.072990	25.070255	25.067259	25.064003	25.060509	25.056782	25.052839	25.048695	25.044369	25.039873	25.035229	25.030445	25.025551	25.020557	25.015488	25.010357	25.005188	
25.005527	25.011036	25.016502	25.021908	25.027225	25.032444	25.037537	25.042490	25.047283	25.051891	25.056305	25.060509	25.064480	25.068207	25.071674	25.074867	25.077782	25.080399	25.082712	25.084709	25.086388	25.087736	25.088753	25.089432	25.089773	25.089769	25.089432	25.088751	25.087734	25.086384	25.084709	25.082710	25.080399	25.077782	25.074871	25.071671	25.068207	25.064480	25.060509	25.056305	25.051893	25.047279	25.042492	25.037537	25.032448	25.027227	25.021906	25.016502	25.011038	25.005529	
25.005848	25.011673	25.017456	25.023170	25.028801	25.034317	25.039707	25.044947	25.050014	25.054893	25.059561	25.064005	25.068207	25.072147	25.075815	25.079199	25.082275	25.085049	25.087492	25.089607	25.091381	25.092804	25.093882	25.094601	25.094959	25.094961	25.094597	25.093880	25.092804	25.091379	25.089603	25.087490	25.085045	25.082279	25.079193	25.075817	25.072145	25.068205	25.064003	25.059563	25.054890	25.050014	25.044945	25.039709	25.034319	25.028803	25.023174	25.017456	25.011677	25.005848	
25.006145	25.012268	25.018345	25.024349	25.030262	25.036064	25.041725	25.047234	25.052557	25.057686	25.062588	25.067261	25.071674	25.075817	25.079672	25.083221	25.086460	25.089371	25.091942	25.094162	25.096025	25.097527	25.098656	25.099411	25.099789	25.099789	25.099409	25.098654	25.097525	25.096024	25.094162	25.091938	25.089371	25.086460	25.083225	25.079670	25.075817	25.071671	25.067261	25.062590	25.057684	25.052555	25.047234	25.041727	25.036068	25.030266	25.024353	25.018345	25.012270	25.006145	
25.006420	25.012814	25.019161	25.025436	25.031614	25.037672	25.043587	25.049339	25.054901	25.060255	25.065380	25.070259	25.074869	25.079199	25.083221	25.086937	25.090317	25.093357	25.096041	25.098362	25.100307	25.101873	25.103054	25.103844	25.104239	25.104239	25.103844	25.103054	25.101875	25.100306	25.098358	25.096039	25.093353	25.090317	25.086933	25.083225	25.079197	25.074871	25.070257	25.065382	25.060255	25.054901	25.049335	25.043591	25.037674	25.031616	25.025436	25.019163	25.012815	25.006420	
25.006668	25.013313	25.019905	25.026426	25.032845	25.039139	25.045282	25.051258	25.057034	25.062599	25.067924	25.072990	25.077784	25.082275	25.086460	25.090315	25.093830	25.096987	25.099775	25.102188	25.104210	25.105835	25.107061	25.107882	25.108292	25.108292	25.107883	25.107065	25.105835	25.104208	25.102184	25.099773	25.096985	25.093826	25.090317	25.086460	25.082279	25.077780	25.072992	25.067924	25.062599	25.057035	25.051258	25.045284	25.039143	25.032845	25.026428	25.019909	25.013315	25.006672	
25.006893	25.013762	25.020576	25.027313	25.033951	25.040455	25.046806	25.052982	25.058956	25.064705	25.070210	25.075447	25.080399	25.085045	25.089369	25.093357	25.096985	25.100250	25.103134	25.105625	25.107716	25.109398	25.110664	25.111511	25.111935	25.111937	25.111513	25.110664	25.109398	25.107712	25.105625	25.103130	25.100250	25.096985	25.093353	25.089371	25.085045	25.080400	25.075447	25.070210	25.064705	25.058956	25.052980	25.046810	25.040455	25.033951	25.027315	25.020578	25.013763	25.006895	
25.007093	25.014156	25.021168	25.028103	25.034927	25.041616	25.048153	25.054504	25.060650	25.066566	25.072227	25.077618	25.082710	25.087490	25.091940	25.096039	25.099777	25.103132	25.106098	25.108662	25.110811	25.112541	25.113846	25.114719	25.115154	25.115156	25.114716	25.113850	25.112541	25.110813	25.108660	25.106098	25.103130	25.099773	25.096039	25.091938	25.087492	25.082710	25.077618	25.072227	25.066566	25.060650	25.054508	25.048153	25.041618	25.034927	25.028103	25.021168	25.014160	25.007092	
25.007263	25.014500	25.021683	25.028782	25.035769	25.042625	25.049316	25.055824	25.062115	25.068174	25.073973	25.079491	25.084705	25.089605	25.094158	25.098360	25.102184	25.105625	25.108662	25.111286	25.113489	25.115261	25.116596	25.117489	25.117939	25.117935	25.117493	25.116596	25.115261	25.113487	25.111286	25.108662	25.105623	25.102186	25.098362	25.094162	25.089605	25.084711	25.079491	25.073975	25.068172	25.062117	25.055820	25.049316	25.042625	25.035770	25.028780	25.021683	25.014500	25.007265	
25.007408	25.014786	25.022110	25.029350	25.036478	25.043468	25.050293	25.056927	25.063347	25.069523	25.075436	25.081066	25.086386	25.091377	25.096024	25.100304	25.104208	25.107714	25.110813	25.113487	25.115736	25.117542	25.118904	25.119816	25.120270	25.120274	25.119812	25.118906	25.117542	25.115738	25.113489	25.110811	25.107716	25.104206	25.100307	25.096025	25.091381	25.086388	25.081068	25.075436	25.069523	25.063343	25.056927	25.050293	25.043468	25.036480	25.029350	25.022110	25.014788	25.007408	
25.007523	25.015018	25.022453	25.029810	25.037048	25.044147	25.051079	25.057819	25.064335	25.070610	25.076614	25.082333	25.087734	25.092806	25.097523	25.101875	25.105835	25.109396	25.112541	25.115261	25.117542	25.119377	25.120762	25.121687	25.122152	25.122150	25.121689	25.120762	25.119379	25.117542	25.115261	25.112543	25.109398	25.105839	25.101873	25.097527	25.092808	25.087736	25.082331	25.076618	25.070606	25.064335	25.057816	25.051079	25.044146	25.037048	25.029808	25.022457	25.015018	25.007523	
25.007610	25.015192	25.022717	25.030151	25.037476	25.044659	25.051672	25.058487	25.065083	25.071426	25.077503	25.083286	25.088753	25.093880	25.098656	25.103054	25.107065	25.110664	25.113846	25.116598	25.118904	25.120762	25.122160	25.123098	25.123566	25.123566	25.123096	25.122162	25.120762	25.118906	25.116596	25.113846	25.110664	25.107063	25.103054	25.098656	25.093882	25.088751	25.083286	25.077503	25.071426	25.065079	25.058487	25.051670	25.044659	25.037477	25.030153	25.022717	25.015190	25.007610	
25.007668	25.015308	25.022888	25.030386	25.037766	25.045002	25.052065	25.058935	25.065578	25.071976	25.078096	25.083923	25.089432	25.094603	25.099411	25.103844	25.107883	25.111513	25.114719	25.117489	25.119816	25.121687	25.123096	25.124039	25.124512	25.124512	25.124039	25.123096	25.121689	25.119816	25.117491	25.114719	25.111511	25.107883	25.103846	25.099411	25.094601	25.089432	25.083923	25.078098	25.071976	25.065578	25.058933	25.052067	25.045000	25.037764	25.030384	25.022890	25.015308	25.007669	
25.007698	25.015368	25.022976	25.030500	25.037907	25.045174	25.052265	25.059158	25.065826	25.072248	25.078394	25.084244	25.089771	25.094959	25.099791	25.104240	25.108295	25.111938	25.115154	25.117935	25.120272	25.122150	25.123566	25.124512	25.124985	25.124985	25.124512	25.123568	25.122150	25.120274	25.117939	25.115154	25.111937	25.108294	25.104240	25.099789	25.094961	25.089773	25.084244	25.078396	25.072250	25.065826	25.059156	25.052265	25.045172	25.037907	25.030502	25.022978	25.015368	25.007698	
25.007698	25.015368	25.022976	25.030500	25.037907	25.045174	25.052265	25.059158	25.065826	25.072248	25.078394	25.084244	25.089771	25.094959	25.099791	25.104240	25.108295	25.111938	25.115154	25.117935	25.120272	25.122150	25.123566	25.124512	25.124985	25.124985	25.124512	25.123568	25.122150	25.120274	25.117939	25.115154	25.111937	25.108294	25.104240	25.099789	25.094961	25.089773	25.084244	25.078396	25.072250	25.065826	25.059156	25.052265	25.045172	25.037907	25.030502	25.022978	25.015368	25.007698	
25.007668	25.015308	25.022888	25.030386	25.037766	25.045002	25.052065	25.058935	25.065578	25.071976	25.078096	25.083923	25.089432	25.094603	25.099411	25.103844	25.107883	25.111513	25.114719	25.117489	25.119816	25.121687	25.123096	25.124039	25.124512	25.124512	25.124039	25.123096	25.121689	25.119816	25.117491	25.114719	25.111511	25.107883	25.103846	25.099411	25.094601	25.089432	25.083923	25.078098	25.071976	25.065578	25.058933	25.052067	25.045000	25.037764	25.030384	25.022890	25.015308	25.007669	
25.007610	25.015192	25.022717	25.030151	25.037476	25.044659	25.051672	25.058487	25.065083	25.071426	25.077503	25.083286	25.088753	25.093880	25.098656	25.103054	25.107065	25.110664	25.113846	25.116598	25.118904	25.120762	25.122160	25.123098	25.123566	25.123566	25.123096	25.122162	25.120762	25.118906	25.116596	25.113846	25.110664	25.107063	25.103054	25.098656	25.093882	25.088751	25.083286	25.077503	25.071426	25.065079	25.058487	25.051670	25.044659	25.037477	25.030153	25.022717	25.015190	25.007610	
25.007523	25.015018	25.022453	25.029810	25.037048	25.044147	25.051079	25.057819	25.064335	25.070610	25.076614	25.082333	25.087734	25.092806	25.097523	25.101875	25.105835	25.109396	25.112541	25.115261	25.117542	25.119377	25.120762	25.121687	25.122152	25.122150	25.121689	25.120762	25.119379	25.117542	25.115261	25.112543	25.109398	25.105839	25.101873	25.097527	25.092808	25.087736	25.082331	25.076618	25.070606	25.064335	25.057816	25.051079	25.044146	25.037048	25.029808	25.022457	25.015018	25.007523	
25.007408	25.014786	25.022110	25.029350	25.036478	25.043468	25.050293	25.056927	25.063347	25.069523	25.075436	25.081066	25.086386	25.091377	25.096024	25.100304	25.104208	25.107714	25.110813	25.113487	25.115736	25.117542	25.118904	25.119816	25.120270	25.120274	25.119812	25.118906	25.117542	25.115738	25.113489	25.110811	25.107716	25.104206	25.100307	25.096025	25.091381	25.086388	25.081068	25.075436	25.069523	25.063343	25.056927	25.050293	25.043468	25.036480	25.029350	25.022110	25.014788	25.007408	
25.007263	25.014500	25.021683	25.028782	25.035769	25.042625	25.049316	25.055824	25.062115	25.068174	25.073973	25.079491	25.084705	25.089605	25.094158	25.098360	25.102184	25.105625	25.108662	25.111286	25.113489	25.115261	25.116596	25.117489	25.117939	25.117935	25.117493	25.116596	25.115261	25.113487	25.111286	25.108662	25.105623	25.102186	25.098362	25.094162	25.089605	25.084711	25.079491	25.073975	25.068172	25.062117	25.055820	25.049316	25.042625	25.035770	25.028780	25.021683	25.014500	25.007265	
25.007093	25.014156	25.021168	25.028103	25.034927	25.041616	25.048153	25.054504	25.060650	25.066566	25.072227	25.077618	25.082710	25.087490	25.091940	25.096039	25.099777	25.103132	25.106098	25.108662	25.110811	25.112541	25.113846	25.114719	25.115154	25.115156	25.114716	25.113850	25.112541	25.110813	25.108660	25.106098	25.103130	25.099773	25.096039	25.091938	25.087492	25.082710	25.077618	25.072227	25.066566	25.060650	25.054508	25.048153	25.041618	25.034927	25.028103	25.021168	25.014160	25.007092	
25.006893	25.013762	25.020576	25.027313	25.033951	25.040455	25.046806	25.052982	25.058956	25.064705	25.070210	25.075447	25.080399	25.085045	25.089369	25.093357	25.096985	25.100250	25.103134	25.105625	25.107716	25.109398	25.110664	25.111511	25.111935	25.111937	25.111513	25.110664	25.109398	25.107712	25.105625	25.103130	25.100250	25.096985	25.093353	25.089371	25.085045	25.080400	25.075447	25.070210	25.064705	25.058956	25.052980	25.046810	25.040455	25.033951	25.027315	25.020578	25.013763	25.006895	
25.006668	25.013313	25.019905	25.026426	25.032845	25.039139	25.045282	25.051258	25.057034	25.062599	25.067924	25.072990	25.077784	25.082275	25.086460	25.090315	25.093830	25.096987	25.099775	25.102188	25.104210	25.105835	25.107061	25.107882	25.108292	25.108292	25.107883	25.107065	25.105835	25.104208	25.102184	25.099773	25.096985	25.093826	25.090317	25.086460	25.082279	25.077780	25.072992	25.067924	25.062599	25.057035	25.051258	25.045284	25.039143	25.032845	25.026428	25.019909	25.013315	25.006672	
25.006420	25.012814	25.019161	25.025436	25.031614	25.037672	25.043587	25.049339	25.054901	25.060255	25.065380	25.070259	25.074869	25.079199	25.083221	25.086937	25.090317	25.093357	25.096041	25.098362	25.100307	25.101873	25.103054	25.103844	25.104239	25.104239	25.103844	25.103054	25.101875	25.100306	25.098358	25.096039	25.093353	25.090317	25.086933	25.083225	25.079197	25.074871	25.070257	25.065382	25.060255	25.054901	25.049335	25.043591	25.037674	25.031616	25.025436	25.019163	25.012815	25.006420	
25.006145	25.012268	25.018345	25.024349	25.030262	25.036064	25.041725	25.047234	25.052557	25.057686	25.062588	25.067261	25.071674	25.075817	25.079672	25.083221	25.086460	25.089371	25.091942	25.094162	25.096025	25.097527	25.098656	25.099411	25.099789	25.099789	25.099409	25.098654	25.097525	25.096024	25.094162	25.091938	25.089371	25.086460	25.083225	25.079670	25.075817	25.071671	25.067261	25.062590	25.057684	25.052555	25.047234	25.041727	25.036068	25.030266	25.024353	25.018345	25.012270	25.006145	
25.005848	25.011673	25.017456	25.023170	25.028801	25.034317	25.039707	25.044947	25.050014	25.054893	25.059561	25.064005	25.068207	25.072147	25.075815	25.079199	25.082275	25.085049	25.087492	25.089607	25.091381	25.092804	25.093882	25.094601	25.094959	25.094961	25.094597	25.093880	25.092804	25.091379	25.089603	25.087490	25.085045	25.082279	25.079193	25.075817	25.072145	25.068205	25.064003	25.059563	25.054890	25.050014	25.044945	25.039709	25.034319	25.028803	25.023174	25.017456	25.011677	25.005848	
25.005527	25.011036	25.016502	25.021908	25.027225	25.032444	25.037537	25.042490	25.047283	25.051891	25.056305	25.060509	25.064480	25.068207	25.071674	25.074867	25.077782	25.080399	25.082712	25.084709	25.086388	25.087736	25.088753	25.089432	25.089773	25.089769	25.089432	25.088751	25.087734	25.086384	25.084709	25.082710	25.080399	25.077782	25.074871	25.071671	25.068207	25.064480	25.060509	25.056305	25.051893	25.047279	25.042492	25.037537	25.032448	25.027227	25.021906	25.016502	25.011038	25.005529	
25.005188	25.010357	25.015488	25.020555	25.025551	25.030445	25.035227	25.039873	25.044369	25.048695	25.052837	25.056782	25.060509	25.064007	25.067259	25.070259	25.072990	25.075449	25.077616	25.079494	25.081066	25.082331	25.083286	25.083925	25.084240	25.084244	25.083921	25.083286	25.082329	25.081066	25.079491	25.077618	25.075445	25.072990	25.070255	25.067259	25.064003	25.060509	25.056782	25.052839	25.048695	25.044369	25.039873	25.035229	25.030445	25.025551	25.020557	25.015488	25.010357	25.005188	
25.004826	25.009636	25.014410	25.019131	25.023773	25.028334	25.032780	25.037106	25.041288	25.045315	25.049170	25.052837	25.056307	25.059563	25.062592	25.065380	25.067924	25.070208	25.072227	25.073975	25.075438	25.076616	25.077503	25.078094	25.078396	25.078392	25.078094	25.077501	25.076614	25.075436	25.073973	25.072227	25.070210	25.067923	25.065384	25.062588	25.059563	25.056307	25.052839	25.049171	25.045315	25.041288	25.037106	25.032780	25.028332	25.023777	25.019131	25.014412	25.009640	25.004829	
25.004452	25.008881	25.013281	25.017630	25.021914	25.026110	25.030212	25.034195	25.038052	25.041763	25.045317	25.048695	25.051891	25.054892	25.057684	25.060255	25.062599	25.064705	25.066565	25.068176	25.069523	25.070610	25.071426	25.071976	25.072245	25.072247	25.071972	25.071424	25.070608	25.069523	25.068172	25.066565	25.064701	25.062599	25.060253	25.057682	25.054890	25.051893	25.048697	25.045315	25.041763	25.038052	25.034199	25.030212	25.026112	25.021915	25.017632	25.013283	25.008881	25.004450	
25.004053	25.008095	25.012100	25.016064	25.019962	25.023792	25.027527	25.031157	25.034670	25.038052	25.041286	25.044369	25.047281	25.050014	25.052555	25.054901	25.057037	25.058956	25.060654	25.062117	25.063349	25.064335	25.065083	25.065578	25.065830	25.065826	25.065578	25.065079	25.064335	25.063345	25.062115	25.060650	25.058954	25.057034	25.054901	25.052555	25.050014	25.047279	25.044369	25.041288	25.038052	25.034672	25.031158	25.027527	25.023792	25.019966	25.016066	25.012102	25.008095	25.004055	
25.003645	25.007273	25.010876	25.014435	25.017944	25.021378	25.024738	25.028000	25.031158	25.034195	25.037106	25.039871	25.042492	25.044945	25.047232	25.049337	25.051258	25.052982	25.054504	25.055824	25.056927	25.057819	25.058487	25.058935	25.059158	25.059158	25.058933	25.058483	25.057816	25.056929	25.055820	25.054504	25.052980	25.051256	25.049335	25.047230	25.044945	25.042492	25.039871	25.037106	25.034195	25.031158	25.028000	25.024738	25.021381	25.017942	25.014437	25.010876	25.007275	25.003643	
25.003218	25.006426	25.009605	25.012754	25.015850	25.018890	25.021854	25.024738	25.027525	25.030212	25.032780	25.035227	25.037537	25.039709	25.041729	25.043591	25.045284	25.046806	25.048153	25.049316	25.050293	25.051079	25.051674	25.052065	25.052265	25.052263	25.052065	25.051670	25.051079	25.050293	25.049320	25.048153	25.046808	25.045280	25.043587	25.041725	25.039709	25.037537	25.035227	25.032780	25.030212	25.027527	25.024736	25.021854	25.018890	25.015852	25.012754	25.009609	25.006428	25.003220	
25.002783	25.005552	25.008305	25.011021	25.013700	25.016323	25.018890	25.021381	25.023792	25.026112	25.028332	25.030445	25.032444	25.034319	25.036064	25.037674	25.039141	25.040455	25.041618	25.042625	25.043468	25.044147	25.044659	25.045002	25.045170	25.045174	25.044998	25.044657	25.044146	25.043468	25.042624	25.041620	25.040455	25.039139	25.037672	25.036064	25.034317	25.032444	25.030445	25.028332	25.026110	25.023788	25.021381	25.018888	25.016325	25.013699	25.011024	25.008303	25.005552	25.002781	
25.002335	25.004660	25.006966	25.009251	25.011496	25.013700	25.015850	25.017944	25.019966	25.021912	25.023775	25.025551	25.027225	25.028801	25.030266	25.031614	25.032845	25.033951	25.034927	25.035770	25.036478	25.037048	25.037479	25.037764	25.037907	25.037909	25.037766	25.037476	25.037048	25.036476	25.035772	25.034924	25.033951	25.032845	25.031616	25.030264	25.028801	25.027225	25.025549	25.023777	25.021912	25.019964	25.017941	25.015852	25.013700	25.011497	25.009251	25.006969	25.004658	25.002335	
25.001877	25.003750	25.005606	25.007442	25.009251	25.011023	25.012754	25.014435	25.016066	25.017630	25.019131	25.020557	25.021906	25.023172	25.024353	25.025436	25.026428	25.027315	25.028103	25.028780	25.029350	25.029808	25.030153	25.030386	25.030499	25.030500	25.030384	25.030155	25.029808	25.029350	25.028778	25.028101	25.027313	25.026428	25.025436	25.024353	25.023170	25.021908	25.020555	25.019129	25.017630	25.016064	25.014435	25.012753	25.011024	25.009251	25.007442	25.005606	25.003750	25.001877	
25.001413	25.002823	25.004223	25.005606	25.006969	25.008305	25.009609	25.010876	25.012100	25.013283	25.014412	25.015486	25.016502	25.017460	25.018345	25.019165	25.019909	25.020580	25.021168	25.021683	25.022110	25.022455	25.022717	25.022888	25.022976	25.022976	25.022890	25.022715	25.022457	25.022108	25.021683	25.021168	25.020580	25.019905	25.019163	25.018345	25.017456	25.016502	25.015484	25.014412	25.013281	25.012100	25.010876	25.009605	25.008303	25.006968	25.005608	25.004225	25.002823	25.001415	
25.000946	25.001888	25.002823	25.003750	25.004662	25.005554	25.006426	25.007273	25.008095	25.008883	25.009640	25.010357	25.011036	25.011675	25.012270	25.012814	25.013317	25.013762	25.014158	25.014500	25.014786	25.015018	25.015192	25.015308	25.015366	25.015366	25.015306	25.015194	25.015018	25.014790	25.014498	25.014160	25.013760	25.013315	25.012815	25.012268	25.011673	25.011036	25.010357	25.009636	25.008883	25.008093	25.007271	25.006424	25.005554	25.004662	25.003748	25.002823	25.001888	25.000946	
25.000473	25.000946	25.001415	25.001879	25.002335	25.002783	25.003220	25.003643	25.004055	25.004450	25.004829	25.005188	25.005529	25.005850	25.006145	25.006420	25.006670	25.006897	25.007092	25.007265	25.007408	25.007523	25.007610	25.007669	25.007698	25.007698	25.007668	25.007610	25.007524	25.007408	25.007263	25.007092	25.006895	25.006670	25.006420	25.006145	25.005848	25.005529	25.005188	25.004829	25.004448	25.004055	25.003645	25.003218	25.002781	25.002335	25.001877	25.001415	25.000946	25.000473	
