25.001289	25.002575	25.003849	25.005110	25.006351	25.007568	25.008755	25.009911	25.011026	25.012100	25.013132	25.014112	25.015038	25.015907	25.016716	25.017460	25.018139	25.018749	25.019289	25.019756	25.020147	25.020460	25.020699	25.020855	25.020935	25.020935	25.020855	25.020699	25.020462	25.020145	25.019756	25.019289	25.018749	25.018139	25.017460	25.016714	25.015907	25.015038	25.014111	25.013132	25.012102	25.011026	25.009911	25.008755	25.007566	25.006350	25.005108	25.003847	25.002573	25.001289	
25.002573	25.005138	25.007683	25.010201	25.012676	25.015104	25.017475	25.019779	25.022011	25.024158	25.026213	25.028168	25.030018	25.031754	25.033367	25.034855	25.036209	25.037430	25.038506	25.039436	25.040215	25.040846	25.041315	25.041634	25.041790	25.041790	25.041634	25.041317	25.040844	25.040216	25.039436	25.038506	25.037428	25.036209	25.034855	25.033367	25.031754	25.030016	25.028168	25.026211	25.024158	25.022011	25.019781	25.017475	25.015102	25.012674	25.010197	25.007683	25.005136	25.002573	
25.003849	25.007683	25.011488	25.015249	25.018953	25.022587	25.026131	25.029579	25.032913	25.036121	25.039196	25.042118	25.044884	25.047478	25.049892	25.052116	25.054146	25.055965	25.057575	25.058964	25.060135	25.061071	25.061783	25.062252	25.062489	25.062489	25.062252	25.061779	25.061071	25.060135	25.058968	25.057573	25.055965	25.054142	25.052116	25.049891	25.047478	25.044884	25.042118	25.039196	25.036121	25.032911	25.029579	25.026131	25.022585	25.018951	25.015247	25.011486	25.007681	25.003849	
25.005108	25.010197	25.015247	25.020245	25.025160	25.029980	25.034687	25.039261	25.043686	25.047951	25.052027	25.055908	25.059578	25.063026	25.066227	25.069183	25.071873	25.074291	25.076424	25.078274	25.079821	25.081070	25.082008	25.082638	25.082951	25.082951	25.082638	25.082008	25.081070	25.079824	25.078274	25.076427	25.074287	25.071871	25.069180	25.066227	25.063023	25.059578	25.055908	25.052029	25.047947	25.043688	25.039261	25.034687	25.029980	25.025158	25.020241	25.015249	25.010199	25.005108	
25.006348	25.012674	25.018953	25.025158	25.031269	25.037262	25.043110	25.048798	25.054298	25.059593	25.064665	25.069489	25.074051	25.078327	25.082314	25.085983	25.089329	25.092333	25.094988	25.097281	25.099209	25.100758	25.101929	25.102705	25.103098	25.103096	25.102707	25.101925	25.100758	25.099209	25.097284	25.094988	25.092331	25.089325	25.085981	25.082310	25.078329	25.074049	25.069489	25.064663	25.059593	25.054296	25.048798	25.043110	25.037260	25.031269	25.025158	25.018951	25.012676	25.006350	
25.007568	25.015104	25.022585	25.029980	25.037262	25.044399	25.051373	25.058147	25.064701	25.071014	25.077053	25.082806	25.088236	25.093340	25.098083	25.102463	25.106441	25.110027	25.113188	25.115925	25.118217	25.120066	25.121454	25.122387	25.122852	25.122852	25.122387	25.121456	25.120064	25.118221	25.115923	25.113192	25.110023	25.106443	25.102455	25.098083	25.093338	25.088238	25.082802	25.077053	25.071011	25.064703	25.058144	25.051373	25.044399	25.037260	25.029980	25.022583	25.015102	25.007565	
25.008753	25.017475	25.026131	25.034687	25.043110	25.051373	25.059437	25.067276	25.074863	25.082161	25.089153	25.095802	25.102093	25.107992	25.113487	25.118546	25.123161	25.127300	25.130962	25.134123	25.136782	25.138912	25.140530	25.141602	25.142143	25.142139	25.141603	25.140526	25.138916	25.136778	25.134127	25.130959	25.127300	25.123154	25.118546	25.113483	25.107994	25.102091	25.095806	25.089149	25.082163	25.074860	25.067276	25.059435	25.051371	25.043110	25.034685	25.026127	25.017475	25.008755	
25.009911	25.019779	25.029577	25.039261	25.048798	25.058147	25.067276	25.076153	25.084734	25.093002	25.100910	25.108444	25.115557	25.122240	25.128452	25.134186	25.139400	25.144094	25.148232	25.151817	25.154819	25.157242	25.159060	25.160284	25.160889	25.160892	25.160278	25.159063	25.157240	25.154823	25.151814	25.148235	25.144089	25.139402	25.134178	25.128452	25.122236	25.115561	25.108440	25.100912	25.092999	25.084736	25.076149	25.067276	25.058147	25.048798	25.039261	25.029575	25.019779	25.009909	
25.011024	25.022011	25.032911	25.043690	25.054298	25.064703	25.074863	25.084736	25.094292	25.103485	25.112289	25.120667	25.128590	25.136017	25.142939	25.149307	25.155121	25.160336	25.164951	25.168930	25.172279	25.174967	25.176998	25.178349	25.179033	25.179029	25.178352	25.176994	25.174969	25.172276	25.168934	25.164946	25.160339	25.155115	25.149311	25.142933	25.136021	25.128586	25.120668	25.112289	25.103485	25.094288	25.084736	25.074862	25.064701	25.054298	25.043688	25.032909	25.022011	25.011028	
25.012100	25.024158	25.036123	25.047949	25.059593	25.071014	25.082163	25.093002	25.103485	25.113579	25.123241	25.132439	25.141127	25.149288	25.156876	25.163876	25.170244	25.175976	25.181034	25.185410	25.189075	25.192036	25.194256	25.195747	25.196489	25.196491	25.195744	25.194258	25.192032	25.189079	25.185406	25.181038	25.175972	25.170248	25.163870	25.156876	25.149282	25.141129	25.132435	25.123241	25.113579	25.103487	25.092999	25.082165	25.071014	25.059593	25.047947	25.036121	25.024158	25.012102	
25.013130	25.026213	25.039196	25.052029	25.064665	25.077051	25.089153	25.100912	25.112289	25.123241	25.133726	25.143700	25.153137	25.161983	25.170225	25.177811	25.184731	25.190943	25.196438	25.201180	25.205164	25.208366	25.210785	25.212395	25.213207	25.213205	25.212399	25.210781	25.208370	25.205162	25.201183	25.196434	25.190947	25.184727	25.177814	25.170219	25.161985	25.153131	25.143703	25.133722	25.123241	25.112289	25.100914	25.089151	25.077053	25.064663	25.052027	25.039196	25.026211	25.013132	
25.014112	25.028168	25.042118	25.055910	25.069489	25.082802	25.095802	25.108440	25.120667	25.132435	25.143700	25.154423	25.164557	25.174072	25.182919	25.191080	25.198509	25.205189	25.211088	25.216190	25.220467	25.223915	25.226507	25.228245	25.229113	25.229115	25.228243	25.226509	25.223911	25.220470	25.216188	25.211092	25.205185	25.198511	25.191074	25.182920	25.174068	25.164558	25.154419	25.143703	25.132435	25.120667	25.108440	25.095802	25.082804	25.069489	25.055908	25.042120	25.028170	25.014111	
25.015038	25.030018	25.044884	25.059578	25.074047	25.088234	25.102093	25.115557	25.128588	25.141125	25.153133	25.164555	25.175362	25.185493	25.194927	25.203617	25.211540	25.218655	25.224945	25.230377	25.234941	25.238609	25.241375	25.243223	25.244152	25.244148	25.243225	25.241373	25.238611	25.234940	25.230381	25.224941	25.218658	25.211536	25.203621	25.194923	25.185493	25.175358	25.164558	25.153131	25.141127	25.128586	25.115559	25.102093	25.088238	25.074047	25.059582	25.044882	25.030020	25.015038	
25.015907	25.031752	25.047478	25.063023	25.078325	25.093338	25.107990	25.122238	25.136017	25.149284	25.161980	25.174072	25.185492	25.196217	25.206192	25.215389	25.223766	25.231295	25.237946	25.243696	25.248518	25.252403	25.255325	25.257282	25.258261	25.258263	25.257282	25.255325	25.252399	25.248520	25.243692	25.237947	25.231293	25.223766	25.215384	25.206192	25.196213	25.185493	25.174068	25.161983	25.149284	25.136017	25.122238	25.107992	25.093338	25.078331	25.063019	25.047480	25.031752	25.015907	
25.016716	25.033367	25.049891	25.066223	25.082310	25.098080	25.113483	25.128450	25.142935	25.156874	25.170223	25.182919	25.194927	25.206190	25.216679	25.226337	25.235146	25.243053	25.250046	25.256084	25.261156	25.265232	25.268307	25.270363	25.271393	25.271391	25.270363	25.268307	25.265236	25.261154	25.256084	25.250042	25.243057	25.235140	25.226339	25.216675	25.206192	25.194923	25.182919	25.170219	25.156874	25.142933	25.128452	25.113483	25.098083	25.082312	25.066229	25.049891	25.033367	25.016716	
25.017460	25.034855	25.052113	25.069180	25.085979	25.102455	25.118542	25.134182	25.149307	25.163872	25.177811	25.191078	25.203617	25.215387	25.226337	25.236433	25.245628	25.253895	25.261194	25.267506	25.272800	25.277063	25.280272	25.282419	25.283493	25.283493	25.282417	25.280273	25.277061	25.272802	25.267502	25.261196	25.253891	25.245628	25.236431	25.226339	25.215385	25.203617	25.191074	25.177811	25.163872	25.149309	25.134180	25.118544	25.102457	25.085983	25.069180	25.052116	25.034855	25.017460	
25.018139	25.036209	25.054142	25.071869	25.089325	25.106438	25.123154	25.139399	25.155117	25.170242	25.184727	25.198507	25.211538	25.223763	25.235142	25.245628	25.255184	25.263767	25.271355	25.277908	25.283413	25.287836	25.291174	25.293400	25.294521	25.294518	25.293404	25.291172	25.287838	25.283411	25.277908	25.271353	25.263769	25.255180	25.245628	25.235140	25.223763	25.211536	25.198509	25.184725	25.170244	25.155117	25.139400	25.123154	25.106441	25.089325	25.071871	25.054144	25.036209	25.018139	
25.018749	25.037426	25.055965	25.074287	25.092329	25.110023	25.127296	25.144093	25.160336	25.175974	25.190941	25.205189	25.218655	25.231293	25.243052	25.253895	25.263767	25.272644	25.280481	25.287262	25.292946	25.297523	25.300968	25.303274	25.304428	25.304428	25.303272	25.300970	25.297522	25.292950	25.287258	25.280485	25.272640	25.263767	25.253891	25.243053	25.231293	25.218655	25.205185	25.190943	25.175972	25.160336	25.144091	25.127296	25.110023	25.092331	25.074287	25.055964	25.037428	25.018749	
25.019287	25.038502	25.057571	25.076424	25.094986	25.113186	25.130959	25.148233	25.164948	25.181034	25.196434	25.211086	25.224943	25.237944	25.250042	25.261192	25.271355	25.280483	25.288551	25.295517	25.301369	25.306076	25.309624	25.311993	25.313183	25.313183	25.311996	25.309624	25.306080	25.301371	25.295523	25.288549	25.280483	25.271353	25.261192	25.250042	25.237946	25.224941	25.211086	25.196432	25.181032	25.164946	25.148232	25.130959	25.113186	25.094986	25.076424	25.057575	25.038504	25.019289	
25.019753	25.039433	25.058964	25.078270	25.097279	25.115925	25.134121	25.151817	25.168930	25.185408	25.201180	25.216190	25.230377	25.243692	25.256084	25.267502	25.277908	25.287262	25.295519	25.302662	25.308649	25.313473	25.317101	25.319532	25.320749	25.320747	25.319530	25.317104	25.313473	25.308653	25.302660	25.295521	25.287258	25.277910	25.267504	25.256084	25.243694	25.230377	25.216188	25.201180	25.185406	25.168930	25.151814	25.134121	25.115923	25.097279	25.078274	25.058964	25.039434	25.019754	
25.020145	25.040215	25.060131	25.079819	25.099205	25.118214	25.136780	25.154818	25.172277	25.189077	25.205162	25.220467	25.234940	25.248518	25.261152	25.272800	25.283409	25.292944	25.301373	25.308647	25.314762	25.319675	25.323381	25.325857	25.327099	25.327099	25.325859	25.323380	25.319677	25.314762	25.308651	25.301371	25.292948	25.283409	25.272800	25.261154	25.248516	25.234940	25.220467	25.205162	25.189075	25.172276	25.154819	25.136780	25.118214	25.099207	25.079821	25.060133	25.040215	25.020145	
25.020462	25.040844	25.061069	25.081066	25.100754	25.120064	25.138912	25.157240	25.174965	25.192032	25.208366	25.223911	25.238607	25.252399	25.265232	25.277060	25.287838	25.297520	25.306074	25.313473	25.319675	25.324671	25.328430	25.330948	25.332207	25.332207	25.330948	25.328432	25.324669	25.319679	25.313473	25.306078	25.297522	25.287838	25.277058	25.265232	25.252399	25.238605	25.223911	25.208366	25.192032	25.174965	25.157238	25.138912	25.120064	25.100758	25.081070	25.061073	25.040844	25.020460	
25.020699	25.041315	25.061777	25.082005	25.101921	25.121452	25.140524	25.159060	25.176994	25.194256	25.210781	25.226505	25.241371	25.255322	25.268305	25.280270	25.291172	25.300968	25.309624	25.317101	25.323381	25.328432	25.332237	25.334780	25.336056	25.336056	25.334782	25.332237	25.328430	25.323380	25.317104	25.309624	25.300968	25.291170	25.280270	25.268307	25.255322	25.241373	25.226505	25.210781	25.194254	25.176994	25.159061	25.140526	25.121454	25.101925	25.082008	25.061779	25.041317	25.020699	
25.020855	25.041632	25.062252	25.082634	25.102703	25.122383	25.141598	25.160278	25.178349	25.195744	25.212395	25.228241	25.243221	25.257278	25.270359	25.282413	25.293400	25.303272	25.311993	25.319532	25.325859	25.330948	25.334782	25.337343	25.338629	25.338631	25.337345	25.334782	25.330948	25.325859	25.319534	25.311995	25.303274	25.293404	25.282417	25.270361	25.257278	25.243221	25.228241	25.212395	25.195744	25.178349	25.160278	25.141602	25.122387	25.102707	25.082636	25.062252	25.041634	25.020855	
25.020935	25.041790	25.062489	25.082947	25.103092	25.122849	25.142139	25.160889	25.179028	25.196487	25.213203	25.229111	25.244146	25.258257	25.271389	25.283489	25.294516	25.304424	25.313181	25.320747	25.327099	25.332207	25.336056	25.338631	25.339920	25.339920	25.338631	25.336058	25.332209	25.327099	25.320751	25.313183	25.304428	25.294518	25.283491	25.271391	25.258259	25.244146	25.229109	25.213203	25.196487	25.179028	25.160889	25.142139	25.122852	25.103098	25.082951	25.062489	25.041790	25.020935	
25.020935	25.041790	25.062489	25.082947	25.103092	25.122849	25.142139	25.160889	25.179028	25.196487	25.213203	25.229111	25.244146	25.258257	25.271389	25.283489	25.294516	25.304424	25.313181	25.320747	25.327099	25.332207	25.336056	25.338631	25.339920	25.339920	25.338631	25.336058	25.332209	25.327099	25.320751	25.313183	25.304428	25.294518	25.283491	25.271391	25.258259	25.244146	25.229109	25.213203	25.196487	25.179028	25.160889	25.142139	25.122852	25.103098	25.082951	25.062489	25.041790	25.020935	
25.020855	25.041632	25.062252	25.082634	25.102703	25.122383	25.141598	25.160278	25.178349	25.195744	25.212395	25.228241	25.243221	25.257278	25.270359	25.282413	25.293400	25.303272	25.311993	25.319532	25.325859	25.330948	25.334782	25.337343	25.338629	25.338631	25.337345	25.334782	25.330948	25.325859	25.319534	25.311995	25.303274	25.293404	25.282417	25.270361	25.257278	25.243221	25.228241	25.212395	25.195744	25.178349	25.160278	25.141602	25.122387	25.102707	25.082636	25.062252	25.041634	25.020855	
25.020699	25.041315	25.061777	25.082005	25.101921	25.121452	25.140524	25.159060	25.176994	25.194256	25.210781	25.226505	25.241371	25.255322	25.268305	25.280270	25.291172	25.300968	25.309624	25.317101	25.323381	25.328432	25.332237	25.334780	25.336056	25.336056	25.334782	25.332237	25.328430	25.323380	25.317104	25.309624	25.300968	25.291170	25.280270	25.268307	25.255322	25.241373	25.226505	25.210781	25.194254	25.176994	25.159061	25.140526	25.121454	25.101925	25.082008	25.061779	25.041317	25.020699	
25.020462	25.040844	25.061069	25.081066	25.100754	25.120064	25.138912	25.157240	25.174965	25.192032	25.208366	25.223911	25.238607	25.252399	25.265232	25.277060	25.287838	25.297520	25.306074	25.313473	25.319675	25.324671	25.328430	25.330948	25.332207	25.332207	25.330948	25.328432	25.324669	25.319679	25.313473	25.306078	25.297522	25.287838	25.277058	25.265232	25.252399	25.238605	25.223911	25.208366	25.192032	25.174965	25.157238	25.138912	25.120064	25.100758	25.081070	25.061073	25.040844	25.020460	
25.020145	25.040215	25.060131	25.079819	25.099205	25.118214	25.136780	25.154818	25.172277	25.189077	25.205162	25.220467	25.234940	25.248518	25.261152	25.272800	25.283409	25.292944	25.301373	25.308647	25.314762	25.319675	25.323381	25.325857	25.327099	25.327099	25.325859	25.323380	25.319677	25.314762	25.308651	25.301371	25.292948	25.283409	25.272800	25.261154	25.248516	25.234940	25.220467	25.205162	25.189075	25.172276	25.154819	25.136780	25.118214	25.099207	25.079821	25.060133	25.040215	25.020145	
25.019753	25.039433	25.058964	25.078270	25.097279	25.115925	25.134121	25.151817	25.168930	25.185408	25.201180	25.216190	25.230377	25.243692	25.256084	25.267502	25.277908	25.287262	25.295519	25.302662	25.308649	25.313473	25.317101	25.319532	25.320749	25.320747	25.319530	25.317104	25.313473	25.308653	25.302660	25.295521	25.287258	25.277910	25.267504	25.256084	25.243694	25.230377	25.216188	25.201180	25.185406	25.168930	25.151814	25.134121	25.115923	25.097279	25.078274	25.058964	25.039434	25.019754	
25.019287	25.038502	25.057571	25.076424	25.094986	25.113186	25.130959	25.148233	25.164948	25.181034	25.196434	25.211086	25.224943	25.237944	25.250042	25.261192	25.271355	25.280483	25.288551	25.295517	25.301369	25.306076	25.309624	25.311993	25.313183	25.313183	25.311996	25.309624	25.306080	25.301371	25.295523	25.288549	25.280483	25.271353	25.261192	25.250042	25.237946	25.224941	25.211086	25.196432	25.181032	25.164946	25.148232	25.130959	25.113186	25.094986	25.076424	25.057575	25.038504	25.019289	
25.018749	25.037426	25.055965	25.074287	25.092329	25.110023	25.127296	25.144093	25.160336	25.175974	25.190941	25.205189	25.218655	25.231293	25.243052	25.253895	25.263767	25.272644	25.280481	25.287262	25.292946	25.297523	25.300968	25.303274	25.304428	25.304428	25.303272	25.300970	25.297522	25.292950	25.287258	25.280485	25.272640	25.263767	25.253891	25.243053	25.231293	25.218655	25.205185	25.190943	25.175972	25.160336	25.144091	25.127296	25.110023	25.092331	25.074287	25.055964	25.037428	25.018749	
25.018139	25.036209	25.054142	25.071869	25.089325	25.106438	25.123154	25.139399	25.155117	25.170242	25.184727	25.198507	25.211538	25.223763	25.235142	25.245628	25.255184	25.263767	25.271355	25.277908	25.283413	25.287836	25.291174	25.293400	25.294521	25.294518	25.293404	25.291172	25.287838	25.283411	25.277908	25.271353	25.263769	25.255180	25.245628	25.235140	25.223763	25.211536	25.198509	25.184725	25.170244	25.155117	25.139400	25.123154	25.106441	25.089325	25.071871	25.054144	25.036209	25.018139	
25.017460	25.034855	25.052113	25.069180	25.085979	25.102455	25.118542	25.134182	25.149307	25.163872	25.177811	25.191078	25.203617	25.215387	25.226337	25.236433	25.245628	25.253895	25.261194	25.267506	25.272800	25.277063	25.280272	25.282419	25.283493	25.283493	25.282417	25.280273	25.277061	25.272802	25.267502	25.261196	25.253891	25.245628	25.236431	25.226339	25.215385	25.203617	25.191074	25.177811	25.163872	25.149309	25.134180	25.118544	25.102457	25.085983	25.069180	25.052116	25.034855	25.017460	
25.016716	25.033367	25.049891	25.066223	25.082310	25.098080	25.113483	25.128450	25.142935	25.156874	25.170223	25.182919	25.194927	25.206190	25.216679	25.226337	25.235146	25.243053	25.250046	25.256084	25.261156	25.265232	25.268307	25.270363	25.271393	25.271391	25.270363	25.268307	25.265236	25.261154	25.256084	25.250042	25.243057	25.235140	25.226339	25.216675	25.206192	25.194923	25.182919	25.170219	25.156874	25.142933	25.128452	25.113483	25.098083	25.082312	25.066229	25.049891	25.033367	25.016716	
25.015907	25.031752	25.047478	25.063023	25.078325	25.093338	25.107990	25.122238	25.136017	25.149284	25.161980	25.174072	25.185492	25.196217	25.206192	25.215389	25.223766	25.231295	25.237946	25.243696	25.248518	25.252403	25.255325	25.257282	25.258261	25.258263	25.257282	25.255325	25.252399	25.248520	25.243692	25.237947	25.231293	25.223766	25.215384	25.206192	25.196213	25.185493	25.174068	25.161983	25.149284	25.136017	25.122238	25.107992	25.093338	25.078331	25.063019	25.047480	25.031752	25.015907	
25.015038	25.030018	25.044884	25.059578	25.074047	25.088234	25.102093	25.115557	25.128588	25.141125	25.153133	25.164555	25.175362	25.185493	25.194927	25.203617	25.211540	25.218655	25.224945	25.230377	25.234941	25.238609	25.241375	25.243223	25.244152	25.244148	25.243225	25.241373	25.238611	25.234940	25.230381	25.224941	25.218658	25.211536	25.203621	25.194923	25.185493	25.175358	25.164558	25.153131	25.141127	25.128586	25.115559	25.102093	25.088238	25.074047	25.059582	25.044882	25.030020	25.015038	
25.014112	25.028168	25.042118	25.055910	25.069489	25.082802	25.095802	25.108440	25.120667	25.132435	25.143700	25.154423	25.164557	25.174072	25.182919	25.191080	25.198509	25.205189	25.211088	25.216190	25.220467	25.223915	25.226507	25.228245	25.229113	25.229115	25.228243	25.226509	25.223911	25.220470	25.216188	25.211092	25.205185	25.198511	25.191074	25.182920	25.174068	25.164558	25.154419	25.143703	25.132435	25.120667	25.108440	25.095802	25.082804	25.069489	25.055908	25.042120	25.028170	25.014111	
25.013130	25.026213	25.039196	25.052029	25.064665	25.077051	25.089153	25.100912	25.112289	25.123241	25.133726	25.143700	25.153137	25.161983	25.170225	25.177811	25.184731	25.190943	25.196438	25.201180	25.205164	25.208366	25.210785	25.212395	25.213207	25.213205	25.212399	25.210781	25.208370	25.205162	25.201183	25.196434	25.190947	25.184727	25.177814	25.170219	25.161985	25.153131	25.143703	25.133722	25.123241	25.112289	25.100914	25.089151	25.077053	25.064663	25.052027	25.039196	25.026211	25.013132	
25.012100	25.024158	25.036123	25.047949	25.059593	25.071014	25.082163	25.093002	25.103485	25.113579	25.123241	25.132439	25.141127	25.149288	25.156876	25.163876	25.170244	25.175976	25.181034	25.185410	25.189075	25.192036	25.194256	25.195747	25.196489	25.196491	25.195744	25.194258	25.192032	25.189079	25.185406	25.181038	25.175972	25.170248	25.163870	25.156876	25.149282	25.141129	25.132435	25.123241	25.113579	25.103487	25.092999	25.082165	25.071014	25.059593	25.047947	25.036121	25.024158	25.012102	
25.011024	25.022011	25.032911	25.043690	25.054298	25.064703	25.074863	25.084736	25.094292	25.103485	25.112289	25.120667	25.128590	25.136017	25.142939	25.149307	25.155121	25.160336	25.164951	25.168930	25.172279	25.174967	25.176998	25.178349	25.179033	25.179029	25.178352	25.176994	25.174969	25.172276	25.168934	25.164946	25.160339	25.155115	25.149311	25.142933	25.136021	25.128586	25.120668	25.112289	25.103485	25.094288	25.084736	25.074862	25.064701	25.054298	25.043688	25.032909	25.022011	25.011028	
25.009911	25.019779	25.029577	25.039261	25.048798	25.058147	25.067276	25.076153	25.084734	25.093002	25.100910	25.108444	25.115557	25.122240	25.128452	25.134186	25.139400	25.144094	25.148232	25.151817	25.154819	25.157242	25.159060	25.160284	25.160889	25.160892	25.160278	25.159063	25.157240	25.154823	25.151814	25.148235	25.144089	25.139402	25.134178	25.128452	25.122236	25.115561	25.108440	25.100912	25.092999	25.084736	25.076149	25.067276	25.058147	25.048798	25.039261	25.029575	25.019779	25.009909	
25.008753	25.017475	25.026131	25.034687	25.043110	25.051373	25.059437	25.067276	25.074863	25.082161	25.089153	25.095802	25.102093	25.107992	25.113487	25.118546	25.123161	25.127300	25.130962	25.134123	25.136782	25.138912	25.140530	25.141602	25.142143	25.142139	25.141603	25.140526	25.138916	25.136778	25.134127	25.130959	25.127300	25.123154	25.118546	25.113483	25.107994	25.102091	25.095806	25.089149	25.082163	25.074860	25.067276	25.059435	25.051371	25.043110	25.034685	25.026127	25.017475	25.008755	
25.007568	25.015104	25.022585	25.029980	25.037262	25.044399	25.051373	25.058147	25.064701	25.071014	25.077053	25.082806	25.088236	25.093340	25.098083	25.102463	25.106441	25.110027	25.113188	25.115925	25.118217	25.120066	25.121454	25.122387	25.122852	25.122852	25.122387	25.121456	25.120064	25.118221	25.115923	25.113192	25.110023	25.106443	25.102455	25.098083	25.093338	25.088238	25.082802	25.077053	25.071011	25.064703	25.058144	25.051373	25.044399	25.037260	25.029980	25.022583	25.015102	25.007565	
25.006348	25.012674	25.018953	25.025158	25.031269	25.037262	25.043110	25.048798	25.054298	25.059593	25.064665	25.069489	25.074051	25.078327	25.082314	25.085983	25.089329	25.092333	25.094988	25.097281	25.099209	25.100758	25.101929	25.102705	25.103098	25.103096	25.102707	25.101925	25.100758	25.099209	25.097284	25.094988	25.092331	25.089325	25.085981	25.082310	25.078329	25.074049	25.069489	25.064663	25.059593	25.054296	25.048798	25.043110	25.037260	25.031269	25.025158	25.018951	25.012676	25.006350	
25.005108	25.010197	25.015247	25.020245	25.025160	25.029980	25.034687	25.039261	25.043686	25.047951	25.052027	25.055908	25.059578	25.063026	25.066227	25.069183	25.071873	25.074291	25.076424	25.078274	25.079821	25.081070	25.082008	25.082638	25.082951	25.082951	25.082638	25.082008	25.081070	25.079824	25.078274	25.076427	25.074287	25.071871	25.069180	25.066227	25.063023	25.059578	25.055908	25.052029	25.047947	25.043688	25.039261	25.034687	25.029980	25.025158	25.020241	25.015249	25.010199	25.005108	
25.003849	25.007683	25.011488	25.015249	25.018953	25.022587	25.026131	25.029579	25.032913	25.036121	25.039196	25.042118	25.044884	25.047478	25.049892	25.052116	25.054146	25.055965	25.057575	25.058964	25.060135	25.061071	25.061783	25.062252	25.062489	25.062489	25.062252	25.061779	25.061071	25.060135	25.058968	25.057573	25.055965	25.054142	25.052116	25.049891	25.047478	25.044884	25.042118	25.039196	25.036121	25.032911	25.029579	25.026131	25.022585	25.018951	25.015247	25.011486	25.007681	25.003849	
25.002573	25.005138	25.007683	25.010201	25.012676	25.015104	25.017475	25.019779	25.022011	25.024158	25.026213	25.028168	25.030018	25.031754	25.033367	25.034855	25.036209	25.037430	25.038506	25.039436	25.040215	25.040846	25.041315	25.041634	25.041790	25.041790	25.041634	25.041317	25.040844	25.040216	25.039436	25.038506	25.037428	25.036209	25.034855	25.033367	25.031754	25.030016	25.028168	25.026211	25.024158	25.022011	25.019781	25.017475	25.015102	25.012674	25.010197	25.007683	25.005136	25.002573	
25.001289	25.002575	25.003849	25.005110	25.006351	25.007568	25.008755	25.009911	25.011026	25.012100	25.013132	25.014112	25.015038	25.015907	25.016716	25.017460	25.018139	25.018749	25.019289	25.019756	25.020147	25.020460	25.020699	25.020855	25.020935	25.020935	25.020855	25.020699	25.020462	25.020145	25.019756	25.019289	25.018749	25.018139	25.017460	25.016714	25.015907	25.015038	25.014111	25.013132	25.012102	25.011026	25.009911	25.008755	25.007566	25.006350	25.005108	25.003847	25.002573	25.001289	
