25.000298	25.000591	25.000885	25.001175	25.001463	25.001740	25.002014	25.002279	25.002537	25.002785	25.003021	25.003246	25.003460	25.003660	25.003845	25.004017	25.004173	25.004314	25.004438	25.004543	25.004635	25.004707	25.004761	25.004799	25.004818	25.004816	25.004799	25.004761	25.004707	25.004635	25.004545	25.004436	25.004314	25.004175	25.004017	25.003847	25.003658	25.003460	25.003246	25.003021	25.002783	25.002535	25.002281	25.002014	25.001741	25.001461	25.001175	25.000885	25.000591	25.000298	
25.000591	25.001183	25.001766	25.002346	25.002914	25.003475	25.004021	25.004551	25.005064	25.005558	25.006031	25.006481	25.006907	25.007305	25.007677	25.008018	25.008331	25.008610	25.008858	25.009073	25.009251	25.009396	25.009506	25.009581	25.009613	25.009615	25.009579	25.009506	25.009398	25.009251	25.009075	25.008860	25.008614	25.008331	25.008022	25.007675	25.007307	25.006905	25.006481	25.006031	25.005558	25.005066	25.004551	25.004021	25.003475	25.002914	25.002346	25.001766	25.001183	25.000591	
25.000885	25.001766	25.002644	25.003510	25.004360	25.005196	25.006012	25.006805	25.007572	25.008312	25.009020	25.009689	25.010326	25.010921	25.011478	25.011990	25.012455	25.012875	25.013243	25.013565	25.013832	25.014050	25.014214	25.014324	25.014378	25.014378	25.014320	25.014214	25.014051	25.013836	25.013565	25.013247	25.012875	25.012459	25.011990	25.011482	25.010921	25.010330	25.009689	25.009018	25.008312	25.007572	25.006805	25.006012	25.005196	25.004360	25.003508	25.002644	25.001766	25.000885	
25.001175	25.002346	25.003510	25.004656	25.005791	25.006897	25.007980	25.009033	25.010052	25.011032	25.011971	25.012863	25.013706	25.014500	25.015236	25.015915	25.016533	25.017092	25.017584	25.018005	25.018362	25.018650	25.018867	25.019011	25.019085	25.019085	25.019014	25.018866	25.018650	25.018364	25.018007	25.017582	25.017094	25.016535	25.015917	25.015236	25.014503	25.013708	25.012863	25.011971	25.011032	25.010052	25.009033	25.007980	25.006897	25.005787	25.004656	25.003508	25.002346	25.001175	
25.001459	25.002914	25.004360	25.005789	25.007195	25.008572	25.009918	25.011227	25.012493	25.013710	25.014877	25.015985	25.017036	25.018021	25.018936	25.019781	25.020550	25.021240	25.021852	25.022379	25.022823	25.023182	25.023449	25.023630	25.023718	25.023724	25.023628	25.023449	25.023180	25.022823	25.022381	25.021854	25.021240	25.020552	25.019781	25.018940	25.018021	25.017040	25.015987	25.014877	25.013710	25.012493	25.011227	25.009918	25.008572	25.007195	25.005787	25.004360	25.002914	25.001461	
25.001740	25.003475	25.005196	25.006897	25.008572	25.010216	25.011818	25.013378	25.014885	25.016338	25.017727	25.019051	25.020302	25.021473	25.022564	25.023571	25.024490	25.025314	25.026039	25.026669	25.027199	25.027622	25.027943	25.028156	25.028267	25.028263	25.028160	25.027943	25.027622	25.027197	25.026672	25.026039	25.025314	25.024490	25.023575	25.022566	25.021477	25.020302	25.019051	25.017727	25.016338	25.014887	25.013378	25.011818	25.010216	25.008572	25.006897	25.005196	25.003475	25.001740	
25.002014	25.004021	25.006012	25.007980	25.009918	25.011820	25.013672	25.015480	25.017223	25.018902	25.020512	25.022043	25.023487	25.024845	25.026108	25.027273	25.028334	25.029285	25.030128	25.030857	25.031467	25.031960	25.032330	25.032579	25.032700	25.032703	25.032578	25.032331	25.031960	25.031471	25.030857	25.030132	25.029287	25.028336	25.027273	25.026110	25.024845	25.023491	25.022041	25.020512	25.018902	25.017223	25.015480	25.013674	25.011818	25.009918	25.007980	25.006012	25.004021	25.002014	
25.002281	25.004551	25.006805	25.009033	25.011227	25.013378	25.015480	25.017519	25.019497	25.021397	25.023216	25.024948	25.026588	25.028122	25.029552	25.030869	25.032070	25.033150	25.034103	25.034927	25.035620	25.036175	25.036594	25.036873	25.037016	25.037012	25.036877	25.036594	25.036177	25.035620	25.034929	25.034103	25.033154	25.032072	25.030872	25.029552	25.028126	25.026585	25.024950	25.023216	25.021397	25.019495	25.017517	25.015480	25.013376	25.011227	25.009033	25.006805	25.004551	25.002279	
25.002539	25.005062	25.007572	25.010052	25.012493	25.014887	25.017223	25.019497	25.021690	25.023809	25.025833	25.027763	25.029583	25.031296	25.032885	25.034351	25.035686	25.036888	25.037949	25.038866	25.039635	25.040257	25.040722	25.041035	25.041187	25.041187	25.041029	25.040722	25.040253	25.039637	25.038866	25.037952	25.036888	25.035688	25.034349	25.032887	25.031292	25.029585	25.027760	25.025833	25.023809	25.021692	25.019497	25.017223	25.014885	25.012491	25.010052	25.007572	25.005064	25.002537	
25.002785	25.005558	25.008312	25.011032	25.013710	25.016338	25.018904	25.021397	25.023811	25.026131	25.028355	25.030468	25.032471	25.034344	25.036093	25.037701	25.039165	25.040485	25.041649	25.042656	25.043503	25.044180	25.044693	25.045033	25.045208	25.045204	25.045034	25.044689	25.044182	25.043501	25.042656	25.041649	25.040485	25.039165	25.037703	25.036091	25.034346	25.032467	25.030468	25.028355	25.026131	25.023808	25.021395	25.018902	25.016335	25.013712	25.011030	25.008312	25.005558	25.002783	
25.003021	25.006031	25.009018	25.011971	25.014877	25.017727	25.020512	25.023218	25.025833	25.028355	25.030766	25.033062	25.035229	25.037268	25.039162	25.040909	25.042500	25.043930	25.045193	25.046288	25.047201	25.047939	25.048492	25.048866	25.049049	25.049051	25.048862	25.048492	25.047935	25.047201	25.046286	25.045193	25.043928	25.042500	25.040905	25.039162	25.037266	25.035233	25.033060	25.030766	25.028351	25.025833	25.023216	25.020512	25.017729	25.014877	25.011971	25.009018	25.006031	25.003021	
25.003246	25.006481	25.009693	25.012863	25.015987	25.019051	25.022041	25.024948	25.027763	25.030468	25.033062	25.035526	25.037861	25.040047	25.042086	25.043959	25.045673	25.047207	25.048565	25.049738	25.050726	25.051514	25.052113	25.052509	25.052711	25.052708	25.052509	25.052111	25.051514	25.050724	25.049740	25.048563	25.047207	25.045670	25.043961	25.042084	25.040047	25.037861	25.035526	25.033060	25.030468	25.027760	25.024948	25.022041	25.019051	25.015987	25.012865	25.009691	25.006481	25.003246	
25.003460	25.006908	25.010326	25.013708	25.017036	25.020302	25.023487	25.026587	25.029583	25.032471	25.035229	25.037861	25.040344	25.042679	25.044846	25.046846	25.048666	25.050306	25.051750	25.053005	25.054052	25.054897	25.055531	25.055958	25.056168	25.056171	25.055954	25.055531	25.054893	25.054050	25.053001	25.051750	25.050304	25.048668	25.046844	25.044846	25.042675	25.040344	25.037857	25.035231	25.032469	25.029583	25.026585	25.023487	25.020302	25.017036	25.013706	25.010326	25.006905	25.003460	
25.003658	25.007305	25.010925	25.014500	25.018021	25.021473	25.024845	25.028122	25.031292	25.034344	25.037268	25.040047	25.042679	25.045143	25.047438	25.049551	25.051479	25.053211	25.054745	25.056065	25.057177	25.058069	25.058743	25.059189	25.059418	25.059414	25.059189	25.058739	25.058067	25.057175	25.056065	25.054741	25.053211	25.051479	25.049553	25.047436	25.045143	25.042675	25.040047	25.037266	25.034344	25.031292	25.028122	25.024845	25.021473	25.018021	25.014500	25.010925	25.007305	25.003658	
25.003845	25.007679	25.011478	25.015238	25.018936	25.022564	25.026108	25.029552	25.032883	25.036093	25.039162	25.042084	25.044846	25.047440	25.049850	25.052071	25.054096	25.055916	25.057524	25.058918	25.060081	25.061020	25.061728	25.062202	25.062435	25.062437	25.062201	25.061726	25.061020	25.060081	25.058914	25.057524	25.055916	25.054096	25.052071	25.049850	25.047436	25.044846	25.042084	25.039162	25.036091	25.032885	25.029552	25.026108	25.022568	25.018938	25.015236	25.011478	25.007677	25.003845	
25.004017	25.008018	25.011993	25.015915	25.019783	25.023571	25.027273	25.030870	25.034351	25.037701	25.040909	25.043961	25.046846	25.049553	25.052071	25.054394	25.056507	25.058411	25.060091	25.061543	25.062759	25.063744	25.064480	25.064974	25.065222	25.065220	25.064972	25.064478	25.063740	25.062759	25.061541	25.060089	25.058411	25.056509	25.054394	25.052071	25.049553	25.046844	25.043959	25.040907	25.037701	25.034351	25.030869	25.027275	25.023573	25.019783	25.015915	25.011990	25.008018	25.004017	
25.004173	25.008333	25.012455	25.016537	25.020550	25.024490	25.028332	25.032070	25.035686	25.039167	25.042498	25.045671	25.048668	25.051479	25.054098	25.056511	25.058708	25.060682	25.062428	25.063934	25.065203	25.066221	25.066986	25.067501	25.067757	25.067757	25.067501	25.066986	25.066217	25.065201	25.063934	25.062426	25.060684	25.058706	25.056509	25.054096	25.051479	25.048666	25.045668	25.042498	25.039165	25.035686	25.032072	25.028334	25.024490	25.020550	25.016537	25.012457	25.008331	25.004173	
25.004314	25.008610	25.012875	25.017090	25.021244	25.025311	25.029289	25.033150	25.036890	25.040485	25.043930	25.047207	25.050304	25.053211	25.055916	25.058411	25.060682	25.062725	25.064526	25.066090	25.067394	25.068449	25.069241	25.069775	25.070038	25.070038	25.069771	25.069239	25.068447	25.067394	25.066086	25.064528	25.062723	25.060680	25.058411	25.055916	25.053211	25.050304	25.047203	25.043926	25.040483	25.036886	25.033150	25.029287	25.025314	25.021244	25.017092	25.012877	25.008610	25.004314	
25.004438	25.008862	25.013245	25.017582	25.021851	25.026043	25.030128	25.034103	25.037949	25.041651	25.045193	25.048565	25.051750	25.054741	25.057524	25.060089	25.062428	25.064529	25.066383	25.067987	25.069336	25.070415	25.071234	25.071777	25.072052	25.072052	25.071777	25.071230	25.070415	25.069332	25.067986	25.066383	25.064528	25.062428	25.060089	25.057524	25.054741	25.051750	25.048561	25.045191	25.041647	25.037947	25.034103	25.030128	25.026039	25.021852	25.017582	25.013248	25.008860	25.004438	
25.004547	25.009071	25.013567	25.018005	25.022381	25.026669	25.030859	25.034927	25.038868	25.042656	25.046284	25.049736	25.053001	25.056065	25.058914	25.061543	25.063934	25.066086	25.067986	25.069632	25.071007	25.072121	25.072952	25.073515	25.073792	25.073792	25.073511	25.072952	25.072117	25.071007	25.069628	25.067986	25.066086	25.063936	25.061539	25.058914	25.056063	25.052998	25.049736	25.046284	25.042652	25.038864	25.034924	25.030857	25.026669	25.022381	25.018009	25.013565	25.009073	25.004543	
25.004635	25.009251	25.013832	25.018362	25.022823	25.027199	25.031467	25.035620	25.039635	25.043499	25.047201	25.050722	25.054050	25.057175	25.060081	25.062759	25.065201	25.067394	25.069332	25.071007	25.072414	25.073544	25.074398	25.074966	25.075253	25.075253	25.074966	25.074396	25.073544	25.072411	25.071009	25.069332	25.067394	25.065201	25.062761	25.060080	25.057171	25.054047	25.050718	25.047199	25.043499	25.039631	25.035618	25.031467	25.027195	25.022823	25.018364	25.013834	25.009251	25.004635	
25.004707	25.009396	25.014050	25.018650	25.023182	25.027622	25.031960	25.036175	25.040255	25.044182	25.047937	25.051516	25.054897	25.058067	25.061022	25.063740	25.066219	25.068447	25.070415	25.072119	25.073545	25.074696	25.075558	25.076138	25.076427	25.076427	25.076138	25.075558	25.074692	25.073544	25.072115	25.070415	25.068447	25.066219	25.063740	25.061018	25.058064	25.054890	25.051512	25.047935	25.044178	25.040253	25.036171	25.031958	25.027622	25.023180	25.018650	25.014050	25.009396	25.004705	
25.004761	25.009506	25.014214	25.018867	25.023449	25.027943	25.032330	25.036594	25.040720	25.044691	25.048494	25.052109	25.055531	25.058741	25.061726	25.064480	25.066988	25.069241	25.071232	25.072954	25.074400	25.075558	25.076435	25.077021	25.077314	25.077312	25.077019	25.076435	25.075558	25.074394	25.072952	25.071228	25.069237	25.066984	25.064478	25.061726	25.058737	25.055529	25.052109	25.048489	25.044689	25.040716	25.036594	25.032328	25.027941	25.023449	25.018866	25.014212	25.009504	25.004761	
25.004799	25.009579	25.014320	25.019009	25.023628	25.028156	25.032578	25.036873	25.041033	25.045034	25.048862	25.052509	25.055956	25.059189	25.062199	25.064972	25.067501	25.069771	25.071779	25.073513	25.074966	25.076138	25.077019	25.077610	25.077904	25.077906	25.077608	25.077019	25.076138	25.074966	25.073509	25.071775	25.069769	25.067497	25.064972	25.062199	25.059189	25.055954	25.052509	25.048862	25.045031	25.041029	25.036873	25.032578	25.028156	25.023628	25.019009	25.014320	25.009577	25.004797	
25.004818	25.009615	25.014378	25.019081	25.023716	25.028263	25.032701	25.037016	25.041187	25.045204	25.049049	25.052708	25.056168	25.059416	25.062437	25.065220	25.067757	25.070038	25.072052	25.073792	25.075254	25.076429	25.077314	25.077904	25.078201	25.078201	25.077906	25.077312	25.076427	25.075251	25.073792	25.072048	25.070034	25.067757	25.065218	25.062435	25.059414	25.056168	25.052708	25.049047	25.045200	25.041183	25.037014	25.032700	25.028263	25.023718	25.019083	25.014374	25.009613	25.004816	
25.004818	25.009615	25.014378	25.019081	25.023716	25.028263	25.032701	25.037016	25.041187	25.045204	25.049049	25.052708	25.056168	25.059416	25.062437	25.065220	25.067757	25.070038	25.072052	25.073792	25.075254	25.076429	25.077314	25.077904	25.078201	25.078201	25.077906	25.077312	25.076427	25.075251	25.073792	25.072048	25.070034	25.067757	25.065218	25.062435	25.059414	25.056168	25.052708	25.049047	25.045200	25.041183	25.037014	25.032700	25.028263	25.023718	25.019083	25.014374	25.009613	25.004816	
25.004799	25.009579	25.014320	25.019009	25.023628	25.028156	25.032578	25.036873	25.041033	25.045034	25.048862	25.052509	25.055956	25.059189	25.062199	25.064972	25.067501	25.069771	25.071779	25.073513	25.074966	25.076138	25.077019	25.077610	25.077904	25.077906	25.077608	25.077019	25.076138	25.074966	25.073509	25.071775	25.069769	25.067497	25.064972	25.062199	25.059189	25.055954	25.052509	25.048862	25.045031	25.041029	25.036873	25.032578	25.028156	25.023628	25.019009	25.014320	25.009577	25.004797	
25.004761	25.009506	25.014214	25.018867	25.023449	25.027943	25.032330	25.036594	25.040720	25.044691	25.048494	25.052109	25.055531	25.058741	25.061726	25.064480	25.066988	25.069241	25.071232	25.072954	25.074400	25.075558	25.076435	25.077021	25.077314	25.077312	25.077019	25.076435	25.075558	25.074394	25.072952	25.071228	25.069237	25.066984	25.064478	25.061726	25.058737	25.055529	25.052109	25.048489	25.044689	25.040716	25.036594	25.032328	25.027941	25.023449	25.018866	25.014212	25.009504	25.004761	
25.004707	25.009396	25.014050	25.018650	25.023182	25.027622	25.031960	25.036175	25.040255	25.044182	25.047937	25.051516	25.054897	25.058067	25.061022	25.063740	25.066219	25.068447	25.070415	25.072119	25.073545	25.074696	25.075558	25.076138	25.076427	25.076427	25.076138	25.075558	25.074692	25.073544	25.072115	25.070415	25.068447	25.066219	25.063740	25.061018	25.058064	25.054890	25.051512	25.047935	25.044178	25.040253	25.036171	25.031958	25.027622	25.023180	25.018650	25.014050	25.009396	25.004705	
25.004635	25.009251	25.013832	25.018362	25.022823	25.027199	25.031467	25.035620	25.039635	25.043499	25.047201	25.050722	25.054050	25.057175	25.060081	25.062759	25.065201	25.067394	25.069332	25.071007	25.072414	25.073544	25.074398	25.074966	25.075253	25.075253	25.074966	25.074396	25.073544	25.072411	25.071009	25.069332	25.067394	25.065201	25.062761	25.060080	25.057171	25.054047	25.050718	25.047199	25.043499	25.039631	25.035618	25.031467	25.027195	25.022823	25.018364	25.013834	25.009251	25.004635	
25.004547	25.009071	25.013567	25.018005	25.022381	25.026669	25.030859	25.034927	25.038868	25.042656	25.046284	25.049736	25.053001	25.056065	25.058914	25.061543	25.063934	25.066086	25.067986	25.069632	25.071007	25.072121	25.072952	25.073515	25.073792	25.073792	25.073511	25.072952	25.072117	25.071007	25.069628	25.067986	25.066086	25.063936	25.061539	25.058914	25.056063	25.052998	25.049736	25.046284	25.042652	25.038864	25.034924	25.030857	25.026669	25.022381	25.018009	25.013565	25.009073	25.004543	
25.004438	25.008862	25.013245	25.017582	25.021851	25.026043	25.030128	25.034103	25.037949	25.041651	25.045193	25.048565	25.051750	25.054741	25.057524	25.060089	25.062428	25.064529	25.066383	25.067987	25.069336	25.070415	25.071234	25.071777	25.072052	25.072052	25.071777	25.071230	25.070415	25.069332	25.067986	25.066383	25.064528	25.062428	25.060089	25.057524	25.054741	25.051750	25.048561	25.045191	25.041647	25.037947	25.034103	25.030128	25.026039	25.021852	25.017582	25.013248	25.008860	25.004438	
25.004314	25.008610	25.012875	25.017090	25.021244	25.025311	25.029289	25.033150	25.036890	25.040485	25.043930	25.047207	25.050304	25.053211	25.055916	25.058411	25.060682	25.062725	25.064526	25.066090	25.067394	25.068449	25.069241	25.069775	25.070038	25.070038	25.069771	25.069239	25.068447	25.067394	25.066086	25.064528	25.062723	25.060680	25.058411	25.055916	25.053211	25.050304	25.047203	25.043926	25.040483	25.036886	25.033150	25.029287	25.025314	25.021244	25.017092	25.012877	25.008610	25.004314	
25.004173	25.008333	25.012455	25.016537	25.020550	25.024490	25.028332	25.032070	25.035686	25.039167	25.042498	25.045671	25.048668	25.051479	25.054098	25.056511	25.058708	25.060682	25.062428	25.063934	25.065203	25.066221	25.066986	25.067501	25.067757	25.067757	25.067501	25.066986	25.066217	25.065201	25.063934	25.062426	25.060684	25.058706	25.056509	25.054096	25.051479	25.048666	25.045668	25.042498	25.039165	25.035686	25.032072	25.028334	25.024490	25.020550	25.016537	25.012457	25.008331	25.004173	
25.004017	25.008018	25.011993	25.015915	25.019783	25.023571	25.027273	25.030870	25.034351	25.037701	25.040909	25.043961	25.046846	25.049553	25.052071	25.054394	25.056507	25.058411	25.060091	25.061543	25.062759	25.063744	25.064480	25.064974	25.065222	25.065220	25.064972	25.064478	25.063740	25.062759	25.061541	25.060089	25.058411	25.056509	25.054394	25.052071	25.049553	25.046844	25.043959	25.040907	25.037701	25.034351	25.030869	25.027275	25.023573	25.019783	25.015915	25.011990	25.008018	25.004017	
25.003845	25.007679	25.011478	25.015238	25.018936	25.022564	25.026108	25.029552	25.032883	25.036093	25.039162	25.042084	25.044846	25.047440	25.049850	25.052071	25.054096	25.055916	25.057524	25.058918	25.060081	25.061020	25.061728	25.062202	25.062435	25.062437	25.062201	25.061726	25.061020	25.060081	25.058914	25.057524	25.055916	25.054096	25.052071	25.049850	25.047436	25.044846	25.042084	25.039162	25.036091	25.032885	25.029552	25.026108	25.022568	25.018938	25.015236	25.011478	25.007677	25.003845	
25.003658	25.007305	25.010925	25.014500	25.018021	25.021473	25.024845	25.028122	25.031292	25.034344	25.037268	25.040047	25.042679	25.045143	25.047438	25.049551	25.051479	25.053211	25.054745	25.056065	25.057177	25.058069	25.058743	25.059189	25.059418	25.059414	25.059189	25.058739	25.058067	25.057175	25.056065	25.054741	25.053211	25.051479	25.049553	25.047436	25.045143	25.042675	25.040047	25.037266	25.034344	25.031292	25.028122	25.024845	25.021473	25.018021	25.014500	25.010925	25.007305	25.003658	
25.003460	25.006908	25.010326	25.013708	25.017036	25.020302	25.023487	25.026587	25.029583	25.032471	25.035229	25.037861	25.040344	25.042679	25.044846	25.046846	25.048666	25.050306	25.051750	25.053005	25.054052	25.054897	25.055531	25.055958	25.056168	25.056171	25.055954	25.055531	25.054893	25.054050	25.053001	25.051750	25.050304	25.048668	25.046844	25.044846	25.042675	25.040344	25.037857	25.035231	25.032469	25.029583	25.026585	25.023487	25.020302	25.017036	25.013706	25.010326	25.006905	25.003460	
25.003246	25.006481	25.009693	25.012863	25.015987	25.019051	25.022041	25.024948	25.027763	25.030468	25.033062	25.035526	25.037861	25.040047	25.042086	25.043959	25.045673	25.047207	25.048565	25.049738	25.050726	25.051514	25.052113	25.052509	25.052711	25.052708	25.052509	25.052111	25.051514	25.050724	25.049740	25.048563	25.047207	25.045670	25.043961	25.042084	25.040047	25.037861	25.035526	25.033060	25.030468	25.027760	25.024948	25.022041	25.019051	25.015987	25.012865	25.009691	25.006481	25.003246	
25.003021	25.006031	25.009018	25.011971	25.014877	25.017727	25.020512	25.023218	25.025833	25.028355	25.030766	25.033062	25.035229	25.037268	25.039162	25.040909	25.042500	25.043930	25.045193	25.046288	25.047201	25.047939	25.048492	25.048866	25.049049	25.049051	25.048862	25.048492	25.047935	25.047201	25.046286	25.045193	25.043928	25.042500	25.040905	25.039162	25.037266	25.035233	25.033060	25.030766	25.028351	25.025833	25.023216	25.020512	25.017729	25.014877	25.011971	25.009018	25.006031	25.003021	
25.002785	25.005558	25.008312	25.011032	25.013710	25.016338	25.018904	25.021397	25.023811	25.026131	25.028355	25.030468	25.032471	25.034344	25.036093	25.037701	25.039165	25.040485	25.041649	25.042656	25.043503	25.044180	25.044693	25.045033	25.045208	25.045204	25.045034	25.044689	25.044182	25.043501	25.042656	25.041649	25.040485	25.039165	25.037703	25.036091	25.034346	25.032467	25.030468	25.028355	25.026131	25.023808	25.021395	25.018902	25.016335	25.013712	25.011030	25.008312	25.005558	25.002783	
25.002539	25.005062	25.007572	25.010052	25.012493	25.014887	25.017223	25.019497	25.021690	25.023809	25.025833	25.027763	25.029583	25.031296	25.032885	25.034351	25.035686	25.036888	25.037949	25.038866	25.039635	25.040257	25.040722	25.041035	25.041187	25.041187	25.041029	25.040722	25.040253	25.039637	25.038866	25.037952	25.036888	25.035688	25.034349	25.032887	25.031292	25.029585	25.027760	25.025833	25.023809	25.021692	25.019497	25.017223	25.014885	25.012491	25.010052	25.007572	25.005064	25.002537	
25.002281	25.004551	25.006805	25.009033	25.011227	25.013378	25.015480	25.017519	25.019497	25.021397	25.023216	25.024948	25.026588	25.028122	25.029552	25.030869	25.032070	25.033150	25.034103	25.034927	25.035620	25.036175	25.036594	25.036873	25.037016	25.037012	25.036877	25.036594	25.036177	25.035620	25.034929	25.034103	25.033154	25.032072	25.030872	25.029552	25.028126	25.026585	25.024950	25.023216	25.021397	25.019495	25.017517	25.015480	25.013376	25.011227	25.009033	25.006805	25.004551	25.002279	
25.002014	25.004021	25.006012	25.007980	25.009918	25.011820	25.013672	25.015480	25.017223	25.018902	25.020512	25.022043	25.023487	25.024845	25.026108	25.027273	25.028334	25.029285	25.030128	25.030857	25.031467	25.031960	25.032330	25.032579	25.032700	25.032703	25.032578	25.032331	25.031960	25.031471	25.030857	25.030132	25.029287	25.028336	25.027273	25.026110	25.024845	25.023491	25.022041	25.020512	25.018902	25.017223	25.015480	25.013674	25.011818	25.009918	25.007980	25.006012	25.004021	25.002014	
25.001740	25.003475	25.005196	25.006897	25.008572	25.010216	25.011818	25.013378	25.014885	25.016338	25.017727	25.019051	25.020302	25.021473	25.022564	25.023571	25.024490	25.025314	25.026039	25.026669	25.027199	25.027622	25.027943	25.028156	25.028267	25.028263	25.028160	25.027943	25.027622	25.027197	25.026672	25.026039	25.025314	25.024490	25.023575	25.022566	25.021477	25.020302	25.019051	25.017727	25.016338	25.014887	25.013378	25.011818	25.010216	25.008572	25.006897	25.005196	25.003475	25.001740	
25.001459	25.002914	25.004360	25.005789	25.007195	25.008572	25.009918	25.011227	25.012493	25.013710	25.014877	25.015985	25.017036	25.018021	25.018936	25.019781	25.020550	25.021240	25.021852	25.022379	25.022823	25.023182	25.023449	25.023630	25.023718	25.023724	25.023628	25.023449	25.023180	25.022823	25.022381	25.021854	25.021240	25.020552	25.019781	25.018940	25.018021	25.017040	25.015987	25.014877	25.013710	25.012493	25.011227	25.009918	25.008572	25.007195	25.005787	25.004360	25.002914	25.001461	
25.001175	25.002346	25.003510	25.004656	25.005791	25.006897	25.007980	25.009033	25.010052	25.011032	25.011971	25.012863	25.013706	25.014500	25.015236	25.015915	25.016533	25.017092	25.017584	25.018005	25.018362	25.018650	25.018867	25.019011	25.019085	25.019085	25.019014	25.018866	25.018650	25.018364	25.018007	25.017582	25.017094	25.016535	25.015917	25.015236	25.014503	25.013708	25.012863	25.011971	25.011032	25.010052	25.009033	25.007980	25.006897	25.005787	25.004656	25.003508	25.002346	25.001175	
25.000885	25.001766	25.002644	25.003510	25.004360	25.005196	25.006012	25.006805	25.007572	25.008312	25.009020	25.009689	25.010326	25.010921	25.011478	25.011990	25.012455	25.012875	25.013243	25.013565	25.013832	25.014050	25.014214	25.014324	25.014378	25.014378	25.014320	25.014214	25.014051	25.013836	25.013565	25.013247	25.012875	25.012459	25.011990	25.011482	25.010921	25.010330	25.009689	25.009018	25.008312	25.007572	25.006805	25.006012	25.005196	25.004360	25.003508	25.002644	25.001766	25.000885	
25.000591	25.001183	25.001766	25.002346	25.002914	25.003475	25.004021	25.004551	25.005064	25.005558	25.006031	25.006481	25.006907	25.007305	25.007677	25.008018	25.008331	25.008610	25.008858	25.009073	25.009251	25.009396	25.009506	25.009581	25.009613	25.009615	25.009579	25.009506	25.009398	25.009251	25.009075	25.008860	25.008614	25.008331	25.008022	25.007675	25.007307	25.006905	25.006481	25.006031	25.005558	25.005066	25.004551	25.004021	25.003475	25.002914	25.002346	25.001766	25.001183	25.000591	
25.000298	25.000591	25.000885	25.001175	25.001463	25.001740	25.002014	25.002279	25.002537	25.002785	25.003021	25.003246	25.003460	25.003660	25.003845	25.004017	25.004173	25.004314	25.004438	25.004543	25.004635	25.004707	25.004761	25.004799	25.004818	25.004816	25.004799	25.004761	25.004707	25.004635	25.004545	25.004436	25.004314	25.004175	25.004017	25.003847	25.003658	25.003460	25.003246	25.003021	25.002783	25.002535	25.002281	25.002014	25.001741	25.001461	25.001175	25.000885	25.000591	25.000298	
