25.000000	25.000000	25.000000	25.000000	25.000000	25.000000	25.000000	25.000000	25.000000	25.000000	25.000000	25.000000	25.000000	25.000000	25.000000	25.000000	25.000000	25.000000	25.000000	25.000000	25.000000	25.000000	25.000000	25.000000	25.000000	25.000000	25.000000	25.000000	25.000000	25.000000	25.000000	25.000000	25.000000	25.000000	25.000000	25.000000	25.000000	25.000000	25.000000	25.000000	25.000000	25.000000	25.000000	25.000000	25.000000	25.000000	25.000000	25.000000	25.000000	25.000000	
25.000000	25.000000	25.000000	25.000000	25.000000	25.000000	25.000000	25.000000	25.000000	25.000000	25.000000	25.000000	25.000000	25.000000	25.000000	25.000000	25.000000	25.000000	25.000000	25.000000	25.000000	25.000000	25.000000	25.000000	25.000000	25.000000	25.000000	25.000000	25.000000	25.000000	25.000000	25.000000	25.000000	25.000000	25.000000	25.000000	25.000000	25.000000	25.000000	25.000000	25.000000	25.000000	25.000000	25.000000	25.000000	25.000000	25.000000	25.000000	25.000000	25.000000	
25.000000	25.000000	25.000000	25.000000	25.000000	25.000000	25.000000	25.000000	25.000000	25.000000	25.000000	25.000000	25.000000	25.000000	25.000000	25.000000	25.000000	25.000000	25.000002	25.000002	25.000008	25.000008	25.000008	25.000008	25.000008	25.000008	25.000008	25.000008	25.000008	25.000004	25.000002	25.000002	25.000000	25.000000	25.000000	25.000000	25.000000	25.000000	25.000000	25.000000	25.000000	25.000000	25.000000	25.000000	25.000000	25.000000	25.000000	25.000000	25.000000	25.000000	
25.000000	25.000000	25.000000	25.000000	25.000000	25.000000	25.000000	25.000000	25.000000	25.000000	25.000000	25.000000	25.000000	25.000000	25.000000	25.000002	25.000004	25.000010	25.000013	25.000027	25.000029	25.000042	25.000044	25.000051	25.000051	25.000050	25.000050	25.000044	25.000040	25.000029	25.000025	25.000011	25.000010	25.000004	25.000002	25.000000	25.000000	25.000000	25.000000	25.000000	25.000000	25.000000	25.000000	25.000000	25.000000	25.000000	25.000000	25.000000	25.000000	25.000000	
25.000000	25.000000	25.000000	25.000000	25.000000	25.000000	25.000000	25.000000	25.000000	25.000000	25.000000	25.000000	25.000000	25.000000	25.000006	25.000011	25.000031	25.000040	25.000084	25.000095	25.000151	25.000164	25.000210	25.000216	25.000229	25.000233	25.000214	25.000208	25.000164	25.000153	25.000097	25.000084	25.000038	25.000031	25.000011	25.000008	25.000002	25.000000	25.000000	25.000000	25.000000	25.000000	25.000000	25.000000	25.000000	25.000000	25.000000	25.000000	25.000000	25.000000	
25.000000	25.000000	25.000000	25.000000	25.000000	25.000000	25.000000	25.000000	25.000000	25.000000	25.000000	25.000000	25.000004	25.000015	25.000023	25.000074	25.000095	25.000223	25.000265	25.000465	25.000521	25.000717	25.000759	25.000877	25.000891	25.000891	25.000875	25.000759	25.000717	25.000519	25.000465	25.000267	25.000223	25.000095	25.000072	25.000023	25.000015	25.000004	25.000002	25.000000	25.000000	25.000000	25.000000	25.000000	25.000000	25.000000	25.000000	25.000000	25.000000	25.000000	
25.000000	25.000000	25.000000	25.000000	25.000000	25.000000	25.000000	25.000000	25.000000	25.000000	25.000004	25.000004	25.000025	25.000038	25.000145	25.000198	25.000504	25.000629	25.001204	25.001400	25.002102	25.002296	25.002850	25.002964	25.003166	25.003166	25.002964	25.002850	25.002296	25.002104	25.001402	25.001204	25.000629	25.000504	25.000196	25.000143	25.000040	25.000027	25.000004	25.000004	25.000000	25.000000	25.000000	25.000000	25.000000	25.000000	25.000000	25.000000	25.000000	25.000000	
25.000000	25.000000	25.000000	25.000000	25.000000	25.000000	25.000000	25.000000	25.000000	25.000004	25.000006	25.000038	25.000059	25.000240	25.000347	25.000969	25.001278	25.002659	25.003231	25.005276	25.005974	25.007992	25.008541	25.009745	25.009947	25.009945	25.009743	25.008541	25.007992	25.005976	25.005276	25.003233	25.002659	25.001276	25.000969	25.000347	25.000240	25.000059	25.000038	25.000006	25.000004	25.000000	25.000000	25.000000	25.000000	25.000000	25.000000	25.000000	25.000000	25.000000	
25.000000	25.000000	25.000000	25.000000	25.000000	25.000000	25.000000	25.000000	25.000004	25.000008	25.000046	25.000078	25.000345	25.000528	25.001602	25.002226	25.005045	25.006428	25.011391	25.013432	25.019379	25.021393	25.026093	25.027294	25.029036	25.029036	25.027294	25.026093	25.021393	25.019379	25.013432	25.011389	25.006426	25.005043	25.002228	25.001602	25.000528	25.000349	25.000080	25.000048	25.000008	25.000004	25.000000	25.000000	25.000000	25.000000	25.000000	25.000000	25.000000	25.000000	
25.000000	25.000000	25.000000	25.000000	25.000000	25.000000	25.000000	25.000002	25.000008	25.000050	25.000092	25.000431	25.000698	25.002289	25.003365	25.008255	25.011072	25.021238	25.026199	25.040752	25.046700	25.060959	25.065655	25.074232	25.075974	25.075974	25.074230	25.065655	25.060957	25.046698	25.040752	25.026199	25.021236	25.011074	25.008255	25.003365	25.002291	25.000698	25.000431	25.000092	25.000051	25.000006	25.000002	25.000000	25.000000	25.000000	25.000000	25.000000	25.000000	25.000000	
25.000000	25.000000	25.000000	25.000000	25.000000	25.000000	25.000000	25.000004	25.000046	25.000090	25.000462	25.000801	25.002832	25.004425	25.011707	25.016598	25.034348	25.044510	25.074533	25.089088	25.124510	25.138769	25.166805	25.175381	25.185850	25.185850	25.175381	25.166805	25.138769	25.124516	25.089087	25.074533	25.044510	25.034344	25.016598	25.011707	25.004427	25.002832	25.000801	25.000462	25.000092	25.000046	25.000004	25.000002	25.000000	25.000000	25.000000	25.000000	25.000000	25.000000	
25.000000	25.000000	25.000000	25.000000	25.000000	25.000000	25.000004	25.000038	25.000080	25.000429	25.000801	25.003040	25.005068	25.014420	25.021704	25.048315	25.066065	25.118870	25.148893	25.222752	25.258177	25.330149	25.358185	25.401672	25.412142	25.412144	25.401672	25.358183	25.330151	25.258175	25.222754	25.148891	25.118868	25.066063	25.048315	25.021706	25.014421	25.005070	25.003040	25.000805	25.000431	25.000080	25.000034	25.000004	25.000000	25.000000	25.000000	25.000000	25.000000	25.000000	
25.000000	25.000000	25.000000	25.000000	25.000000	25.000002	25.000027	25.000059	25.000347	25.000698	25.002832	25.005068	25.015457	25.024805	25.059244	25.085854	25.165649	25.218452	25.349573	25.423435	25.576319	25.648293	25.769312	25.812799	25.858181	25.858183	25.812801	25.769312	25.648291	25.576319	25.423431	25.349573	25.218452	25.165646	25.085854	25.059242	25.024807	25.015455	25.005072	25.002832	25.000698	25.000347	25.000059	25.000025	25.000002	25.000000	25.000000	25.000000	25.000000	25.000000	
25.000000	25.000000	25.000000	25.000000	25.000000	25.000015	25.000038	25.000244	25.000528	25.002289	25.004423	25.014423	25.024805	25.063400	25.097834	25.202015	25.281809	25.481846	25.612965	25.888092	26.040977	26.307865	26.428888	26.590534	26.635916	26.635916	26.590534	26.428888	26.307865	26.040977	25.888092	25.612967	25.481846	25.281807	25.202015	25.097836	25.063400	25.024807	25.014420	25.004425	25.002289	25.000528	25.000242	25.000038	25.000015	25.000000	25.000000	25.000000	25.000000	25.000000	
25.000000	25.000000	25.000000	25.000000	25.000008	25.000021	25.000145	25.000347	25.001604	25.003368	25.011707	25.021704	25.059242	25.097834	25.215809	25.319988	25.583925	25.783962	26.208889	26.484013	26.975208	27.242100	27.630743	27.792389	27.938465	27.938465	27.792389	27.630741	27.242100	26.975208	26.484013	26.208887	25.783962	25.583923	25.319988	25.215809	25.097836	25.059240	25.021706	25.011705	25.003368	25.001602	25.000347	25.000145	25.000021	25.000008	25.000000	25.000000	25.000000	25.000000	
25.000000	25.000000	25.000000	25.000002	25.000011	25.000072	25.000196	25.000969	25.002228	25.008255	25.016596	25.048317	25.085854	25.202017	25.319988	25.622505	25.886440	26.454311	26.879238	27.651100	28.142296	28.888470	29.277111	29.729591	29.875666	29.875669	29.729589	29.277115	28.888466	28.142296	27.651100	26.879238	26.454309	25.886440	25.622505	25.319988	25.202013	25.085855	25.048313	25.016598	25.008255	25.002226	25.000969	25.000198	25.000074	25.000011	25.000002	25.000000	25.000000	25.000000	
25.000000	25.000000	25.000000	25.000004	25.000031	25.000095	25.000504	25.001276	25.005043	25.011074	25.034346	25.066063	25.165649	25.281809	25.583925	25.886440	26.546677	27.114546	28.162924	28.934788	30.139406	30.885578	31.838137	32.290611	32.649117	32.649113	32.290615	31.838135	30.885578	30.139404	28.934786	28.162924	27.114548	26.546677	25.886440	25.583923	25.281811	25.165648	25.066063	25.034344	25.011072	25.005043	25.001278	25.000505	25.000095	25.000031	25.000004	25.000000	25.000000	25.000000	
25.000000	25.000000	25.000000	25.000010	25.000038	25.000221	25.000633	25.002659	25.006428	25.021236	25.044510	25.118868	25.218452	25.481846	25.783962	26.454311	27.114546	28.354588	29.402962	31.075453	32.280067	33.893009	34.845566	35.824226	36.182728	36.182732	35.824226	34.845566	33.893009	32.280067	31.075451	29.402964	28.354588	27.114546	26.454309	25.783962	25.481846	25.218451	25.118868	25.044510	25.021238	25.006428	25.002663	25.000633	25.000225	25.000038	25.000011	25.000000	25.000000	25.000000	
25.000000	25.000000	25.000002	25.000013	25.000080	25.000267	25.001202	25.003231	25.011387	25.026199	25.074535	25.148893	25.349571	25.612965	26.208889	26.879236	28.162926	29.402962	31.423912	33.096397	35.409740	37.022678	38.851097	39.829758	40.518391	40.518387	39.829765	38.851097	37.022682	35.409740	33.096397	31.423912	29.402964	28.162922	26.879238	26.208889	25.612967	25.349573	25.148891	25.074535	25.026197	25.011391	25.003231	25.001205	25.000265	25.000082	25.000013	25.000002	25.000000	25.000000	
25.000000	25.000000	25.000002	25.000027	25.000095	25.000463	25.001400	25.005276	25.013432	25.040752	25.089088	25.222754	25.423431	25.888092	26.484013	27.651102	28.934786	31.075453	33.096397	35.970516	38.283859	41.051628	42.880051	44.559906	45.248535	45.248535	44.559902	42.880051	41.051628	38.283859	35.970516	33.096397	31.075451	28.934788	27.651100	26.484013	25.888090	25.423431	25.222752	25.089087	25.040752	25.013432	25.005278	25.001400	25.000465	25.000093	25.000027	25.000002	25.000000	25.000000	
25.000000	25.000000	25.000008	25.000027	25.000153	25.000519	25.002102	25.005978	25.019381	25.046700	25.124512	25.258177	25.576317	26.040977	26.975210	28.142296	30.139408	32.280067	35.409740	38.283859	41.858967	44.626743	47.451660	49.131519	50.195854	50.195854	49.131519	47.451664	44.626740	41.858971	38.283859	35.409740	32.280067	30.139404	28.142296	26.975208	26.040976	25.576317	25.258175	25.124512	25.046696	25.019379	25.005976	25.002102	25.000519	25.000153	25.000027	25.000008	25.000000	25.000000	
25.000000	25.000000	25.000008	25.000040	25.000162	25.000717	25.002298	25.007992	25.021395	25.060957	25.138769	25.330149	25.648293	26.307867	27.242100	28.888470	30.885580	33.893013	37.022682	41.051628	44.626743	48.503868	51.328796	53.682304	54.746647	54.746647	53.682304	51.328800	48.503872	44.626740	41.051628	37.022682	33.893009	30.885578	28.888470	27.242096	26.307867	25.648289	25.330151	25.138767	25.060959	25.021393	25.007992	25.002298	25.000715	25.000164	25.000042	25.000008	25.000000	25.000000	
25.000000	25.000000	25.000008	25.000042	25.000208	25.000759	25.002850	25.008541	25.026093	25.065655	25.166805	25.358185	25.769314	26.428890	27.630745	29.277113	31.838139	34.845566	38.851097	42.880051	47.451660	51.328796	54.940739	57.294254	58.655350	58.655346	57.294254	54.940739	51.328800	47.451664	42.880054	38.851097	34.845566	31.838139	29.277111	27.630743	26.428886	25.769314	25.358183	25.166807	25.065653	25.026093	25.008539	25.002850	25.000759	25.000206	25.000042	25.000008	25.000000	25.000000	
25.000000	25.000000	25.000008	25.000050	25.000214	25.000875	25.002964	25.009745	25.027294	25.074232	25.175381	25.401672	25.812799	26.590536	27.792389	29.729593	32.290619	35.824230	39.829762	44.559906	49.131519	53.682308	57.294254	60.056870	61.417965	61.417969	60.056870	57.294254	53.682308	49.131519	44.559906	39.829765	35.824226	32.290615	29.729593	27.792391	26.590536	25.812798	25.401672	25.175379	25.074232	25.027290	25.009745	25.002962	25.000874	25.000214	25.000050	25.000008	25.000000	25.000000	
25.000000	25.000000	25.000010	25.000051	25.000229	25.000891	25.003164	25.009947	25.029036	25.075974	25.185850	25.412140	25.858181	26.635918	27.938467	29.875671	32.649117	36.182732	40.518387	45.248535	50.195854	54.746643	58.655350	61.417969	62.890961	62.890961	61.417969	58.655350	54.746643	50.195858	45.248535	40.518391	36.182732	32.649117	29.875668	27.938465	26.635918	25.858183	25.412140	25.185850	25.075974	25.029036	25.009945	25.003166	25.000889	25.000231	25.000050	25.000010	25.000000	25.000000	
25.000000	25.000000	25.000010	25.000051	25.000229	25.000891	25.003164	25.009947	25.029036	25.075974	25.185850	25.412140	25.858181	26.635918	27.938467	29.875671	32.649117	36.182732	40.518387	45.248535	50.195854	54.746643	58.655350	61.417969	62.890961	62.890961	61.417969	58.655350	54.746643	50.195858	45.248535	40.518391	36.182732	32.649117	29.875668	27.938465	26.635918	25.858183	25.412140	25.185850	25.075974	25.029036	25.009945	25.003166	25.000889	25.000231	25.000050	25.000010	25.000000	25.000000	
25.000000	25.000000	25.000008	25.000050	25.000214	25.000875	25.002964	25.009745	25.027294	25.074232	25.175381	25.401672	25.812799	26.590536	27.792389	29.729593	32.290619	35.824230	39.829762	44.559906	49.131519	53.682308	57.294254	60.056870	61.417965	61.417969	60.056870	57.294254	53.682308	49.131519	44.559906	39.829765	35.824226	32.290615	29.729593	27.792391	26.590536	25.812798	25.401672	25.175379	25.074232	25.027290	25.009745	25.002962	25.000874	25.000214	25.000050	25.000008	25.000000	25.000000	
25.000000	25.000000	25.000008	25.000042	25.000208	25.000759	25.002850	25.008541	25.026093	25.065655	25.166805	25.358185	25.769314	26.428890	27.630745	29.277113	31.838139	34.845566	38.851097	42.880051	47.451660	51.328796	54.940739	57.294254	58.655350	58.655346	57.294254	54.940739	51.328800	47.451664	42.880054	38.851097	34.845566	31.838139	29.277111	27.630743	26.428886	25.769314	25.358183	25.166807	25.065653	25.026093	25.008539	25.002850	25.000759	25.000206	25.000042	25.000008	25.000000	25.000000	
25.000000	25.000000	25.000008	25.000040	25.000162	25.000717	25.002298	25.007992	25.021395	25.060957	25.138769	25.330149	25.648293	26.307867	27.242100	28.888470	30.885580	33.893013	37.022682	41.051628	44.626743	48.503868	51.328796	53.682304	54.746647	54.746647	53.682304	51.328800	48.503872	44.626740	41.051628	37.022682	33.893009	30.885578	28.888470	27.242096	26.307867	25.648289	25.330151	25.138767	25.060959	25.021393	25.007992	25.002298	25.000715	25.000164	25.000042	25.000008	25.000000	25.000000	
25.000000	25.000000	25.000008	25.000027	25.000153	25.000519	25.002102	25.005978	25.019381	25.046700	25.124512	25.258177	25.576317	26.040977	26.975210	28.142296	30.139408	32.280067	35.409740	38.283859	41.858967	44.626743	47.451660	49.131519	50.195854	50.195854	49.131519	47.451664	44.626740	41.858971	38.283859	35.409740	32.280067	30.139404	28.142296	26.975208	26.040976	25.576317	25.258175	25.124512	25.046696	25.019379	25.005976	25.002102	25.000519	25.000153	25.000027	25.000008	25.000000	25.000000	
25.000000	25.000000	25.000002	25.000027	25.000095	25.000463	25.001400	25.005276	25.013432	25.040752	25.089088	25.222754	25.423431	25.888092	26.484013	27.651102	28.934786	31.075453	33.096397	35.970516	38.283859	41.051628	42.880051	44.559906	45.248535	45.248535	44.559902	42.880051	41.051628	38.283859	35.970516	33.096397	31.075451	28.934788	27.651100	26.484013	25.888090	25.423431	25.222752	25.089087	25.040752	25.013432	25.005278	25.001400	25.000465	25.000093	25.000027	25.000002	25.000000	25.000000	
25.000000	25.000000	25.000002	25.000013	25.000080	25.000267	25.001202	25.003231	25.011387	25.026199	25.074535	25.148893	25.349571	25.612965	26.208889	26.879236	28.162926	29.402962	31.423912	33.096397	35.409740	37.022678	38.851097	39.829758	40.518391	40.518387	39.829765	38.851097	37.022682	35.409740	33.096397	31.423912	29.402964	28.162922	26.879238	26.208889	25.612967	25.349573	25.148891	25.074535	25.026197	25.011391	25.003231	25.001205	25.000265	25.000082	25.000013	25.000002	25.000000	25.000000	
25.000000	25.000000	25.000000	25.000010	25.000038	25.000221	25.000633	25.002659	25.006428	25.021236	25.044510	25.118868	25.218452	25.481846	25.783962	26.454311	27.114546	28.354588	29.402962	31.075453	32.280067	33.893009	34.845566	35.824226	36.182728	36.182732	35.824226	34.845566	33.893009	32.280067	31.075451	29.402964	28.354588	27.114546	26.454309	25.783962	25.481846	25.218451	25.118868	25.044510	25.021238	25.006428	25.002663	25.000633	25.000225	25.000038	25.000011	25.000000	25.000000	25.000000	
25.000000	25.000000	25.000000	25.000004	25.000031	25.000095	25.000504	25.001276	25.005043	25.011074	25.034346	25.066063	25.165649	25.281809	25.583925	25.886440	26.546677	27.114546	28.162924	28.934788	30.139406	30.885578	31.838137	32.290611	32.649117	32.649113	32.290615	31.838135	30.885578	30.139404	28.934786	28.162924	27.114548	26.546677	25.886440	25.583923	25.281811	25.165648	25.066063	25.034344	25.011072	25.005043	25.001278	25.000505	25.000095	25.000031	25.000004	25.000000	25.000000	25.000000	
25.000000	25.000000	25.000000	25.000002	25.000011	25.000072	25.000196	25.000969	25.002228	25.008255	25.016596	25.048317	25.085854	25.202017	25.319988	25.622505	25.886440	26.454311	26.879238	27.651100	28.142296	28.888470	29.277111	29.729591	29.875666	29.875669	29.729589	29.277115	28.888466	28.142296	27.651100	26.879238	26.454309	25.886440	25.622505	25.319988	25.202013	25.085855	25.048313	25.016598	25.008255	25.002226	25.000969	25.000198	25.000074	25.000011	25.000002	25.000000	25.000000	25.000000	
25.000000	25.000000	25.000000	25.000000	25.000008	25.000021	25.000145	25.000347	25.001604	25.003368	25.011707	25.021704	25.059242	25.097834	25.215809	25.319988	25.583925	25.783962	26.208889	26.484013	26.975208	27.242100	27.630743	27.792389	27.938465	27.938465	27.792389	27.630741	27.242100	26.975208	26.484013	26.208887	25.783962	25.583923	25.319988	25.215809	25.097836	25.059240	25.021706	25.011705	25.003368	25.001602	25.000347	25.000145	25.000021	25.000008	25.000000	25.000000	25.000000	25.000000	
25.000000	25.000000	25.000000	25.000000	25.000000	25.000015	25.000038	25.000244	25.000528	25.002289	25.004423	25.014423	25.024805	25.063400	25.097834	25.202015	25.281809	25.481846	25.612965	25.888092	26.040977	26.307865	26.428888	26.590534	26.635916	26.635916	26.590534	26.428888	26.307865	26.040977	25.888092	25.612967	25.481846	25.281807	25.202015	25.097836	25.063400	25.024807	25.014420	25.004425	25.002289	25.000528	25.000242	25.000038	25.000015	25.000000	25.000000	25.000000	25.000000	25.000000	
25.000000	25.000000	25.000000	25.000000	25.000000	25.000002	25.000027	25.000059	25.000347	25.000698	25.002832	25.005068	25.015457	25.024805	25.059244	25.085854	25.165649	25.218452	25.349573	25.423435	25.576319	25.648293	25.769312	25.812799	25.858181	25.858183	25.812801	25.769312	25.648291	25.576319	25.423431	25.349573	25.218452	25.165646	25.085854	25.059242	25.024807	25.015455	25.005072	25.002832	25.000698	25.000347	25.000059	25.000025	25.000002	25.000000	25.000000	25.000000	25.000000	25.000000	
25.000000	25.000000	25.000000	25.000000	25.000000	25.000000	25.000004	25.000038	25.000080	25.000429	25.000801	25.003040	25.005068	25.014420	25.021704	25.048315	25.066065	25.118870	25.148893	25.222752	25.258177	25.330149	25.358185	25.401672	25.412142	25.412144	25.401672	25.358183	25.330151	25.258175	25.222754	25.148891	25.118868	25.066063	25.048315	25.021706	25.014421	25.005070	25.003040	25.000805	25.000431	25.000080	25.000034	25.000004	25.000000	25.000000	25.000000	25.000000	25.000000	25.000000	
25.000000	25.000000	25.000000	25.000000	25.000000	25.000000	25.000000	25.000004	25.000046	25.000090	25.000462	25.000801	25.002832	25.004425	25.011707	25.016598	25.034348	25.044510	25.074533	25.089088	25.124510	25.138769	25.166805	25.175381	25.185850	25.185850	25.175381	25.166805	25.138769	25.124516	25.089087	25.074533	25.044510	25.034344	25.016598	25.011707	25.004427	25.002832	25.000801	25.000462	25.000092	25.000046	25.000004	25.000002	25.000000	25.000000	25.000000	25.000000	25.000000	25.000000	
25.000000	25.000000	25.000000	25.000000	25.000000	25.000000	25.000000	25.000002	25.000008	25.000050	25.000092	25.000431	25.000698	25.002289	25.003365	25.008255	25.011072	25.021238	25.026199	25.040752	25.046700	25.060959	25.065655	25.074232	25.075974	25.075974	25.074230	25.065655	25.060957	25.046698	25.040752	25.026199	25.021236	25.011074	25.008255	25.003365	25.002291	25.000698	25.000431	25.000092	25.000051	25.000006	25.000002	25.000000	25.000000	25.000000	25.000000	25.000000	25.000000	25.000000	
25.000000	25.000000	25.000000	25.000000	25.000000	25.000000	25.000000	25.000000	25.000004	25.000008	25.000046	25.000078	25.000345	25.000528	25.001602	25.002226	25.005045	25.006428	25.011391	25.013432	25.019379	25.021393	25.026093	25.027294	25.029036	25.029036	25.027294	25.026093	25.021393	25.019379	25.013432	25.011389	25.006426	25.005043	25.002228	25.001602	25.000528	25.000349	25.000080	25.000048	25.000008	25.000004	25.000000	25.000000	25.000000	25.000000	25.000000	25.000000	25.000000	25.000000	
25.000000	25.000000	25.000000	25.000000	25.000000	25.000000	25.000000	25.000000	25.000000	25.000004	25.000006	25.000038	25.000059	25.000240	25.000347	25.000969	25.001278	25.002659	25.003231	25.005276	25.005974	25.007992	25.008541	25.009745	25.009947	25.009945	25.009743	25.008541	25.007992	25.005976	25.005276	25.003233	25.002659	25.001276	25.000969	25.000347	25.000240	25.000059	25.000038	25.000006	25.000004	25.000000	25.000000	25.000000	25.000000	25.000000	25.000000	25.000000	25.000000	25.000000	
25.000000	25.000000	25.000000	25.000000	25.000000	25.000000	25.000000	25.000000	25.000000	25.000000	25.000004	25.000004	25.000025	25.000038	25.000145	25.000198	25.000504	25.000629	25.001204	25.001400	25.002102	25.002296	25.002850	25.002964	25.003166	25.003166	25.002964	25.002850	25.002296	25.002104	25.001402	25.001204	25.000629	25.000504	25.000196	25.000143	25.000040	25.000027	25.000004	25.000004	25.000000	25.000000	25.000000	25.000000	25.000000	25.000000	25.000000	25.000000	25.000000	25.000000	
25.000000	25.000000	25.000000	25.000000	25.000000	25.000000	25.000000	25.000000	25.000000	25.000000	25.000000	25.000000	25.000004	25.000015	25.000023	25.000074	25.000095	25.000223	25.000265	25.000465	25.000521	25.000717	25.000759	25.000877	25.000891	25.000891	25.000875	25.000759	25.000717	25.000519	25.000465	25.000267	25.000223	25.000095	25.000072	25.000023	25.000015	25.000004	25.000002	25.000000	25.000000	25.000000	25.000000	25.000000	25.000000	25.000000	25.000000	25.000000	25.000000	25.000000	
25.000000	25.000000	25.000000	25.000000	25.000000	25.000000	25.000000	25.000000	25.000000	25.000000	25.000000	25.000000	25.000000	25.000000	25.000006	25.000011	25.000031	25.000040	25.000084	25.000095	25.000151	25.000164	25.000210	25.000216	25.000229	25.000233	25.000214	25.000208	25.000164	25.000153	25.000097	25.000084	25.000038	25.000031	25.000011	25.000008	25.000002	25.000000	25.000000	25.000000	25.000000	25.000000	25.000000	25.000000	25.000000	25.000000	25.000000	25.000000	25.000000	25.000000	
25.000000	25.000000	25.000000	25.000000	25.000000	25.000000	25.000000	25.000000	25.000000	25.000000	25.000000	25.000000	25.000000	25.000000	25.000000	25.000002	25.000004	25.000010	25.000013	25.000027	25.000029	25.000042	25.000044	25.000051	25.000051	25.000050	25.000050	25.000044	25.000040	25.000029	25.000025	25.000011	25.000010	25.000004	25.000002	25.000000	25.000000	25.000000	25.000000	25.000000	25.000000	25.000000	25.000000	25.000000	25.000000	25.000000	25.000000	25.000000	25.000000	25.000000	
25.000000	25.000000	25.000000	25.000000	25.000000	25.000000	25.000000	25.000000	25.000000	25.000000	25.000000	25.000000	25.000000	25.000000	25.000000	25.000000	25.000000	25.000000	25.000002	25.000002	25.000008	25.000008	25.000008	25.000008	25.000008	25.000008	25.000008	25.000008	25.000008	25.000004	25.000002	25.000002	25.000000	25.000000	25.000000	25.000000	25.000000	25.000000	25.000000	25.000000	25.000000	25.000000	25.000000	25.000000	25.000000	25.000000	25.000000	25.000000	25.000000	25.000000	
25.000000	25.000000	25.000000	25.000000	25.000000	25.000000	25.000000	25.000000	25.000000	25.000000	25.000000	25.000000	25.000000	25.000000	25.000000	25.000000	25.000000	25.000000	25.000000	25.000000	25.000000	25.000000	25.000000	25.000000	25.000000	25.000000	25.000000	25.000000	25.000000	25.000000	25.000000	25.000000	25.000000	25.000000	25.000000	25.000000	25.000000	25.000000	25.000000	25.000000	25.000000	25.000000	25.000000	25.000000	25.000000	25.000000	25.000000	25.000000	25.000000	25.000000	
25.000000	25.000000	25.000000	25.000000	25.000000	25.000000	25.000000	25.000000	25.000000	25.000000	25.000000	25.000000	25.000000	25.000000	25.000000	25.000000	25.000000	25.000000	25.000000	25.000000	25.000000	25.000000	25.000000	25.000000	25.000000	25.000000	25.000000	25.000000	25.000000	25.000000	25.000000	25.000000	25.000000	25.000000	25.000000	25.000000	25.000000	25.000000	25.000000	25.000000	25.000000	25.000000	25.000000	25.000000	25.000000	25.000000	25.000000	25.000000	25.000000	25.000000	
