25.000851	25.001701	25.002544	25.003378	25.004198	25.005003	25.005787	25.006550	25.007290	25.007999	25.008680	25.009331	25.009941	25.010515	25.011051	25.011543	25.011993	25.012394	25.012753	25.013060	25.013317	25.013527	25.013685	25.013786	25.013840	25.013840	25.013788	25.013683	25.013527	25.013319	25.013058	25.012753	25.012396	25.011992	25.011543	25.011051	25.010515	25.009941	25.009329	25.008682	25.007999	25.007290	25.006552	25.005787	25.005001	25.004196	25.003376	25.002544	25.001701	25.000853	
25.001701	25.003395	25.005081	25.006741	25.008381	25.009985	25.011553	25.013077	25.014551	25.015972	25.017330	25.018621	25.019844	25.020992	25.022058	25.023041	25.023937	25.024744	25.025455	25.026070	25.026587	25.027002	25.027313	25.027523	25.027626	25.027630	25.027523	25.027313	25.027002	25.026588	25.026070	25.025455	25.024742	25.023937	25.023043	25.022058	25.020992	25.019844	25.018623	25.017328	25.015972	25.014553	25.013077	25.011553	25.009983	25.008381	25.006741	25.005077	25.003395	25.001701	
25.002544	25.005081	25.007595	25.010082	25.012529	25.014931	25.017275	25.019554	25.021759	25.023882	25.025909	25.027843	25.029673	25.031385	25.032982	25.034454	25.035793	25.036999	25.038063	25.038982	25.039753	25.040373	25.040840	25.041153	25.041311	25.041309	25.041153	25.040840	25.040375	25.039753	25.038980	25.038063	25.036997	25.035793	25.034454	25.032982	25.031389	25.029671	25.027843	25.025913	25.023878	25.021759	25.019554	25.017273	25.014931	25.012527	25.010080	25.007593	25.005077	25.002544	
25.003376	25.006741	25.010082	25.013382	25.016634	25.019821	25.022930	25.025957	25.028883	25.031698	25.034397	25.036961	25.039387	25.041664	25.043781	25.045734	25.047516	25.049112	25.050524	25.051746	25.052769	25.053593	25.054211	25.054628	25.054834	25.054836	25.054628	25.054213	25.053593	25.052769	25.051744	25.050522	25.049114	25.047512	25.045734	25.043781	25.041664	25.039389	25.036963	25.034393	25.031700	25.028881	25.025955	25.022930	25.019817	25.016630	25.013382	25.010078	25.006741	25.003376	
25.004196	25.008381	25.012531	25.016632	25.020672	25.024632	25.028500	25.032261	25.035896	25.039398	25.042749	25.045940	25.048954	25.051785	25.054417	25.056843	25.059052	25.061039	25.062798	25.064312	25.065584	25.066608	25.067381	25.067894	25.068155	25.068153	25.067894	25.067381	25.066608	25.065586	25.064312	25.062796	25.061039	25.059052	25.056843	25.054415	25.051781	25.048954	25.045938	25.042749	25.039398	25.035896	25.032259	25.028498	25.024632	25.020668	25.016630	25.012527	25.008377	25.004196	
25.005001	25.009987	25.014933	25.019819	25.024632	25.029354	25.033962	25.038441	25.042776	25.046947	25.050941	25.054741	25.058334	25.061705	25.064844	25.067734	25.070370	25.072735	25.074829	25.076635	25.078150	25.079372	25.080292	25.080910	25.081213	25.081215	25.080908	25.080292	25.079372	25.078152	25.076633	25.074825	25.072737	25.070368	25.067734	25.064842	25.061703	25.058334	25.054741	25.050940	25.046946	25.042774	25.038441	25.033962	25.029348	25.024632	25.019817	25.014929	25.009985	25.005001	
25.005791	25.011555	25.017277	25.022932	25.028502	25.033962	25.039295	25.044479	25.049492	25.054317	25.058941	25.063335	25.067493	25.071396	25.075024	25.078369	25.081417	25.084156	25.086576	25.088667	25.090424	25.091835	25.092899	25.093609	25.093967	25.093967	25.093609	25.092901	25.091835	25.090424	25.088667	25.086578	25.084156	25.081417	25.078369	25.075022	25.071392	25.067492	25.063335	25.058937	25.054316	25.049488	25.044476	25.039289	25.033962	25.028496	25.022930	25.017273	25.011551	25.005787	
25.006554	25.013081	25.019554	25.025955	25.032261	25.038443	25.044476	25.050343	25.056021	25.061483	25.066711	25.071693	25.076397	25.080811	25.084919	25.088707	25.092159	25.095257	25.097996	25.100363	25.102348	25.103951	25.105152	25.105961	25.106363	25.106361	25.105961	25.105152	25.103951	25.102350	25.100365	25.097996	25.095257	25.092155	25.088707	25.084919	25.080811	25.076397	25.071690	25.066711	25.061481	25.056019	25.050343	25.044477	25.038439	25.032261	25.025955	25.019552	25.013077	25.006550	
25.007292	25.014553	25.021759	25.028881	25.035896	25.042774	25.049492	25.056019	25.062336	25.068415	25.074236	25.079773	25.085011	25.089922	25.094494	25.098705	25.102547	25.105997	25.109043	25.111679	25.113892	25.115669	25.117008	25.117905	25.118355	25.118355	25.117905	25.117012	25.115667	25.113888	25.111679	25.109043	25.105995	25.102547	25.098705	25.094494	25.089920	25.085007	25.079773	25.074234	25.068415	25.062336	25.056023	25.049490	25.042774	25.035896	25.028881	25.021757	25.014549	25.007290	
25.008003	25.015972	25.023880	25.031700	25.039396	25.046947	25.054317	25.061481	25.068413	25.075089	25.081474	25.087553	25.093300	25.098694	25.103710	25.108335	25.112547	25.116333	25.119678	25.122572	25.124996	25.126949	25.128422	25.129404	25.129896	25.129898	25.129406	25.128420	25.126949	25.124996	25.122570	25.119678	25.116333	25.112545	25.108334	25.103708	25.098692	25.093300	25.087551	25.081474	25.075085	25.068415	25.061481	25.054319	25.046947	25.039398	25.031696	25.023880	25.015968	25.007999	
25.008682	25.017330	25.025911	25.034395	25.042747	25.050940	25.058939	25.066711	25.074234	25.081474	25.088406	25.095001	25.101236	25.107086	25.112534	25.117550	25.122122	25.126232	25.129860	25.132998	25.135632	25.137749	25.139345	25.140411	25.140945	25.140945	25.140413	25.139347	25.137749	25.135632	25.132998	25.129860	25.126230	25.122122	25.117550	25.112532	25.107086	25.101234	25.095001	25.088404	25.081474	25.074234	25.066715	25.058937	25.050941	25.042749	25.034397	25.025909	25.017328	25.008680	
25.009331	25.018623	25.027843	25.036961	25.045937	25.054741	25.063335	25.071690	25.079773	25.087551	25.095001	25.102089	25.108789	25.115078	25.120926	25.126320	25.131233	25.135647	25.139549	25.142921	25.145750	25.148026	25.149742	25.150887	25.151463	25.151463	25.150887	25.149740	25.148026	25.145748	25.142921	25.139549	25.135647	25.131233	25.126320	25.120928	25.115074	25.108788	25.102089	25.095001	25.087551	25.079773	25.071690	25.063337	25.054741	25.045940	25.036961	25.027843	25.018621	25.009329	
25.009941	25.019844	25.029671	25.039387	25.048954	25.058332	25.067493	25.076393	25.085009	25.093300	25.101234	25.108789	25.115929	25.122627	25.128864	25.134611	25.139847	25.144550	25.148706	25.152302	25.155315	25.157742	25.159569	25.160793	25.161404	25.161404	25.160793	25.159569	25.157742	25.155315	25.152298	25.148708	25.144550	25.139845	25.134609	25.128864	25.122627	25.115927	25.108788	25.101234	25.093300	25.085007	25.076395	25.067490	25.058334	25.048952	25.039387	25.029673	25.019844	25.009941	
25.010517	25.020992	25.031387	25.041664	25.051783	25.061707	25.071392	25.080812	25.089920	25.098690	25.107086	25.115074	25.122627	25.129715	25.136312	25.142391	25.147930	25.152905	25.157303	25.161102	25.164291	25.166859	25.168793	25.170086	25.170734	25.170734	25.170084	25.168791	25.166859	25.164291	25.161104	25.157303	25.152905	25.147926	25.142389	25.136311	25.129715	25.122627	25.115076	25.107086	25.098690	25.089922	25.080809	25.071392	25.061703	25.051785	25.041664	25.031387	25.020992	25.010515	
25.011051	25.022060	25.032986	25.043783	25.054415	25.064842	25.075024	25.084917	25.094492	25.103710	25.112530	25.120926	25.128864	25.136312	25.143242	25.149632	25.155453	25.160679	25.165300	25.169294	25.172646	25.175343	25.177376	25.178734	25.179415	25.179413	25.178734	25.177374	25.175343	25.172646	25.169292	25.165298	25.160681	25.155449	25.149628	25.143242	25.136311	25.128862	25.120928	25.112530	25.103710	25.094494	25.084919	25.075022	25.064842	25.054413	25.043783	25.032984	25.022058	25.011051	
25.011543	25.023041	25.034454	25.045734	25.056843	25.067732	25.078367	25.088705	25.098705	25.108334	25.117550	25.126318	25.134611	25.142391	25.149632	25.156303	25.162384	25.167847	25.172670	25.176844	25.180346	25.183163	25.185284	25.186703	25.187414	25.187416	25.186703	25.185284	25.183163	25.180344	25.176846	25.172672	25.167845	25.162384	25.156303	25.149628	25.142389	25.134609	25.126320	25.117550	25.108334	25.098707	25.088707	25.078367	25.067734	25.056843	25.045734	25.034454	25.023045	25.011543	
25.011993	25.023937	25.035793	25.047514	25.059052	25.070366	25.081415	25.092155	25.102547	25.112547	25.122120	25.131233	25.139845	25.147928	25.155449	25.162384	25.168699	25.174374	25.179390	25.183723	25.187359	25.190285	25.192492	25.193962	25.194704	25.194702	25.193964	25.192490	25.190285	25.187359	25.183720	25.179388	25.174374	25.168697	25.162382	25.155449	25.147926	25.139847	25.131231	25.122120	25.112545	25.102547	25.092155	25.081417	25.070368	25.059052	25.047512	25.035793	25.023939	25.011993	
25.012398	25.024742	25.036999	25.049110	25.061039	25.072733	25.084154	25.095257	25.105995	25.116333	25.126232	25.135647	25.144550	25.152905	25.160679	25.167845	25.174374	25.180241	25.185425	25.189905	25.193663	25.196690	25.198967	25.200493	25.201254	25.201252	25.200489	25.198965	25.196690	25.193661	25.189903	25.185425	25.180243	25.174374	25.167847	25.160679	25.152905	25.144548	25.135647	25.126230	25.116333	25.105997	25.095257	25.084156	25.072735	25.061039	25.049110	25.036999	25.024746	25.012394	
25.012753	25.025455	25.038061	25.050524	25.062794	25.074825	25.086575	25.097996	25.109043	25.119678	25.129860	25.139549	25.148706	25.157303	25.165302	25.172672	25.179390	25.185425	25.190758	25.195366	25.199234	25.202343	25.204689	25.206257	25.207043	25.207043	25.206255	25.204689	25.202343	25.199234	25.195364	25.190758	25.185425	25.179390	25.172670	25.165302	25.157301	25.148708	25.139545	25.129860	25.119678	25.109045	25.097996	25.086575	25.074825	25.062796	25.050526	25.038061	25.025455	25.012753	
25.013062	25.026070	25.038980	25.051743	25.064312	25.076633	25.088665	25.100361	25.111677	25.122568	25.132996	25.142918	25.152300	25.161102	25.169294	25.176844	25.183720	25.189903	25.195366	25.200087	25.204046	25.207233	25.209633	25.211241	25.212044	25.212044	25.211243	25.209633	25.207235	25.204044	25.200087	25.195366	25.189907	25.183722	25.176846	25.169292	25.161102	25.152298	25.142921	25.132998	25.122572	25.111679	25.100365	25.088669	25.076633	25.064310	25.051744	25.038982	25.026070	25.013060	
25.013317	25.026585	25.039753	25.052769	25.065584	25.078150	25.090420	25.102348	25.113888	25.124996	25.135628	25.145748	25.155313	25.164291	25.172646	25.180344	25.187359	25.193661	25.199234	25.204046	25.208086	25.211334	25.213787	25.215420	25.216242	25.216244	25.215420	25.213785	25.211336	25.208088	25.204048	25.199234	25.193665	25.187361	25.180344	25.172646	25.164291	25.155315	25.145748	25.135632	25.124998	25.113890	25.102352	25.090422	25.078154	25.065586	25.052769	25.039751	25.026587	25.013317	
25.013527	25.027000	25.040373	25.053593	25.066608	25.079372	25.091831	25.103947	25.115667	25.126947	25.137749	25.148026	25.157742	25.166859	25.175343	25.183159	25.190285	25.196688	25.202343	25.207233	25.211334	25.214638	25.217121	25.218788	25.219620	25.219618	25.218786	25.217125	25.214638	25.211336	25.207233	25.202345	25.196690	25.190285	25.183161	25.175343	25.166857	25.157742	25.148026	25.137749	25.126949	25.115669	25.103951	25.091835	25.079372	25.066610	25.053593	25.040375	25.027000	25.013527	
25.013681	25.027311	25.040840	25.054214	25.067379	25.080292	25.092896	25.105152	25.117006	25.128420	25.139343	25.149738	25.159569	25.168791	25.177372	25.185284	25.192490	25.198967	25.204689	25.209633	25.213785	25.217123	25.219639	25.221319	25.222164	25.222162	25.221321	25.219639	25.217125	25.213787	25.209633	25.204689	25.198967	25.192490	25.185284	25.177372	25.168791	25.159569	25.149742	25.139343	25.128422	25.117008	25.105152	25.092899	25.080294	25.067383	25.054214	25.040842	25.027315	25.013683	
25.013786	25.027523	25.041153	25.054626	25.067894	25.080906	25.093609	25.105957	25.117903	25.129402	25.140411	25.150887	25.160789	25.170082	25.178732	25.186703	25.193962	25.200491	25.206257	25.211239	25.215420	25.218786	25.221321	25.223015	25.223866	25.223866	25.223015	25.221319	25.218788	25.215422	25.211241	25.206257	25.200493	25.193964	25.186701	25.178734	25.170082	25.160791	25.150887	25.140411	25.129402	25.117905	25.105959	25.093611	25.080910	25.067898	25.054630	25.041157	25.027523	25.013788	
25.013840	25.027628	25.041309	25.054836	25.068153	25.081215	25.093964	25.106361	25.118351	25.129894	25.140945	25.151463	25.161400	25.170731	25.179411	25.187412	25.194702	25.201254	25.207043	25.212044	25.216240	25.219620	25.222164	25.223866	25.224716	25.224716	25.223864	25.222164	25.219620	25.216244	25.212044	25.207043	25.201252	25.194702	25.187414	25.179413	25.170731	25.161402	25.151461	25.140945	25.129894	25.118355	25.106363	25.093967	25.081215	25.068157	25.054838	25.041313	25.027630	25.013840	
25.013840	25.027628	25.041309	25.054836	25.068153	25.081215	25.093964	25.106361	25.118351	25.129894	25.140945	25.151463	25.161400	25.170731	25.179411	25.187412	25.194702	25.201254	25.207043	25.212044	25.216240	25.219620	25.222164	25.223866	25.224716	25.224716	25.223864	25.222164	25.219620	25.216244	25.212044	25.207043	25.201252	25.194702	25.187414	25.179413	25.170731	25.161402	25.151461	25.140945	25.129894	25.118355	25.106363	25.093967	25.081215	25.068157	25.054838	25.041313	25.027630	25.013840	
25.013786	25.027523	25.041153	25.054626	25.067894	25.080906	25.093609	25.105957	25.117903	25.129402	25.140411	25.150887	25.160789	25.170082	25.178732	25.186703	25.193962	25.200491	25.206257	25.211239	25.215420	25.218786	25.221321	25.223015	25.223866	25.223866	25.223015	25.221319	25.218788	25.215422	25.211241	25.206257	25.200493	25.193964	25.186701	25.178734	25.170082	25.160791	25.150887	25.140411	25.129402	25.117905	25.105959	25.093611	25.080910	25.067898	25.054630	25.041157	25.027523	25.013788	
25.013681	25.027311	25.040840	25.054214	25.067379	25.080292	25.092896	25.105152	25.117006	25.128420	25.139343	25.149738	25.159569	25.168791	25.177372	25.185284	25.192490	25.198967	25.204689	25.209633	25.213785	25.217123	25.219639	25.221319	25.222164	25.222162	25.221321	25.219639	25.217125	25.213787	25.209633	25.204689	25.198967	25.192490	25.185284	25.177372	25.168791	25.159569	25.149742	25.139343	25.128422	25.117008	25.105152	25.092899	25.080294	25.067383	25.054214	25.040842	25.027315	25.013683	
25.013527	25.027000	25.040373	25.053593	25.066608	25.079372	25.091831	25.103947	25.115667	25.126947	25.137749	25.148026	25.157742	25.166859	25.175343	25.183159	25.190285	25.196688	25.202343	25.207233	25.211334	25.214638	25.217121	25.218788	25.219620	25.219618	25.218786	25.217125	25.214638	25.211336	25.207233	25.202345	25.196690	25.190285	25.183161	25.175343	25.166857	25.157742	25.148026	25.137749	25.126949	25.115669	25.103951	25.091835	25.079372	25.066610	25.053593	25.040375	25.027000	25.013527	
25.013317	25.026585	25.039753	25.052769	25.065584	25.078150	25.090420	25.102348	25.113888	25.124996	25.135628	25.145748	25.155313	25.164291	25.172646	25.180344	25.187359	25.193661	25.199234	25.204046	25.208086	25.211334	25.213787	25.215420	25.216242	25.216244	25.215420	25.213785	25.211336	25.208088	25.204048	25.199234	25.193665	25.187361	25.180344	25.172646	25.164291	25.155315	25.145748	25.135632	25.124998	25.113890	25.102352	25.090422	25.078154	25.065586	25.052769	25.039751	25.026587	25.013317	
25.013062	25.026070	25.038980	25.051743	25.064312	25.076633	25.088665	25.100361	25.111677	25.122568	25.132996	25.142918	25.152300	25.161102	25.169294	25.176844	25.183720	25.189903	25.195366	25.200087	25.204046	25.207233	25.209633	25.211241	25.212044	25.212044	25.211243	25.209633	25.207235	25.204044	25.200087	25.195366	25.189907	25.183722	25.176846	25.169292	25.161102	25.152298	25.142921	25.132998	25.122572	25.111679	25.100365	25.088669	25.076633	25.064310	25.051744	25.038982	25.026070	25.013060	
25.012753	25.025455	25.038061	25.050524	25.062794	25.074825	25.086575	25.097996	25.109043	25.119678	25.129860	25.139549	25.148706	25.157303	25.165302	25.172672	25.179390	25.185425	25.190758	25.195366	25.199234	25.202343	25.204689	25.206257	25.207043	25.207043	25.206255	25.204689	25.202343	25.199234	25.195364	25.190758	25.185425	25.179390	25.172670	25.165302	25.157301	25.148708	25.139545	25.129860	25.119678	25.109045	25.097996	25.086575	25.074825	25.062796	25.050526	25.038061	25.025455	25.012753	
25.012398	25.024742	25.036999	25.049110	25.061039	25.072733	25.084154	25.095257	25.105995	25.116333	25.126232	25.135647	25.144550	25.152905	25.160679	25.167845	25.174374	25.180241	25.185425	25.189905	25.193663	25.196690	25.198967	25.200493	25.201254	25.201252	25.200489	25.198965	25.196690	25.193661	25.189903	25.185425	25.180243	25.174374	25.167847	25.160679	25.152905	25.144548	25.135647	25.126230	25.116333	25.105997	25.095257	25.084156	25.072735	25.061039	25.049110	25.036999	25.024746	25.012394	
25.011993	25.023937	25.035793	25.047514	25.059052	25.070366	25.081415	25.092155	25.102547	25.112547	25.122120	25.131233	25.139845	25.147928	25.155449	25.162384	25.168699	25.174374	25.179390	25.183723	25.187359	25.190285	25.192492	25.193962	25.194704	25.194702	25.193964	25.192490	25.190285	25.187359	25.183720	25.179388	25.174374	25.168697	25.162382	25.155449	25.147926	25.139847	25.131231	25.122120	25.112545	25.102547	25.092155	25.081417	25.070368	25.059052	25.047512	25.035793	25.023939	25.011993	
25.011543	25.023041	25.034454	25.045734	25.056843	25.067732	25.078367	25.088705	25.098705	25.108334	25.117550	25.126318	25.134611	25.142391	25.149632	25.156303	25.162384	25.167847	25.172670	25.176844	25.180346	25.183163	25.185284	25.186703	25.187414	25.187416	25.186703	25.185284	25.183163	25.180344	25.176846	25.172672	25.167845	25.162384	25.156303	25.149628	25.142389	25.134609	25.126320	25.117550	25.108334	25.098707	25.088707	25.078367	25.067734	25.056843	25.045734	25.034454	25.023045	25.011543	
25.011051	25.022060	25.032986	25.043783	25.054415	25.064842	25.075024	25.084917	25.094492	25.103710	25.112530	25.120926	25.128864	25.136312	25.143242	25.149632	25.155453	25.160679	25.165300	25.169294	25.172646	25.175343	25.177376	25.178734	25.179415	25.179413	25.178734	25.177374	25.175343	25.172646	25.169292	25.165298	25.160681	25.155449	25.149628	25.143242	25.136311	25.128862	25.120928	25.112530	25.103710	25.094494	25.084919	25.075022	25.064842	25.054413	25.043783	25.032984	25.022058	25.011051	
25.010517	25.020992	25.031387	25.041664	25.051783	25.061707	25.071392	25.080812	25.089920	25.098690	25.107086	25.115074	25.122627	25.129715	25.136312	25.142391	25.147930	25.152905	25.157303	25.161102	25.164291	25.166859	25.168793	25.170086	25.170734	25.170734	25.170084	25.168791	25.166859	25.164291	25.161104	25.157303	25.152905	25.147926	25.142389	25.136311	25.129715	25.122627	25.115076	25.107086	25.098690	25.089922	25.080809	25.071392	25.061703	25.051785	25.041664	25.031387	25.020992	25.010515	
25.009941	25.019844	25.029671	25.039387	25.048954	25.058332	25.067493	25.076393	25.085009	25.093300	25.101234	25.108789	25.115929	25.122627	25.128864	25.134611	25.139847	25.144550	25.148706	25.152302	25.155315	25.157742	25.159569	25.160793	25.161404	25.161404	25.160793	25.159569	25.157742	25.155315	25.152298	25.148708	25.144550	25.139845	25.134609	25.128864	25.122627	25.115927	25.108788	25.101234	25.093300	25.085007	25.076395	25.067490	25.058334	25.048952	25.039387	25.029673	25.019844	25.009941	
25.009331	25.018623	25.027843	25.036961	25.045937	25.054741	25.063335	25.071690	25.079773	25.087551	25.095001	25.102089	25.108789	25.115078	25.120926	25.126320	25.131233	25.135647	25.139549	25.142921	25.145750	25.148026	25.149742	25.150887	25.151463	25.151463	25.150887	25.149740	25.148026	25.145748	25.142921	25.139549	25.135647	25.131233	25.126320	25.120928	25.115074	25.108788	25.102089	25.095001	25.087551	25.079773	25.071690	25.063337	25.054741	25.045940	25.036961	25.027843	25.018621	25.009329	
25.008682	25.017330	25.025911	25.034395	25.042747	25.050940	25.058939	25.066711	25.074234	25.081474	25.088406	25.095001	25.101236	25.107086	25.112534	25.117550	25.122122	25.126232	25.129860	25.132998	25.135632	25.137749	25.139345	25.140411	25.140945	25.140945	25.140413	25.139347	25.137749	25.135632	25.132998	25.129860	25.126230	25.122122	25.117550	25.112532	25.107086	25.101234	25.095001	25.088404	25.081474	25.074234	25.066715	25.058937	25.050941	25.042749	25.034397	25.025909	25.017328	25.008680	
25.008003	25.015972	25.023880	25.031700	25.039396	25.046947	25.054317	25.061481	25.068413	25.075089	25.081474	25.087553	25.093300	25.098694	25.103710	25.108335	25.112547	25.116333	25.119678	25.122572	25.124996	25.126949	25.128422	25.129404	25.129896	25.129898	25.129406	25.128420	25.126949	25.124996	25.122570	25.119678	25.116333	25.112545	25.108334	25.103708	25.098692	25.093300	25.087551	25.081474	25.075085	25.068415	25.061481	25.054319	25.046947	25.039398	25.031696	25.023880	25.015968	25.007999	
25.007292	25.014553	25.021759	25.028881	25.035896	25.042774	25.049492	25.056019	25.062336	25.068415	25.074236	25.079773	25.085011	25.089922	25.094494	25.098705	25.102547	25.105997	25.109043	25.111679	25.113892	25.115669	25.117008	25.117905	25.118355	25.118355	25.117905	25.117012	25.115667	25.113888	25.111679	25.109043	25.105995	25.102547	25.098705	25.094494	25.089920	25.085007	25.079773	25.074234	25.068415	25.062336	25.056023	25.049490	25.042774	25.035896	25.028881	25.021757	25.014549	25.007290	
25.006554	25.013081	25.019554	25.025955	25.032261	25.038443	25.044476	25.050343	25.056021	25.061483	25.066711	25.071693	25.076397	25.080811	25.084919	25.088707	25.092159	25.095257	25.097996	25.100363	25.102348	25.103951	25.105152	25.105961	25.106363	25.106361	25.105961	25.105152	25.103951	25.102350	25.100365	25.097996	25.095257	25.092155	25.088707	25.084919	25.080811	25.076397	25.071690	25.066711	25.061481	25.056019	25.050343	25.044477	25.038439	25.032261	25.025955	25.019552	25.013077	25.006550	
25.005791	25.011555	25.017277	25.022932	25.028502	25.033962	25.039295	25.044479	25.049492	25.054317	25.058941	25.063335	25.067493	25.071396	25.075024	25.078369	25.081417	25.084156	25.086576	25.088667	25.090424	25.091835	25.092899	25.093609	25.093967	25.093967	25.093609	25.092901	25.091835	25.090424	25.088667	25.086578	25.084156	25.081417	25.078369	25.075022	25.071392	25.067492	25.063335	25.058937	25.054316	25.049488	25.044476	25.039289	25.033962	25.028496	25.022930	25.017273	25.011551	25.005787	
25.005001	25.009987	25.014933	25.019819	25.024632	25.029354	25.033962	25.038441	25.042776	25.046947	25.050941	25.054741	25.058334	25.061705	25.064844	25.067734	25.070370	25.072735	25.074829	25.076635	25.078150	25.079372	25.080292	25.080910	25.081213	25.081215	25.080908	25.080292	25.079372	25.078152	25.076633	25.074825	25.072737	25.070368	25.067734	25.064842	25.061703	25.058334	25.054741	25.050940	25.046946	25.042774	25.038441	25.033962	25.029348	25.024632	25.019817	25.014929	25.009985	25.005001	
25.004196	25.008381	25.012531	25.016632	25.020672	25.024632	25.028500	25.032261	25.035896	25.039398	25.042749	25.045940	25.048954	25.051785	25.054417	25.056843	25.059052	25.061039	25.062798	25.064312	25.065584	25.066608	25.067381	25.067894	25.068155	25.068153	25.067894	25.067381	25.066608	25.065586	25.064312	25.062796	25.061039	25.059052	25.056843	25.054415	25.051781	25.048954	25.045938	25.042749	25.039398	25.035896	25.032259	25.028498	25.024632	25.020668	25.016630	25.012527	25.008377	25.004196	
25.003376	25.006741	25.010082	25.013382	25.016634	25.019821	25.022930	25.025957	25.028883	25.031698	25.034397	25.036961	25.039387	25.041664	25.043781	25.045734	25.047516	25.049112	25.050524	25.051746	25.052769	25.053593	25.054211	25.054628	25.054834	25.054836	25.054628	25.054213	25.053593	25.052769	25.051744	25.050522	25.049114	25.047512	25.045734	25.043781	25.041664	25.039389	25.036963	25.034393	25.031700	25.028881	25.025955	25.022930	25.019817	25.016630	25.013382	25.010078	25.006741	25.003376	
25.002544	25.005081	25.007595	25.010082	25.012529	25.014931	25.017275	25.019554	25.021759	25.023882	25.025909	25.027843	25.029673	25.031385	25.032982	25.034454	25.035793	25.036999	25.038063	25.038982	25.039753	25.040373	25.040840	25.041153	25.041311	25.041309	25.041153	25.040840	25.040375	25.039753	25.038980	25.038063	25.036997	25.035793	25.034454	25.032982	25.031389	25.029671	25.027843	25.025913	25.023878	25.021759	25.019554	25.017273	25.014931	25.012527	25.010080	25.007593	25.005077	25.002544	
25.001701	25.003395	25.005081	25.006741	25.008381	25.009985	25.011553	25.013077	25.014551	25.015972	25.017330	25.018621	25.019844	25.020992	25.022058	25.023041	25.023937	25.024744	25.025455	25.026070	25.026587	25.027002	25.027313	25.027523	25.027626	25.027630	25.027523	25.027313	25.027002	25.026588	25.026070	25.025455	25.024742	25.023937	25.023043	25.022058	25.020992	25.019844	25.018623	25.017328	25.015972	25.014553	25.013077	25.011553	25.009983	25.008381	25.006741	25.005077	25.003395	25.001701	
25.000851	25.001701	25.002544	25.003378	25.004198	25.005003	25.005787	25.006550	25.007290	25.007999	25.008680	25.009331	25.009941	25.010515	25.011051	25.011543	25.011993	25.012394	25.012753	25.013060	25.013317	25.013527	25.013685	25.013786	25.013840	25.013840	25.013788	25.013683	25.013527	25.013319	25.013058	25.012753	25.012396	25.011992	25.011543	25.011051	25.010515	25.009941	25.009329	25.008682	25.007999	25.007290	25.006552	25.005787	25.005001	25.004196	25.003376	25.002544	25.001701	25.000853	
