25.003838	25.007660	25.011452	25.015205	25.018894	25.022516	25.026051	25.029491	25.032816	25.036020	25.039085	25.042004	25.044762	25.047352	25.049763	25.051983	25.054007	25.055828	25.057434	25.058825	25.059990	25.060928	25.061634	25.062109	25.062344	25.062346	25.062107	25.061636	25.060928	25.059990	25.058823	25.057432	25.055828	25.054007	25.051985	25.049761	25.047352	25.044762	25.042004	25.039085	25.036018	25.032814	25.029490	25.026052	25.022518	25.018894	25.015202	25.011454	25.007660	25.003838	
25.007660	25.015287	25.022861	25.030346	25.037720	25.044945	25.052008	25.058868	25.065510	25.071899	25.078024	25.083847	25.089355	25.094524	25.099337	25.103771	25.107813	25.111441	25.114655	25.117424	25.119755	25.121626	25.123039	25.123980	25.124454	25.124453	25.123981	25.123037	25.121628	25.119755	25.117424	25.114653	25.111443	25.107811	25.103767	25.099337	25.094524	25.089355	25.083847	25.078024	25.071899	25.065510	25.058868	25.052008	25.044947	25.037720	25.030350	25.022861	25.015289	25.007660	
25.011452	25.022861	25.034184	25.045380	25.056396	25.067209	25.077763	25.088028	25.097954	25.107515	25.116661	25.125378	25.133610	25.141342	25.148533	25.155167	25.161205	25.166641	25.171436	25.175585	25.179062	25.181866	25.183973	25.185387	25.186092	25.186094	25.185387	25.183975	25.181870	25.179062	25.175587	25.171434	25.166641	25.161205	25.155167	25.148533	25.141342	25.133608	25.125378	25.116665	25.107517	25.097952	25.088028	25.077763	25.067211	25.056398	25.045378	25.034184	25.022861	25.011452	
25.015202	25.030346	25.045376	25.060234	25.074871	25.089214	25.103230	25.116846	25.130032	25.142715	25.154871	25.166426	25.177364	25.187618	25.197176	25.205973	25.213999	25.221201	25.227577	25.233078	25.237700	25.241417	25.244219	25.246090	25.247030	25.247030	25.246092	25.244221	25.241417	25.237701	25.233076	25.227575	25.221203	25.213997	25.205971	25.197176	25.187618	25.177364	25.166426	25.154871	25.142715	25.130033	25.116848	25.103230	25.089214	25.074867	25.060236	25.045378	25.030346	25.015202	
25.018894	25.037716	25.056396	25.074871	25.093048	25.110889	25.128300	25.145237	25.161610	25.177387	25.192478	25.206858	25.220440	25.233200	25.245064	25.256008	25.265970	25.274937	25.282846	25.289694	25.295433	25.300058	25.303535	25.305866	25.307034	25.307032	25.305866	25.303535	25.300060	25.295433	25.289696	25.282846	25.274935	25.265972	25.256008	25.245062	25.233200	25.220440	25.206861	25.192482	25.177391	25.161613	25.145237	25.128300	25.110889	25.093052	25.074871	25.056398	25.037718	25.018894	
25.022514	25.044949	25.067209	25.089212	25.110889	25.132133	25.152897	25.173061	25.192593	25.211376	25.229380	25.246494	25.262697	25.277884	25.292038	25.305063	25.316952	25.327621	25.337061	25.345211	25.352058	25.357561	25.361710	25.364485	25.365877	25.365875	25.364485	25.361713	25.357561	25.352058	25.345209	25.337061	25.327620	25.316950	25.305063	25.292036	25.277885	25.262699	25.246496	25.229382	25.211380	25.192595	25.173063	25.152895	25.132137	25.110889	25.089214	25.067211	25.044947	25.022516	
25.026054	25.052006	25.077763	25.103230	25.128298	25.152897	25.176899	25.200253	25.222828	25.244585	25.265392	25.285221	25.303942	25.321537	25.337893	25.352985	25.366720	25.379084	25.389990	25.399433	25.407345	25.413719	25.418518	25.421728	25.423336	25.423336	25.421728	25.418518	25.413719	25.407343	25.399431	25.389990	25.379084	25.366720	25.352985	25.337891	25.321537	25.303944	25.285219	25.265396	25.244587	25.222832	25.200253	25.176899	25.152895	25.128300	25.103230	25.077763	25.052006	25.026051	
25.029490	25.058868	25.088026	25.116848	25.145237	25.173061	25.200253	25.226665	25.252245	25.276846	25.300426	25.322842	25.344063	25.363951	25.382490	25.399551	25.415121	25.429096	25.441460	25.452131	25.461102	25.468307	25.473745	25.477375	25.479200	25.479198	25.477379	25.473745	25.468309	25.461102	25.452131	25.441460	25.429096	25.415121	25.399551	25.382488	25.363953	25.344063	25.322845	25.300426	25.276848	25.252245	25.226667	25.200253	25.173061	25.145235	25.116844	25.088026	25.058868	25.029491	
25.032818	25.065510	25.097952	25.130032	25.161610	25.192593	25.222828	25.252245	25.280682	25.308086	25.334297	25.359268	25.382853	25.405016	25.425615	25.444632	25.461931	25.477505	25.491243	25.503136	25.513102	25.521135	25.527174	25.531225	25.533245	25.533249	25.531223	25.527178	25.521135	25.513102	25.503138	25.491243	25.477505	25.461931	25.444630	25.425615	25.405018	25.382856	25.359272	25.334297	25.308086	25.280685	25.252243	25.222828	25.192593	25.161608	25.130032	25.097950	25.065510	25.032814	
25.036018	25.071899	25.107513	25.142714	25.177385	25.211372	25.244583	25.276844	25.308083	25.338135	25.366930	25.394310	25.420227	25.444523	25.467159	25.487999	25.507017	25.524084	25.539186	25.552221	25.563175	25.571978	25.578621	25.583054	25.585283	25.585281	25.583059	25.578623	25.571981	25.563181	25.552221	25.539188	25.524084	25.507019	25.488001	25.467161	25.444523	25.420227	25.394314	25.366932	25.338135	25.308084	25.276846	25.244583	25.211374	25.177387	25.142712	25.107513	25.071899	25.036018	
25.039083	25.078022	25.116661	25.154867	25.192474	25.229374	25.265388	25.300421	25.334293	25.366928	25.398148	25.427887	25.455980	25.482372	25.506910	25.529552	25.550159	25.568705	25.585070	25.599234	25.611105	25.620672	25.627867	25.632689	25.635099	25.635099	25.632689	25.627869	25.620674	25.611107	25.599239	25.585072	25.568710	25.550163	25.529554	25.506910	25.482376	25.455980	25.427889	25.398148	25.366928	25.334295	25.300423	25.265388	25.229376	25.192474	25.154865	25.116661	25.078022	25.039082	
25.042000	25.083843	25.125374	25.166422	25.206856	25.246489	25.285213	25.322838	25.359264	25.394310	25.427887	25.459816	25.490036	25.518372	25.544767	25.569073	25.591248	25.611151	25.628759	25.643963	25.656736	25.667004	25.674747	25.679922	25.682516	25.682518	25.679922	25.674751	25.667004	25.656742	25.643963	25.628763	25.611153	25.591249	25.569073	25.544771	25.518372	25.490040	25.459820	25.427887	25.394310	25.359266	25.322840	25.285213	25.246490	25.206856	25.166424	25.125374	25.083843	25.042002	
25.044762	25.089355	25.133602	25.177361	25.220432	25.262691	25.303936	25.344055	25.382851	25.420221	25.455978	25.490032	25.522209	25.552433	25.580536	25.606466	25.630070	25.651308	25.670052	25.686270	25.699869	25.710823	25.719065	25.724585	25.727348	25.727348	25.724586	25.719067	25.710825	25.699869	25.686274	25.670053	25.651310	25.630070	25.606468	25.580536	25.552435	25.522209	25.490036	25.455978	25.420223	25.382851	25.344055	25.303936	25.262691	25.220432	25.177361	25.133606	25.089354	25.044760	
25.047350	25.094521	25.141338	25.187613	25.233192	25.277876	25.321529	25.363945	25.405010	25.444517	25.482368	25.518368	25.552429	25.584375	25.614132	25.641537	25.666531	25.688972	25.708822	25.725962	25.740362	25.751938	25.760668	25.766500	25.769424	25.769426	25.766500	25.760670	25.751938	25.740364	25.725962	25.708824	25.688974	25.666533	25.641537	25.614136	25.584377	25.552433	25.518372	25.482372	25.444519	25.405010	25.363949	25.321529	25.277878	25.233196	25.187614	25.141340	25.094521	25.047352	
25.049759	25.099335	25.148525	25.197170	25.245054	25.292030	25.337883	25.382483	25.425610	25.467154	25.506907	25.544764	25.580536	25.614132	25.645376	25.674198	25.700443	25.724051	25.744888	25.762920	25.778036	25.790216	25.799379	25.805515	25.808586	25.808586	25.805519	25.799379	25.790218	25.778038	25.762924	25.744892	25.724052	25.700443	25.674202	25.645378	25.614136	25.580536	25.544765	25.506908	25.467157	25.425610	25.382481	25.337883	25.292030	25.245056	25.197170	25.148527	25.099335	25.049759	
25.051981	25.103764	25.155163	25.205967	25.256001	25.305058	25.352978	25.399546	25.444622	25.487997	25.529547	25.569071	25.606461	25.641535	25.674200	25.704285	25.731724	25.756363	25.778152	25.796970	25.812778	25.825485	25.835072	25.841473	25.844683	25.844685	25.841473	25.835072	25.825487	25.812778	25.796970	25.778156	25.756363	25.731724	25.704285	25.674202	25.641537	25.606466	25.569071	25.529551	25.487997	25.444624	25.399546	25.352978	25.305059	25.256004	25.205967	25.155165	25.103767	25.051981	
25.054005	25.107811	25.161201	25.213993	25.265966	25.316944	25.366716	25.415115	25.461927	25.507011	25.550158	25.591240	25.630066	25.666527	25.700441	25.731720	25.760206	25.785826	25.808447	25.828012	25.844423	25.857637	25.867584	25.874245	25.877575	25.877575	25.874243	25.867584	25.857639	25.844423	25.828014	25.808445	25.785830	25.760206	25.731724	25.700443	25.666533	25.630068	25.591246	25.550158	25.507013	25.461927	25.415115	25.366716	25.316948	25.265966	25.213993	25.161201	25.107807	25.054005	
25.055824	25.111439	25.166634	25.221199	25.274931	25.327620	25.379078	25.429092	25.477497	25.524084	25.568703	25.611149	25.651306	25.688972	25.724049	25.756363	25.785824	25.812292	25.835688	25.855900	25.872875	25.886524	25.896816	25.903692	25.907141	25.907143	25.903694	25.896816	25.886524	25.872877	25.855900	25.835690	25.812290	25.785828	25.756363	25.724051	25.688974	25.651308	25.611151	25.568707	25.524082	25.477501	25.429092	25.379078	25.327618	25.274933	25.221195	25.166637	25.111441	25.055824	
25.057434	25.114649	25.171429	25.227570	25.282845	25.337055	25.389988	25.441454	25.491240	25.539183	25.585070	25.628759	25.670052	25.708820	25.744888	25.778151	25.808447	25.835686	25.859745	25.880554	25.898006	25.912056	25.922638	25.929718	25.933262	25.933262	25.929718	25.922638	25.912060	25.898006	25.880554	25.859745	25.835690	25.808445	25.778152	25.744888	25.708822	25.670050	25.628761	25.585070	25.539188	25.491241	25.441456	25.389986	25.337057	25.282845	25.227571	25.171432	25.114651	25.057434	
25.058823	25.117422	25.175579	25.233074	25.289690	25.345209	25.399427	25.452129	25.503134	25.552221	25.599234	25.643965	25.686270	25.725964	25.762918	25.796970	25.828011	25.855900	25.880552	25.901852	25.919735	25.934120	25.944963	25.952209	25.955845	25.955845	25.952208	25.944962	25.934120	25.919737	25.901852	25.880554	25.855900	25.828014	25.796968	25.762920	25.725964	25.686272	25.643963	25.599236	25.552221	25.503138	25.452131	25.399431	25.345209	25.289694	25.233074	25.175583	25.117424	25.058823	
25.059990	25.119751	25.179060	25.237696	25.295433	25.352055	25.407343	25.461100	25.513103	25.563177	25.611107	25.656738	25.699869	25.740364	25.778038	25.812777	25.844421	25.872871	25.898003	25.919735	25.937967	25.952644	25.963696	25.971090	25.974792	25.974792	25.971092	25.963696	25.952644	25.937965	25.919737	25.898005	25.872875	25.844421	25.812778	25.778038	25.740364	25.699867	25.656738	25.611107	25.563179	25.513107	25.461102	25.407345	25.352058	25.295433	25.237700	25.179062	25.119753	25.059988	
25.060926	25.121624	25.181864	25.241413	25.300055	25.357559	25.413719	25.468311	25.521135	25.571981	25.620676	25.667007	25.710825	25.751938	25.790215	25.825485	25.857635	25.886524	25.912054	25.934118	25.952641	25.967545	25.978771	25.986279	25.990044	25.990044	25.986279	25.978771	25.967543	25.952644	25.934120	25.912056	25.886524	25.857635	25.825485	25.790215	25.751938	25.710825	25.667007	25.620676	25.571983	25.521135	25.468311	25.413721	25.357563	25.300058	25.241417	25.181866	25.121626	25.060928	
25.061634	25.123035	25.183971	25.244217	25.303535	25.361710	25.418518	25.473747	25.527178	25.578625	25.627872	25.674751	25.719069	25.760670	25.799377	25.835068	25.867580	25.896812	25.922634	25.944960	25.963696	25.978771	25.990128	25.997726	26.001530	26.001530	25.997725	25.990128	25.978771	25.963696	25.944962	25.922638	25.896814	25.867584	25.835070	25.799381	25.760670	25.719069	25.674755	25.627874	25.578625	25.527182	25.473747	25.418522	25.361713	25.303539	25.244219	25.183973	25.123037	25.061634	
25.062107	25.123980	25.185385	25.246090	25.305866	25.364487	25.421730	25.477379	25.531227	25.583059	25.632690	25.679924	25.724586	25.766500	25.805515	25.841471	25.874241	25.903688	25.929714	25.952206	25.971088	25.986279	25.997725	26.005379	26.009212	26.009214	26.005379	25.997725	25.986279	25.971088	25.952209	25.929714	25.903690	25.874241	25.841476	25.805515	25.766506	25.724590	25.679928	25.632694	25.583059	25.531227	25.477381	25.421732	25.364489	25.305868	25.246092	25.185385	25.123980	25.062107	
25.062344	25.124453	25.186092	25.247030	25.307032	25.365877	25.423338	25.479200	25.533251	25.585285	25.635103	25.682518	25.727350	25.769426	25.808586	25.844683	25.877571	25.907139	25.933258	25.955839	25.974792	25.990040	26.001530	26.009214	26.013063	26.013062	26.009212	26.001530	25.990042	25.974792	25.955841	25.933262	25.907139	25.877577	25.844687	25.808590	25.769430	25.727352	25.682522	25.635105	25.585287	25.533251	25.479204	25.423340	25.365879	25.307034	25.247028	25.186090	25.124453	25.062344	
25.062344	25.124453	25.186092	25.247030	25.307032	25.365877	25.423338	25.479200	25.533251	25.585285	25.635103	25.682518	25.727350	25.769426	25.808586	25.844683	25.877571	25.907139	25.933258	25.955839	25.974792	25.990040	26.001530	26.009214	26.013063	26.013062	26.009212	26.001530	25.990042	25.974792	25.955841	25.933262	25.907139	25.877577	25.844687	25.808590	25.769430	25.727352	25.682522	25.635105	25.585287	25.533251	25.479204	25.423340	25.365879	25.307034	25.247028	25.186090	25.124453	25.062344	
25.062107	25.123980	25.185385	25.246090	25.305866	25.364487	25.421730	25.477379	25.531227	25.583059	25.632690	25.679924	25.724586	25.766500	25.805515	25.841471	25.874241	25.903688	25.929714	25.952206	25.971088	25.986279	25.997725	26.005379	26.009212	26.009214	26.005379	25.997725	25.986279	25.971088	25.952209	25.929714	25.903690	25.874241	25.841476	25.805515	25.766506	25.724590	25.679928	25.632694	25.583059	25.531227	25.477381	25.421732	25.364489	25.305868	25.246092	25.185385	25.123980	25.062107	
25.061634	25.123035	25.183971	25.244217	25.303535	25.361710	25.418518	25.473747	25.527178	25.578625	25.627872	25.674751	25.719069	25.760670	25.799377	25.835068	25.867580	25.896812	25.922634	25.944960	25.963696	25.978771	25.990128	25.997726	26.001530	26.001530	25.997725	25.990128	25.978771	25.963696	25.944962	25.922638	25.896814	25.867584	25.835070	25.799381	25.760670	25.719069	25.674755	25.627874	25.578625	25.527182	25.473747	25.418522	25.361713	25.303539	25.244219	25.183973	25.123037	25.061634	
25.060926	25.121624	25.181864	25.241413	25.300055	25.357559	25.413719	25.468311	25.521135	25.571981	25.620676	25.667007	25.710825	25.751938	25.790215	25.825485	25.857635	25.886524	25.912054	25.934118	25.952641	25.967545	25.978771	25.986279	25.990044	25.990044	25.986279	25.978771	25.967543	25.952644	25.934120	25.912056	25.886524	25.857635	25.825485	25.790215	25.751938	25.710825	25.667007	25.620676	25.571983	25.521135	25.468311	25.413721	25.357563	25.300058	25.241417	25.181866	25.121626	25.060928	
25.059990	25.119751	25.179060	25.237696	25.295433	25.352055	25.407343	25.461100	25.513103	25.563177	25.611107	25.656738	25.699869	25.740364	25.778038	25.812777	25.844421	25.872871	25.898003	25.919735	25.937967	25.952644	25.963696	25.971090	25.974792	25.974792	25.971092	25.963696	25.952644	25.937965	25.919737	25.898005	25.872875	25.844421	25.812778	25.778038	25.740364	25.699867	25.656738	25.611107	25.563179	25.513107	25.461102	25.407345	25.352058	25.295433	25.237700	25.179062	25.119753	25.059988	
25.058823	25.117422	25.175579	25.233074	25.289690	25.345209	25.399427	25.452129	25.503134	25.552221	25.599234	25.643965	25.686270	25.725964	25.762918	25.796970	25.828011	25.855900	25.880552	25.901852	25.919735	25.934120	25.944963	25.952209	25.955845	25.955845	25.952208	25.944962	25.934120	25.919737	25.901852	25.880554	25.855900	25.828014	25.796968	25.762920	25.725964	25.686272	25.643963	25.599236	25.552221	25.503138	25.452131	25.399431	25.345209	25.289694	25.233074	25.175583	25.117424	25.058823	
25.057434	25.114649	25.171429	25.227570	25.282845	25.337055	25.389988	25.441454	25.491240	25.539183	25.585070	25.628759	25.670052	25.708820	25.744888	25.778151	25.808447	25.835686	25.859745	25.880554	25.898006	25.912056	25.922638	25.929718	25.933262	25.933262	25.929718	25.922638	25.912060	25.898006	25.880554	25.859745	25.835690	25.808445	25.778152	25.744888	25.708822	25.670050	25.628761	25.585070	25.539188	25.491241	25.441456	25.389986	25.337057	25.282845	25.227571	25.171432	25.114651	25.057434	
25.055824	25.111439	25.166634	25.221199	25.274931	25.327620	25.379078	25.429092	25.477497	25.524084	25.568703	25.611149	25.651306	25.688972	25.724049	25.756363	25.785824	25.812292	25.835688	25.855900	25.872875	25.886524	25.896816	25.903692	25.907141	25.907143	25.903694	25.896816	25.886524	25.872877	25.855900	25.835690	25.812290	25.785828	25.756363	25.724051	25.688974	25.651308	25.611151	25.568707	25.524082	25.477501	25.429092	25.379078	25.327618	25.274933	25.221195	25.166637	25.111441	25.055824	
25.054005	25.107811	25.161201	25.213993	25.265966	25.316944	25.366716	25.415115	25.461927	25.507011	25.550158	25.591240	25.630066	25.666527	25.700441	25.731720	25.760206	25.785826	25.808447	25.828012	25.844423	25.857637	25.867584	25.874245	25.877575	25.877575	25.874243	25.867584	25.857639	25.844423	25.828014	25.808445	25.785830	25.760206	25.731724	25.700443	25.666533	25.630068	25.591246	25.550158	25.507013	25.461927	25.415115	25.366716	25.316948	25.265966	25.213993	25.161201	25.107807	25.054005	
25.051981	25.103764	25.155163	25.205967	25.256001	25.305058	25.352978	25.399546	25.444622	25.487997	25.529547	25.569071	25.606461	25.641535	25.674200	25.704285	25.731724	25.756363	25.778152	25.796970	25.812778	25.825485	25.835072	25.841473	25.844683	25.844685	25.841473	25.835072	25.825487	25.812778	25.796970	25.778156	25.756363	25.731724	25.704285	25.674202	25.641537	25.606466	25.569071	25.529551	25.487997	25.444624	25.399546	25.352978	25.305059	25.256004	25.205967	25.155165	25.103767	25.051981	
25.049759	25.099335	25.148525	25.197170	25.245054	25.292030	25.337883	25.382483	25.425610	25.467154	25.506907	25.544764	25.580536	25.614132	25.645376	25.674198	25.700443	25.724051	25.744888	25.762920	25.778036	25.790216	25.799379	25.805515	25.808586	25.808586	25.805519	25.799379	25.790218	25.778038	25.762924	25.744892	25.724052	25.700443	25.674202	25.645378	25.614136	25.580536	25.544765	25.506908	25.467157	25.425610	25.382481	25.337883	25.292030	25.245056	25.197170	25.148527	25.099335	25.049759	
25.047350	25.094521	25.141338	25.187613	25.233192	25.277876	25.321529	25.363945	25.405010	25.444517	25.482368	25.518368	25.552429	25.584375	25.614132	25.641537	25.666531	25.688972	25.708822	25.725962	25.740362	25.751938	25.760668	25.766500	25.769424	25.769426	25.766500	25.760670	25.751938	25.740364	25.725962	25.708824	25.688974	25.666533	25.641537	25.614136	25.584377	25.552433	25.518372	25.482372	25.444519	25.405010	25.363949	25.321529	25.277878	25.233196	25.187614	25.141340	25.094521	25.047352	
25.044762	25.089355	25.133602	25.177361	25.220432	25.262691	25.303936	25.344055	25.382851	25.420221	25.455978	25.490032	25.522209	25.552433	25.580536	25.606466	25.630070	25.651308	25.670052	25.686270	25.699869	25.710823	25.719065	25.724585	25.727348	25.727348	25.724586	25.719067	25.710825	25.699869	25.686274	25.670053	25.651310	25.630070	25.606468	25.580536	25.552435	25.522209	25.490036	25.455978	25.420223	25.382851	25.344055	25.303936	25.262691	25.220432	25.177361	25.133606	25.089354	25.044760	
25.042000	25.083843	25.125374	25.166422	25.206856	25.246489	25.285213	25.322838	25.359264	25.394310	25.427887	25.459816	25.490036	25.518372	25.544767	25.569073	25.591248	25.611151	25.628759	25.643963	25.656736	25.667004	25.674747	25.679922	25.682516	25.682518	25.679922	25.674751	25.667004	25.656742	25.643963	25.628763	25.611153	25.591249	25.569073	25.544771	25.518372	25.490040	25.459820	25.427887	25.394310	25.359266	25.322840	25.285213	25.246490	25.206856	25.166424	25.125374	25.083843	25.042002	
25.039083	25.078022	25.116661	25.154867	25.192474	25.229374	25.265388	25.300421	25.334293	25.366928	25.398148	25.427887	25.455980	25.482372	25.506910	25.529552	25.550159	25.568705	25.585070	25.599234	25.611105	25.620672	25.627867	25.632689	25.635099	25.635099	25.632689	25.627869	25.620674	25.611107	25.599239	25.585072	25.568710	25.550163	25.529554	25.506910	25.482376	25.455980	25.427889	25.398148	25.366928	25.334295	25.300423	25.265388	25.229376	25.192474	25.154865	25.116661	25.078022	25.039082	
25.036018	25.071899	25.107513	25.142714	25.177385	25.211372	25.244583	25.276844	25.308083	25.338135	25.366930	25.394310	25.420227	25.444523	25.467159	25.487999	25.507017	25.524084	25.539186	25.552221	25.563175	25.571978	25.578621	25.583054	25.585283	25.585281	25.583059	25.578623	25.571981	25.563181	25.552221	25.539188	25.524084	25.507019	25.488001	25.467161	25.444523	25.420227	25.394314	25.366932	25.338135	25.308084	25.276846	25.244583	25.211374	25.177387	25.142712	25.107513	25.071899	25.036018	
25.032818	25.065510	25.097952	25.130032	25.161610	25.192593	25.222828	25.252245	25.280682	25.308086	25.334297	25.359268	25.382853	25.405016	25.425615	25.444632	25.461931	25.477505	25.491243	25.503136	25.513102	25.521135	25.527174	25.531225	25.533245	25.533249	25.531223	25.527178	25.521135	25.513102	25.503138	25.491243	25.477505	25.461931	25.444630	25.425615	25.405018	25.382856	25.359272	25.334297	25.308086	25.280685	25.252243	25.222828	25.192593	25.161608	25.130032	25.097950	25.065510	25.032814	
25.029490	25.058868	25.088026	25.116848	25.145237	25.173061	25.200253	25.226665	25.252245	25.276846	25.300426	25.322842	25.344063	25.363951	25.382490	25.399551	25.415121	25.429096	25.441460	25.452131	25.461102	25.468307	25.473745	25.477375	25.479200	25.479198	25.477379	25.473745	25.468309	25.461102	25.452131	25.441460	25.429096	25.415121	25.399551	25.382488	25.363953	25.344063	25.322845	25.300426	25.276848	25.252245	25.226667	25.200253	25.173061	25.145235	25.116844	25.088026	25.058868	25.029491	
25.026054	25.052006	25.077763	25.103230	25.128298	25.152897	25.176899	25.200253	25.222828	25.244585	25.265392	25.285221	25.303942	25.321537	25.337893	25.352985	25.366720	25.379084	25.389990	25.399433	25.407345	25.413719	25.418518	25.421728	25.423336	25.423336	25.421728	25.418518	25.413719	25.407343	25.399431	25.389990	25.379084	25.366720	25.352985	25.337891	25.321537	25.303944	25.285219	25.265396	25.244587	25.222832	25.200253	25.176899	25.152895	25.128300	25.103230	25.077763	25.052006	25.026051	
25.022514	25.044949	25.067209	25.089212	25.110889	25.132133	25.152897	25.173061	25.192593	25.211376	25.229380	25.246494	25.262697	25.277884	25.292038	25.305063	25.316952	25.327621	25.337061	25.345211	25.352058	25.357561	25.361710	25.364485	25.365877	25.365875	25.364485	25.361713	25.357561	25.352058	25.345209	25.337061	25.327620	25.316950	25.305063	25.292036	25.277885	25.262699	25.246496	25.229382	25.211380	25.192595	25.173063	25.152895	25.132137	25.110889	25.089214	25.067211	25.044947	25.022516	
25.018894	25.037716	25.056396	25.074871	25.093048	25.110889	25.128300	25.145237	25.161610	25.177387	25.192478	25.206858	25.220440	25.233200	25.245064	25.256008	25.265970	25.274937	25.282846	25.289694	25.295433	25.300058	25.303535	25.305866	25.307034	25.307032	25.305866	25.303535	25.300060	25.295433	25.289696	25.282846	25.274935	25.265972	25.256008	25.245062	25.233200	25.220440	25.206861	25.192482	25.177391	25.161613	25.145237	25.128300	25.110889	25.093052	25.074871	25.056398	25.037718	25.018894	
25.015202	25.030346	25.045376	25.060234	25.074871	25.089214	25.103230	25.116846	25.130032	25.142715	25.154871	25.166426	25.177364	25.187618	25.197176	25.205973	25.213999	25.221201	25.227577	25.233078	25.237700	25.241417	25.244219	25.246090	25.247030	25.247030	25.246092	25.244221	25.241417	25.237701	25.233076	25.227575	25.221203	25.213997	25.205971	25.197176	25.187618	25.177364	25.166426	25.154871	25.142715	25.130033	25.116848	25.103230	25.089214	25.074867	25.060236	25.045378	25.030346	25.015202	
25.011452	25.022861	25.034184	25.045380	25.056396	25.067209	25.077763	25.088028	25.097954	25.107515	25.116661	25.125378	25.133610	25.141342	25.148533	25.155167	25.161205	25.166641	25.171436	25.175585	25.179062	25.181866	25.183973	25.185387	25.186092	25.186094	25.185387	25.183975	25.181870	25.179062	25.175587	25.171434	25.166641	25.161205	25.155167	25.148533	25.141342	25.133608	25.125378	25.116665	25.107517	25.097952	25.088028	25.077763	25.067211	25.056398	25.045378	25.034184	25.022861	25.011452	
25.007660	25.015287	25.022861	25.030346	25.037720	25.044945	25.052008	25.058868	25.065510	25.071899	25.078024	25.083847	25.089355	25.094524	25.099337	25.103771	25.107813	25.111441	25.114655	25.117424	25.119755	25.121626	25.123039	25.123980	25.124454	25.124453	25.123981	25.123037	25.121628	25.119755	25.117424	25.114653	25.111443	25.107811	25.103767	25.099337	25.094524	25.089355	25.083847	25.078024	25.071899	25.065510	25.058868	25.052008	25.044947	25.037720	25.030350	25.022861	25.015289	25.007660	
25.003838	25.007660	25.011452	25.015205	25.018894	25.022516	25.026051	25.029491	25.032816	25.036020	25.039085	25.042004	25.044762	25.047352	25.049763	25.051983	25.054007	25.055828	25.057434	25.058825	25.059990	25.060928	25.061634	25.062109	25.062344	25.062346	25.062107	25.061636	25.060928	25.059990	25.058823	25.057432	25.055828	25.054007	25.051985	25.049761	25.047352	25.044762	25.042004	25.039085	25.036018	25.032814	25.029490	25.026052	25.022518	25.018894	25.015202	25.011454	25.007660	25.003838	
