25.000320	25.000727	25.001118	25.001789	25.002411	25.003557	25.004587	25.006453	25.008068	25.010899	25.013258	25.017223	25.020391	25.025496	25.029392	25.035378	25.039730	25.046055	25.050392	25.056280	25.060009	25.064587	25.067118	25.069626	25.070526	25.070522	25.069628	25.067116	25.064587	25.060009	25.056278	25.050392	25.046055	25.039730	25.035378	25.029392	25.025494	25.020391	25.017223	25.013256	25.010902	25.008068	25.006453	25.004583	25.003555	25.002411	25.001787	25.001118	25.000729	25.000320	
25.000725	25.001442	25.002527	25.003563	25.005417	25.007124	25.010235	25.012993	25.017889	25.022068	25.029207	25.035063	25.044647	25.052181	25.063961	25.072802	25.085941	25.095287	25.108368	25.117075	25.128315	25.135086	25.142714	25.146423	25.149124	25.149128	25.146423	25.142710	25.135084	25.128313	25.117077	25.108368	25.095289	25.085938	25.072800	25.063959	25.052181	25.044647	25.035061	25.029209	25.022068	25.017889	25.012991	25.010231	25.007120	25.005413	25.003561	25.002527	25.001442	25.000727	
25.001118	25.002527	25.003904	25.006214	25.008396	25.012342	25.015940	25.022364	25.028004	25.037737	25.045959	25.059570	25.070606	25.088099	25.101671	25.122169	25.137312	25.158966	25.174046	25.194193	25.207153	25.222813	25.231607	25.240191	25.243307	25.243307	25.240191	25.231607	25.222811	25.207153	25.194191	25.174046	25.158966	25.137312	25.122168	25.101669	25.088097	25.070604	25.059568	25.045954	25.037735	25.028002	25.022364	25.015938	25.012339	25.008396	25.006210	25.003902	25.002527	25.001118	
25.001787	25.003565	25.006212	25.008783	25.013290	25.017523	25.025066	25.031895	25.043745	25.054073	25.071320	25.085768	25.108887	25.127455	25.155834	25.177603	25.209229	25.232227	25.263691	25.285091	25.312115	25.328751	25.347075	25.356194	25.362688	25.362688	25.356197	25.347073	25.328751	25.312111	25.285091	25.263691	25.232227	25.209227	25.177601	25.155834	25.127449	25.108887	25.085764	25.071320	25.054073	25.043743	25.031893	25.025064	25.017521	25.013288	25.008783	25.006212	25.003563	25.001787	
25.002411	25.005417	25.008396	25.013290	25.018023	25.026350	25.034130	25.047647	25.059824	25.080257	25.097965	25.126501	25.150242	25.186852	25.216000	25.258858	25.291344	25.336573	25.368896	25.410944	25.438705	25.471371	25.490200	25.508099	25.514774	25.514774	25.508101	25.490200	25.471371	25.438705	25.410944	25.368896	25.336571	25.291342	25.258858	25.215998	25.186852	25.150238	25.126503	25.097965	25.080257	25.059822	25.047646	25.034126	25.026344	25.018021	25.013290	25.008394	25.005417	25.002411	
25.003555	25.007124	25.012341	25.017523	25.026348	25.034863	25.049585	25.063295	25.086365	25.107052	25.140560	25.169441	25.214283	25.251341	25.306318	25.349703	25.410896	25.456684	25.517513	25.560080	25.612282	25.645355	25.680742	25.698868	25.711405	25.711405	25.698870	25.680744	25.645355	25.612282	25.560081	25.517513	25.456682	25.410896	25.349701	25.306320	25.251335	25.214285	25.169439	25.140560	25.107050	25.086365	25.063290	25.049583	25.034859	25.026346	25.017521	25.012342	25.007122	25.003555	
25.004585	25.010233	25.015940	25.025066	25.034130	25.049585	25.064461	25.089478	25.112700	25.150436	25.184135	25.236738	25.281830	25.349216	25.404503	25.483288	25.544828	25.627888	25.689060	25.766218	25.818714	25.878628	25.914217	25.947037	25.959644	25.959648	25.947037	25.914221	25.878628	25.818720	25.766216	25.689060	25.627888	25.544827	25.483288	25.404499	25.349220	25.281830	25.236736	25.184134	25.150436	25.112696	25.089478	25.064453	25.049582	25.034128	25.025064	25.015938	25.010233	25.004585	
25.006451	25.012991	25.022366	25.031895	25.047647	25.063293	25.089479	25.114616	25.155548	25.193401	25.252735	25.305477	25.384754	25.452312	25.549377	25.628363	25.736279	25.819553	25.926735	26.004093	26.096012	26.156076	26.218363	26.251266	26.273331	26.273329	26.251268	26.218363	26.156078	26.096008	26.004093	25.926735	25.819551	25.736280	25.628361	25.549377	25.452309	25.384754	25.305475	25.252735	25.193401	25.155550	25.114614	25.089478	25.063290	25.047644	25.031893	25.022362	25.012991	25.006453	
25.008068	25.017891	25.028004	25.043745	25.059824	25.086365	25.112698	25.155548	25.196569	25.261072	25.320488	25.410236	25.489611	25.604420	25.701595	25.835663	25.943703	26.084909	26.192219	26.323294	26.415321	26.517044	26.579403	26.635115	26.657200	26.657202	26.635113	26.579405	26.517044	26.415321	26.323294	26.192219	26.084911	25.943705	25.835659	25.701591	25.604418	25.489607	25.410236	25.320488	25.261070	25.196568	25.155548	25.112694	25.086363	25.059822	25.043743	25.028004	25.017891	25.008068	
25.010900	25.022068	25.037735	25.054073	25.080259	25.107052	25.150440	25.193399	25.261074	25.325638	25.423557	25.513361	25.643997	25.758865	25.918610	26.052750	26.230171	26.371454	26.547527	26.678675	26.829586	26.931364	27.033585	27.089321	27.125525	27.125521	27.089323	27.033581	26.931366	26.829586	26.678675	26.547527	26.371452	26.230171	26.052746	25.918610	25.758863	25.643993	25.513361	25.423553	25.325638	25.261070	25.193399	25.150436	25.107048	25.080259	25.054071	25.037735	25.022066	25.010900	
25.013256	25.029207	25.045956	25.071320	25.097965	25.140562	25.184134	25.252739	25.320488	25.423557	25.521519	25.664713	25.795382	25.978321	26.138103	26.351505	26.528969	26.753544	26.929665	27.137991	27.288940	27.450542	27.552784	27.641264	27.677467	27.677471	27.641258	27.552784	27.450539	27.288939	27.137989	26.929665	26.753544	26.528973	26.351501	26.138102	25.978317	25.795382	25.664711	25.521517	25.423555	25.320486	25.252735	25.184134	25.140560	25.097963	25.071320	25.045956	25.029207	25.013256	
25.017225	25.035061	25.059570	25.085766	25.126503	25.169439	25.236740	25.305475	25.410238	25.513361	25.664711	25.807930	26.009586	26.192547	26.438871	26.652294	26.925640	27.150240	27.421314	27.629665	27.861885	28.023502	28.180740	28.269226	28.324902	28.324898	28.269226	28.180738	28.023502	27.861881	27.629667	27.421314	27.150238	26.925638	26.652294	26.438866	26.192547	26.009586	25.807930	25.664709	25.513361	25.410236	25.305473	25.236738	25.169437	25.126503	25.085766	25.059570	25.035063	25.017225	
25.020391	25.044647	25.070608	25.108887	25.150238	25.214287	25.281830	25.384754	25.489609	25.643997	25.795382	26.009588	26.211258	26.484623	26.730957	27.049555	27.322910	27.657944	27.929035	28.239656	28.471884	28.712742	28.869986	29.001823	29.057499	29.057503	29.001822	28.869987	28.712742	28.471886	28.239655	27.929033	27.657942	27.322910	27.049553	26.730957	26.484619	26.211258	26.009586	25.795380	25.643997	25.489609	25.384754	25.281826	25.214287	25.150238	25.108887	25.070606	25.044647	25.020391	
25.025497	25.052181	25.088100	25.127453	25.186853	25.251339	25.349218	25.452312	25.604420	25.758865	25.978321	26.192547	26.484623	26.757996	27.114441	27.433044	27.828297	28.163334	28.555077	28.865704	29.201141	29.442001	29.669069	29.800907	29.881296	29.881294	29.800909	29.669067	29.442005	29.201141	28.865705	28.555077	28.163332	27.828295	27.433043	27.114439	26.757996	26.484621	26.192543	25.978321	25.758862	25.604420	25.452309	25.349216	25.251337	25.186852	25.127449	25.088099	25.052177	25.025496	
25.029392	25.063963	25.101671	25.155836	25.216000	25.306320	25.404503	25.549377	25.701595	25.918612	26.138103	26.438871	26.730957	27.114443	27.470890	27.917488	28.312744	28.782097	29.173840	29.608797	29.944233	30.281391	30.508455	30.692966	30.773354	30.773357	30.692966	30.508457	30.281387	29.944237	29.608797	29.173840	28.782097	28.312744	27.917486	27.470890	27.114441	26.730957	26.438869	26.138100	25.918610	25.701591	25.549377	25.404499	25.306320	25.215996	25.155836	25.101667	25.063961	25.029392	
25.035379	25.072800	25.122169	25.177603	25.258860	25.349701	25.483290	25.628363	25.835663	26.052746	26.351505	26.652292	27.049557	27.433043	27.917490	28.364086	28.900946	29.370296	29.902132	30.337086	30.792318	31.129471	31.437553	31.622063	31.731123	31.731123	31.622066	31.437553	31.129471	30.792316	30.337086	29.902130	29.370298	28.900944	28.364086	27.917488	27.433043	27.049553	26.652292	26.351503	26.052744	25.835661	25.628359	25.483292	25.349697	25.258858	25.177601	25.122169	25.072800	25.035378	
25.039730	25.085943	25.137312	25.209230	25.291344	25.410898	25.544827	25.736282	25.943707	26.230173	26.528973	26.925642	27.322910	27.828297	28.312742	28.900946	29.437801	30.055674	30.587505	31.159878	31.615105	32.058662	32.366745	32.609444	32.718502	32.718506	32.609444	32.366745	32.058662	31.615108	31.159876	30.587505	30.055672	29.437801	28.900944	28.312740	27.828295	27.322910	26.925640	26.528969	26.230171	25.943703	25.736282	25.544823	25.410900	25.291342	25.209230	25.137310	25.085941	25.039728	
25.046057	25.095287	25.158966	25.232227	25.336575	25.456680	25.627888	25.819555	26.084911	26.371452	26.753548	27.150238	27.657944	28.163334	28.782099	29.370296	30.055674	30.673540	31.352242	31.924614	32.505394	32.948948	33.341927	33.584625	33.723721	33.723724	33.584625	33.341923	32.948952	32.505394	31.924614	31.352242	30.673542	30.055672	29.370296	28.782097	28.163334	27.657944	27.150238	26.753544	26.371452	26.084911	25.819551	25.627888	25.456680	25.336575	25.232225	25.158966	25.095287	25.046055	
25.050392	25.108372	25.174047	25.263693	25.368896	25.517515	25.689062	25.926737	26.192219	26.547531	26.929661	27.421318	27.929035	28.555077	29.173843	29.902132	30.587503	31.352242	32.030941	32.739166	33.319939	33.868660	34.261635	34.561840	34.700935	34.700935	34.561840	34.261635	33.868656	33.319939	32.739159	32.030945	31.352242	30.587505	29.902130	29.173840	28.555077	27.929035	27.421314	26.929661	26.547527	26.192215	25.926735	25.689060	25.517515	25.368895	25.263695	25.174047	25.108370	25.050392	
25.056282	25.117077	25.194195	25.285091	25.410946	25.560081	25.766220	26.004093	26.323296	26.678677	27.137993	27.629665	28.239658	28.865704	29.608797	30.337088	31.159878	31.924614	32.739162	33.447380	34.144260	34.692978	35.164444	35.464653	35.631523	35.631523	35.464653	35.164448	34.692978	34.144260	33.447380	32.739159	31.924614	31.159878	30.337086	29.608795	28.865704	28.239656	27.629665	27.137989	26.678673	26.323294	26.004089	25.766220	25.560080	25.410946	25.285093	25.194193	25.117077	25.056280	
25.060009	25.128315	25.207153	25.312115	25.438705	25.612286	25.818718	26.096012	26.415323	26.829586	27.288940	27.861885	28.471886	29.201141	29.944237	30.792316	31.615108	32.505390	33.319939	34.144260	34.841141	35.479721	35.951187	36.300529	36.467392	36.467400	36.300529	35.951191	35.479721	34.841141	34.144260	33.319939	32.505390	31.615108	30.792316	29.944237	29.201141	28.471886	27.861881	27.288939	26.829586	26.415319	26.096012	25.818716	25.612286	25.438705	25.312113	25.207153	25.128315	25.060009	
25.064587	25.135086	25.222811	25.328749	25.471371	25.645355	25.878632	26.156080	26.517046	26.931366	27.450542	28.023502	28.712742	29.442005	30.281391	31.129471	32.058662	32.948944	33.868656	34.692978	35.479721	36.118298	36.650513	36.999855	37.188217	37.188210	36.999855	36.650513	36.118301	35.479721	34.692978	33.868656	32.948948	32.058662	31.129471	30.281391	29.442005	28.712740	28.023502	27.450541	26.931366	26.517044	26.156078	25.878632	25.645355	25.471375	25.328749	25.222813	25.135086	25.064587	
25.067116	25.142710	25.231606	25.347075	25.490200	25.680744	25.914219	26.218363	26.579407	27.033585	27.552784	28.180740	28.869987	29.669069	30.508457	31.437553	32.366745	33.341923	34.261635	35.164448	35.951187	36.650513	37.182728	37.565281	37.753639	37.753639	37.565281	37.182732	36.650513	35.951187	35.164448	34.261635	33.341923	32.366745	31.437555	30.508457	29.669069	28.869987	28.180740	27.552784	27.033585	26.579403	26.218363	25.914219	25.680744	25.490198	25.347075	25.231606	25.142710	25.067118	
25.069628	25.146421	25.240189	25.356192	25.508102	25.698868	25.947039	26.251270	26.635113	27.089321	27.641262	28.269226	29.001823	29.800907	30.692968	31.622063	32.609444	33.584625	34.561840	35.464653	36.300529	36.999851	37.565281	37.947830	38.147942	38.147942	37.947830	37.565281	36.999851	36.300529	35.464653	34.561844	33.584625	32.609444	31.622065	30.692968	29.800909	29.001823	28.269226	27.641262	27.089321	26.635113	26.251268	25.947039	25.698866	25.508101	25.356194	25.240191	25.146423	25.069628	
25.070522	25.149124	25.243305	25.362690	25.514772	25.711409	25.959650	26.273331	26.657200	27.125521	27.677471	28.324902	29.057501	29.881298	30.773354	31.731121	32.718502	33.723721	34.700935	35.631523	36.467396	37.188213	37.753639	38.147942	38.348049	38.348049	38.147942	37.753639	37.188213	36.467400	35.631523	34.700935	33.723721	32.718502	31.731121	30.773355	29.881296	29.057503	28.324902	27.677469	27.125523	26.657202	26.273333	25.959648	25.711407	25.514774	25.362690	25.243307	25.149124	25.070524	
25.070522	25.149124	25.243305	25.362690	25.514772	25.711409	25.959650	26.273331	26.657200	27.125521	27.677471	28.324902	29.057501	29.881298	30.773354	31.731121	32.718502	33.723721	34.700935	35.631523	36.467396	37.188213	37.753639	38.147942	38.348049	38.348049	38.147942	37.753639	37.188213	36.467400	35.631523	34.700935	33.723721	32.718502	31.731121	30.773355	29.881296	29.057503	28.324902	27.677469	27.125523	26.657202	26.273333	25.959648	25.711407	25.514774	25.362690	25.243307	25.149124	25.070524	
25.069628	25.146421	25.240189	25.356192	25.508102	25.698868	25.947039	26.251270	26.635113	27.089321	27.641262	28.269226	29.001823	29.800907	30.692968	31.622063	32.609444	33.584625	34.561840	35.464653	36.300529	36.999851	37.565281	37.947830	38.147942	38.147942	37.947830	37.565281	36.999851	36.300529	35.464653	34.561844	33.584625	32.609444	31.622065	30.692968	29.800909	29.001823	28.269226	27.641262	27.089321	26.635113	26.251268	25.947039	25.698866	25.508101	25.356194	25.240191	25.146423	25.069628	
25.067116	25.142710	25.231606	25.347075	25.490200	25.680744	25.914219	26.218363	26.579407	27.033585	27.552784	28.180740	28.869987	29.669069	30.508457	31.437553	32.366745	33.341923	34.261635	35.164448	35.951187	36.650513	37.182728	37.565281	37.753639	37.753639	37.565281	37.182732	36.650513	35.951187	35.164448	34.261635	33.341923	32.366745	31.437555	30.508457	29.669069	28.869987	28.180740	27.552784	27.033585	26.579403	26.218363	25.914219	25.680744	25.490198	25.347075	25.231606	25.142710	25.067118	
25.064587	25.135086	25.222811	25.328749	25.471371	25.645355	25.878632	26.156080	26.517046	26.931366	27.450542	28.023502	28.712742	29.442005	30.281391	31.129471	32.058662	32.948944	33.868656	34.692978	35.479721	36.118298	36.650513	36.999855	37.188217	37.188210	36.999855	36.650513	36.118301	35.479721	34.692978	33.868656	32.948948	32.058662	31.129471	30.281391	29.442005	28.712740	28.023502	27.450541	26.931366	26.517044	26.156078	25.878632	25.645355	25.471375	25.328749	25.222813	25.135086	25.064587	
25.060009	25.128315	25.207153	25.312115	25.438705	25.612286	25.818718	26.096012	26.415323	26.829586	27.288940	27.861885	28.471886	29.201141	29.944237	30.792316	31.615108	32.505390	33.319939	34.144260	34.841141	35.479721	35.951187	36.300529	36.467392	36.467400	36.300529	35.951191	35.479721	34.841141	34.144260	33.319939	32.505390	31.615108	30.792316	29.944237	29.201141	28.471886	27.861881	27.288939	26.829586	26.415319	26.096012	25.818716	25.612286	25.438705	25.312113	25.207153	25.128315	25.060009	
25.056282	25.117077	25.194195	25.285091	25.410946	25.560081	25.766220	26.004093	26.323296	26.678677	27.137993	27.629665	28.239658	28.865704	29.608797	30.337088	31.159878	31.924614	32.739162	33.447380	34.144260	34.692978	35.164444	35.464653	35.631523	35.631523	35.464653	35.164448	34.692978	34.144260	33.447380	32.739159	31.924614	31.159878	30.337086	29.608795	28.865704	28.239656	27.629665	27.137989	26.678673	26.323294	26.004089	25.766220	25.560080	25.410946	25.285093	25.194193	25.117077	25.056280	
25.050392	25.108372	25.174047	25.263693	25.368896	25.517515	25.689062	25.926737	26.192219	26.547531	26.929661	27.421318	27.929035	28.555077	29.173843	29.902132	30.587503	31.352242	32.030941	32.739166	33.319939	33.868660	34.261635	34.561840	34.700935	34.700935	34.561840	34.261635	33.868656	33.319939	32.739159	32.030945	31.352242	30.587505	29.902130	29.173840	28.555077	27.929035	27.421314	26.929661	26.547527	26.192215	25.926735	25.689060	25.517515	25.368895	25.263695	25.174047	25.108370	25.050392	
25.046057	25.095287	25.158966	25.232227	25.336575	25.456680	25.627888	25.819555	26.084911	26.371452	26.753548	27.150238	27.657944	28.163334	28.782099	29.370296	30.055674	30.673540	31.352242	31.924614	32.505394	32.948948	33.341927	33.584625	33.723721	33.723724	33.584625	33.341923	32.948952	32.505394	31.924614	31.352242	30.673542	30.055672	29.370296	28.782097	28.163334	27.657944	27.150238	26.753544	26.371452	26.084911	25.819551	25.627888	25.456680	25.336575	25.232225	25.158966	25.095287	25.046055	
25.039730	25.085943	25.137312	25.209230	25.291344	25.410898	25.544827	25.736282	25.943707	26.230173	26.528973	26.925642	27.322910	27.828297	28.312742	28.900946	29.437801	30.055674	30.587505	31.159878	31.615105	32.058662	32.366745	32.609444	32.718502	32.718506	32.609444	32.366745	32.058662	31.615108	31.159876	30.587505	30.055672	29.437801	28.900944	28.312740	27.828295	27.322910	26.925640	26.528969	26.230171	25.943703	25.736282	25.544823	25.410900	25.291342	25.209230	25.137310	25.085941	25.039728	
25.035379	25.072800	25.122169	25.177603	25.258860	25.349701	25.483290	25.628363	25.835663	26.052746	26.351505	26.652292	27.049557	27.433043	27.917490	28.364086	28.900946	29.370296	29.902132	30.337086	30.792318	31.129471	31.437553	31.622063	31.731123	31.731123	31.622066	31.437553	31.129471	30.792316	30.337086	29.902130	29.370298	28.900944	28.364086	27.917488	27.433043	27.049553	26.652292	26.351503	26.052744	25.835661	25.628359	25.483292	25.349697	25.258858	25.177601	25.122169	25.072800	25.035378	
25.029392	25.063963	25.101671	25.155836	25.216000	25.306320	25.404503	25.549377	25.701595	25.918612	26.138103	26.438871	26.730957	27.114443	27.470890	27.917488	28.312744	28.782097	29.173840	29.608797	29.944233	30.281391	30.508455	30.692966	30.773354	30.773357	30.692966	30.508457	30.281387	29.944237	29.608797	29.173840	28.782097	28.312744	27.917486	27.470890	27.114441	26.730957	26.438869	26.138100	25.918610	25.701591	25.549377	25.404499	25.306320	25.215996	25.155836	25.101667	25.063961	25.029392	
25.025497	25.052181	25.088100	25.127453	25.186853	25.251339	25.349218	25.452312	25.604420	25.758865	25.978321	26.192547	26.484623	26.757996	27.114441	27.433044	27.828297	28.163334	28.555077	28.865704	29.201141	29.442001	29.669069	29.800907	29.881296	29.881294	29.800909	29.669067	29.442005	29.201141	28.865705	28.555077	28.163332	27.828295	27.433043	27.114439	26.757996	26.484621	26.192543	25.978321	25.758862	25.604420	25.452309	25.349216	25.251337	25.186852	25.127449	25.088099	25.052177	25.025496	
25.020391	25.044647	25.070608	25.108887	25.150238	25.214287	25.281830	25.384754	25.489609	25.643997	25.795382	26.009588	26.211258	26.484623	26.730957	27.049555	27.322910	27.657944	27.929035	28.239656	28.471884	28.712742	28.869986	29.001823	29.057499	29.057503	29.001822	28.869987	28.712742	28.471886	28.239655	27.929033	27.657942	27.322910	27.049553	26.730957	26.484619	26.211258	26.009586	25.795380	25.643997	25.489609	25.384754	25.281826	25.214287	25.150238	25.108887	25.070606	25.044647	25.020391	
25.017225	25.035061	25.059570	25.085766	25.126503	25.169439	25.236740	25.305475	25.410238	25.513361	25.664711	25.807930	26.009586	26.192547	26.438871	26.652294	26.925640	27.150240	27.421314	27.629665	27.861885	28.023502	28.180740	28.269226	28.324902	28.324898	28.269226	28.180738	28.023502	27.861881	27.629667	27.421314	27.150238	26.925638	26.652294	26.438866	26.192547	26.009586	25.807930	25.664709	25.513361	25.410236	25.305473	25.236738	25.169437	25.126503	25.085766	25.059570	25.035063	25.017225	
25.013256	25.029207	25.045956	25.071320	25.097965	25.140562	25.184134	25.252739	25.320488	25.423557	25.521519	25.664713	25.795382	25.978321	26.138103	26.351505	26.528969	26.753544	26.929665	27.137991	27.288940	27.450542	27.552784	27.641264	27.677467	27.677471	27.641258	27.552784	27.450539	27.288939	27.137989	26.929665	26.753544	26.528973	26.351501	26.138102	25.978317	25.795382	25.664711	25.521517	25.423555	25.320486	25.252735	25.184134	25.140560	25.097963	25.071320	25.045956	25.029207	25.013256	
25.010900	25.022068	25.037735	25.054073	25.080259	25.107052	25.150440	25.193399	25.261074	25.325638	25.423557	25.513361	25.643997	25.758865	25.918610	26.052750	26.230171	26.371454	26.547527	26.678675	26.829586	26.931364	27.033585	27.089321	27.125525	27.125521	27.089323	27.033581	26.931366	26.829586	26.678675	26.547527	26.371452	26.230171	26.052746	25.918610	25.758863	25.643993	25.513361	25.423553	25.325638	25.261070	25.193399	25.150436	25.107048	25.080259	25.054071	25.037735	25.022066	25.010900	
25.008068	25.017891	25.028004	25.043745	25.059824	25.086365	25.112698	25.155548	25.196569	25.261072	25.320488	25.410236	25.489611	25.604420	25.701595	25.835663	25.943703	26.084909	26.192219	26.323294	26.415321	26.517044	26.579403	26.635115	26.657200	26.657202	26.635113	26.579405	26.517044	26.415321	26.323294	26.192219	26.084911	25.943705	25.835659	25.701591	25.604418	25.489607	25.410236	25.320488	25.261070	25.196568	25.155548	25.112694	25.086363	25.059822	25.043743	25.028004	25.017891	25.008068	
25.006451	25.012991	25.022366	25.031895	25.047647	25.063293	25.089479	25.114616	25.155548	25.193401	25.252735	25.305477	25.384754	25.452312	25.549377	25.628363	25.736279	25.819553	25.926735	26.004093	26.096012	26.156076	26.218363	26.251266	26.273331	26.273329	26.251268	26.218363	26.156078	26.096008	26.004093	25.926735	25.819551	25.736280	25.628361	25.549377	25.452309	25.384754	25.305475	25.252735	25.193401	25.155550	25.114614	25.089478	25.063290	25.047644	25.031893	25.022362	25.012991	25.006453	
25.004585	25.010233	25.015940	25.025066	25.034130	25.049585	25.064461	25.089478	25.112700	25.150436	25.184135	25.236738	25.281830	25.349216	25.404503	25.483288	25.544828	25.627888	25.689060	25.766218	25.818714	25.878628	25.914217	25.947037	25.959644	25.959648	25.947037	25.914221	25.878628	25.818720	25.766216	25.689060	25.627888	25.544827	25.483288	25.404499	25.349220	25.281830	25.236736	25.184134	25.150436	25.112696	25.089478	25.064453	25.049582	25.034128	25.025064	25.015938	25.010233	25.004585	
25.003555	25.007124	25.012341	25.017523	25.026348	25.034863	25.049585	25.063295	25.086365	25.107052	25.140560	25.169441	25.214283	25.251341	25.306318	25.349703	25.410896	25.456684	25.517513	25.560080	25.612282	25.645355	25.680742	25.698868	25.711405	25.711405	25.698870	25.680744	25.645355	25.612282	25.560081	25.517513	25.456682	25.410896	25.349701	25.306320	25.251335	25.214285	25.169439	25.140560	25.107050	25.086365	25.063290	25.049583	25.034859	25.026346	25.017521	25.012342	25.007122	25.003555	
25.002411	25.005417	25.008396	25.013290	25.018023	25.026350	25.034130	25.047647	25.059824	25.080257	25.097965	25.126501	25.150242	25.186852	25.216000	25.258858	25.291344	25.336573	25.368896	25.410944	25.438705	25.471371	25.490200	25.508099	25.514774	25.514774	25.508101	25.490200	25.471371	25.438705	25.410944	25.368896	25.336571	25.291342	25.258858	25.215998	25.186852	25.150238	25.126503	25.097965	25.080257	25.059822	25.047646	25.034126	25.026344	25.018021	25.013290	25.008394	25.005417	25.002411	
25.001787	25.003565	25.006212	25.008783	25.013290	25.017523	25.025066	25.031895	25.043745	25.054073	25.071320	25.085768	25.108887	25.127455	25.155834	25.177603	25.209229	25.232227	25.263691	25.285091	25.312115	25.328751	25.347075	25.356194	25.362688	25.362688	25.356197	25.347073	25.328751	25.312111	25.285091	25.263691	25.232227	25.209227	25.177601	25.155834	25.127449	25.108887	25.085764	25.071320	25.054073	25.043743	25.031893	25.025064	25.017521	25.013288	25.008783	25.006212	25.003563	25.001787	
25.001118	25.002527	25.003904	25.006214	25.008396	25.012342	25.015940	25.022364	25.028004	25.037737	25.045959	25.059570	25.070606	25.088099	25.101671	25.122169	25.137312	25.158966	25.174046	25.194193	25.207153	25.222813	25.231607	25.240191	25.243307	25.243307	25.240191	25.231607	25.222811	25.207153	25.194191	25.174046	25.158966	25.137312	25.122168	25.101669	25.088097	25.070604	25.059568	25.045954	25.037735	25.028002	25.022364	25.015938	25.012339	25.008396	25.006210	25.003902	25.002527	25.001118	
25.000725	25.001442	25.002527	25.003563	25.005417	25.007124	25.010235	25.012993	25.017889	25.022068	25.029207	25.035063	25.044647	25.052181	25.063961	25.072802	25.085941	25.095287	25.108368	25.117075	25.128315	25.135086	25.142714	25.146423	25.149124	25.149128	25.146423	25.142710	25.135084	25.128313	25.117077	25.108368	25.095289	25.085938	25.072800	25.063959	25.052181	25.044647	25.035061	25.029209	25.022068	25.017889	25.012991	25.010231	25.007120	25.005413	25.003561	25.002527	25.001442	25.000727	
25.000320	25.000727	25.001118	25.001789	25.002411	25.003557	25.004587	25.006453	25.008068	25.010899	25.013258	25.017223	25.020391	25.025496	25.029392	25.035378	25.039730	25.046055	25.050392	25.056280	25.060009	25.064587	25.067118	25.069626	25.070526	25.070522	25.069628	25.067116	25.064587	25.060009	25.056278	25.050392	25.046055	25.039730	25.035378	25.029392	25.025494	25.020391	25.017223	25.013256	25.010902	25.008068	25.006453	25.004583	25.003555	25.002411	25.001787	25.001118	25.000729	25.000320	
