25.005493	25.010963	25.016396	25.021761	25.027054	25.032238	25.037310	25.042233	25.047009	25.051600	25.056005	25.060192	25.064161	25.067879	25.071348	25.074541	25.077459	25.080074	25.082396	25.084396	25.086079	25.087431	25.088451	25.089132	25.089476	25.089476	25.089132	25.088453	25.087429	25.086081	25.084396	25.082396	25.080076	25.077459	25.074541	25.071350	25.067879	25.064161	25.060192	25.056007	25.051598	25.047009	25.042234	25.037312	25.032238	25.027054	25.021763	25.016396	25.010962	25.005493	
25.010963	25.021889	25.032722	25.043449	25.053999	25.064365	25.074474	25.084322	25.093834	25.103018	25.111792	25.120171	25.128073	25.135515	25.142424	25.148815	25.154623	25.159863	25.164478	25.168484	25.171833	25.174541	25.176571	25.177937	25.178617	25.178616	25.177937	25.176573	25.174541	25.171833	25.168484	25.164478	25.159863	25.154623	25.148815	25.142424	25.135515	25.128073	25.120171	25.111794	25.103020	25.093834	25.084322	25.074472	25.064365	25.054001	25.043449	25.032722	25.021889	25.010962	
25.016396	25.032726	25.048943	25.064960	25.080761	25.096235	25.111378	25.126076	25.140331	25.154030	25.167187	25.179678	25.191528	25.202623	25.212990	25.222515	25.231232	25.239037	25.245966	25.251932	25.256962	25.260992	25.264042	25.266075	25.267096	25.267097	25.266075	25.264046	25.260994	25.256964	25.251930	25.245966	25.239038	25.231232	25.222515	25.212992	25.202625	25.191532	25.179678	25.167187	25.154030	25.140333	25.126076	25.111378	25.096233	25.080761	25.064960	25.048943	25.032722	25.016396	
25.021763	25.043449	25.064960	25.086252	25.107197	25.127773	25.147839	25.167393	25.186272	25.204508	25.221922	25.238556	25.254242	25.269018	25.282728	25.295422	25.306948	25.317352	25.326511	25.334465	25.341112	25.346487	25.350521	25.353230	25.354584	25.354580	25.353233	25.350521	25.346491	25.341114	25.334469	25.326511	25.317352	25.306950	25.295422	25.282732	25.269016	25.254240	25.238556	25.221922	25.204506	25.186272	25.167393	25.147839	25.127775	25.107197	25.086254	25.064960	25.043449	25.021761	
25.027054	25.054001	25.080761	25.107197	25.133266	25.158802	25.183790	25.208040	25.231571	25.254171	25.275887	25.296494	25.316055	25.334362	25.351467	25.367182	25.381565	25.394447	25.405878	25.415726	25.424023	25.430676	25.435709	25.439062	25.440746	25.440750	25.439062	25.435711	25.430676	25.424025	25.415724	25.405880	25.394447	25.381565	25.367184	25.351467	25.334362	25.316053	25.296494	25.275881	25.254171	25.231569	25.208040	25.183788	25.158802	25.133266	25.107197	25.080761	25.053997	25.027054	
25.032236	25.064365	25.096233	25.127773	25.158804	25.189281	25.219006	25.247971	25.275944	25.302954	25.328753	25.353394	25.376629	25.398520	25.418833	25.437634	25.454708	25.470121	25.483692	25.495472	25.505322	25.513283	25.519258	25.523270	25.525272	25.525270	25.523273	25.519257	25.513285	25.505322	25.495472	25.483692	25.470121	25.454710	25.437632	25.418835	25.398520	25.376629	25.353394	25.328754	25.302952	25.275944	25.247969	25.219006	25.189281	25.158802	25.127775	25.096235	25.064365	25.032238	
25.037310	25.074471	25.111376	25.147837	25.183786	25.219006	25.253464	25.286911	25.319359	25.350533	25.380474	25.408901	25.435873	25.461121	25.484709	25.506386	25.526218	25.543987	25.559752	25.573330	25.584774	25.593948	25.600889	25.605515	25.607840	25.607843	25.605513	25.600891	25.593948	25.584776	25.573330	25.559752	25.543987	25.526218	25.506386	25.484709	25.461123	25.435875	25.408901	25.380474	25.350533	25.319357	25.286913	25.253464	25.219006	25.183788	25.147839	25.111378	25.074472	25.037310	
25.042233	25.084320	25.126072	25.167389	25.208042	25.247969	25.286911	25.324856	25.361504	25.396883	25.430687	25.462963	25.493406	25.522081	25.548695	25.573322	25.595694	25.615883	25.633663	25.649096	25.662001	25.672430	25.680258	25.685513	25.688137	25.688133	25.685514	25.680258	25.672430	25.662003	25.649094	25.633665	25.615885	25.595695	25.573322	25.548697	25.522083	25.493408	25.462965	25.430687	25.396885	25.361504	25.324854	25.286911	25.247967	25.208044	25.167391	25.126076	25.084320	25.042233	
25.047009	25.093834	25.140331	25.186274	25.231567	25.275944	25.319357	25.361504	25.402382	25.441666	25.479382	25.515205	25.549187	25.581001	25.610718	25.638033	25.663023	25.685410	25.705271	25.722380	25.736801	25.748360	25.757107	25.762934	25.765863	25.765865	25.762932	25.757107	25.748363	25.736799	25.722382	25.705271	25.685410	25.663021	25.638033	25.610720	25.581001	25.549191	25.515203	25.479383	25.441664	25.402382	25.361504	25.319355	25.275942	25.231567	25.186275	25.140331	25.093834	25.047009	
25.051598	25.103018	25.154030	25.204506	25.254173	25.302952	25.350531	25.396881	25.441666	25.484882	25.526188	25.565617	25.602814	25.637840	25.670361	25.700445	25.727779	25.752447	25.774170	25.793022	25.808790	25.821529	25.831095	25.837513	25.840721	25.840717	25.837517	25.831093	25.821529	25.808792	25.793018	25.774170	25.752445	25.727779	25.700447	25.670361	25.637844	25.602812	25.565619	25.526188	25.484886	25.441662	25.396883	25.350531	25.302952	25.254173	25.204506	25.154030	25.103016	25.051598	
25.056007	25.111792	25.167187	25.221922	25.275885	25.328754	25.380472	25.430687	25.479383	25.526188	25.571119	25.613804	25.654284	25.692190	25.727589	25.760136	25.789902	25.816578	25.840239	25.860626	25.877802	25.891575	25.901993	25.908936	25.912428	25.912430	25.908936	25.901995	25.891575	25.877800	25.860624	25.840237	25.816578	25.789902	25.760136	25.727591	25.692188	25.654284	25.613804	25.571121	25.526186	25.479383	25.430687	25.380472	25.328753	25.275883	25.221924	25.167189	25.111792	25.056005	
25.060190	25.120171	25.179678	25.238560	25.296495	25.353395	25.408901	25.462963	25.515207	25.565619	25.613804	25.659790	25.703190	25.744041	25.781984	25.817070	25.848963	25.877728	25.903074	25.925064	25.943460	25.958317	25.969475	25.976967	25.980705	25.980701	25.976963	25.969475	25.958315	25.943459	25.925060	25.903074	25.877728	25.848963	25.817072	25.781982	25.744045	25.703186	25.659792	25.613802	25.565617	25.515205	25.462963	25.408901	25.353392	25.296495	25.238556	25.179678	25.120171	25.060190	
25.064161	25.128073	25.191532	25.254242	25.316055	25.376631	25.435875	25.493408	25.549191	25.602816	25.654284	25.703190	25.749556	25.792990	25.833538	25.870831	25.904922	25.935492	25.962589	25.985952	26.005627	26.021412	26.033344	26.041296	26.045296	26.045298	26.041296	26.033340	26.021408	26.005623	25.985949	25.962591	25.935492	25.904924	25.870831	25.833538	25.792990	25.749557	25.703186	25.654285	25.602814	25.549191	25.493404	25.435873	25.376629	25.316055	25.254240	25.191532	25.128071	25.064161	
25.067877	25.135515	25.202627	25.269020	25.334362	25.398521	25.461123	25.522083	25.581001	25.637844	25.692192	25.744043	25.792992	25.839056	25.881845	25.921410	25.957380	25.989815	26.018402	26.043194	26.063946	26.080696	26.093283	26.101725	26.105942	26.105942	26.101725	26.093279	26.080696	26.063942	26.043194	26.018398	25.989815	25.957380	25.921408	25.881849	25.839058	25.792990	25.744045	25.692188	25.637844	25.580999	25.522083	25.461119	25.398518	25.334358	25.269018	25.202625	25.135515	25.067877	
25.071350	25.142426	25.212992	25.282730	25.351467	25.418835	25.484711	25.548697	25.610722	25.670362	25.727589	25.781982	25.833538	25.881845	25.926933	25.968409	26.006317	26.040314	26.070442	26.096428	26.118299	26.135857	26.149124	26.157972	26.162418	26.162418	26.157970	26.149124	26.135857	26.118301	26.096424	26.070446	26.040314	26.006317	25.968410	25.926931	25.881851	25.833540	25.781982	25.727592	25.670361	25.610720	25.548695	25.484709	25.418833	25.351465	25.282728	25.212990	25.142424	25.071350	
25.074541	25.148817	25.222515	25.295424	25.367184	25.437634	25.506388	25.573324	25.638035	25.700447	25.760136	25.817070	25.870827	25.921410	25.968407	26.011847	26.051353	26.086966	26.118366	26.145582	26.168377	26.186768	26.200592	26.209862	26.214493	26.214493	26.209862	26.200592	26.186768	26.168375	26.145584	26.118362	26.086964	26.051355	26.011845	25.968409	25.921408	25.870831	25.817070	25.760136	25.700447	25.638031	25.573324	25.506384	25.437634	25.367180	25.295422	25.222513	25.148815	25.074541	
25.077459	25.154623	25.231232	25.306950	25.381565	25.454712	25.526222	25.595695	25.663021	25.727779	25.789902	25.848961	25.904924	25.957378	26.006317	26.051353	26.092499	26.129417	26.162121	26.190338	26.214075	26.233143	26.247540	26.257149	26.261974	26.261974	26.257149	26.247541	26.233141	26.214079	26.190334	26.162121	26.129416	26.092501	26.051355	26.006317	25.957380	25.904924	25.848965	25.789902	25.727781	25.663021	25.595695	25.526218	25.454706	25.381565	25.306946	25.231232	25.154621	25.077461	
25.080076	25.159863	25.239038	25.317352	25.394447	25.470121	25.543987	25.615885	25.685410	25.752447	25.816578	25.877729	25.935488	25.989815	26.040312	26.086964	26.129417	26.167662	26.201401	26.230631	26.255125	26.274876	26.289730	26.299686	26.304665	26.304663	26.299686	26.289730	26.274879	26.255123	26.230633	26.201399	26.167664	26.129416	26.086964	26.040314	25.989813	25.935492	25.877728	25.816578	25.752441	25.685410	25.615883	25.543985	25.470119	25.394445	25.317352	25.239037	25.159864	25.080076	
25.082396	25.164478	25.245968	25.326513	25.405880	25.483692	25.559752	25.633663	25.705273	25.774168	25.840239	25.903072	25.962589	26.018400	26.070446	26.118362	26.162121	26.201401	26.236179	26.266199	26.291447	26.311731	26.327044	26.337271	26.342402	26.342402	26.337269	26.327045	26.311729	26.291449	26.266197	26.236179	26.201397	26.162121	26.118364	26.070446	26.018402	25.962591	25.903074	25.840237	25.774170	25.705269	25.633663	25.559750	25.483692	25.405880	25.326511	25.245968	25.164478	25.082397	
25.084394	25.168484	25.251932	25.334467	25.415726	25.495472	25.573330	25.649096	25.722382	25.793022	25.860624	25.925062	25.985949	26.043194	26.096426	26.145580	26.190334	26.230631	26.266199	26.297001	26.322819	26.343632	26.359289	26.369778	26.375027	26.375029	26.369781	26.359289	26.343632	26.322819	26.297001	26.266199	26.230629	26.190332	26.145580	26.096428	26.043190	25.985954	25.925062	25.860626	25.793020	25.722382	25.649094	25.573330	25.495472	25.415726	25.334467	25.251930	25.168486	25.084394	
25.086081	25.171835	25.256964	25.341114	25.424026	25.505322	25.584776	25.662003	25.736801	25.808792	25.877800	25.943459	26.005627	26.063940	26.118301	26.168375	26.214077	26.255123	26.291447	26.322819	26.349190	26.370388	26.386379	26.397064	26.402424	26.402424	26.397064	26.386379	26.370384	26.349190	26.322817	26.291447	26.255123	26.214075	26.168373	26.118301	26.063942	26.005623	25.943459	25.877800	25.808790	25.736799	25.662003	25.584774	25.505322	25.424025	25.341114	25.256964	25.171833	25.086081	
25.087431	25.174541	25.260992	25.346489	25.430676	25.513287	25.593946	25.672432	25.748362	25.821531	25.891577	25.958317	26.021408	26.080694	26.135857	26.186768	26.233141	26.274876	26.311731	26.343632	26.370386	26.391941	26.408165	26.419031	26.424467	26.424469	26.419029	26.408167	26.391939	26.370386	26.343632	26.311733	26.274876	26.233139	26.186768	26.135855	26.080694	26.021408	25.958317	25.891577	25.821531	25.748362	25.672432	25.593948	25.513285	25.430674	25.346489	25.260992	25.174541	25.087431	
25.088453	25.176571	25.264044	25.350521	25.435711	25.519257	25.600889	25.680256	25.757107	25.831093	25.901993	25.969475	26.033342	26.093281	26.149126	26.200592	26.247543	26.289728	26.327045	26.359291	26.386379	26.408167	26.424595	26.435577	26.441084	26.441084	26.435579	26.424595	26.408165	26.386375	26.359289	26.327045	26.289730	26.247540	26.200588	26.149124	26.093277	26.033340	25.969475	25.901993	25.831093	25.757107	25.680260	25.600891	25.519257	25.435709	25.350519	25.264042	25.176571	25.088453	
25.089132	25.177937	25.266075	25.353230	25.439062	25.523272	25.605516	25.685514	25.762936	25.837513	25.908939	25.976967	26.041298	26.101727	26.157974	26.209862	26.257149	26.299686	26.337269	26.369781	26.397062	26.419029	26.435577	26.446651	26.452194	26.452198	26.446650	26.435577	26.419029	26.397062	26.369780	26.337269	26.299686	26.257149	26.209862	26.157970	26.101723	26.041294	25.976963	25.908936	25.837515	25.762932	25.685514	25.605516	25.523270	25.439062	25.353231	25.266073	25.177937	25.089132	
25.089476	25.178617	25.267097	25.354582	25.440748	25.525272	25.607841	25.688137	25.765865	25.840721	25.912430	25.980703	26.045296	26.105942	26.162422	26.214493	26.261976	26.304663	26.342402	26.375027	26.402422	26.424467	26.441082	26.452194	26.457764	26.457764	26.452194	26.441082	26.424467	26.402420	26.375027	26.342400	26.304665	26.261974	26.214493	26.162418	26.105940	26.045294	25.980703	25.912428	25.840721	25.765865	25.688135	25.607841	25.525272	25.440750	25.354582	25.267097	25.178617	25.089476	
25.089476	25.178617	25.267097	25.354582	25.440748	25.525272	25.607841	25.688137	25.765865	25.840721	25.912430	25.980703	26.045296	26.105942	26.162422	26.214493	26.261976	26.304663	26.342402	26.375027	26.402422	26.424467	26.441082	26.452194	26.457764	26.457764	26.452194	26.441082	26.424467	26.402420	26.375027	26.342400	26.304665	26.261974	26.214493	26.162418	26.105940	26.045294	25.980703	25.912428	25.840721	25.765865	25.688135	25.607841	25.525272	25.440750	25.354582	25.267097	25.178617	25.089476	
25.089132	25.177937	25.266075	25.353230	25.439062	25.523272	25.605516	25.685514	25.762936	25.837513	25.908939	25.976967	26.041298	26.101727	26.157974	26.209862	26.257149	26.299686	26.337269	26.369781	26.397062	26.419029	26.435577	26.446651	26.452194	26.452198	26.446650	26.435577	26.419029	26.397062	26.369780	26.337269	26.299686	26.257149	26.209862	26.157970	26.101723	26.041294	25.976963	25.908936	25.837515	25.762932	25.685514	25.605516	25.523270	25.439062	25.353231	25.266073	25.177937	25.089132	
25.088453	25.176571	25.264044	25.350521	25.435711	25.519257	25.600889	25.680256	25.757107	25.831093	25.901993	25.969475	26.033342	26.093281	26.149126	26.200592	26.247543	26.289728	26.327045	26.359291	26.386379	26.408167	26.424595	26.435577	26.441084	26.441084	26.435579	26.424595	26.408165	26.386375	26.359289	26.327045	26.289730	26.247540	26.200588	26.149124	26.093277	26.033340	25.969475	25.901993	25.831093	25.757107	25.680260	25.600891	25.519257	25.435709	25.350519	25.264042	25.176571	25.088453	
25.087431	25.174541	25.260992	25.346489	25.430676	25.513287	25.593946	25.672432	25.748362	25.821531	25.891577	25.958317	26.021408	26.080694	26.135857	26.186768	26.233141	26.274876	26.311731	26.343632	26.370386	26.391941	26.408165	26.419031	26.424467	26.424469	26.419029	26.408167	26.391939	26.370386	26.343632	26.311733	26.274876	26.233139	26.186768	26.135855	26.080694	26.021408	25.958317	25.891577	25.821531	25.748362	25.672432	25.593948	25.513285	25.430674	25.346489	25.260992	25.174541	25.087431	
25.086081	25.171835	25.256964	25.341114	25.424026	25.505322	25.584776	25.662003	25.736801	25.808792	25.877800	25.943459	26.005627	26.063940	26.118301	26.168375	26.214077	26.255123	26.291447	26.322819	26.349190	26.370388	26.386379	26.397064	26.402424	26.402424	26.397064	26.386379	26.370384	26.349190	26.322817	26.291447	26.255123	26.214075	26.168373	26.118301	26.063942	26.005623	25.943459	25.877800	25.808790	25.736799	25.662003	25.584774	25.505322	25.424025	25.341114	25.256964	25.171833	25.086081	
25.084394	25.168484	25.251932	25.334467	25.415726	25.495472	25.573330	25.649096	25.722382	25.793022	25.860624	25.925062	25.985949	26.043194	26.096426	26.145580	26.190334	26.230631	26.266199	26.297001	26.322819	26.343632	26.359289	26.369778	26.375027	26.375029	26.369781	26.359289	26.343632	26.322819	26.297001	26.266199	26.230629	26.190332	26.145580	26.096428	26.043190	25.985954	25.925062	25.860626	25.793020	25.722382	25.649094	25.573330	25.495472	25.415726	25.334467	25.251930	25.168486	25.084394	
25.082396	25.164478	25.245968	25.326513	25.405880	25.483692	25.559752	25.633663	25.705273	25.774168	25.840239	25.903072	25.962589	26.018400	26.070446	26.118362	26.162121	26.201401	26.236179	26.266199	26.291447	26.311731	26.327044	26.337271	26.342402	26.342402	26.337269	26.327045	26.311729	26.291449	26.266197	26.236179	26.201397	26.162121	26.118364	26.070446	26.018402	25.962591	25.903074	25.840237	25.774170	25.705269	25.633663	25.559750	25.483692	25.405880	25.326511	25.245968	25.164478	25.082397	
25.080076	25.159863	25.239038	25.317352	25.394447	25.470121	25.543987	25.615885	25.685410	25.752447	25.816578	25.877729	25.935488	25.989815	26.040312	26.086964	26.129417	26.167662	26.201401	26.230631	26.255125	26.274876	26.289730	26.299686	26.304665	26.304663	26.299686	26.289730	26.274879	26.255123	26.230633	26.201399	26.167664	26.129416	26.086964	26.040314	25.989813	25.935492	25.877728	25.816578	25.752441	25.685410	25.615883	25.543985	25.470119	25.394445	25.317352	25.239037	25.159864	25.080076	
25.077459	25.154623	25.231232	25.306950	25.381565	25.454712	25.526222	25.595695	25.663021	25.727779	25.789902	25.848961	25.904924	25.957378	26.006317	26.051353	26.092499	26.129417	26.162121	26.190338	26.214075	26.233143	26.247540	26.257149	26.261974	26.261974	26.257149	26.247541	26.233141	26.214079	26.190334	26.162121	26.129416	26.092501	26.051355	26.006317	25.957380	25.904924	25.848965	25.789902	25.727781	25.663021	25.595695	25.526218	25.454706	25.381565	25.306946	25.231232	25.154621	25.077461	
25.074541	25.148817	25.222515	25.295424	25.367184	25.437634	25.506388	25.573324	25.638035	25.700447	25.760136	25.817070	25.870827	25.921410	25.968407	26.011847	26.051353	26.086966	26.118366	26.145582	26.168377	26.186768	26.200592	26.209862	26.214493	26.214493	26.209862	26.200592	26.186768	26.168375	26.145584	26.118362	26.086964	26.051355	26.011845	25.968409	25.921408	25.870831	25.817070	25.760136	25.700447	25.638031	25.573324	25.506384	25.437634	25.367180	25.295422	25.222513	25.148815	25.074541	
25.071350	25.142426	25.212992	25.282730	25.351467	25.418835	25.484711	25.548697	25.610722	25.670362	25.727589	25.781982	25.833538	25.881845	25.926933	25.968409	26.006317	26.040314	26.070442	26.096428	26.118299	26.135857	26.149124	26.157972	26.162418	26.162418	26.157970	26.149124	26.135857	26.118301	26.096424	26.070446	26.040314	26.006317	25.968410	25.926931	25.881851	25.833540	25.781982	25.727592	25.670361	25.610720	25.548695	25.484709	25.418833	25.351465	25.282728	25.212990	25.142424	25.071350	
25.067877	25.135515	25.202627	25.269020	25.334362	25.398521	25.461123	25.522083	25.581001	25.637844	25.692192	25.744043	25.792992	25.839056	25.881845	25.921410	25.957380	25.989815	26.018402	26.043194	26.063946	26.080696	26.093283	26.101725	26.105942	26.105942	26.101725	26.093279	26.080696	26.063942	26.043194	26.018398	25.989815	25.957380	25.921408	25.881849	25.839058	25.792990	25.744045	25.692188	25.637844	25.580999	25.522083	25.461119	25.398518	25.334358	25.269018	25.202625	25.135515	25.067877	
25.064161	25.128073	25.191532	25.254242	25.316055	25.376631	25.435875	25.493408	25.549191	25.602816	25.654284	25.703190	25.749556	25.792990	25.833538	25.870831	25.904922	25.935492	25.962589	25.985952	26.005627	26.021412	26.033344	26.041296	26.045296	26.045298	26.041296	26.033340	26.021408	26.005623	25.985949	25.962591	25.935492	25.904924	25.870831	25.833538	25.792990	25.749557	25.703186	25.654285	25.602814	25.549191	25.493404	25.435873	25.376629	25.316055	25.254240	25.191532	25.128071	25.064161	
25.060190	25.120171	25.179678	25.238560	25.296495	25.353395	25.408901	25.462963	25.515207	25.565619	25.613804	25.659790	25.703190	25.744041	25.781984	25.817070	25.848963	25.877728	25.903074	25.925064	25.943460	25.958317	25.969475	25.976967	25.980705	25.980701	25.976963	25.969475	25.958315	25.943459	25.925060	25.903074	25.877728	25.848963	25.817072	25.781982	25.744045	25.703186	25.659792	25.613802	25.565617	25.515205	25.462963	25.408901	25.353392	25.296495	25.238556	25.179678	25.120171	25.060190	
25.056007	25.111792	25.167187	25.221922	25.275885	25.328754	25.380472	25.430687	25.479383	25.526188	25.571119	25.613804	25.654284	25.692190	25.727589	25.760136	25.789902	25.816578	25.840239	25.860626	25.877802	25.891575	25.901993	25.908936	25.912428	25.912430	25.908936	25.901995	25.891575	25.877800	25.860624	25.840237	25.816578	25.789902	25.760136	25.727591	25.692188	25.654284	25.613804	25.571121	25.526186	25.479383	25.430687	25.380472	25.328753	25.275883	25.221924	25.167189	25.111792	25.056005	
25.051598	25.103018	25.154030	25.204506	25.254173	25.302952	25.350531	25.396881	25.441666	25.484882	25.526188	25.565617	25.602814	25.637840	25.670361	25.700445	25.727779	25.752447	25.774170	25.793022	25.808790	25.821529	25.831095	25.837513	25.840721	25.840717	25.837517	25.831093	25.821529	25.808792	25.793018	25.774170	25.752445	25.727779	25.700447	25.670361	25.637844	25.602812	25.565619	25.526188	25.484886	25.441662	25.396883	25.350531	25.302952	25.254173	25.204506	25.154030	25.103016	25.051598	
25.047009	25.093834	25.140331	25.186274	25.231567	25.275944	25.319357	25.361504	25.402382	25.441666	25.479382	25.515205	25.549187	25.581001	25.610718	25.638033	25.663023	25.685410	25.705271	25.722380	25.736801	25.748360	25.757107	25.762934	25.765863	25.765865	25.762932	25.757107	25.748363	25.736799	25.722382	25.705271	25.685410	25.663021	25.638033	25.610720	25.581001	25.549191	25.515203	25.479383	25.441664	25.402382	25.361504	25.319355	25.275942	25.231567	25.186275	25.140331	25.093834	25.047009	
25.042233	25.084320	25.126072	25.167389	25.208042	25.247969	25.286911	25.324856	25.361504	25.396883	25.430687	25.462963	25.493406	25.522081	25.548695	25.573322	25.595694	25.615883	25.633663	25.649096	25.662001	25.672430	25.680258	25.685513	25.688137	25.688133	25.685514	25.680258	25.672430	25.662003	25.649094	25.633665	25.615885	25.595695	25.573322	25.548697	25.522083	25.493408	25.462965	25.430687	25.396885	25.361504	25.324854	25.286911	25.247967	25.208044	25.167391	25.126076	25.084320	25.042233	
25.037310	25.074471	25.111376	25.147837	25.183786	25.219006	25.253464	25.286911	25.319359	25.350533	25.380474	25.408901	25.435873	25.461121	25.484709	25.506386	25.526218	25.543987	25.559752	25.573330	25.584774	25.593948	25.600889	25.605515	25.607840	25.607843	25.605513	25.600891	25.593948	25.584776	25.573330	25.559752	25.543987	25.526218	25.506386	25.484709	25.461123	25.435875	25.408901	25.380474	25.350533	25.319357	25.286913	25.253464	25.219006	25.183788	25.147839	25.111378	25.074472	25.037310	
25.032236	25.064365	25.096233	25.127773	25.158804	25.189281	25.219006	25.247971	25.275944	25.302954	25.328753	25.353394	25.376629	25.398520	25.418833	25.437634	25.454708	25.470121	25.483692	25.495472	25.505322	25.513283	25.519258	25.523270	25.525272	25.525270	25.523273	25.519257	25.513285	25.505322	25.495472	25.483692	25.470121	25.454710	25.437632	25.418835	25.398520	25.376629	25.353394	25.328754	25.302952	25.275944	25.247969	25.219006	25.189281	25.158802	25.127775	25.096235	25.064365	25.032238	
25.027054	25.054001	25.080761	25.107197	25.133266	25.158802	25.183790	25.208040	25.231571	25.254171	25.275887	25.296494	25.316055	25.334362	25.351467	25.367182	25.381565	25.394447	25.405878	25.415726	25.424023	25.430676	25.435709	25.439062	25.440746	25.440750	25.439062	25.435711	25.430676	25.424025	25.415724	25.405880	25.394447	25.381565	25.367184	25.351467	25.334362	25.316053	25.296494	25.275881	25.254171	25.231569	25.208040	25.183788	25.158802	25.133266	25.107197	25.080761	25.053997	25.027054	
25.021763	25.043449	25.064960	25.086252	25.107197	25.127773	25.147839	25.167393	25.186272	25.204508	25.221922	25.238556	25.254242	25.269018	25.282728	25.295422	25.306948	25.317352	25.326511	25.334465	25.341112	25.346487	25.350521	25.353230	25.354584	25.354580	25.353233	25.350521	25.346491	25.341114	25.334469	25.326511	25.317352	25.306950	25.295422	25.282732	25.269016	25.254240	25.238556	25.221922	25.204506	25.186272	25.167393	25.147839	25.127775	25.107197	25.086254	25.064960	25.043449	25.021761	
25.016396	25.032726	25.048943	25.064960	25.080761	25.096235	25.111378	25.126076	25.140331	25.154030	25.167187	25.179678	25.191528	25.202623	25.212990	25.222515	25.231232	25.239037	25.245966	25.251932	25.256962	25.260992	25.264042	25.266075	25.267096	25.267097	25.266075	25.264046	25.260994	25.256964	25.251930	25.245966	25.239038	25.231232	25.222515	25.212992	25.202625	25.191532	25.179678	25.167187	25.154030	25.140333	25.126076	25.111378	25.096233	25.080761	25.064960	25.048943	25.032722	25.016396	
25.010963	25.021889	25.032722	25.043449	25.053999	25.064365	25.074474	25.084322	25.093834	25.103018	25.111792	25.120171	25.128073	25.135515	25.142424	25.148815	25.154623	25.159863	25.164478	25.168484	25.171833	25.174541	25.176571	25.177937	25.178617	25.178616	25.177937	25.176573	25.174541	25.171833	25.168484	25.164478	25.159863	25.154623	25.148815	25.142424	25.135515	25.128073	25.120171	25.111794	25.103020	25.093834	25.084322	25.074472	25.064365	25.054001	25.043449	25.032722	25.021889	25.010962	
25.005493	25.010963	25.016396	25.021761	25.027054	25.032238	25.037310	25.042233	25.047009	25.051600	25.056005	25.060192	25.064161	25.067879	25.071348	25.074541	25.077459	25.080074	25.082396	25.084396	25.086079	25.087431	25.088451	25.089132	25.089476	25.089476	25.089132	25.088453	25.087429	25.086081	25.084396	25.082396	25.080076	25.077459	25.074541	25.071350	25.067879	25.064161	25.060192	25.056007	25.051598	25.047009	25.042234	25.037312	25.032238	25.027054	25.021763	25.016396	25.010962	25.005493	
