25.005253	25.010483	25.015676	25.020811	25.025867	25.030827	25.035675	25.040382	25.044947	25.049335	25.053547	25.057545	25.061338	25.064890	25.068207	25.071255	25.074043	25.076542	25.078756	25.080666	25.082272	25.083563	25.084538	25.085188	25.085514	25.085514	25.085188	25.084538	25.083561	25.082275	25.080666	25.078758	25.076538	25.074043	25.071255	25.068207	25.064888	25.061340	25.057547	25.053545	25.049335	25.044949	25.040382	25.035675	25.030828	25.025869	25.020809	25.015678	25.010483	25.005253	
25.010483	25.020929	25.031296	25.041546	25.051638	25.061546	25.071209	25.080626	25.089718	25.098495	25.106884	25.114887	25.122437	25.129547	25.136147	25.142252	25.147799	25.152805	25.157211	25.161036	25.164234	25.166817	25.168758	25.170059	25.170712	25.170710	25.170059	25.168758	25.166817	25.164234	25.161037	25.157209	25.152805	25.147799	25.142252	25.136147	25.129547	25.122437	25.114887	25.106882	25.098494	25.089718	25.080624	25.071211	25.061546	25.051636	25.041548	25.031292	25.020929	25.010483	
25.015678	25.031294	25.046799	25.062122	25.077223	25.092020	25.106495	25.120546	25.134174	25.147268	25.159840	25.171778	25.183098	25.193699	25.203600	25.212700	25.221024	25.228479	25.235094	25.240791	25.245594	25.249441	25.252354	25.254295	25.255270	25.255270	25.254295	25.252354	25.249443	25.245594	25.240791	25.235096	25.228481	25.221024	25.212700	25.203602	25.193699	25.183102	25.171778	25.159840	25.147270	25.134174	25.120546	25.106495	25.092022	25.077225	25.062120	25.046799	25.031292	25.015678	
25.020811	25.041546	25.062122	25.082476	25.102505	25.122173	25.141357	25.160048	25.178099	25.195522	25.212170	25.228062	25.243050	25.257162	25.270264	25.282383	25.293394	25.303329	25.312078	25.319670	25.326019	25.331148	25.334999	25.337585	25.338879	25.338875	25.337585	25.334999	25.331150	25.326017	25.319672	25.312077	25.303331	25.293396	25.282387	25.270266	25.257164	25.243050	25.228062	25.212170	25.195522	25.178101	25.160048	25.141357	25.122173	25.102503	25.082478	25.062119	25.041548	25.020809	
25.025867	25.051638	25.077221	25.102505	25.127426	25.151844	25.175728	25.198914	25.221397	25.243004	25.263746	25.283447	25.302132	25.319622	25.335957	25.350973	25.364708	25.377012	25.387926	25.397327	25.405251	25.411600	25.416409	25.419609	25.421219	25.421219	25.419609	25.416407	25.411602	25.405251	25.397327	25.387928	25.377010	25.364710	25.350975	25.335960	25.319624	25.302132	25.283447	25.263748	25.243004	25.221397	25.198914	25.175728	25.151844	25.127426	25.102505	25.077225	25.051638	25.025869	
25.030828	25.061544	25.092022	25.122173	25.151844	25.180981	25.209400	25.237080	25.263823	25.289629	25.314291	25.337828	25.360031	25.380941	25.400347	25.418301	25.434612	25.449329	25.462290	25.473536	25.482941	25.490540	25.496244	25.500074	25.501986	25.501984	25.500072	25.496243	25.490540	25.482941	25.473534	25.462288	25.449331	25.434612	25.418304	25.400351	25.380943	25.360033	25.337830	25.314291	25.289631	25.263824	25.237082	25.209398	25.180979	25.151844	25.122171	25.092020	25.061546	25.030827	
25.035675	25.071211	25.106495	25.141357	25.175726	25.209398	25.242332	25.274309	25.305315	25.335114	25.363718	25.390884	25.416653	25.440773	25.463303	25.484009	25.502947	25.519917	25.534966	25.547932	25.558861	25.567616	25.574242	25.578659	25.580875	25.580877	25.578655	25.574242	25.567616	25.558857	25.547932	25.534966	25.519917	25.502947	25.484009	25.463305	25.440777	25.416655	25.390884	25.363722	25.335114	25.305317	25.274309	25.242334	25.209400	25.175724	25.141359	25.106495	25.071209	25.035675	
25.040382	25.080624	25.120544	25.160046	25.198914	25.237080	25.274311	25.310570	25.345606	25.379408	25.411718	25.442551	25.471642	25.499027	25.524452	25.547970	25.569336	25.588614	25.605595	25.620323	25.632645	25.642599	25.650074	25.655087	25.657593	25.657591	25.655088	25.650070	25.642599	25.632645	25.620323	25.605591	25.588612	25.569336	25.547970	25.524454	25.499029	25.471642	25.442554	25.411716	25.379412	25.345604	25.310570	25.274311	25.237078	25.198914	25.160042	25.120546	25.080624	25.040382	
25.044947	25.089718	25.134172	25.178097	25.221397	25.263823	25.305317	25.345604	25.384665	25.422215	25.458248	25.492481	25.524940	25.555336	25.583714	25.609806	25.633659	25.655045	25.674002	25.690340	25.704103	25.715139	25.723488	25.729052	25.731846	25.731846	25.729050	25.723488	25.715139	25.704103	25.690340	25.674000	25.655045	25.633663	25.609806	25.583717	25.555336	25.524940	25.492481	25.458252	25.422213	25.384666	25.345604	25.305313	25.263821	25.221394	25.178097	25.134171	25.089718	25.044947	
25.049334	25.098494	25.147268	25.195522	25.243006	25.289631	25.335114	25.379410	25.422211	25.463505	25.502979	25.540642	25.576185	25.609638	25.640703	25.669426	25.695536	25.719082	25.739826	25.757820	25.772873	25.785034	25.794163	25.800291	25.803350	25.803352	25.800293	25.794163	25.785032	25.772877	25.757818	25.739824	25.719080	25.695536	25.669430	25.640705	25.609640	25.576185	25.540646	25.502979	25.463509	25.422211	25.379412	25.335114	25.289629	25.243004	25.195518	25.147266	25.098494	25.049334	
25.053545	25.106880	25.159840	25.212170	25.263748	25.314289	25.363720	25.411718	25.458248	25.502979	25.545902	25.586689	25.625351	25.661568	25.695370	25.726456	25.754871	25.780348	25.802931	25.822397	25.838791	25.851938	25.861881	25.868511	25.871841	25.871841	25.868509	25.861881	25.851938	25.838789	25.822397	25.802931	25.780346	25.754873	25.726456	25.695372	25.661568	25.625355	25.586689	25.545906	25.502977	25.458248	25.411716	25.363718	25.314293	25.263746	25.212170	25.159836	25.106882	25.053543	
25.057543	25.114887	25.171776	25.228062	25.283447	25.337833	25.390886	25.442554	25.492479	25.540644	25.586689	25.630617	25.672077	25.711094	25.747334	25.780834	25.811291	25.838749	25.862951	25.883936	25.901501	25.915680	25.926331	25.933479	25.937046	25.937048	25.933475	25.926331	25.915680	25.901499	25.883938	25.862951	25.838749	25.811291	25.780834	25.747335	25.711096	25.672081	25.630619	25.586689	25.540646	25.492479	25.442554	25.390886	25.337831	25.283447	25.228058	25.171778	25.114883	25.057545	
25.061338	25.122437	25.183102	25.243048	25.302135	25.360035	25.416653	25.471640	25.524940	25.576185	25.625351	25.672077	25.716362	25.757851	25.796570	25.832184	25.864733	25.893921	25.919786	25.942089	25.960865	25.975933	25.987318	25.994911	25.998730	25.998726	25.994913	25.987318	25.975933	25.960865	25.942091	25.919786	25.893921	25.864735	25.832186	25.796572	25.757854	25.716362	25.672079	25.625353	25.576185	25.524940	25.471642	25.416653	25.360033	25.302132	25.243048	25.183098	25.122437	25.061337	
25.064888	25.129549	25.193703	25.257164	25.319624	25.380943	25.440775	25.499027	25.555336	25.609638	25.661566	25.711094	25.757853	25.801842	25.842712	25.880482	25.914831	25.945789	25.973085	25.996744	26.016554	26.032539	26.044554	26.052610	26.056635	26.056637	26.052610	26.044554	26.032539	26.016556	25.996744	25.973085	25.945793	25.914833	25.880484	25.842714	25.801842	25.757851	25.711094	25.661568	25.609638	25.555334	25.499029	25.440773	25.380943	25.319622	25.257164	25.193699	25.129547	25.064888	
25.068207	25.136148	25.203602	25.270267	25.335958	25.400349	25.463303	25.524452	25.583714	25.640701	25.695370	25.747334	25.796570	25.842710	25.885757	25.925367	25.961555	25.994015	26.022774	26.047579	26.068451	26.085209	26.097868	26.106314	26.110558	26.110556	26.106316	26.097870	26.085209	26.068451	26.047577	26.022774	25.994015	25.961555	25.925369	25.885759	25.842714	25.796570	25.747334	25.695370	25.640701	25.583714	25.524452	25.463303	25.400349	25.335960	25.270262	25.203602	25.136145	25.068207	
25.071253	25.142254	25.212700	25.282383	25.350975	25.418301	25.484009	25.547968	25.609802	25.669426	25.726456	25.780834	25.832184	25.880482	25.925365	25.966835	26.004560	26.038548	26.068527	26.094501	26.116259	26.133808	26.147003	26.155849	26.160269	26.160271	26.155848	26.147003	26.133810	26.116259	26.094501	26.068527	26.038549	26.004562	25.966835	25.925369	25.880482	25.832184	25.780834	25.726456	25.669428	25.609802	25.547968	25.484007	25.418301	25.350971	25.282383	25.212698	25.142254	25.071255	
25.074043	25.147799	25.221024	25.293396	25.364706	25.434614	25.502949	25.569336	25.633659	25.695534	25.754871	25.811291	25.864735	25.914831	25.961552	26.004560	26.043835	26.079081	26.110294	26.137226	26.159882	26.178078	26.191816	26.200989	26.205593	26.205591	26.200987	26.191818	26.178080	26.159882	26.137228	26.110291	26.079082	26.043837	26.004562	25.961555	25.914833	25.864731	25.811291	25.754873	25.695534	25.633663	25.569336	25.502945	25.434612	25.364706	25.293392	25.221024	25.147797	25.074043	
25.076540	25.152805	25.228481	25.303329	25.377010	25.449329	25.519917	25.588612	25.655043	25.719078	25.780346	25.838751	25.893919	25.945789	25.994015	26.038548	26.079082	26.115583	26.147791	26.175686	26.199062	26.217911	26.232086	26.241589	26.246338	26.246338	26.241587	26.232086	26.217911	26.199062	26.175688	26.147791	26.115585	26.079082	26.038551	25.994015	25.945791	25.893919	25.838749	25.780348	25.719082	25.655041	25.588614	25.519913	25.449329	25.377010	25.303329	25.228477	25.152805	25.076540	
25.078756	25.157211	25.235092	25.312077	25.387924	25.462288	25.534966	25.605591	25.674002	25.739824	25.802929	25.862949	25.919785	25.973085	26.022770	26.068527	26.110292	26.147793	26.180981	26.209637	26.233730	26.253090	26.267698	26.277456	26.282352	26.282352	26.277454	26.267700	26.253088	26.233730	26.209637	26.180983	26.147791	26.110294	26.068525	26.022770	25.973085	25.919785	25.862951	25.802929	25.739824	25.674000	25.605589	25.534966	25.462288	25.387928	25.312073	25.235096	25.157211	25.078756	
25.080666	25.161036	25.240791	25.319668	25.397327	25.473536	25.547932	25.620321	25.690340	25.757818	25.822395	25.883934	25.942089	25.996742	26.047577	26.094500	26.137226	26.175686	26.209637	26.239029	26.263670	26.283527	26.298473	26.308479	26.313488	26.313488	26.308483	26.298470	26.283531	26.263668	26.239029	26.209637	26.175688	26.137226	26.094501	26.047577	25.996742	25.942089	25.883936	25.822397	25.757816	25.690338	25.620321	25.547928	25.473534	25.397326	25.319672	25.240789	25.161036	25.080664	
25.082273	25.164234	25.245592	25.326019	25.405251	25.482941	25.558857	25.632645	25.704100	25.772875	25.838789	25.901501	25.960863	26.016552	26.068451	26.116257	26.159882	26.199060	26.233730	26.263668	26.288832	26.309061	26.324320	26.334517	26.339628	26.339628	26.334515	26.324320	26.309059	26.288834	26.263672	26.233730	26.199062	26.159882	26.116259	26.068451	26.016556	25.960863	25.901503	25.838787	25.772875	25.704102	25.632643	25.558857	25.482937	25.405251	25.326019	25.245594	25.164234	25.082273	
25.083563	25.166817	25.249441	25.331148	25.411602	25.490540	25.567616	25.642597	25.715141	25.785034	25.851940	25.915680	25.975933	26.032539	26.085209	26.133806	26.178076	26.217911	26.253086	26.283529	26.309059	26.329628	26.345112	26.355476	26.360666	26.360666	26.355476	26.345112	26.329626	26.309061	26.283527	26.253088	26.217911	26.178076	26.133808	26.085209	26.032541	25.975933	25.915680	25.851940	25.785030	25.715141	25.642597	25.567616	25.490540	25.411600	25.331150	25.249441	25.166819	25.083563	
25.084538	25.168756	25.252354	25.334999	25.416409	25.496243	25.574242	25.650070	25.723488	25.794163	25.861881	25.926331	25.987320	26.044554	26.097868	26.147003	26.191818	26.232084	26.267698	26.298470	26.324320	26.345110	26.360786	26.371265	26.376518	26.376518	26.371265	26.360786	26.345112	26.324320	26.298470	26.267696	26.232086	26.191818	26.147003	26.097868	26.044554	25.987320	25.926332	25.861881	25.794163	25.723486	25.650070	25.574242	25.496241	25.416407	25.334997	25.252354	25.168756	25.084538	
25.085188	25.170059	25.254293	25.337585	25.419607	25.500072	25.578655	25.655087	25.729050	25.800289	25.868509	25.933479	25.994913	26.052608	26.106314	26.155846	26.200989	26.241587	26.277454	26.308481	26.334515	26.355476	26.371264	26.381828	26.387119	26.387121	26.381828	26.371265	26.355474	26.334515	26.308479	26.277454	26.241587	26.200987	26.155849	26.106314	26.052608	25.994913	25.933479	25.868511	25.800289	25.729048	25.655087	25.578657	25.500072	25.419607	25.337585	25.254293	25.170059	25.085188	
25.085514	25.170710	25.255270	25.338875	25.421219	25.501984	25.580875	25.657591	25.731848	25.803349	25.871841	25.937048	25.998728	26.056637	26.110554	26.160267	26.205591	26.246336	26.282352	26.313488	26.339630	26.360664	26.376518	26.387119	26.392433	26.392433	26.387119	26.376518	26.360664	26.339628	26.313488	26.282349	26.246334	26.205591	26.160271	26.110556	26.056637	25.998728	25.937046	25.871841	25.803349	25.731844	25.657589	25.580877	25.501984	25.421219	25.338875	25.255268	25.170710	25.085514	
25.085514	25.170710	25.255270	25.338875	25.421219	25.501984	25.580875	25.657591	25.731848	25.803349	25.871841	25.937048	25.998728	26.056637	26.110554	26.160267	26.205591	26.246336	26.282352	26.313488	26.339630	26.360664	26.376518	26.387119	26.392433	26.392433	26.387119	26.376518	26.360664	26.339628	26.313488	26.282349	26.246334	26.205591	26.160271	26.110556	26.056637	25.998728	25.937046	25.871841	25.803349	25.731844	25.657589	25.580877	25.501984	25.421219	25.338875	25.255268	25.170710	25.085514	
25.085188	25.170059	25.254293	25.337585	25.419607	25.500072	25.578655	25.655087	25.729050	25.800289	25.868509	25.933479	25.994913	26.052608	26.106314	26.155846	26.200989	26.241587	26.277454	26.308481	26.334515	26.355476	26.371264	26.381828	26.387119	26.387121	26.381828	26.371265	26.355474	26.334515	26.308479	26.277454	26.241587	26.200987	26.155849	26.106314	26.052608	25.994913	25.933479	25.868511	25.800289	25.729048	25.655087	25.578657	25.500072	25.419607	25.337585	25.254293	25.170059	25.085188	
25.084538	25.168756	25.252354	25.334999	25.416409	25.496243	25.574242	25.650070	25.723488	25.794163	25.861881	25.926331	25.987320	26.044554	26.097868	26.147003	26.191818	26.232084	26.267698	26.298470	26.324320	26.345110	26.360786	26.371265	26.376518	26.376518	26.371265	26.360786	26.345112	26.324320	26.298470	26.267696	26.232086	26.191818	26.147003	26.097868	26.044554	25.987320	25.926332	25.861881	25.794163	25.723486	25.650070	25.574242	25.496241	25.416407	25.334997	25.252354	25.168756	25.084538	
25.083563	25.166817	25.249441	25.331148	25.411602	25.490540	25.567616	25.642597	25.715141	25.785034	25.851940	25.915680	25.975933	26.032539	26.085209	26.133806	26.178076	26.217911	26.253086	26.283529	26.309059	26.329628	26.345112	26.355476	26.360666	26.360666	26.355476	26.345112	26.329626	26.309061	26.283527	26.253088	26.217911	26.178076	26.133808	26.085209	26.032541	25.975933	25.915680	25.851940	25.785030	25.715141	25.642597	25.567616	25.490540	25.411600	25.331150	25.249441	25.166819	25.083563	
25.082273	25.164234	25.245592	25.326019	25.405251	25.482941	25.558857	25.632645	25.704100	25.772875	25.838789	25.901501	25.960863	26.016552	26.068451	26.116257	26.159882	26.199060	26.233730	26.263668	26.288832	26.309061	26.324320	26.334517	26.339628	26.339628	26.334515	26.324320	26.309059	26.288834	26.263672	26.233730	26.199062	26.159882	26.116259	26.068451	26.016556	25.960863	25.901503	25.838787	25.772875	25.704102	25.632643	25.558857	25.482937	25.405251	25.326019	25.245594	25.164234	25.082273	
25.080666	25.161036	25.240791	25.319668	25.397327	25.473536	25.547932	25.620321	25.690340	25.757818	25.822395	25.883934	25.942089	25.996742	26.047577	26.094500	26.137226	26.175686	26.209637	26.239029	26.263670	26.283527	26.298473	26.308479	26.313488	26.313488	26.308483	26.298470	26.283531	26.263668	26.239029	26.209637	26.175688	26.137226	26.094501	26.047577	25.996742	25.942089	25.883936	25.822397	25.757816	25.690338	25.620321	25.547928	25.473534	25.397326	25.319672	25.240789	25.161036	25.080664	
25.078756	25.157211	25.235092	25.312077	25.387924	25.462288	25.534966	25.605591	25.674002	25.739824	25.802929	25.862949	25.919785	25.973085	26.022770	26.068527	26.110292	26.147793	26.180981	26.209637	26.233730	26.253090	26.267698	26.277456	26.282352	26.282352	26.277454	26.267700	26.253088	26.233730	26.209637	26.180983	26.147791	26.110294	26.068525	26.022770	25.973085	25.919785	25.862951	25.802929	25.739824	25.674000	25.605589	25.534966	25.462288	25.387928	25.312073	25.235096	25.157211	25.078756	
25.076540	25.152805	25.228481	25.303329	25.377010	25.449329	25.519917	25.588612	25.655043	25.719078	25.780346	25.838751	25.893919	25.945789	25.994015	26.038548	26.079082	26.115583	26.147791	26.175686	26.199062	26.217911	26.232086	26.241589	26.246338	26.246338	26.241587	26.232086	26.217911	26.199062	26.175688	26.147791	26.115585	26.079082	26.038551	25.994015	25.945791	25.893919	25.838749	25.780348	25.719082	25.655041	25.588614	25.519913	25.449329	25.377010	25.303329	25.228477	25.152805	25.076540	
25.074043	25.147799	25.221024	25.293396	25.364706	25.434614	25.502949	25.569336	25.633659	25.695534	25.754871	25.811291	25.864735	25.914831	25.961552	26.004560	26.043835	26.079081	26.110294	26.137226	26.159882	26.178078	26.191816	26.200989	26.205593	26.205591	26.200987	26.191818	26.178080	26.159882	26.137228	26.110291	26.079082	26.043837	26.004562	25.961555	25.914833	25.864731	25.811291	25.754873	25.695534	25.633663	25.569336	25.502945	25.434612	25.364706	25.293392	25.221024	25.147797	25.074043	
25.071253	25.142254	25.212700	25.282383	25.350975	25.418301	25.484009	25.547968	25.609802	25.669426	25.726456	25.780834	25.832184	25.880482	25.925365	25.966835	26.004560	26.038548	26.068527	26.094501	26.116259	26.133808	26.147003	26.155849	26.160269	26.160271	26.155848	26.147003	26.133810	26.116259	26.094501	26.068527	26.038549	26.004562	25.966835	25.925369	25.880482	25.832184	25.780834	25.726456	25.669428	25.609802	25.547968	25.484007	25.418301	25.350971	25.282383	25.212698	25.142254	25.071255	
25.068207	25.136148	25.203602	25.270267	25.335958	25.400349	25.463303	25.524452	25.583714	25.640701	25.695370	25.747334	25.796570	25.842710	25.885757	25.925367	25.961555	25.994015	26.022774	26.047579	26.068451	26.085209	26.097868	26.106314	26.110558	26.110556	26.106316	26.097870	26.085209	26.068451	26.047577	26.022774	25.994015	25.961555	25.925369	25.885759	25.842714	25.796570	25.747334	25.695370	25.640701	25.583714	25.524452	25.463303	25.400349	25.335960	25.270262	25.203602	25.136145	25.068207	
25.064888	25.129549	25.193703	25.257164	25.319624	25.380943	25.440775	25.499027	25.555336	25.609638	25.661566	25.711094	25.757853	25.801842	25.842712	25.880482	25.914831	25.945789	25.973085	25.996744	26.016554	26.032539	26.044554	26.052610	26.056635	26.056637	26.052610	26.044554	26.032539	26.016556	25.996744	25.973085	25.945793	25.914833	25.880484	25.842714	25.801842	25.757851	25.711094	25.661568	25.609638	25.555334	25.499029	25.440773	25.380943	25.319622	25.257164	25.193699	25.129547	25.064888	
25.061338	25.122437	25.183102	25.243048	25.302135	25.360035	25.416653	25.471640	25.524940	25.576185	25.625351	25.672077	25.716362	25.757851	25.796570	25.832184	25.864733	25.893921	25.919786	25.942089	25.960865	25.975933	25.987318	25.994911	25.998730	25.998726	25.994913	25.987318	25.975933	25.960865	25.942091	25.919786	25.893921	25.864735	25.832186	25.796572	25.757854	25.716362	25.672079	25.625353	25.576185	25.524940	25.471642	25.416653	25.360033	25.302132	25.243048	25.183098	25.122437	25.061337	
25.057543	25.114887	25.171776	25.228062	25.283447	25.337833	25.390886	25.442554	25.492479	25.540644	25.586689	25.630617	25.672077	25.711094	25.747334	25.780834	25.811291	25.838749	25.862951	25.883936	25.901501	25.915680	25.926331	25.933479	25.937046	25.937048	25.933475	25.926331	25.915680	25.901499	25.883938	25.862951	25.838749	25.811291	25.780834	25.747335	25.711096	25.672081	25.630619	25.586689	25.540646	25.492479	25.442554	25.390886	25.337831	25.283447	25.228058	25.171778	25.114883	25.057545	
25.053545	25.106880	25.159840	25.212170	25.263748	25.314289	25.363720	25.411718	25.458248	25.502979	25.545902	25.586689	25.625351	25.661568	25.695370	25.726456	25.754871	25.780348	25.802931	25.822397	25.838791	25.851938	25.861881	25.868511	25.871841	25.871841	25.868509	25.861881	25.851938	25.838789	25.822397	25.802931	25.780346	25.754873	25.726456	25.695372	25.661568	25.625355	25.586689	25.545906	25.502977	25.458248	25.411716	25.363718	25.314293	25.263746	25.212170	25.159836	25.106882	25.053543	
25.049334	25.098494	25.147268	25.195522	25.243006	25.289631	25.335114	25.379410	25.422211	25.463505	25.502979	25.540642	25.576185	25.609638	25.640703	25.669426	25.695536	25.719082	25.739826	25.757820	25.772873	25.785034	25.794163	25.800291	25.803350	25.803352	25.800293	25.794163	25.785032	25.772877	25.757818	25.739824	25.719080	25.695536	25.669430	25.640705	25.609640	25.576185	25.540646	25.502979	25.463509	25.422211	25.379412	25.335114	25.289629	25.243004	25.195518	25.147266	25.098494	25.049334	
25.044947	25.089718	25.134172	25.178097	25.221397	25.263823	25.305317	25.345604	25.384665	25.422215	25.458248	25.492481	25.524940	25.555336	25.583714	25.609806	25.633659	25.655045	25.674002	25.690340	25.704103	25.715139	25.723488	25.729052	25.731846	25.731846	25.729050	25.723488	25.715139	25.704103	25.690340	25.674000	25.655045	25.633663	25.609806	25.583717	25.555336	25.524940	25.492481	25.458252	25.422213	25.384666	25.345604	25.305313	25.263821	25.221394	25.178097	25.134171	25.089718	25.044947	
25.040382	25.080624	25.120544	25.160046	25.198914	25.237080	25.274311	25.310570	25.345606	25.379408	25.411718	25.442551	25.471642	25.499027	25.524452	25.547970	25.569336	25.588614	25.605595	25.620323	25.632645	25.642599	25.650074	25.655087	25.657593	25.657591	25.655088	25.650070	25.642599	25.632645	25.620323	25.605591	25.588612	25.569336	25.547970	25.524454	25.499029	25.471642	25.442554	25.411716	25.379412	25.345604	25.310570	25.274311	25.237078	25.198914	25.160042	25.120546	25.080624	25.040382	
25.035675	25.071211	25.106495	25.141357	25.175726	25.209398	25.242332	25.274309	25.305315	25.335114	25.363718	25.390884	25.416653	25.440773	25.463303	25.484009	25.502947	25.519917	25.534966	25.547932	25.558861	25.567616	25.574242	25.578659	25.580875	25.580877	25.578655	25.574242	25.567616	25.558857	25.547932	25.534966	25.519917	25.502947	25.484009	25.463305	25.440777	25.416655	25.390884	25.363722	25.335114	25.305317	25.274309	25.242334	25.209400	25.175724	25.141359	25.106495	25.071209	25.035675	
25.030828	25.061544	25.092022	25.122173	25.151844	25.180981	25.209400	25.237080	25.263823	25.289629	25.314291	25.337828	25.360031	25.380941	25.400347	25.418301	25.434612	25.449329	25.462290	25.473536	25.482941	25.490540	25.496244	25.500074	25.501986	25.501984	25.500072	25.496243	25.490540	25.482941	25.473534	25.462288	25.449331	25.434612	25.418304	25.400351	25.380943	25.360033	25.337830	25.314291	25.289631	25.263824	25.237082	25.209398	25.180979	25.151844	25.122171	25.092020	25.061546	25.030827	
25.025867	25.051638	25.077221	25.102505	25.127426	25.151844	25.175728	25.198914	25.221397	25.243004	25.263746	25.283447	25.302132	25.319622	25.335957	25.350973	25.364708	25.377012	25.387926	25.397327	25.405251	25.411600	25.416409	25.419609	25.421219	25.421219	25.419609	25.416407	25.411602	25.405251	25.397327	25.387928	25.377010	25.364710	25.350975	25.335960	25.319624	25.302132	25.283447	25.263748	25.243004	25.221397	25.198914	25.175728	25.151844	25.127426	25.102505	25.077225	25.051638	25.025869	
25.020811	25.041546	25.062122	25.082476	25.102505	25.122173	25.141357	25.160048	25.178099	25.195522	25.212170	25.228062	25.243050	25.257162	25.270264	25.282383	25.293394	25.303329	25.312078	25.319670	25.326019	25.331148	25.334999	25.337585	25.338879	25.338875	25.337585	25.334999	25.331150	25.326017	25.319672	25.312077	25.303331	25.293396	25.282387	25.270266	25.257164	25.243050	25.228062	25.212170	25.195522	25.178101	25.160048	25.141357	25.122173	25.102503	25.082478	25.062119	25.041548	25.020809	
25.015678	25.031294	25.046799	25.062122	25.077223	25.092020	25.106495	25.120546	25.134174	25.147268	25.159840	25.171778	25.183098	25.193699	25.203600	25.212700	25.221024	25.228479	25.235094	25.240791	25.245594	25.249441	25.252354	25.254295	25.255270	25.255270	25.254295	25.252354	25.249443	25.245594	25.240791	25.235096	25.228481	25.221024	25.212700	25.203602	25.193699	25.183102	25.171778	25.159840	25.147270	25.134174	25.120546	25.106495	25.092022	25.077225	25.062120	25.046799	25.031292	25.015678	
25.010483	25.020929	25.031296	25.041546	25.051638	25.061546	25.071209	25.080626	25.089718	25.098495	25.106884	25.114887	25.122437	25.129547	25.136147	25.142252	25.147799	25.152805	25.157211	25.161036	25.164234	25.166817	25.168758	25.170059	25.170712	25.170710	25.170059	25.168758	25.166817	25.164234	25.161037	25.157209	25.152805	25.147799	25.142252	25.136147	25.129547	25.122437	25.114887	25.106882	25.098494	25.089718	25.080624	25.071211	25.061546	25.051636	25.041548	25.031292	25.020929	25.010483	
25.005253	25.010483	25.015676	25.020811	25.025867	25.030827	25.035675	25.040382	25.044947	25.049335	25.053547	25.057545	25.061338	25.064890	25.068207	25.071255	25.074043	25.076542	25.078756	25.080666	25.082272	25.083563	25.084538	25.085188	25.085514	25.085514	25.085188	25.084538	25.083561	25.082275	25.080666	25.078758	25.076538	25.074043	25.071255	25.068207	25.064888	25.061340	25.057547	25.053545	25.049335	25.044949	25.040382	25.035675	25.030828	25.025869	25.020809	25.015678	25.010483	25.005253	
