25.003948	25.007879	25.011784	25.015636	25.019440	25.023163	25.026802	25.030336	25.033762	25.037054	25.040211	25.043211	25.046051	25.048714	25.051195	25.053480	25.055565	25.057434	25.059090	25.060518	25.061722	25.062685	25.063412	25.063898	25.064142	25.064142	25.063900	25.063414	25.062685	25.061722	25.060520	25.059090	25.057434	25.055563	25.053480	25.051197	25.048714	25.046053	25.043211	25.040211	25.037056	25.033762	25.030338	25.026802	25.023165	25.019440	25.015640	25.011782	25.007877	25.003946	
25.007881	25.015730	25.023518	25.031221	25.038801	25.046242	25.053501	25.060566	25.067390	25.073973	25.080265	25.086262	25.091927	25.097250	25.102194	25.106762	25.110914	25.114655	25.117956	25.120811	25.123207	25.125134	25.126585	25.127556	25.128044	25.128040	25.127560	25.126583	25.125134	25.123205	25.120811	25.117954	25.114655	25.110916	25.106762	25.102196	25.097248	25.091927	25.086264	25.080265	25.073971	25.067394	25.060564	25.053501	25.046242	25.038803	25.031219	25.023518	25.015728	25.007877	
25.011784	25.023518	25.035168	25.046680	25.058023	25.069141	25.080002	25.090555	25.100775	25.110603	25.120026	25.128983	25.137463	25.145407	25.152817	25.159634	25.165855	25.171440	25.176380	25.180645	25.184231	25.187107	25.189281	25.190733	25.191462	25.191460	25.190731	25.189281	25.187107	25.184227	25.180645	25.176380	25.171440	25.165855	25.159632	25.152817	25.145409	25.137463	25.128983	25.120026	25.110607	25.100777	25.090557	25.080004	25.069141	25.058022	25.046682	25.035168	25.023518	25.011780	
25.015640	25.031219	25.046680	25.061972	25.077019	25.091785	25.106194	25.120214	25.133766	25.146828	25.159321	25.171223	25.182465	25.193029	25.202847	25.211910	25.220158	25.227583	25.234131	25.239801	25.244551	25.248379	25.251261	25.253191	25.254156	25.254156	25.253189	25.251261	25.248381	25.244551	25.239801	25.234131	25.227581	25.220158	25.211912	25.202850	25.193027	25.182468	25.171225	25.159323	25.146832	25.133770	25.120214	25.106194	25.091785	25.077019	25.061970	25.046680	25.031219	25.015638	
25.019440	25.038801	25.058023	25.077015	25.095734	25.114073	25.131996	25.149406	25.166267	25.182486	25.198029	25.212807	25.226795	25.239906	25.252129	25.263378	25.273643	25.282854	25.291008	25.298042	25.303957	25.308708	25.312294	25.314688	25.315889	25.315889	25.314688	25.312294	25.308708	25.303959	25.298044	25.291008	25.282856	25.273643	25.263378	25.252129	25.239910	25.226795	25.212807	25.198030	25.182487	25.166269	25.149408	25.131996	25.114073	25.095730	25.077019	25.058022	25.038803	25.019438	
25.023163	25.046242	25.069138	25.091785	25.114071	25.135944	25.157284	25.178051	25.198126	25.217470	25.235973	25.253603	25.270252	25.285896	25.300442	25.313864	25.326080	25.337074	25.346773	25.355171	25.362206	25.367880	25.372145	25.375002	25.376431	25.376431	25.375002	25.372143	25.367880	25.362207	25.355171	25.346775	25.337074	25.326080	25.313866	25.300440	25.285898	25.270252	25.253605	25.235975	25.217470	25.198128	25.178051	25.157286	25.135942	25.114071	25.091782	25.069139	25.046238	25.023163	
25.026802	25.053501	25.080002	25.106194	25.131996	25.157284	25.181997	25.206005	25.229256	25.251614	25.273045	25.293419	25.312706	25.330788	25.347637	25.363146	25.377300	25.390003	25.401243	25.410946	25.419102	25.425652	25.430595	25.433897	25.435553	25.435553	25.433897	25.430597	25.425653	25.419102	25.410948	25.401245	25.390005	25.377300	25.363148	25.347639	25.330788	25.312710	25.293421	25.273048	25.251617	25.229256	25.206007	25.181995	25.157284	25.131996	25.106192	25.080002	25.053501	25.026802	
25.030336	25.060562	25.090553	25.120213	25.149406	25.178051	25.206001	25.233200	25.259491	25.284830	25.309063	25.332153	25.353962	25.374451	25.393497	25.411079	25.427078	25.441479	25.454182	25.465181	25.474398	25.481825	25.487413	25.491156	25.493029	25.493027	25.491156	25.487413	25.481827	25.474398	25.465183	25.454184	25.441481	25.427078	25.411079	25.393501	25.374453	25.353960	25.332153	25.309067	25.284832	25.259495	25.233200	25.206005	25.178049	25.149406	25.120213	25.090555	25.060562	25.030338	
25.033760	25.067390	25.100773	25.133766	25.166267	25.198124	25.229252	25.259491	25.288778	25.316942	25.343937	25.369606	25.393898	25.416674	25.437897	25.457436	25.475264	25.491262	25.505424	25.517641	25.527918	25.536165	25.542395	25.546555	25.548641	25.548641	25.546555	25.542397	25.536171	25.527918	25.517647	25.505424	25.491264	25.475266	25.457436	25.437901	25.416674	25.393902	25.369606	25.343939	25.316946	25.288776	25.259493	25.229248	25.198124	25.166265	25.133766	25.100773	25.067390	25.033760	
25.037052	25.073969	25.110603	25.146826	25.182484	25.217468	25.251610	25.284828	25.316940	25.347889	25.377485	25.405685	25.432323	25.457348	25.480614	25.502087	25.521626	25.539215	25.554729	25.568169	25.579422	25.588493	25.595318	25.599888	25.602180	25.602177	25.599894	25.595322	25.588499	25.579424	25.568169	25.554735	25.539219	25.521629	25.502089	25.480618	25.457352	25.432323	25.405689	25.377489	25.347885	25.316944	25.284826	25.251610	25.217464	25.182484	25.146826	25.110601	25.073969	25.037052	
25.040207	25.080263	25.120022	25.159317	25.198027	25.235968	25.273041	25.309059	25.343937	25.377483	25.409636	25.440205	25.469139	25.496265	25.521542	25.544813	25.566044	25.585104	25.601967	25.616520	25.628754	25.638582	25.646000	25.650955	25.653439	25.653439	25.650953	25.646006	25.638586	25.628759	25.616524	25.601969	25.585106	25.566048	25.544815	25.521545	25.496267	25.469139	25.440208	25.409637	25.377487	25.343937	25.309059	25.273041	25.235970	25.198025	25.159317	25.120022	25.080263	25.040209	
25.043209	25.086258	25.128979	25.171219	25.212801	25.253599	25.293415	25.332150	25.369598	25.405685	25.440203	25.473091	25.504150	25.533335	25.560467	25.585506	25.608294	25.628801	25.646900	25.662565	25.675692	25.686272	25.694229	25.699560	25.702229	25.702225	25.699562	25.694231	25.686274	25.675692	25.662565	25.646900	25.628805	25.608294	25.585506	25.560469	25.533337	25.504150	25.473089	25.440207	25.405685	25.369600	25.332150	25.293415	25.253597	25.212803	25.171221	25.128977	25.086262	25.043209	
25.046049	25.091923	25.137457	25.182459	25.226791	25.270247	25.312704	25.353954	25.393894	25.432318	25.469139	25.504147	25.537285	25.568354	25.597300	25.623955	25.648270	25.670097	25.689407	25.706078	25.720089	25.731346	25.739840	25.745512	25.748358	25.748360	25.745514	25.739841	25.731348	25.720089	25.706079	25.689411	25.670097	25.648270	25.623955	25.597301	25.568356	25.537285	25.504150	25.469139	25.432320	25.393898	25.353954	25.312702	25.270247	25.226791	25.182461	25.137459	25.091923	25.046051	
25.048714	25.097244	25.145403	25.193024	25.239902	25.285892	25.330784	25.374447	25.416670	25.457344	25.496262	25.533333	25.568352	25.601250	25.631840	25.660065	25.685760	25.708878	25.729282	25.746941	25.761742	25.773668	25.782640	25.788649	25.791655	25.791655	25.788649	25.782640	25.773668	25.761742	25.746943	25.729280	25.708881	25.685762	25.660069	25.631844	25.601254	25.568356	25.533335	25.496264	25.457348	25.416668	25.374447	25.330780	25.285896	25.239902	25.193027	25.145403	25.097246	25.048712	
25.051193	25.102192	25.152809	25.202843	25.252121	25.300436	25.347633	25.393496	25.437893	25.480612	25.521538	25.560463	25.597298	25.631840	25.664017	25.693651	25.720678	25.744951	25.766415	25.784952	25.800526	25.813044	25.822483	25.828791	25.831955	25.831955	25.828791	25.822485	25.813044	25.800528	25.784952	25.766418	25.744951	25.720682	25.693653	25.664021	25.631844	25.597300	25.560467	25.521542	25.480612	25.437897	25.393494	25.347635	25.300436	25.252125	25.202843	25.152813	25.102192	25.051193	
25.053476	25.106758	25.159628	25.211906	25.263372	25.313858	25.363142	25.411076	25.457432	25.502085	25.544809	25.585503	25.623951	25.660065	25.693649	25.724632	25.752842	25.778221	25.800623	25.820007	25.836260	25.849350	25.859201	25.865797	25.869099	25.869097	25.865797	25.859201	25.849352	25.836260	25.820011	25.800625	25.778225	25.752846	25.724636	25.693653	25.660065	25.623953	25.585505	25.544809	25.502087	25.457432	25.411076	25.363142	25.313860	25.263372	25.211906	25.159628	25.106758	25.053478	
25.055561	25.110912	25.165852	25.220154	25.273638	25.326077	25.377296	25.427074	25.475260	25.521624	25.566044	25.608292	25.648266	25.685757	25.720680	25.752842	25.782175	25.808521	25.831814	25.851936	25.868835	25.882423	25.892670	25.899515	25.902948	25.902948	25.899513	25.892672	25.882423	25.868839	25.851936	25.831818	25.808521	25.782179	25.752844	25.720680	25.685760	25.648270	25.608292	25.566044	25.521626	25.475262	25.427074	25.377296	25.326077	25.273640	25.220156	25.165852	25.110912	25.055561	
25.057434	25.114653	25.171434	25.227577	25.282850	25.337069	25.389999	25.441475	25.491261	25.539215	25.585100	25.628801	25.670095	25.708878	25.744947	25.778219	25.808517	25.835770	25.859835	25.880648	25.898106	25.912159	25.922745	25.929825	25.933372	25.933369	25.929829	25.922741	25.912163	25.898104	25.880651	25.859833	25.835773	25.808521	25.778225	25.744951	25.708881	25.670095	25.628803	25.585102	25.539215	25.491264	25.441475	25.390001	25.337072	25.282852	25.227575	25.171436	25.114651	25.057434	
25.059090	25.117954	25.176376	25.234127	25.291004	25.346771	25.401241	25.454180	25.505423	25.554731	25.601967	25.646898	25.689407	25.729280	25.766415	25.800621	25.831812	25.859833	25.884602	25.906004	25.923973	25.938427	25.949322	25.956604	25.960255	25.960257	25.956604	25.949326	25.938427	25.923979	25.906006	25.884609	25.859833	25.831818	25.800623	25.766418	25.729282	25.689409	25.646898	25.601967	25.554731	25.505423	25.454182	25.401243	25.346771	25.291004	25.234127	25.176373	25.117954	25.059088	
25.060516	25.120811	25.180641	25.239799	25.298042	25.355167	25.410946	25.465181	25.517643	25.568169	25.616522	25.662563	25.706078	25.746941	25.784952	25.820004	25.851934	25.880644	25.906002	25.927933	25.946327	25.961138	25.972290	25.979752	25.983492	25.983490	25.979755	25.972290	25.961143	25.946329	25.927938	25.906004	25.880650	25.851934	25.820007	25.784952	25.746941	25.706079	25.662567	25.616522	25.568167	25.517645	25.465183	25.410946	25.355171	25.298042	25.239798	25.180641	25.120808	25.060518	
25.061718	25.123203	25.184229	25.244551	25.303957	25.362207	25.419100	25.474398	25.527918	25.579424	25.628757	25.675694	25.720091	25.761744	25.800524	25.836258	25.868832	25.898104	25.923973	25.946327	25.965096	25.980194	25.991573	25.999180	26.002991	26.002995	25.999180	25.991577	25.980194	25.965101	25.946329	25.923977	25.898104	25.868837	25.836260	25.800528	25.761744	25.720091	25.675694	25.628757	25.579426	25.527918	25.474400	25.419102	25.362209	25.303957	25.244549	25.184225	25.123205	25.061718	
25.062683	25.125132	25.187107	25.248379	25.308708	25.367878	25.425653	25.481829	25.536169	25.588499	25.638586	25.686275	25.731348	25.773666	25.813044	25.849350	25.882423	25.912159	25.938425	25.961138	25.980194	25.995533	26.007086	26.014814	26.018684	26.018686	26.014816	26.007084	25.995535	25.980194	25.961140	25.938427	25.912163	25.882425	25.849352	25.813044	25.773670	25.731350	25.686274	25.638586	25.588499	25.536169	25.481829	25.425653	25.367880	25.308710	25.248379	25.187107	25.125134	25.062683	
25.063410	25.126583	25.189278	25.251259	25.312294	25.372145	25.430595	25.487415	25.542398	25.595322	25.646006	25.694233	25.739843	25.782642	25.822483	25.859203	25.892668	25.922741	25.949318	25.972286	25.991571	26.007084	26.018776	26.026592	26.030510	26.030510	26.026592	26.018776	26.007084	25.991573	25.972290	25.949322	25.922741	25.892670	25.859201	25.822485	25.782642	25.739843	25.694233	25.646006	25.595325	25.542400	25.487415	25.430597	25.372147	25.312296	25.251259	25.189280	25.126583	25.063412	
25.063896	25.127554	25.190731	25.253187	25.314690	25.375002	25.433897	25.491158	25.546556	25.599894	25.650957	25.699562	25.745516	25.788649	25.828793	25.865795	25.899515	25.929823	25.956600	25.979752	25.999176	26.014812	26.026592	26.034470	26.038414	26.038416	26.034470	26.026592	26.014814	25.999180	25.979752	25.956600	25.929825	25.899517	25.865797	25.828793	25.788651	25.745516	25.699564	25.650959	25.599897	25.546556	25.491159	25.433899	25.375004	25.314690	25.253191	25.190733	25.127556	25.063898	
25.064140	25.128040	25.191460	25.254154	25.315891	25.376432	25.435555	25.493029	25.548643	25.602180	25.653442	25.702229	25.748362	25.791656	25.831955	25.869099	25.902946	25.933369	25.960253	25.983486	26.002991	26.018684	26.030506	26.038414	26.042377	26.042377	26.038416	26.030508	26.018684	26.002991	25.983488	25.960251	25.933372	25.902948	25.869102	25.831957	25.791660	25.748363	25.702232	25.653446	25.602182	25.548645	25.493031	25.435558	25.376432	25.315891	25.254154	25.191460	25.128042	25.064140	
25.064140	25.128040	25.191460	25.254154	25.315891	25.376432	25.435555	25.493029	25.548643	25.602180	25.653442	25.702229	25.748362	25.791656	25.831955	25.869099	25.902946	25.933369	25.960253	25.983486	26.002991	26.018684	26.030506	26.038414	26.042377	26.042377	26.038416	26.030508	26.018684	26.002991	25.983488	25.960251	25.933372	25.902948	25.869102	25.831957	25.791660	25.748363	25.702232	25.653446	25.602182	25.548645	25.493031	25.435558	25.376432	25.315891	25.254154	25.191460	25.128042	25.064140	
25.063896	25.127554	25.190731	25.253187	25.314690	25.375002	25.433897	25.491158	25.546556	25.599894	25.650957	25.699562	25.745516	25.788649	25.828793	25.865795	25.899515	25.929823	25.956600	25.979752	25.999176	26.014812	26.026592	26.034470	26.038414	26.038416	26.034470	26.026592	26.014814	25.999180	25.979752	25.956600	25.929825	25.899517	25.865797	25.828793	25.788651	25.745516	25.699564	25.650959	25.599897	25.546556	25.491159	25.433899	25.375004	25.314690	25.253191	25.190733	25.127556	25.063898	
25.063410	25.126583	25.189278	25.251259	25.312294	25.372145	25.430595	25.487415	25.542398	25.595322	25.646006	25.694233	25.739843	25.782642	25.822483	25.859203	25.892668	25.922741	25.949318	25.972286	25.991571	26.007084	26.018776	26.026592	26.030510	26.030510	26.026592	26.018776	26.007084	25.991573	25.972290	25.949322	25.922741	25.892670	25.859201	25.822485	25.782642	25.739843	25.694233	25.646006	25.595325	25.542400	25.487415	25.430597	25.372147	25.312296	25.251259	25.189280	25.126583	25.063412	
25.062683	25.125132	25.187107	25.248379	25.308708	25.367878	25.425653	25.481829	25.536169	25.588499	25.638586	25.686275	25.731348	25.773666	25.813044	25.849350	25.882423	25.912159	25.938425	25.961138	25.980194	25.995533	26.007086	26.014814	26.018684	26.018686	26.014816	26.007084	25.995535	25.980194	25.961140	25.938427	25.912163	25.882425	25.849352	25.813044	25.773670	25.731350	25.686274	25.638586	25.588499	25.536169	25.481829	25.425653	25.367880	25.308710	25.248379	25.187107	25.125134	25.062683	
25.061718	25.123203	25.184229	25.244551	25.303957	25.362207	25.419100	25.474398	25.527918	25.579424	25.628757	25.675694	25.720091	25.761744	25.800524	25.836258	25.868832	25.898104	25.923973	25.946327	25.965096	25.980194	25.991573	25.999180	26.002991	26.002995	25.999180	25.991577	25.980194	25.965101	25.946329	25.923977	25.898104	25.868837	25.836260	25.800528	25.761744	25.720091	25.675694	25.628757	25.579426	25.527918	25.474400	25.419102	25.362209	25.303957	25.244549	25.184225	25.123205	25.061718	
25.060516	25.120811	25.180641	25.239799	25.298042	25.355167	25.410946	25.465181	25.517643	25.568169	25.616522	25.662563	25.706078	25.746941	25.784952	25.820004	25.851934	25.880644	25.906002	25.927933	25.946327	25.961138	25.972290	25.979752	25.983492	25.983490	25.979755	25.972290	25.961143	25.946329	25.927938	25.906004	25.880650	25.851934	25.820007	25.784952	25.746941	25.706079	25.662567	25.616522	25.568167	25.517645	25.465183	25.410946	25.355171	25.298042	25.239798	25.180641	25.120808	25.060518	
25.059090	25.117954	25.176376	25.234127	25.291004	25.346771	25.401241	25.454180	25.505423	25.554731	25.601967	25.646898	25.689407	25.729280	25.766415	25.800621	25.831812	25.859833	25.884602	25.906004	25.923973	25.938427	25.949322	25.956604	25.960255	25.960257	25.956604	25.949326	25.938427	25.923979	25.906006	25.884609	25.859833	25.831818	25.800623	25.766418	25.729282	25.689409	25.646898	25.601967	25.554731	25.505423	25.454182	25.401243	25.346771	25.291004	25.234127	25.176373	25.117954	25.059088	
25.057434	25.114653	25.171434	25.227577	25.282850	25.337069	25.389999	25.441475	25.491261	25.539215	25.585100	25.628801	25.670095	25.708878	25.744947	25.778219	25.808517	25.835770	25.859835	25.880648	25.898106	25.912159	25.922745	25.929825	25.933372	25.933369	25.929829	25.922741	25.912163	25.898104	25.880651	25.859833	25.835773	25.808521	25.778225	25.744951	25.708881	25.670095	25.628803	25.585102	25.539215	25.491264	25.441475	25.390001	25.337072	25.282852	25.227575	25.171436	25.114651	25.057434	
25.055561	25.110912	25.165852	25.220154	25.273638	25.326077	25.377296	25.427074	25.475260	25.521624	25.566044	25.608292	25.648266	25.685757	25.720680	25.752842	25.782175	25.808521	25.831814	25.851936	25.868835	25.882423	25.892670	25.899515	25.902948	25.902948	25.899513	25.892672	25.882423	25.868839	25.851936	25.831818	25.808521	25.782179	25.752844	25.720680	25.685760	25.648270	25.608292	25.566044	25.521626	25.475262	25.427074	25.377296	25.326077	25.273640	25.220156	25.165852	25.110912	25.055561	
25.053476	25.106758	25.159628	25.211906	25.263372	25.313858	25.363142	25.411076	25.457432	25.502085	25.544809	25.585503	25.623951	25.660065	25.693649	25.724632	25.752842	25.778221	25.800623	25.820007	25.836260	25.849350	25.859201	25.865797	25.869099	25.869097	25.865797	25.859201	25.849352	25.836260	25.820011	25.800625	25.778225	25.752846	25.724636	25.693653	25.660065	25.623953	25.585505	25.544809	25.502087	25.457432	25.411076	25.363142	25.313860	25.263372	25.211906	25.159628	25.106758	25.053478	
25.051193	25.102192	25.152809	25.202843	25.252121	25.300436	25.347633	25.393496	25.437893	25.480612	25.521538	25.560463	25.597298	25.631840	25.664017	25.693651	25.720678	25.744951	25.766415	25.784952	25.800526	25.813044	25.822483	25.828791	25.831955	25.831955	25.828791	25.822485	25.813044	25.800528	25.784952	25.766418	25.744951	25.720682	25.693653	25.664021	25.631844	25.597300	25.560467	25.521542	25.480612	25.437897	25.393494	25.347635	25.300436	25.252125	25.202843	25.152813	25.102192	25.051193	
25.048714	25.097244	25.145403	25.193024	25.239902	25.285892	25.330784	25.374447	25.416670	25.457344	25.496262	25.533333	25.568352	25.601250	25.631840	25.660065	25.685760	25.708878	25.729282	25.746941	25.761742	25.773668	25.782640	25.788649	25.791655	25.791655	25.788649	25.782640	25.773668	25.761742	25.746943	25.729280	25.708881	25.685762	25.660069	25.631844	25.601254	25.568356	25.533335	25.496264	25.457348	25.416668	25.374447	25.330780	25.285896	25.239902	25.193027	25.145403	25.097246	25.048712	
25.046049	25.091923	25.137457	25.182459	25.226791	25.270247	25.312704	25.353954	25.393894	25.432318	25.469139	25.504147	25.537285	25.568354	25.597300	25.623955	25.648270	25.670097	25.689407	25.706078	25.720089	25.731346	25.739840	25.745512	25.748358	25.748360	25.745514	25.739841	25.731348	25.720089	25.706079	25.689411	25.670097	25.648270	25.623955	25.597301	25.568356	25.537285	25.504150	25.469139	25.432320	25.393898	25.353954	25.312702	25.270247	25.226791	25.182461	25.137459	25.091923	25.046051	
25.043209	25.086258	25.128979	25.171219	25.212801	25.253599	25.293415	25.332150	25.369598	25.405685	25.440203	25.473091	25.504150	25.533335	25.560467	25.585506	25.608294	25.628801	25.646900	25.662565	25.675692	25.686272	25.694229	25.699560	25.702229	25.702225	25.699562	25.694231	25.686274	25.675692	25.662565	25.646900	25.628805	25.608294	25.585506	25.560469	25.533337	25.504150	25.473089	25.440207	25.405685	25.369600	25.332150	25.293415	25.253597	25.212803	25.171221	25.128977	25.086262	25.043209	
25.040207	25.080263	25.120022	25.159317	25.198027	25.235968	25.273041	25.309059	25.343937	25.377483	25.409636	25.440205	25.469139	25.496265	25.521542	25.544813	25.566044	25.585104	25.601967	25.616520	25.628754	25.638582	25.646000	25.650955	25.653439	25.653439	25.650953	25.646006	25.638586	25.628759	25.616524	25.601969	25.585106	25.566048	25.544815	25.521545	25.496267	25.469139	25.440208	25.409637	25.377487	25.343937	25.309059	25.273041	25.235970	25.198025	25.159317	25.120022	25.080263	25.040209	
25.037052	25.073969	25.110603	25.146826	25.182484	25.217468	25.251610	25.284828	25.316940	25.347889	25.377485	25.405685	25.432323	25.457348	25.480614	25.502087	25.521626	25.539215	25.554729	25.568169	25.579422	25.588493	25.595318	25.599888	25.602180	25.602177	25.599894	25.595322	25.588499	25.579424	25.568169	25.554735	25.539219	25.521629	25.502089	25.480618	25.457352	25.432323	25.405689	25.377489	25.347885	25.316944	25.284826	25.251610	25.217464	25.182484	25.146826	25.110601	25.073969	25.037052	
25.033760	25.067390	25.100773	25.133766	25.166267	25.198124	25.229252	25.259491	25.288778	25.316942	25.343937	25.369606	25.393898	25.416674	25.437897	25.457436	25.475264	25.491262	25.505424	25.517641	25.527918	25.536165	25.542395	25.546555	25.548641	25.548641	25.546555	25.542397	25.536171	25.527918	25.517647	25.505424	25.491264	25.475266	25.457436	25.437901	25.416674	25.393902	25.369606	25.343939	25.316946	25.288776	25.259493	25.229248	25.198124	25.166265	25.133766	25.100773	25.067390	25.033760	
25.030336	25.060562	25.090553	25.120213	25.149406	25.178051	25.206001	25.233200	25.259491	25.284830	25.309063	25.332153	25.353962	25.374451	25.393497	25.411079	25.427078	25.441479	25.454182	25.465181	25.474398	25.481825	25.487413	25.491156	25.493029	25.493027	25.491156	25.487413	25.481827	25.474398	25.465183	25.454184	25.441481	25.427078	25.411079	25.393501	25.374453	25.353960	25.332153	25.309067	25.284832	25.259495	25.233200	25.206005	25.178049	25.149406	25.120213	25.090555	25.060562	25.030338	
25.026802	25.053501	25.080002	25.106194	25.131996	25.157284	25.181997	25.206005	25.229256	25.251614	25.273045	25.293419	25.312706	25.330788	25.347637	25.363146	25.377300	25.390003	25.401243	25.410946	25.419102	25.425652	25.430595	25.433897	25.435553	25.435553	25.433897	25.430597	25.425653	25.419102	25.410948	25.401245	25.390005	25.377300	25.363148	25.347639	25.330788	25.312710	25.293421	25.273048	25.251617	25.229256	25.206007	25.181995	25.157284	25.131996	25.106192	25.080002	25.053501	25.026802	
25.023163	25.046242	25.069138	25.091785	25.114071	25.135944	25.157284	25.178051	25.198126	25.217470	25.235973	25.253603	25.270252	25.285896	25.300442	25.313864	25.326080	25.337074	25.346773	25.355171	25.362206	25.367880	25.372145	25.375002	25.376431	25.376431	25.375002	25.372143	25.367880	25.362207	25.355171	25.346775	25.337074	25.326080	25.313866	25.300440	25.285898	25.270252	25.253605	25.235975	25.217470	25.198128	25.178051	25.157286	25.135942	25.114071	25.091782	25.069139	25.046238	25.023163	
25.019440	25.038801	25.058023	25.077015	25.095734	25.114073	25.131996	25.149406	25.166267	25.182486	25.198029	25.212807	25.226795	25.239906	25.252129	25.263378	25.273643	25.282854	25.291008	25.298042	25.303957	25.308708	25.312294	25.314688	25.315889	25.315889	25.314688	25.312294	25.308708	25.303959	25.298044	25.291008	25.282856	25.273643	25.263378	25.252129	25.239910	25.226795	25.212807	25.198030	25.182487	25.166269	25.149408	25.131996	25.114073	25.095730	25.077019	25.058022	25.038803	25.019438	
25.015640	25.031219	25.046680	25.061972	25.077019	25.091785	25.106194	25.120214	25.133766	25.146828	25.159321	25.171223	25.182465	25.193029	25.202847	25.211910	25.220158	25.227583	25.234131	25.239801	25.244551	25.248379	25.251261	25.253191	25.254156	25.254156	25.253189	25.251261	25.248381	25.244551	25.239801	25.234131	25.227581	25.220158	25.211912	25.202850	25.193027	25.182468	25.171225	25.159323	25.146832	25.133770	25.120214	25.106194	25.091785	25.077019	25.061970	25.046680	25.031219	25.015638	
25.011784	25.023518	25.035168	25.046680	25.058023	25.069141	25.080002	25.090555	25.100775	25.110603	25.120026	25.128983	25.137463	25.145407	25.152817	25.159634	25.165855	25.171440	25.176380	25.180645	25.184231	25.187107	25.189281	25.190733	25.191462	25.191460	25.190731	25.189281	25.187107	25.184227	25.180645	25.176380	25.171440	25.165855	25.159632	25.152817	25.145409	25.137463	25.128983	25.120026	25.110607	25.100777	25.090557	25.080004	25.069141	25.058022	25.046682	25.035168	25.023518	25.011780	
25.007881	25.015730	25.023518	25.031221	25.038801	25.046242	25.053501	25.060566	25.067390	25.073973	25.080265	25.086262	25.091927	25.097250	25.102194	25.106762	25.110914	25.114655	25.117956	25.120811	25.123207	25.125134	25.126585	25.127556	25.128044	25.128040	25.127560	25.126583	25.125134	25.123205	25.120811	25.117954	25.114655	25.110916	25.106762	25.102196	25.097248	25.091927	25.086264	25.080265	25.073971	25.067394	25.060564	25.053501	25.046242	25.038803	25.031219	25.023518	25.015728	25.007877	
25.003948	25.007879	25.011784	25.015636	25.019440	25.023163	25.026802	25.030336	25.033762	25.037054	25.040211	25.043211	25.046051	25.048714	25.051195	25.053480	25.055565	25.057434	25.059090	25.060518	25.061722	25.062685	25.063412	25.063898	25.064142	25.064142	25.063900	25.063414	25.062685	25.061722	25.060520	25.059090	25.057434	25.055563	25.053480	25.051197	25.048714	25.046053	25.043211	25.040211	25.037056	25.033762	25.030338	25.026802	25.023165	25.019440	25.015640	25.011782	25.007877	25.003946	
