25.000996	25.001987	25.002972	25.003946	25.004906	25.005844	25.006762	25.007652	25.008518	25.009348	25.010143	25.010899	25.011616	25.012287	25.012913	25.013487	25.014011	25.014482	25.014900	25.015259	25.015564	25.015804	25.015989	25.016109	25.016171	25.016171	25.016109	25.015987	25.015804	25.015562	25.015259	25.014900	25.014482	25.014011	25.013489	25.012913	25.012285	25.011616	25.010900	25.010143	25.009350	25.008518	25.007654	25.006762	25.005844	25.004904	25.003948	25.002974	25.001989	25.000998	
25.001991	25.003967	25.005936	25.007877	25.009789	25.011665	25.013496	25.015278	25.017002	25.018660	25.020247	25.021759	25.023186	25.024529	25.025772	25.026924	25.027969	25.028912	25.029743	25.030464	25.031065	25.031551	25.031914	25.032160	25.032280	25.032282	25.032158	25.031916	25.031551	25.031065	25.030462	25.029743	25.028912	25.027969	25.026920	25.025774	25.024527	25.023190	25.021759	25.020250	25.018661	25.017002	25.015278	25.013500	25.011665	25.009794	25.007877	25.005936	25.003971	25.001989	
25.002972	25.005936	25.008869	25.011780	25.014639	25.017445	25.020184	25.022846	25.025421	25.027903	25.030273	25.032536	25.034672	25.036674	25.038540	25.040257	25.041822	25.043228	25.044476	25.045547	25.046450	25.047174	25.047724	25.048088	25.048271	25.048269	25.048088	25.047722	25.047176	25.046452	25.045547	25.044474	25.043230	25.041821	25.040258	25.038538	25.036674	25.034668	25.032536	25.030277	25.027905	25.025421	25.022848	25.020184	25.017448	25.014639	25.011780	25.008877	25.005936	25.002975	
25.003948	25.007874	25.011780	25.015635	25.019434	25.023155	25.026791	25.030327	25.033747	25.037037	25.040192	25.043188	25.046022	25.048683	25.051155	25.053440	25.055515	25.057386	25.059036	25.060463	25.061661	25.062624	25.063347	25.063831	25.064074	25.064077	25.063831	25.063347	25.062622	25.061659	25.060463	25.059036	25.057384	25.055517	25.053438	25.051159	25.048683	25.046024	25.043188	25.040192	25.037037	25.033747	25.030327	25.026794	25.023155	25.019436	25.015636	25.011780	25.007877	25.003946	
25.004902	25.009792	25.014637	25.019432	25.024155	25.028780	25.033300	25.037693	25.041943	25.046036	25.049950	25.053677	25.057201	25.060505	25.063583	25.066416	25.069000	25.071320	25.073374	25.075146	25.076635	25.077829	25.078732	25.079334	25.079638	25.079636	25.079334	25.078732	25.077831	25.076633	25.075146	25.073372	25.071321	25.069000	25.066418	25.063583	25.060509	25.057199	25.053677	25.049950	25.046034	25.041943	25.037695	25.033302	25.028782	25.024153	25.019436	25.014641	25.009789	25.004906	
25.005844	25.011665	25.017447	25.023155	25.028782	25.034296	25.039680	25.044916	25.049980	25.054855	25.059521	25.063963	25.068159	25.072102	25.075764	25.079144	25.082218	25.084990	25.087431	25.089546	25.091316	25.092743	25.093815	25.094538	25.094896	25.094894	25.094536	25.093817	25.092743	25.091316	25.089546	25.087433	25.084988	25.082222	25.079144	25.075768	25.072100	25.068161	25.063961	25.059521	25.054855	25.049980	25.044916	25.039682	25.034298	25.028784	25.023157	25.017445	25.011669	25.005844	
25.006760	25.013500	25.020184	25.026793	25.033300	25.039680	25.045910	25.051968	25.057829	25.063465	25.068867	25.074005	25.078863	25.083420	25.087662	25.091568	25.095131	25.098331	25.101162	25.103603	25.105656	25.107304	25.108549	25.109379	25.109795	25.109795	25.109379	25.108547	25.107306	25.105656	25.103603	25.101160	25.098333	25.095131	25.091572	25.087662	25.083420	25.078861	25.074005	25.068867	25.063467	25.057827	25.051970	25.045912	25.039684	25.033302	25.026794	25.020185	25.013498	25.006763	
25.007652	25.015278	25.022846	25.030327	25.037693	25.044914	25.051968	25.058823	25.065453	25.071842	25.077950	25.083767	25.089264	25.094425	25.099224	25.103649	25.107679	25.111303	25.114504	25.117271	25.119591	25.121460	25.122864	25.123810	25.124279	25.124279	25.123808	25.122868	25.121460	25.119591	25.117271	25.114506	25.111303	25.107681	25.103649	25.099226	25.094425	25.089264	25.083767	25.077951	25.071838	25.065456	25.058823	25.051968	25.044916	25.037695	25.030327	25.022846	25.015280	25.007654	
25.008518	25.017002	25.025421	25.033745	25.041943	25.049980	25.057827	25.065453	25.072838	25.079939	25.086739	25.093212	25.099329	25.105068	25.110413	25.115335	25.119820	25.123852	25.127415	25.130493	25.133076	25.135153	25.136721	25.137764	25.138290	25.138292	25.137766	25.136723	25.135155	25.133076	25.130493	25.127415	25.123852	25.119822	25.115337	25.110413	25.105070	25.099327	25.093212	25.086739	25.079939	25.072834	25.065456	25.057827	25.049980	25.041943	25.033749	25.025423	25.017002	25.008518	
25.009346	25.018660	25.027903	25.037037	25.046032	25.054855	25.063465	25.071838	25.079937	25.087738	25.095200	25.102303	25.109016	25.115314	25.121180	25.126585	25.131508	25.135933	25.139839	25.143219	25.146053	25.148335	25.150051	25.151203	25.151779	25.151779	25.151207	25.150055	25.148336	25.146053	25.143219	25.139839	25.135931	25.131506	25.126583	25.121181	25.115314	25.109016	25.102303	25.095200	25.087734	25.079939	25.071838	25.063469	25.054853	25.046034	25.037037	25.027901	25.018661	25.009348	
25.010143	25.020248	25.030277	25.040188	25.049950	25.059521	25.068867	25.077948	25.086739	25.095198	25.103298	25.111004	25.118290	25.125126	25.131489	25.137352	25.142694	25.147495	25.151737	25.155403	25.158478	25.160952	25.162819	25.164064	25.164690	25.164692	25.164066	25.162821	25.160954	25.158480	25.155403	25.151737	25.147495	25.142694	25.137352	25.131489	25.125126	25.118288	25.111004	25.103298	25.095196	25.086739	25.077950	25.068867	25.059521	25.049950	25.040188	25.030275	25.020247	25.010143	
25.010899	25.021759	25.032534	25.043188	25.053677	25.063961	25.074001	25.083767	25.093208	25.102301	25.111000	25.119286	25.127113	25.134460	25.141298	25.147600	25.153339	25.158501	25.163055	25.166996	25.170300	25.172958	25.174965	25.176306	25.176977	25.176975	25.176308	25.174965	25.172962	25.170301	25.166998	25.163055	25.158499	25.153339	25.147598	25.141296	25.134460	25.127113	25.119284	25.111002	25.102299	25.093208	25.083767	25.074005	25.063963	25.053677	25.043186	25.032534	25.021759	25.010899	
25.011616	25.023186	25.034672	25.046021	25.057198	25.068157	25.078861	25.089260	25.099327	25.109013	25.118290	25.127113	25.135456	25.143284	25.150572	25.157284	25.163403	25.168900	25.173758	25.177956	25.181479	25.184311	25.186447	25.187876	25.188591	25.188591	25.187874	25.186451	25.184313	25.181480	25.177956	25.173759	25.168900	25.163404	25.157284	25.150570	25.143286	25.135458	25.127113	25.118288	25.109013	25.099327	25.089264	25.078861	25.068161	25.057201	25.046022	25.034670	25.023186	25.011616	
25.012285	25.024527	25.036671	25.048683	25.060505	25.072098	25.083416	25.094421	25.105066	25.115314	25.125122	25.134460	25.143284	25.151567	25.159271	25.166378	25.172846	25.178663	25.183800	25.188240	25.191967	25.194965	25.197224	25.198732	25.199493	25.199490	25.198736	25.197224	25.194969	25.191967	25.188242	25.183800	25.178665	25.172848	25.166376	25.159275	25.151566	25.143284	25.134460	25.125124	25.115314	25.105068	25.094421	25.083420	25.072098	25.060505	25.048683	25.036674	25.024529	25.012287	
25.012913	25.025772	25.038540	25.051153	25.063583	25.075762	25.087660	25.099220	25.110409	25.121174	25.131487	25.141294	25.150572	25.159271	25.167374	25.174835	25.181637	25.187746	25.193146	25.197811	25.201729	25.204876	25.207251	25.208839	25.209633	25.209635	25.208839	25.207253	25.204878	25.201729	25.197813	25.193148	25.187748	25.181637	25.174835	25.167372	25.159273	25.150572	25.141296	25.131487	25.121178	25.110411	25.099224	25.087662	25.075764	25.063581	25.051157	25.038540	25.025772	25.012913	
25.013489	25.026926	25.040255	25.053438	25.066414	25.079144	25.091566	25.103649	25.115330	25.126581	25.137348	25.147598	25.157284	25.166378	25.174835	25.182632	25.189735	25.196119	25.201757	25.206635	25.210724	25.214014	25.216494	25.218151	25.218983	25.218983	25.218151	25.216494	25.214016	25.210724	25.206635	25.201759	25.196117	25.189735	25.182632	25.174835	25.166376	25.157286	25.147598	25.137350	25.126583	25.115334	25.103647	25.091568	25.079144	25.066418	25.053440	25.040257	25.026922	25.013487	
25.014015	25.027969	25.041824	25.055515	25.069000	25.082218	25.095133	25.107677	25.119820	25.131502	25.142693	25.153336	25.163403	25.172844	25.181637	25.189734	25.197117	25.203747	25.209608	25.214670	25.218922	25.222338	25.224915	25.226639	25.227501	25.227501	25.226637	25.224915	25.222340	25.218920	25.214670	25.209606	25.203747	25.197115	25.189735	25.181637	25.172846	25.163403	25.153339	25.142693	25.131506	25.119820	25.107677	25.095131	25.082220	25.069002	25.055515	25.041824	25.027969	25.014011	
25.014481	25.028913	25.043228	25.057384	25.071320	25.084988	25.098328	25.111301	25.123848	25.135931	25.147491	25.158497	25.168898	25.178663	25.187744	25.196121	25.203747	25.210606	25.216658	25.221895	25.226284	25.229820	25.232483	25.234261	25.235155	25.235153	25.234264	25.232479	25.229820	25.226284	25.221893	25.216660	25.210602	25.203747	25.196119	25.187748	25.178665	25.168900	25.158499	25.147491	25.135929	25.123852	25.111303	25.098331	25.084988	25.071320	25.057386	25.043228	25.028912	25.014482	
25.014900	25.029741	25.044472	25.059032	25.073372	25.087429	25.101158	25.114502	25.127411	25.139835	25.151733	25.163052	25.173758	25.183798	25.193146	25.201756	25.209610	25.216658	25.222893	25.228271	25.232792	25.236427	25.239166	25.240999	25.241917	25.241917	25.240997	25.239168	25.236427	25.232792	25.228273	25.222889	25.216660	25.209606	25.201759	25.193146	25.183800	25.173759	25.163055	25.151737	25.139837	25.127415	25.114502	25.101162	25.087429	25.073374	25.059032	25.044476	25.029739	25.014900	
25.015259	25.030460	25.045547	25.060461	25.075144	25.089542	25.103600	25.117268	25.130487	25.143219	25.155399	25.166994	25.177952	25.188242	25.197809	25.206635	25.214668	25.221893	25.228275	25.233789	25.238415	25.242142	25.244946	25.246822	25.247761	25.247761	25.246822	25.244946	25.242140	25.238419	25.233788	25.228273	25.221893	25.214672	25.206633	25.197813	25.188244	25.177956	25.166996	25.155399	25.143219	25.130489	25.117271	25.103603	25.089546	25.075142	25.060463	25.045546	25.030462	25.015259	
25.015560	25.031063	25.046448	25.061655	25.076633	25.091312	25.105652	25.119589	25.133074	25.146049	25.158478	25.170300	25.181477	25.191963	25.201729	25.210720	25.218920	25.226284	25.232796	25.238417	25.243137	25.246933	25.249794	25.251705	25.252666	25.252666	25.251709	25.249794	25.246935	25.243135	25.238419	25.232792	25.226286	25.218918	25.210724	25.201729	25.191967	25.181480	25.170300	25.158478	25.146049	25.133076	25.119591	25.105656	25.091314	25.076633	25.061657	25.046452	25.031063	25.015562	
25.015804	25.031548	25.047173	25.062618	25.077827	25.092741	25.107300	25.121456	25.135149	25.148335	25.160950	25.172960	25.184311	25.194965	25.204876	25.214012	25.222336	25.229820	25.236427	25.242142	25.246933	25.250790	25.253696	25.255640	25.256611	25.256613	25.255638	25.253696	25.250790	25.246935	25.242140	25.236427	25.229820	25.222340	25.214014	25.204878	25.194965	25.184313	25.172962	25.160950	25.148335	25.135151	25.121460	25.107304	25.092745	25.077827	25.062622	25.047173	25.031551	25.015804	
25.015987	25.031914	25.047718	25.063345	25.078730	25.093815	25.108543	25.122864	25.136717	25.150049	25.162815	25.174961	25.186447	25.197224	25.207253	25.216492	25.224915	25.232479	25.239166	25.244944	25.249794	25.253696	25.256636	25.258600	25.259586	25.259586	25.258602	25.256634	25.253696	25.249794	25.244946	25.239166	25.232483	25.224915	25.216492	25.207253	25.197224	25.186447	25.174963	25.162817	25.150051	25.136719	25.122864	25.108547	25.093817	25.078732	25.063347	25.047722	25.031914	25.015989	
25.016111	25.032160	25.048088	25.063831	25.079332	25.094536	25.109375	25.123806	25.137764	25.151201	25.164062	25.176304	25.187874	25.198734	25.208839	25.218151	25.226635	25.234261	25.240999	25.246822	25.251705	25.255640	25.258600	25.260582	25.261574	25.261574	25.260582	25.258602	25.255638	25.251709	25.246822	25.241001	25.234261	25.226637	25.218151	25.208839	25.198734	25.187874	25.176304	25.164064	25.151203	25.137764	25.123808	25.109379	25.094534	25.079334	25.063831	25.048088	25.032162	25.016111	
25.016174	25.032284	25.048271	25.064075	25.079636	25.094894	25.109793	25.124275	25.138288	25.151775	25.164688	25.176975	25.188591	25.199490	25.209635	25.218983	25.227499	25.235153	25.241917	25.247761	25.252666	25.256611	25.259586	25.261574	25.262571	25.262569	25.261574	25.259586	25.256611	25.252666	25.247763	25.241917	25.235153	25.227499	25.218981	25.209633	25.199490	25.188591	25.176975	25.164692	25.151779	25.138290	25.124279	25.109795	25.094894	25.079634	25.064074	25.048271	25.032284	25.016174	
25.016174	25.032284	25.048271	25.064075	25.079636	25.094894	25.109793	25.124275	25.138288	25.151775	25.164688	25.176975	25.188591	25.199490	25.209635	25.218983	25.227499	25.235153	25.241917	25.247761	25.252666	25.256611	25.259586	25.261574	25.262571	25.262569	25.261574	25.259586	25.256611	25.252666	25.247763	25.241917	25.235153	25.227499	25.218981	25.209633	25.199490	25.188591	25.176975	25.164692	25.151779	25.138290	25.124279	25.109795	25.094894	25.079634	25.064074	25.048271	25.032284	25.016174	
25.016111	25.032160	25.048088	25.063831	25.079332	25.094536	25.109375	25.123806	25.137764	25.151201	25.164062	25.176304	25.187874	25.198734	25.208839	25.218151	25.226635	25.234261	25.240999	25.246822	25.251705	25.255640	25.258600	25.260582	25.261574	25.261574	25.260582	25.258602	25.255638	25.251709	25.246822	25.241001	25.234261	25.226637	25.218151	25.208839	25.198734	25.187874	25.176304	25.164064	25.151203	25.137764	25.123808	25.109379	25.094534	25.079334	25.063831	25.048088	25.032162	25.016111	
25.015987	25.031914	25.047718	25.063345	25.078730	25.093815	25.108543	25.122864	25.136717	25.150049	25.162815	25.174961	25.186447	25.197224	25.207253	25.216492	25.224915	25.232479	25.239166	25.244944	25.249794	25.253696	25.256636	25.258600	25.259586	25.259586	25.258602	25.256634	25.253696	25.249794	25.244946	25.239166	25.232483	25.224915	25.216492	25.207253	25.197224	25.186447	25.174963	25.162817	25.150051	25.136719	25.122864	25.108547	25.093817	25.078732	25.063347	25.047722	25.031914	25.015989	
25.015804	25.031548	25.047173	25.062618	25.077827	25.092741	25.107300	25.121456	25.135149	25.148335	25.160950	25.172960	25.184311	25.194965	25.204876	25.214012	25.222336	25.229820	25.236427	25.242142	25.246933	25.250790	25.253696	25.255640	25.256611	25.256613	25.255638	25.253696	25.250790	25.246935	25.242140	25.236427	25.229820	25.222340	25.214014	25.204878	25.194965	25.184313	25.172962	25.160950	25.148335	25.135151	25.121460	25.107304	25.092745	25.077827	25.062622	25.047173	25.031551	25.015804	
25.015560	25.031063	25.046448	25.061655	25.076633	25.091312	25.105652	25.119589	25.133074	25.146049	25.158478	25.170300	25.181477	25.191963	25.201729	25.210720	25.218920	25.226284	25.232796	25.238417	25.243137	25.246933	25.249794	25.251705	25.252666	25.252666	25.251709	25.249794	25.246935	25.243135	25.238419	25.232792	25.226286	25.218918	25.210724	25.201729	25.191967	25.181480	25.170300	25.158478	25.146049	25.133076	25.119591	25.105656	25.091314	25.076633	25.061657	25.046452	25.031063	25.015562	
25.015259	25.030460	25.045547	25.060461	25.075144	25.089542	25.103600	25.117268	25.130487	25.143219	25.155399	25.166994	25.177952	25.188242	25.197809	25.206635	25.214668	25.221893	25.228275	25.233789	25.238415	25.242142	25.244946	25.246822	25.247761	25.247761	25.246822	25.244946	25.242140	25.238419	25.233788	25.228273	25.221893	25.214672	25.206633	25.197813	25.188244	25.177956	25.166996	25.155399	25.143219	25.130489	25.117271	25.103603	25.089546	25.075142	25.060463	25.045546	25.030462	25.015259	
25.014900	25.029741	25.044472	25.059032	25.073372	25.087429	25.101158	25.114502	25.127411	25.139835	25.151733	25.163052	25.173758	25.183798	25.193146	25.201756	25.209610	25.216658	25.222893	25.228271	25.232792	25.236427	25.239166	25.240999	25.241917	25.241917	25.240997	25.239168	25.236427	25.232792	25.228273	25.222889	25.216660	25.209606	25.201759	25.193146	25.183800	25.173759	25.163055	25.151737	25.139837	25.127415	25.114502	25.101162	25.087429	25.073374	25.059032	25.044476	25.029739	25.014900	
25.014481	25.028913	25.043228	25.057384	25.071320	25.084988	25.098328	25.111301	25.123848	25.135931	25.147491	25.158497	25.168898	25.178663	25.187744	25.196121	25.203747	25.210606	25.216658	25.221895	25.226284	25.229820	25.232483	25.234261	25.235155	25.235153	25.234264	25.232479	25.229820	25.226284	25.221893	25.216660	25.210602	25.203747	25.196119	25.187748	25.178665	25.168900	25.158499	25.147491	25.135929	25.123852	25.111303	25.098331	25.084988	25.071320	25.057386	25.043228	25.028912	25.014482	
25.014015	25.027969	25.041824	25.055515	25.069000	25.082218	25.095133	25.107677	25.119820	25.131502	25.142693	25.153336	25.163403	25.172844	25.181637	25.189734	25.197117	25.203747	25.209608	25.214670	25.218922	25.222338	25.224915	25.226639	25.227501	25.227501	25.226637	25.224915	25.222340	25.218920	25.214670	25.209606	25.203747	25.197115	25.189735	25.181637	25.172846	25.163403	25.153339	25.142693	25.131506	25.119820	25.107677	25.095131	25.082220	25.069002	25.055515	25.041824	25.027969	25.014011	
25.013489	25.026926	25.040255	25.053438	25.066414	25.079144	25.091566	25.103649	25.115330	25.126581	25.137348	25.147598	25.157284	25.166378	25.174835	25.182632	25.189735	25.196119	25.201757	25.206635	25.210724	25.214014	25.216494	25.218151	25.218983	25.218983	25.218151	25.216494	25.214016	25.210724	25.206635	25.201759	25.196117	25.189735	25.182632	25.174835	25.166376	25.157286	25.147598	25.137350	25.126583	25.115334	25.103647	25.091568	25.079144	25.066418	25.053440	25.040257	25.026922	25.013487	
25.012913	25.025772	25.038540	25.051153	25.063583	25.075762	25.087660	25.099220	25.110409	25.121174	25.131487	25.141294	25.150572	25.159271	25.167374	25.174835	25.181637	25.187746	25.193146	25.197811	25.201729	25.204876	25.207251	25.208839	25.209633	25.209635	25.208839	25.207253	25.204878	25.201729	25.197813	25.193148	25.187748	25.181637	25.174835	25.167372	25.159273	25.150572	25.141296	25.131487	25.121178	25.110411	25.099224	25.087662	25.075764	25.063581	25.051157	25.038540	25.025772	25.012913	
25.012285	25.024527	25.036671	25.048683	25.060505	25.072098	25.083416	25.094421	25.105066	25.115314	25.125122	25.134460	25.143284	25.151567	25.159271	25.166378	25.172846	25.178663	25.183800	25.188240	25.191967	25.194965	25.197224	25.198732	25.199493	25.199490	25.198736	25.197224	25.194969	25.191967	25.188242	25.183800	25.178665	25.172848	25.166376	25.159275	25.151566	25.143284	25.134460	25.125124	25.115314	25.105068	25.094421	25.083420	25.072098	25.060505	25.048683	25.036674	25.024529	25.012287	
25.011616	25.023186	25.034672	25.046021	25.057198	25.068157	25.078861	25.089260	25.099327	25.109013	25.118290	25.127113	25.135456	25.143284	25.150572	25.157284	25.163403	25.168900	25.173758	25.177956	25.181479	25.184311	25.186447	25.187876	25.188591	25.188591	25.187874	25.186451	25.184313	25.181480	25.177956	25.173759	25.168900	25.163404	25.157284	25.150570	25.143286	25.135458	25.127113	25.118288	25.109013	25.099327	25.089264	25.078861	25.068161	25.057201	25.046022	25.034670	25.023186	25.011616	
25.010899	25.021759	25.032534	25.043188	25.053677	25.063961	25.074001	25.083767	25.093208	25.102301	25.111000	25.119286	25.127113	25.134460	25.141298	25.147600	25.153339	25.158501	25.163055	25.166996	25.170300	25.172958	25.174965	25.176306	25.176977	25.176975	25.176308	25.174965	25.172962	25.170301	25.166998	25.163055	25.158499	25.153339	25.147598	25.141296	25.134460	25.127113	25.119284	25.111002	25.102299	25.093208	25.083767	25.074005	25.063963	25.053677	25.043186	25.032534	25.021759	25.010899	
25.010143	25.020248	25.030277	25.040188	25.049950	25.059521	25.068867	25.077948	25.086739	25.095198	25.103298	25.111004	25.118290	25.125126	25.131489	25.137352	25.142694	25.147495	25.151737	25.155403	25.158478	25.160952	25.162819	25.164064	25.164690	25.164692	25.164066	25.162821	25.160954	25.158480	25.155403	25.151737	25.147495	25.142694	25.137352	25.131489	25.125126	25.118288	25.111004	25.103298	25.095196	25.086739	25.077950	25.068867	25.059521	25.049950	25.040188	25.030275	25.020247	25.010143	
25.009346	25.018660	25.027903	25.037037	25.046032	25.054855	25.063465	25.071838	25.079937	25.087738	25.095200	25.102303	25.109016	25.115314	25.121180	25.126585	25.131508	25.135933	25.139839	25.143219	25.146053	25.148335	25.150051	25.151203	25.151779	25.151779	25.151207	25.150055	25.148336	25.146053	25.143219	25.139839	25.135931	25.131506	25.126583	25.121181	25.115314	25.109016	25.102303	25.095200	25.087734	25.079939	25.071838	25.063469	25.054853	25.046034	25.037037	25.027901	25.018661	25.009348	
25.008518	25.017002	25.025421	25.033745	25.041943	25.049980	25.057827	25.065453	25.072838	25.079939	25.086739	25.093212	25.099329	25.105068	25.110413	25.115335	25.119820	25.123852	25.127415	25.130493	25.133076	25.135153	25.136721	25.137764	25.138290	25.138292	25.137766	25.136723	25.135155	25.133076	25.130493	25.127415	25.123852	25.119822	25.115337	25.110413	25.105070	25.099327	25.093212	25.086739	25.079939	25.072834	25.065456	25.057827	25.049980	25.041943	25.033749	25.025423	25.017002	25.008518	
25.007652	25.015278	25.022846	25.030327	25.037693	25.044914	25.051968	25.058823	25.065453	25.071842	25.077950	25.083767	25.089264	25.094425	25.099224	25.103649	25.107679	25.111303	25.114504	25.117271	25.119591	25.121460	25.122864	25.123810	25.124279	25.124279	25.123808	25.122868	25.121460	25.119591	25.117271	25.114506	25.111303	25.107681	25.103649	25.099226	25.094425	25.089264	25.083767	25.077951	25.071838	25.065456	25.058823	25.051968	25.044916	25.037695	25.030327	25.022846	25.015280	25.007654	
25.006760	25.013500	25.020184	25.026793	25.033300	25.039680	25.045910	25.051968	25.057829	25.063465	25.068867	25.074005	25.078863	25.083420	25.087662	25.091568	25.095131	25.098331	25.101162	25.103603	25.105656	25.107304	25.108549	25.109379	25.109795	25.109795	25.109379	25.108547	25.107306	25.105656	25.103603	25.101160	25.098333	25.095131	25.091572	25.087662	25.083420	25.078861	25.074005	25.068867	25.063467	25.057827	25.051970	25.045912	25.039684	25.033302	25.026794	25.020185	25.013498	25.006763	
25.005844	25.011665	25.017447	25.023155	25.028782	25.034296	25.039680	25.044916	25.049980	25.054855	25.059521	25.063963	25.068159	25.072102	25.075764	25.079144	25.082218	25.084990	25.087431	25.089546	25.091316	25.092743	25.093815	25.094538	25.094896	25.094894	25.094536	25.093817	25.092743	25.091316	25.089546	25.087433	25.084988	25.082222	25.079144	25.075768	25.072100	25.068161	25.063961	25.059521	25.054855	25.049980	25.044916	25.039682	25.034298	25.028784	25.023157	25.017445	25.011669	25.005844	
25.004902	25.009792	25.014637	25.019432	25.024155	25.028780	25.033300	25.037693	25.041943	25.046036	25.049950	25.053677	25.057201	25.060505	25.063583	25.066416	25.069000	25.071320	25.073374	25.075146	25.076635	25.077829	25.078732	25.079334	25.079638	25.079636	25.079334	25.078732	25.077831	25.076633	25.075146	25.073372	25.071321	25.069000	25.066418	25.063583	25.060509	25.057199	25.053677	25.049950	25.046034	25.041943	25.037695	25.033302	25.028782	25.024153	25.019436	25.014641	25.009789	25.004906	
25.003948	25.007874	25.011780	25.015635	25.019434	25.023155	25.026791	25.030327	25.033747	25.037037	25.040192	25.043188	25.046022	25.048683	25.051155	25.053440	25.055515	25.057386	25.059036	25.060463	25.061661	25.062624	25.063347	25.063831	25.064074	25.064077	25.063831	25.063347	25.062622	25.061659	25.060463	25.059036	25.057384	25.055517	25.053438	25.051159	25.048683	25.046024	25.043188	25.040192	25.037037	25.033747	25.030327	25.026794	25.023155	25.019436	25.015636	25.011780	25.007877	25.003946	
25.002972	25.005936	25.008869	25.011780	25.014639	25.017445	25.020184	25.022846	25.025421	25.027903	25.030273	25.032536	25.034672	25.036674	25.038540	25.040257	25.041822	25.043228	25.044476	25.045547	25.046450	25.047174	25.047724	25.048088	25.048271	25.048269	25.048088	25.047722	25.047176	25.046452	25.045547	25.044474	25.043230	25.041821	25.040258	25.038538	25.036674	25.034668	25.032536	25.030277	25.027905	25.025421	25.022848	25.020184	25.017448	25.014639	25.011780	25.008877	25.005936	25.002975	
25.001991	25.003967	25.005936	25.007877	25.009789	25.011665	25.013496	25.015278	25.017002	25.018660	25.020247	25.021759	25.023186	25.024529	25.025772	25.026924	25.027969	25.028912	25.029743	25.030464	25.031065	25.031551	25.031914	25.032160	25.032280	25.032282	25.032158	25.031916	25.031551	25.031065	25.030462	25.029743	25.028912	25.027969	25.026920	25.025774	25.024527	25.023190	25.021759	25.020250	25.018661	25.017002	25.015278	25.013500	25.011665	25.009794	25.007877	25.005936	25.003971	25.001989	
25.000996	25.001987	25.002972	25.003946	25.004906	25.005844	25.006762	25.007652	25.008518	25.009348	25.010143	25.010899	25.011616	25.012287	25.012913	25.013487	25.014011	25.014482	25.014900	25.015259	25.015564	25.015804	25.015989	25.016109	25.016171	25.016171	25.016109	25.015987	25.015804	25.015562	25.015259	25.014900	25.014482	25.014011	25.013489	25.012913	25.012285	25.011616	25.010900	25.010143	25.009350	25.008518	25.007654	25.006762	25.005844	25.004904	25.003948	25.002974	25.001989	25.000998	
