25.001511	25.003019	25.004515	25.005993	25.007446	25.008873	25.010269	25.011623	25.012932	25.014194	25.015404	25.016550	25.017637	25.018654	25.019604	25.020479	25.021275	25.021992	25.022623	25.023170	25.023628	25.023998	25.024277	25.024464	25.024555	25.024555	25.024462	25.024277	25.023998	25.023628	25.023170	25.022623	25.021992	25.021275	25.020477	25.019604	25.018656	25.017635	25.016548	25.015400	25.014193	25.012932	25.011623	25.010269	25.008873	25.007448	25.005991	25.004513	25.003017	25.001513	
25.003021	25.006027	25.009012	25.011961	25.014866	25.017715	25.020496	25.023201	25.025816	25.028336	25.030743	25.033039	25.035206	25.037241	25.039135	25.040878	25.042471	25.043900	25.045162	25.046253	25.047169	25.047905	25.048462	25.048832	25.049017	25.049019	25.048832	25.048460	25.047905	25.047169	25.046253	25.045162	25.043898	25.042469	25.040878	25.039135	25.037241	25.035206	25.033035	25.030743	25.028334	25.025816	25.023201	25.020496	25.017715	25.014866	25.011963	25.009010	25.006027	25.003019	
25.004517	25.009014	25.013474	25.017885	25.022228	25.026489	25.030647	25.034689	25.038601	25.042366	25.045971	25.049400	25.052645	25.055683	25.058516	25.061127	25.063503	25.065641	25.067528	25.069159	25.070530	25.071632	25.072460	25.073017	25.073294	25.073296	25.073017	25.072462	25.071632	25.070530	25.069160	25.067528	25.065639	25.063503	25.061127	25.058514	25.055685	25.052641	25.049400	25.045971	25.042366	25.038601	25.034691	25.030647	25.026489	25.022230	25.017883	25.013474	25.009012	25.004515	
25.005993	25.011963	25.017887	25.023741	25.029510	25.035160	25.040682	25.046049	25.051239	25.056240	25.061022	25.065575	25.069880	25.073917	25.077679	25.081141	25.084297	25.087132	25.089638	25.091805	25.093620	25.095085	25.096188	25.096924	25.097294	25.097294	25.096924	25.096188	25.095087	25.093622	25.091805	25.089638	25.087133	25.084297	25.081139	25.077677	25.073917	25.069881	25.065575	25.061022	25.056238	25.051239	25.046047	25.040684	25.035162	25.029507	25.023739	25.017885	25.011961	25.005993	
25.007446	25.014868	25.022228	25.029507	25.036674	25.043701	25.050564	25.057232	25.063686	25.069897	25.075844	25.081501	25.086849	25.091869	25.096542	25.100845	25.104771	25.108295	25.111410	25.114098	25.116360	25.118177	25.119549	25.120464	25.120922	25.120920	25.120462	25.119549	25.118179	25.116360	25.114101	25.111408	25.108295	25.104769	25.100847	25.096542	25.091869	25.086851	25.081501	25.075842	25.069897	25.063686	25.057232	25.050562	25.043701	25.036674	25.029507	25.022226	25.014866	25.007446	
25.008873	25.017715	25.026489	25.035160	25.043701	25.052074	25.060253	25.068199	25.075890	25.083290	25.090374	25.097120	25.103493	25.109474	25.115040	25.120171	25.124844	25.129047	25.132757	25.135963	25.138655	25.140821	25.142452	25.143547	25.144093	25.144094	25.143543	25.142456	25.140823	25.138657	25.135965	25.132755	25.129047	25.124846	25.120171	25.115040	25.109476	25.103493	25.097118	25.090374	25.083290	25.075888	25.068199	25.060253	25.052076	25.043701	25.035160	25.026489	25.017715	25.008875	
25.010269	25.020498	25.030647	25.040684	25.050562	25.060251	25.069710	25.078907	25.087805	25.096367	25.104568	25.112366	25.119743	25.126661	25.133104	25.139038	25.144447	25.149307	25.153603	25.157310	25.160427	25.162933	25.164822	25.166082	25.166718	25.166714	25.166084	25.164818	25.162933	25.160427	25.157312	25.153601	25.149307	25.144447	25.139040	25.133102	25.126663	25.119743	25.112366	25.104565	25.096367	25.087803	25.078909	25.069710	25.060251	25.050560	25.040682	25.030647	25.020496	25.010269	
25.011623	25.023201	25.034689	25.046047	25.057232	25.068199	25.078907	25.089317	25.099384	25.109079	25.118361	25.127192	25.135536	25.143372	25.150660	25.157379	25.163502	25.169004	25.173861	25.178062	25.181585	25.184425	25.186562	25.187992	25.188705	25.188709	25.187992	25.186563	25.184425	25.181591	25.178062	25.173862	25.169003	25.163502	25.157379	25.150661	25.143372	25.135536	25.127190	25.118359	25.109079	25.099386	25.089315	25.078909	25.068199	25.057232	25.046047	25.034691	25.023199	25.011623	
25.012932	25.025816	25.038601	25.051239	25.063686	25.075886	25.087803	25.099386	25.110592	25.121378	25.131704	25.141529	25.150818	25.159534	25.167648	25.175121	25.181936	25.188057	25.193466	25.198135	25.202065	25.205219	25.207598	25.209187	25.209984	25.209980	25.209188	25.207594	25.205219	25.202061	25.198139	25.193462	25.188057	25.181934	25.175125	25.167648	25.159534	25.150818	25.141529	25.131702	25.121378	25.110592	25.099388	25.087803	25.075890	25.063684	25.051243	25.038601	25.025818	25.012932	
25.014194	25.028332	25.042366	25.056236	25.069897	25.083288	25.096367	25.109079	25.121376	25.133215	25.144547	25.155334	25.165527	25.175097	25.183996	25.192204	25.199677	25.206398	25.212332	25.217464	25.221767	25.225235	25.227844	25.229591	25.230461	25.230465	25.229588	25.227844	25.225231	25.221771	25.217461	25.212334	25.206394	25.199680	25.192204	25.183998	25.175095	25.165527	25.155331	25.144547	25.133217	25.121376	25.109079	25.096369	25.083290	25.069897	25.056236	25.042368	25.028332	25.014194	
25.015400	25.030745	25.045967	25.061020	25.075844	25.090374	25.104565	25.118357	25.131702	25.144547	25.156845	25.168543	25.179607	25.189989	25.199650	25.208549	25.216665	25.223955	25.230398	25.235962	25.240635	25.244394	25.247227	25.249117	25.250072	25.250065	25.249121	25.247225	25.244392	25.240631	25.235964	25.230392	25.223957	25.216663	25.208553	25.199650	25.189991	25.179607	25.168547	25.156843	25.144547	25.131702	25.118359	25.104565	25.090378	25.075844	25.061024	25.045969	25.030743	25.015400	
25.016552	25.033035	25.049398	25.065575	25.081501	25.097118	25.112366	25.127190	25.141525	25.155331	25.168541	25.181120	25.193007	25.204163	25.214542	25.224113	25.232828	25.240665	25.247585	25.253569	25.258587	25.262627	25.265669	25.267708	25.268723	25.268726	25.267704	25.265671	25.262627	25.258589	25.253565	25.247585	25.240662	25.232832	25.224113	25.214546	25.204165	25.193008	25.181122	25.168545	25.155331	25.141529	25.127190	25.112368	25.097118	25.081501	25.065575	25.049400	25.033037	25.016550	
25.017633	25.035206	25.052639	25.069878	25.086851	25.103489	25.119741	25.135532	25.150818	25.165524	25.179607	25.193005	25.205677	25.217562	25.228626	25.238819	25.248112	25.256458	25.263836	25.270208	25.275560	25.279861	25.283110	25.285273	25.286366	25.286358	25.285276	25.283106	25.279865	25.275557	25.270210	25.263832	25.256462	25.248112	25.238823	25.228628	25.217564	25.205677	25.193008	25.179607	25.165527	25.150818	25.135538	25.119741	25.103493	25.086849	25.069880	25.052641	25.035206	25.017635	
25.018654	25.037239	25.055685	25.073917	25.091867	25.109474	25.126659	25.143372	25.159531	25.175095	25.189987	25.204165	25.217560	25.230139	25.241837	25.252625	25.262449	25.271282	25.279083	25.285828	25.291485	25.296041	25.299469	25.301765	25.302910	25.302914	25.301762	25.299469	25.296038	25.291489	25.285828	25.279085	25.271282	25.262453	25.252626	25.241840	25.230139	25.217564	25.204163	25.189991	25.175095	25.159534	25.143372	25.126663	25.109474	25.091871	25.073919	25.055683	25.037241	25.018656	
25.019602	25.039135	25.058514	25.077675	25.096540	25.115036	25.133102	25.150656	25.167646	25.183994	25.199650	25.214540	25.228626	25.241837	25.254139	25.265469	25.275795	25.285074	25.293274	25.300358	25.306309	25.311090	25.314697	25.317104	25.318317	25.318314	25.317108	25.314695	25.311094	25.306305	25.300362	25.293274	25.285076	25.275797	25.265472	25.254139	25.241840	25.228626	25.214544	25.199650	25.183998	25.167648	25.150660	25.133102	25.115040	25.096542	25.077675	25.058516	25.039135	25.019604	
25.020477	25.040878	25.061125	25.081137	25.100842	25.120167	25.139034	25.157377	25.175117	25.192204	25.208549	25.224110	25.238815	25.252625	25.265467	25.277309	25.288094	25.297787	25.306351	25.313755	25.319965	25.324965	25.328728	25.331249	25.332506	25.332510	25.331245	25.328732	25.324963	25.319967	25.313755	25.306355	25.297789	25.288094	25.277309	25.265471	25.252625	25.238819	25.224110	25.208551	25.192204	25.175121	25.157381	25.139036	25.120171	25.100845	25.081141	25.061123	25.040878	25.020477	
25.021275	25.042469	25.063503	25.084293	25.104767	25.124840	25.144445	25.163494	25.181932	25.199673	25.216665	25.232826	25.248112	25.262447	25.275797	25.288092	25.299301	25.309368	25.318268	25.325954	25.332413	25.337603	25.341515	25.344131	25.345442	25.345440	25.344131	25.341515	25.337605	25.332411	25.325958	25.318268	25.309372	25.299301	25.288095	25.275795	25.262451	25.248108	25.232826	25.216663	25.199677	25.181934	25.163498	25.144447	25.124844	25.104769	25.084295	25.063503	25.042469	25.021275	
25.021992	25.043900	25.065639	25.087130	25.108292	25.129044	25.149303	25.168999	25.188049	25.206396	25.223953	25.240662	25.256454	25.271282	25.285072	25.297789	25.309368	25.319782	25.328974	25.336926	25.343596	25.348963	25.353004	25.355709	25.357063	25.357063	25.355709	25.353004	25.348965	25.343597	25.336926	25.328978	25.319782	25.309372	25.297787	25.285076	25.271280	25.256458	25.240662	25.223953	25.206394	25.188057	25.169001	25.149303	25.129044	25.108292	25.087132	25.065639	25.043900	25.021992	
25.022621	25.045162	25.067526	25.089638	25.111408	25.132751	25.153599	25.173857	25.193462	25.212326	25.230394	25.247581	25.263836	25.279079	25.293276	25.306349	25.318268	25.328976	25.338436	25.346613	25.353477	25.358997	25.363159	25.365936	25.367332	25.367332	25.365936	25.363157	25.358997	25.353477	25.346615	25.338440	25.328976	25.318268	25.306353	25.293274	25.279083	25.263834	25.247581	25.230392	25.212330	25.193462	25.173862	25.153599	25.132755	25.111406	25.089638	25.067528	25.045162	25.022621	
25.023170	25.046249	25.069160	25.091805	25.114098	25.135963	25.157307	25.178062	25.198133	25.217463	25.235958	25.253565	25.270206	25.285828	25.300356	25.313755	25.325954	25.336926	25.346611	25.354988	25.362015	25.367672	25.371929	25.374781	25.376207	25.376205	25.374779	25.371929	25.367672	25.362019	25.354990	25.346613	25.336926	25.325958	25.313755	25.300360	25.285826	25.270206	25.253563	25.235960	25.217461	25.198135	25.178061	25.157312	25.135963	25.114098	25.091803	25.069160	25.046253	25.023170	
25.023628	25.047167	25.070526	25.093620	25.116358	25.138653	25.160423	25.181583	25.202057	25.221764	25.240631	25.258583	25.275557	25.291481	25.306305	25.319962	25.332409	25.343594	25.353477	25.362013	25.369184	25.374947	25.379293	25.382198	25.383656	25.383656	25.382198	25.379295	25.374950	25.369183	25.362017	25.353477	25.343594	25.332411	25.319963	25.306305	25.291481	25.275558	25.258585	25.240631	25.221767	25.202059	25.181585	25.160423	25.138653	25.116356	25.093620	25.070526	25.047169	25.023628	
25.023998	25.047901	25.071629	25.095083	25.118176	25.140820	25.162930	25.184422	25.205214	25.225231	25.244389	25.262623	25.279858	25.296036	25.311087	25.324963	25.337601	25.348961	25.358994	25.367670	25.374947	25.380806	25.385216	25.388168	25.389647	25.389645	25.388168	25.385216	25.380806	25.374949	25.367672	25.358997	25.348961	25.337601	25.324963	25.311089	25.296036	25.279860	25.262623	25.244392	25.225229	25.205215	25.184422	25.162930	25.140820	25.118176	25.095081	25.071630	25.047905	25.023998	
25.024277	25.048458	25.072458	25.096184	25.119545	25.142450	25.164816	25.186558	25.207592	25.227837	25.247223	25.265663	25.283104	25.299465	25.314695	25.328726	25.341511	25.353004	25.363155	25.371927	25.379292	25.385216	25.389679	25.392666	25.394161	25.394159	25.392664	25.389681	25.385216	25.379295	25.371929	25.363157	25.353004	25.341515	25.328726	25.314693	25.299465	25.283104	25.265667	25.247221	25.227839	25.207592	25.186558	25.164818	25.142452	25.119545	25.096184	25.072460	25.048460	25.024277	
25.024460	25.048828	25.073013	25.096920	25.120459	25.143543	25.166080	25.187988	25.209181	25.229584	25.249111	25.267704	25.285269	25.301762	25.317101	25.331244	25.344128	25.355705	25.365936	25.374775	25.382195	25.388166	25.392664	25.395672	25.397179	25.397179	25.395672	25.392662	25.388170	25.382198	25.374779	25.365936	25.355709	25.344128	25.331245	25.317102	25.301758	25.285271	25.267700	25.249113	25.229584	25.209183	25.187988	25.166080	25.143543	25.120461	25.096920	25.073013	25.048832	25.024462	
25.024555	25.049015	25.073290	25.097288	25.120918	25.144089	25.166712	25.188702	25.209980	25.230457	25.250065	25.268721	25.286358	25.302908	25.318310	25.332504	25.345440	25.357061	25.367327	25.376202	25.383652	25.389645	25.394161	25.397179	25.398689	25.398691	25.397179	25.394161	25.389647	25.383656	25.376205	25.367332	25.357063	25.345440	25.332506	25.318310	25.302906	25.286354	25.268719	25.250063	25.230457	25.209976	25.188704	25.166714	25.144089	25.120918	25.097292	25.073294	25.049019	25.024555	
25.024555	25.049015	25.073290	25.097288	25.120918	25.144089	25.166712	25.188702	25.209980	25.230457	25.250065	25.268721	25.286358	25.302908	25.318310	25.332504	25.345440	25.357061	25.367327	25.376202	25.383652	25.389645	25.394161	25.397179	25.398689	25.398691	25.397179	25.394161	25.389647	25.383656	25.376205	25.367332	25.357063	25.345440	25.332506	25.318310	25.302906	25.286354	25.268719	25.250063	25.230457	25.209976	25.188704	25.166714	25.144089	25.120918	25.097292	25.073294	25.049019	25.024555	
25.024460	25.048828	25.073013	25.096920	25.120459	25.143543	25.166080	25.187988	25.209181	25.229584	25.249111	25.267704	25.285269	25.301762	25.317101	25.331244	25.344128	25.355705	25.365936	25.374775	25.382195	25.388166	25.392664	25.395672	25.397179	25.397179	25.395672	25.392662	25.388170	25.382198	25.374779	25.365936	25.355709	25.344128	25.331245	25.317102	25.301758	25.285271	25.267700	25.249113	25.229584	25.209183	25.187988	25.166080	25.143543	25.120461	25.096920	25.073013	25.048832	25.024462	
25.024277	25.048458	25.072458	25.096184	25.119545	25.142450	25.164816	25.186558	25.207592	25.227837	25.247223	25.265663	25.283104	25.299465	25.314695	25.328726	25.341511	25.353004	25.363155	25.371927	25.379292	25.385216	25.389679	25.392666	25.394161	25.394159	25.392664	25.389681	25.385216	25.379295	25.371929	25.363157	25.353004	25.341515	25.328726	25.314693	25.299465	25.283104	25.265667	25.247221	25.227839	25.207592	25.186558	25.164818	25.142452	25.119545	25.096184	25.072460	25.048460	25.024277	
25.023998	25.047901	25.071629	25.095083	25.118176	25.140820	25.162930	25.184422	25.205214	25.225231	25.244389	25.262623	25.279858	25.296036	25.311087	25.324963	25.337601	25.348961	25.358994	25.367670	25.374947	25.380806	25.385216	25.388168	25.389647	25.389645	25.388168	25.385216	25.380806	25.374949	25.367672	25.358997	25.348961	25.337601	25.324963	25.311089	25.296036	25.279860	25.262623	25.244392	25.225229	25.205215	25.184422	25.162930	25.140820	25.118176	25.095081	25.071630	25.047905	25.023998	
25.023628	25.047167	25.070526	25.093620	25.116358	25.138653	25.160423	25.181583	25.202057	25.221764	25.240631	25.258583	25.275557	25.291481	25.306305	25.319962	25.332409	25.343594	25.353477	25.362013	25.369184	25.374947	25.379293	25.382198	25.383656	25.383656	25.382198	25.379295	25.374950	25.369183	25.362017	25.353477	25.343594	25.332411	25.319963	25.306305	25.291481	25.275558	25.258585	25.240631	25.221767	25.202059	25.181585	25.160423	25.138653	25.116356	25.093620	25.070526	25.047169	25.023628	
25.023170	25.046249	25.069160	25.091805	25.114098	25.135963	25.157307	25.178062	25.198133	25.217463	25.235958	25.253565	25.270206	25.285828	25.300356	25.313755	25.325954	25.336926	25.346611	25.354988	25.362015	25.367672	25.371929	25.374781	25.376207	25.376205	25.374779	25.371929	25.367672	25.362019	25.354990	25.346613	25.336926	25.325958	25.313755	25.300360	25.285826	25.270206	25.253563	25.235960	25.217461	25.198135	25.178061	25.157312	25.135963	25.114098	25.091803	25.069160	25.046253	25.023170	
25.022621	25.045162	25.067526	25.089638	25.111408	25.132751	25.153599	25.173857	25.193462	25.212326	25.230394	25.247581	25.263836	25.279079	25.293276	25.306349	25.318268	25.328976	25.338436	25.346613	25.353477	25.358997	25.363159	25.365936	25.367332	25.367332	25.365936	25.363157	25.358997	25.353477	25.346615	25.338440	25.328976	25.318268	25.306353	25.293274	25.279083	25.263834	25.247581	25.230392	25.212330	25.193462	25.173862	25.153599	25.132755	25.111406	25.089638	25.067528	25.045162	25.022621	
25.021992	25.043900	25.065639	25.087130	25.108292	25.129044	25.149303	25.168999	25.188049	25.206396	25.223953	25.240662	25.256454	25.271282	25.285072	25.297789	25.309368	25.319782	25.328974	25.336926	25.343596	25.348963	25.353004	25.355709	25.357063	25.357063	25.355709	25.353004	25.348965	25.343597	25.336926	25.328978	25.319782	25.309372	25.297787	25.285076	25.271280	25.256458	25.240662	25.223953	25.206394	25.188057	25.169001	25.149303	25.129044	25.108292	25.087132	25.065639	25.043900	25.021992	
25.021275	25.042469	25.063503	25.084293	25.104767	25.124840	25.144445	25.163494	25.181932	25.199673	25.216665	25.232826	25.248112	25.262447	25.275797	25.288092	25.299301	25.309368	25.318268	25.325954	25.332413	25.337603	25.341515	25.344131	25.345442	25.345440	25.344131	25.341515	25.337605	25.332411	25.325958	25.318268	25.309372	25.299301	25.288095	25.275795	25.262451	25.248108	25.232826	25.216663	25.199677	25.181934	25.163498	25.144447	25.124844	25.104769	25.084295	25.063503	25.042469	25.021275	
25.020477	25.040878	25.061125	25.081137	25.100842	25.120167	25.139034	25.157377	25.175117	25.192204	25.208549	25.224110	25.238815	25.252625	25.265467	25.277309	25.288094	25.297787	25.306351	25.313755	25.319965	25.324965	25.328728	25.331249	25.332506	25.332510	25.331245	25.328732	25.324963	25.319967	25.313755	25.306355	25.297789	25.288094	25.277309	25.265471	25.252625	25.238819	25.224110	25.208551	25.192204	25.175121	25.157381	25.139036	25.120171	25.100845	25.081141	25.061123	25.040878	25.020477	
25.019602	25.039135	25.058514	25.077675	25.096540	25.115036	25.133102	25.150656	25.167646	25.183994	25.199650	25.214540	25.228626	25.241837	25.254139	25.265469	25.275795	25.285074	25.293274	25.300358	25.306309	25.311090	25.314697	25.317104	25.318317	25.318314	25.317108	25.314695	25.311094	25.306305	25.300362	25.293274	25.285076	25.275797	25.265472	25.254139	25.241840	25.228626	25.214544	25.199650	25.183998	25.167648	25.150660	25.133102	25.115040	25.096542	25.077675	25.058516	25.039135	25.019604	
25.018654	25.037239	25.055685	25.073917	25.091867	25.109474	25.126659	25.143372	25.159531	25.175095	25.189987	25.204165	25.217560	25.230139	25.241837	25.252625	25.262449	25.271282	25.279083	25.285828	25.291485	25.296041	25.299469	25.301765	25.302910	25.302914	25.301762	25.299469	25.296038	25.291489	25.285828	25.279085	25.271282	25.262453	25.252626	25.241840	25.230139	25.217564	25.204163	25.189991	25.175095	25.159534	25.143372	25.126663	25.109474	25.091871	25.073919	25.055683	25.037241	25.018656	
25.017633	25.035206	25.052639	25.069878	25.086851	25.103489	25.119741	25.135532	25.150818	25.165524	25.179607	25.193005	25.205677	25.217562	25.228626	25.238819	25.248112	25.256458	25.263836	25.270208	25.275560	25.279861	25.283110	25.285273	25.286366	25.286358	25.285276	25.283106	25.279865	25.275557	25.270210	25.263832	25.256462	25.248112	25.238823	25.228628	25.217564	25.205677	25.193008	25.179607	25.165527	25.150818	25.135538	25.119741	25.103493	25.086849	25.069880	25.052641	25.035206	25.017635	
25.016552	25.033035	25.049398	25.065575	25.081501	25.097118	25.112366	25.127190	25.141525	25.155331	25.168541	25.181120	25.193007	25.204163	25.214542	25.224113	25.232828	25.240665	25.247585	25.253569	25.258587	25.262627	25.265669	25.267708	25.268723	25.268726	25.267704	25.265671	25.262627	25.258589	25.253565	25.247585	25.240662	25.232832	25.224113	25.214546	25.204165	25.193008	25.181122	25.168545	25.155331	25.141529	25.127190	25.112368	25.097118	25.081501	25.065575	25.049400	25.033037	25.016550	
25.015400	25.030745	25.045967	25.061020	25.075844	25.090374	25.104565	25.118357	25.131702	25.144547	25.156845	25.168543	25.179607	25.189989	25.199650	25.208549	25.216665	25.223955	25.230398	25.235962	25.240635	25.244394	25.247227	25.249117	25.250072	25.250065	25.249121	25.247225	25.244392	25.240631	25.235964	25.230392	25.223957	25.216663	25.208553	25.199650	25.189991	25.179607	25.168547	25.156843	25.144547	25.131702	25.118359	25.104565	25.090378	25.075844	25.061024	25.045969	25.030743	25.015400	
25.014194	25.028332	25.042366	25.056236	25.069897	25.083288	25.096367	25.109079	25.121376	25.133215	25.144547	25.155334	25.165527	25.175097	25.183996	25.192204	25.199677	25.206398	25.212332	25.217464	25.221767	25.225235	25.227844	25.229591	25.230461	25.230465	25.229588	25.227844	25.225231	25.221771	25.217461	25.212334	25.206394	25.199680	25.192204	25.183998	25.175095	25.165527	25.155331	25.144547	25.133217	25.121376	25.109079	25.096369	25.083290	25.069897	25.056236	25.042368	25.028332	25.014194	
25.012932	25.025816	25.038601	25.051239	25.063686	25.075886	25.087803	25.099386	25.110592	25.121378	25.131704	25.141529	25.150818	25.159534	25.167648	25.175121	25.181936	25.188057	25.193466	25.198135	25.202065	25.205219	25.207598	25.209187	25.209984	25.209980	25.209188	25.207594	25.205219	25.202061	25.198139	25.193462	25.188057	25.181934	25.175125	25.167648	25.159534	25.150818	25.141529	25.131702	25.121378	25.110592	25.099388	25.087803	25.075890	25.063684	25.051243	25.038601	25.025818	25.012932	
25.011623	25.023201	25.034689	25.046047	25.057232	25.068199	25.078907	25.089317	25.099384	25.109079	25.118361	25.127192	25.135536	25.143372	25.150660	25.157379	25.163502	25.169004	25.173861	25.178062	25.181585	25.184425	25.186562	25.187992	25.188705	25.188709	25.187992	25.186563	25.184425	25.181591	25.178062	25.173862	25.169003	25.163502	25.157379	25.150661	25.143372	25.135536	25.127190	25.118359	25.109079	25.099386	25.089315	25.078909	25.068199	25.057232	25.046047	25.034691	25.023199	25.011623	
25.010269	25.020498	25.030647	25.040684	25.050562	25.060251	25.069710	25.078907	25.087805	25.096367	25.104568	25.112366	25.119743	25.126661	25.133104	25.139038	25.144447	25.149307	25.153603	25.157310	25.160427	25.162933	25.164822	25.166082	25.166718	25.166714	25.166084	25.164818	25.162933	25.160427	25.157312	25.153601	25.149307	25.144447	25.139040	25.133102	25.126663	25.119743	25.112366	25.104565	25.096367	25.087803	25.078909	25.069710	25.060251	25.050560	25.040682	25.030647	25.020496	25.010269	
25.008873	25.017715	25.026489	25.035160	25.043701	25.052074	25.060253	25.068199	25.075890	25.083290	25.090374	25.097120	25.103493	25.109474	25.115040	25.120171	25.124844	25.129047	25.132757	25.135963	25.138655	25.140821	25.142452	25.143547	25.144093	25.144094	25.143543	25.142456	25.140823	25.138657	25.135965	25.132755	25.129047	25.124846	25.120171	25.115040	25.109476	25.103493	25.097118	25.090374	25.083290	25.075888	25.068199	25.060253	25.052076	25.043701	25.035160	25.026489	25.017715	25.008875	
25.007446	25.014868	25.022228	25.029507	25.036674	25.043701	25.050564	25.057232	25.063686	25.069897	25.075844	25.081501	25.086849	25.091869	25.096542	25.100845	25.104771	25.108295	25.111410	25.114098	25.116360	25.118177	25.119549	25.120464	25.120922	25.120920	25.120462	25.119549	25.118179	25.116360	25.114101	25.111408	25.108295	25.104769	25.100847	25.096542	25.091869	25.086851	25.081501	25.075842	25.069897	25.063686	25.057232	25.050562	25.043701	25.036674	25.029507	25.022226	25.014866	25.007446	
25.005993	25.011963	25.017887	25.023741	25.029510	25.035160	25.040682	25.046049	25.051239	25.056240	25.061022	25.065575	25.069880	25.073917	25.077679	25.081141	25.084297	25.087132	25.089638	25.091805	25.093620	25.095085	25.096188	25.096924	25.097294	25.097294	25.096924	25.096188	25.095087	25.093622	25.091805	25.089638	25.087133	25.084297	25.081139	25.077677	25.073917	25.069881	25.065575	25.061022	25.056238	25.051239	25.046047	25.040684	25.035162	25.029507	25.023739	25.017885	25.011961	25.005993	
25.004517	25.009014	25.013474	25.017885	25.022228	25.026489	25.030647	25.034689	25.038601	25.042366	25.045971	25.049400	25.052645	25.055683	25.058516	25.061127	25.063503	25.065641	25.067528	25.069159	25.070530	25.071632	25.072460	25.073017	25.073294	25.073296	25.073017	25.072462	25.071632	25.070530	25.069160	25.067528	25.065639	25.063503	25.061127	25.058514	25.055685	25.052641	25.049400	25.045971	25.042366	25.038601	25.034691	25.030647	25.026489	25.022230	25.017883	25.013474	25.009012	25.004515	
25.003021	25.006027	25.009012	25.011961	25.014866	25.017715	25.020496	25.023201	25.025816	25.028336	25.030743	25.033039	25.035206	25.037241	25.039135	25.040878	25.042471	25.043900	25.045162	25.046253	25.047169	25.047905	25.048462	25.048832	25.049017	25.049019	25.048832	25.048460	25.047905	25.047169	25.046253	25.045162	25.043898	25.042469	25.040878	25.039135	25.037241	25.035206	25.033035	25.030743	25.028334	25.025816	25.023201	25.020496	25.017715	25.014866	25.011963	25.009010	25.006027	25.003019	
25.001511	25.003019	25.004515	25.005993	25.007446	25.008873	25.010269	25.011623	25.012932	25.014194	25.015404	25.016550	25.017637	25.018654	25.019604	25.020479	25.021275	25.021992	25.022623	25.023170	25.023628	25.023998	25.024277	25.024464	25.024555	25.024555	25.024462	25.024277	25.023998	25.023628	25.023170	25.022623	25.021992	25.021275	25.020477	25.019604	25.018656	25.017635	25.016548	25.015400	25.014193	25.012932	25.011623	25.010269	25.008873	25.007448	25.005991	25.004513	25.003017	25.001513	
