25.011116	25.022171	25.033321	25.044271	25.055401	25.066200	25.077225	25.087784	25.098585	25.108778	25.119181	25.128838	25.138624	25.147537	25.156460	25.164394	25.172186	25.178905	25.185301	25.190577	25.195333	25.198971	25.201908	25.203766	25.204758	25.204758	25.203764	25.201908	25.198971	25.195335	25.190575	25.185299	25.178905	25.172186	25.164394	25.156460	25.147533	25.138622	25.128834	25.119181	25.108776	25.098587	25.087782	25.077227	25.066198	25.055401	25.044271	25.033318	25.022171	25.011118	
25.022171	25.044437	25.066446	25.088730	25.110491	25.132662	25.154041	25.175896	25.196678	25.217922	25.237812	25.258049	25.276670	25.295437	25.312344	25.329113	25.343830	25.358068	25.370117	25.381317	25.390268	25.398001	25.403521	25.407467	25.409332	25.409332	25.407469	25.403519	25.398001	25.390270	25.381317	25.370117	25.358067	25.343826	25.329113	25.312342	25.295437	25.276669	25.258049	25.237808	25.217922	25.196674	25.175896	25.154039	25.132664	25.110491	25.088732	25.066446	25.044437	25.022171	
25.033319	25.066446	25.099857	25.132683	25.166031	25.198400	25.231441	25.263096	25.295454	25.326012	25.357174	25.386127	25.415445	25.442169	25.468897	25.492697	25.516029	25.536184	25.555332	25.571152	25.585407	25.596313	25.605106	25.610672	25.613646	25.613646	25.610672	25.605108	25.596310	25.585407	25.571152	25.555332	25.536182	25.516031	25.492693	25.468897	25.442167	25.415447	25.386122	25.357176	25.326008	25.295454	25.263092	25.231441	25.198399	25.166033	25.132683	25.099857	25.066446	25.033318	
25.044271	25.088730	25.132683	25.177172	25.220634	25.264896	25.307596	25.351219	25.392736	25.435131	25.474871	25.515255	25.552462	25.589909	25.623692	25.657154	25.686558	25.714966	25.739046	25.761391	25.779284	25.794706	25.805737	25.813610	25.817337	25.817337	25.813612	25.805733	25.794704	25.779282	25.761391	25.739044	25.714970	25.686556	25.657154	25.623688	25.589909	25.552460	25.515259	25.474865	25.435129	25.392731	25.351217	25.307592	25.264894	25.220634	25.177174	25.132683	25.088730	25.044271	
25.055401	25.110491	25.166033	25.220634	25.276066	25.329912	25.384827	25.437487	25.491264	25.542105	25.593884	25.642061	25.690771	25.735249	25.779650	25.819260	25.858021	25.891563	25.923370	25.949705	25.973379	25.991531	26.006138	26.015404	26.020338	26.020344	26.015402	26.006142	25.991529	25.973381	25.949701	25.923374	25.891562	25.858023	25.819256	25.779652	25.735243	25.690773	25.642056	25.593885	25.542101	25.491261	25.437485	25.384823	25.329910	25.276066	25.220634	25.166035	25.110491	25.055401	
25.066198	25.132664	25.198400	25.264896	25.329912	25.396053	25.459942	25.525118	25.587246	25.650576	25.710051	25.770378	25.826063	25.881989	25.932560	25.982533	26.026552	26.068974	26.105022	26.138384	26.165174	26.188200	26.204716	26.216473	26.222055	26.222050	26.216476	26.204712	26.188202	26.165173	26.138388	26.105015	26.068975	26.026546	25.982534	25.932558	25.881992	25.826057	25.770378	25.710045	25.650578	25.587242	25.525116	25.459940	25.396051	25.329912	25.264896	25.198399	25.132666	25.066198	
25.077225	25.154041	25.231441	25.307596	25.384827	25.459942	25.536430	25.609909	25.684799	25.755749	25.827850	25.895092	25.962914	26.024992	26.086803	26.142099	26.196053	26.242882	26.287151	26.323917	26.356869	26.382214	26.402542	26.415478	26.422348	26.422350	26.415476	26.402546	26.382212	26.356873	26.323915	26.287155	26.242876	26.196053	26.142094	26.086807	26.024988	25.962914	25.895084	25.827854	25.755743	25.684799	25.609905	25.536430	25.459938	25.384827	25.307594	25.231441	25.154037	25.077229	
25.087784	25.175896	25.263094	25.351219	25.437487	25.525118	25.609909	25.696241	25.778709	25.862585	25.941544	26.021427	26.095371	26.169415	26.236570	26.302727	26.361187	26.417339	26.465214	26.509378	26.544960	26.575439	26.597374	26.612934	26.620348	26.620346	26.612936	26.597370	26.575439	26.544960	26.509380	26.465212	26.417343	26.361183	26.302729	26.236567	26.169418	26.095366	26.021427	25.941540	25.862585	25.778706	25.696243	25.609905	25.525116	25.437483	25.351219	25.263092	25.175898	25.087784	
25.098585	25.196678	25.295456	25.392735	25.491262	25.587242	25.684799	25.778709	25.874201	25.964903	26.056822	26.142792	26.229240	26.308624	26.387403	26.458118	26.526875	26.586765	26.643177	26.690201	26.732187	26.764605	26.790504	26.807049	26.815804	26.815807	26.807045	26.790508	26.764601	26.732187	26.690201	26.643179	26.586761	26.526875	26.458115	26.387403	26.308622	26.229240	26.142788	26.056822	25.964901	25.874203	25.778708	25.684799	25.587242	25.491262	25.392731	25.295456	25.196678	25.098587	
25.108776	25.217922	25.326008	25.435129	25.542101	25.650576	25.755747	25.862583	25.964901	26.068668	26.166653	26.265463	26.357239	26.448812	26.532173	26.613979	26.686556	26.755989	26.815424	26.870024	26.914204	26.951881	26.979116	26.998354	27.007561	27.007557	26.998356	26.979115	26.951885	26.914202	26.870026	26.815422	26.755989	26.686552	26.613981	26.532171	26.448812	26.357235	26.265465	26.166653	26.068668	25.964901	25.862583	25.755745	25.650576	25.542099	25.435129	25.326008	25.217920	25.108776	
25.119183	25.237810	25.357178	25.474865	25.593887	25.710049	25.827854	25.941544	26.056824	26.166655	26.277592	26.381720	26.486032	26.582201	26.677242	26.762918	26.845858	26.918425	26.986469	27.043451	27.094090	27.133373	27.164612	27.184660	27.195221	27.195221	27.184662	27.164616	27.133371	27.094090	27.043451	26.986471	26.918425	26.845858	26.762917	26.677242	26.582197	26.486034	26.381720	26.277594	26.166655	26.056822	25.941542	25.827854	25.710045	25.593887	25.474865	25.357178	25.237808	25.119181	
25.128836	25.258051	25.386124	25.515259	25.642056	25.770378	25.895088	26.021429	26.142792	26.265465	26.381721	26.498501	26.607412	26.715622	26.814564	26.911217	26.997360	27.079384	27.149944	27.214439	27.266890	27.311394	27.343729	27.366451	27.377380	27.377380	27.366455	27.343727	27.311398	27.266888	27.214441	27.149944	27.079384	26.997360	26.911215	26.814560	26.715622	26.607410	26.498505	26.381718	26.265465	26.142788	26.021427	25.895084	25.770378	25.642056	25.515259	25.386122	25.258051	25.128836	
25.138624	25.276672	25.415447	25.552460	25.690775	25.826061	25.962915	26.095367	26.229240	26.357239	26.486031	26.607410	26.728485	26.840607	26.950899	27.050802	27.147039	27.231665	27.310610	27.377068	27.435812	27.481632	27.517870	27.541252	27.553505	27.553503	27.541252	27.517870	27.481628	27.435812	27.377066	27.310612	27.231665	27.147039	27.050800	26.950897	26.840607	26.728485	26.607410	26.486032	26.357235	26.229240	26.095366	25.962915	25.826057	25.690775	25.552458	25.415447	25.276669	25.138626	
25.147535	25.295437	25.442169	25.589911	25.735247	25.881992	26.024990	26.169416	26.308624	26.448812	26.582203	26.715622	26.840607	26.964209	27.077772	27.188152	27.287048	27.380711	27.461716	27.535357	27.595577	27.646389	27.683514	27.709459	27.722006	27.722004	27.709459	27.683516	27.646389	27.595575	27.535357	27.461716	27.380709	27.287045	27.188152	27.077768	26.964207	26.840607	26.715622	26.582197	26.448812	26.308622	26.169415	26.024986	25.881992	25.735243	25.589909	25.442167	25.295441	25.147535	
25.156460	25.312344	25.468899	25.623688	25.779652	25.932558	26.086807	26.236568	26.387402	26.532175	26.677242	26.814562	26.950899	27.077770	27.201946	27.315012	27.423344	27.519131	27.607985	27.683212	27.749327	27.801197	27.841980	27.868450	27.882238	27.882236	27.868450	27.841978	27.801193	27.749327	27.683208	27.607983	27.519127	27.423340	27.315006	27.201946	27.077770	26.950901	26.814560	26.677242	26.532173	26.387403	26.236567	26.086807	25.932554	25.779652	25.623688	25.468899	25.312344	25.156460	
25.164396	25.329117	25.492699	25.657154	25.819260	25.982533	26.142096	26.302727	26.458118	26.613977	26.762917	26.911213	27.050804	27.188152	27.315010	27.437649	27.548134	27.652184	27.742695	27.824493	27.891781	27.948221	27.989704	28.018522	28.032539	28.032539	28.018520	27.989704	27.948219	27.891781	27.824493	27.742691	27.652180	27.548130	27.437645	27.315006	27.188156	27.050800	26.911215	26.762917	26.613981	26.458117	26.302727	26.142097	25.982534	25.819260	25.657154	25.492697	25.329117	25.164396	
25.172188	25.343830	25.516033	25.686556	25.858021	26.026550	26.196053	26.361185	26.526873	26.686556	26.845856	26.997362	27.147038	27.287046	27.423340	27.548134	27.667019	27.772755	27.870258	27.953304	28.025848	28.083111	28.127859	28.157085	28.172211	28.172207	28.157085	28.127855	28.083111	28.025848	27.953304	27.870256	27.772755	27.667015	27.548130	27.423340	27.287043	27.147041	26.997360	26.845860	26.686554	26.526875	26.361187	26.196053	26.026550	25.858021	25.686560	25.516033	25.343832	25.172188	
25.178907	25.358070	25.536182	25.714970	25.891563	26.068977	26.242878	26.417343	26.586765	26.755985	26.918427	27.079384	27.231667	27.380707	27.519127	27.652180	27.772755	27.885624	27.984413	28.073135	28.146584	28.207796	28.253080	28.284332	28.299633	28.299635	28.284330	28.253078	28.207794	28.146584	28.073135	27.984409	27.885624	27.772755	27.652180	27.519125	27.380711	27.231663	27.079386	26.918425	26.755987	26.586761	26.417343	26.242878	26.068975	25.891563	25.714970	25.536184	25.358068	25.178907	
25.185301	25.370117	25.555334	25.739042	25.923372	26.105017	26.287157	26.465214	26.643177	26.815426	26.986469	27.149944	27.310608	27.461716	27.607983	27.742693	27.870256	27.984413	28.089016	28.178688	28.256506	28.318340	28.366339	28.397900	28.414124	28.414122	28.397896	28.366339	28.318340	28.256508	28.178684	28.089018	27.984411	27.870258	27.742691	27.607985	27.461714	27.310612	27.149942	26.986471	26.815422	26.643179	26.465214	26.287157	26.105019	25.923372	25.739044	25.555334	25.370117	25.185301	
25.190575	25.381317	25.571152	25.761389	25.949701	26.138386	26.323915	26.509380	26.690201	26.870024	27.043451	27.214439	27.377068	27.535357	27.683212	27.824490	27.953306	28.073135	28.178688	28.272869	28.351357	28.416328	28.464722	28.497890	28.514244	28.514244	28.497890	28.464720	28.416327	28.351353	28.272869	28.178686	28.073135	27.953304	27.824492	27.683210	27.535357	27.377064	27.214441	27.043451	26.870026	26.690201	26.509380	26.323917	26.138386	25.949703	25.761389	25.571152	25.381317	25.190575	
25.195335	25.390270	25.585405	25.779282	25.973379	26.165171	26.356871	26.544958	26.732187	26.914204	27.094091	27.266891	27.435812	27.595577	27.749327	27.891781	28.025848	28.146584	28.256506	28.351357	28.433125	28.498533	28.548965	28.582348	28.599396	28.599396	28.582348	28.548962	28.498531	28.433123	28.351353	28.256506	28.146584	28.025848	27.891781	27.749329	27.595577	27.435814	27.266890	27.094091	26.914204	26.732187	26.544960	26.356871	26.165173	25.973377	25.779282	25.585407	25.390268	25.195335	
25.198971	25.398001	25.596310	25.794704	25.991528	26.188202	26.382214	26.575439	26.764605	26.951883	27.133375	27.311396	27.481630	27.646389	27.801195	27.948217	28.083111	28.207794	28.318338	28.416328	28.498533	28.566126	28.616816	28.651321	28.668451	28.668451	28.651318	28.616814	28.566124	28.498531	28.416327	28.318340	28.207792	28.083113	27.948217	27.801195	27.646389	27.481630	27.311398	27.133375	26.951883	26.764603	26.575439	26.382212	26.188200	25.991531	25.794704	25.596310	25.397999	25.198971	
25.201908	25.403517	25.605106	25.805733	26.006138	26.204712	26.402546	26.597372	26.790508	26.979118	27.164612	27.343731	27.517870	27.683517	27.841980	27.989704	28.127859	28.253078	28.366339	28.464720	28.548964	28.616814	28.668770	28.703402	28.720963	28.720963	28.703402	28.668766	28.616814	28.548962	28.464722	28.366339	28.253078	28.127857	27.989704	27.841978	27.683516	27.517872	27.343731	27.164616	26.979118	26.790508	26.597372	26.402544	26.204714	26.006138	25.805733	25.605108	25.403519	25.201908	
25.203762	25.407467	25.610670	25.813608	26.015400	26.216473	26.415474	26.612938	26.807049	26.998356	27.184662	27.366453	27.541254	27.709457	27.868450	28.018520	28.157082	28.284330	28.397898	28.497890	28.582350	28.651321	28.703403	28.738609	28.756212	28.756212	28.738609	28.703402	28.651318	28.582350	28.497889	28.397898	28.284328	28.157082	28.018520	27.868450	27.709457	27.541254	27.366455	27.184662	26.998356	26.807051	26.612934	26.415478	26.216471	26.015402	25.813608	25.610672	25.407467	25.203762	
25.204756	25.409332	25.613644	25.817335	26.020340	26.222052	26.422348	26.620348	26.815807	27.007561	27.195223	27.377380	27.553503	27.722006	27.882236	28.032539	28.172207	28.299637	28.414122	28.514244	28.599396	28.668451	28.720963	28.756212	28.773960	28.773960	28.756212	28.720963	28.668453	28.599396	28.514248	28.414124	28.299637	28.172211	28.032539	27.882236	27.722006	27.553503	27.377380	27.195221	27.007561	26.815805	26.620348	26.422348	26.222054	26.020340	25.817337	25.613647	25.409332	25.204758	
25.204756	25.409332	25.613644	25.817335	26.020340	26.222052	26.422348	26.620348	26.815807	27.007561	27.195223	27.377380	27.553503	27.722006	27.882236	28.032539	28.172207	28.299637	28.414122	28.514244	28.599396	28.668451	28.720963	28.756212	28.773960	28.773960	28.756212	28.720963	28.668453	28.599396	28.514248	28.414124	28.299637	28.172211	28.032539	27.882236	27.722006	27.553503	27.377380	27.195221	27.007561	26.815805	26.620348	26.422348	26.222054	26.020340	25.817337	25.613647	25.409332	25.204758	
25.203762	25.407467	25.610670	25.813608	26.015400	26.216473	26.415474	26.612938	26.807049	26.998356	27.184662	27.366453	27.541254	27.709457	27.868450	28.018520	28.157082	28.284330	28.397898	28.497890	28.582350	28.651321	28.703403	28.738609	28.756212	28.756212	28.738609	28.703402	28.651318	28.582350	28.497889	28.397898	28.284328	28.157082	28.018520	27.868450	27.709457	27.541254	27.366455	27.184662	26.998356	26.807051	26.612934	26.415478	26.216471	26.015402	25.813608	25.610672	25.407467	25.203762	
25.201908	25.403517	25.605106	25.805733	26.006138	26.204712	26.402546	26.597372	26.790508	26.979118	27.164612	27.343731	27.517870	27.683517	27.841980	27.989704	28.127859	28.253078	28.366339	28.464720	28.548964	28.616814	28.668770	28.703402	28.720963	28.720963	28.703402	28.668766	28.616814	28.548962	28.464722	28.366339	28.253078	28.127857	27.989704	27.841978	27.683516	27.517872	27.343731	27.164616	26.979118	26.790508	26.597372	26.402544	26.204714	26.006138	25.805733	25.605108	25.403519	25.201908	
25.198971	25.398001	25.596310	25.794704	25.991528	26.188202	26.382214	26.575439	26.764605	26.951883	27.133375	27.311396	27.481630	27.646389	27.801195	27.948217	28.083111	28.207794	28.318338	28.416328	28.498533	28.566126	28.616816	28.651321	28.668451	28.668451	28.651318	28.616814	28.566124	28.498531	28.416327	28.318340	28.207792	28.083113	27.948217	27.801195	27.646389	27.481630	27.311398	27.133375	26.951883	26.764603	26.575439	26.382212	26.188200	25.991531	25.794704	25.596310	25.397999	25.198971	
25.195335	25.390270	25.585405	25.779282	25.973379	26.165171	26.356871	26.544958	26.732187	26.914204	27.094091	27.266891	27.435812	27.595577	27.749327	27.891781	28.025848	28.146584	28.256506	28.351357	28.433125	28.498533	28.548965	28.582348	28.599396	28.599396	28.582348	28.548962	28.498531	28.433123	28.351353	28.256506	28.146584	28.025848	27.891781	27.749329	27.595577	27.435814	27.266890	27.094091	26.914204	26.732187	26.544960	26.356871	26.165173	25.973377	25.779282	25.585407	25.390268	25.195335	
25.190575	25.381317	25.571152	25.761389	25.949701	26.138386	26.323915	26.509380	26.690201	26.870024	27.043451	27.214439	27.377068	27.535357	27.683212	27.824490	27.953306	28.073135	28.178688	28.272869	28.351357	28.416328	28.464722	28.497890	28.514244	28.514244	28.497890	28.464720	28.416327	28.351353	28.272869	28.178686	28.073135	27.953304	27.824492	27.683210	27.535357	27.377064	27.214441	27.043451	26.870026	26.690201	26.509380	26.323917	26.138386	25.949703	25.761389	25.571152	25.381317	25.190575	
25.185301	25.370117	25.555334	25.739042	25.923372	26.105017	26.287157	26.465214	26.643177	26.815426	26.986469	27.149944	27.310608	27.461716	27.607983	27.742693	27.870256	27.984413	28.089016	28.178688	28.256506	28.318340	28.366339	28.397900	28.414124	28.414122	28.397896	28.366339	28.318340	28.256508	28.178684	28.089018	27.984411	27.870258	27.742691	27.607985	27.461714	27.310612	27.149942	26.986471	26.815422	26.643179	26.465214	26.287157	26.105019	25.923372	25.739044	25.555334	25.370117	25.185301	
25.178907	25.358070	25.536182	25.714970	25.891563	26.068977	26.242878	26.417343	26.586765	26.755985	26.918427	27.079384	27.231667	27.380707	27.519127	27.652180	27.772755	27.885624	27.984413	28.073135	28.146584	28.207796	28.253080	28.284332	28.299633	28.299635	28.284330	28.253078	28.207794	28.146584	28.073135	27.984409	27.885624	27.772755	27.652180	27.519125	27.380711	27.231663	27.079386	26.918425	26.755987	26.586761	26.417343	26.242878	26.068975	25.891563	25.714970	25.536184	25.358068	25.178907	
25.172188	25.343830	25.516033	25.686556	25.858021	26.026550	26.196053	26.361185	26.526873	26.686556	26.845856	26.997362	27.147038	27.287046	27.423340	27.548134	27.667019	27.772755	27.870258	27.953304	28.025848	28.083111	28.127859	28.157085	28.172211	28.172207	28.157085	28.127855	28.083111	28.025848	27.953304	27.870256	27.772755	27.667015	27.548130	27.423340	27.287043	27.147041	26.997360	26.845860	26.686554	26.526875	26.361187	26.196053	26.026550	25.858021	25.686560	25.516033	25.343832	25.172188	
25.164396	25.329117	25.492699	25.657154	25.819260	25.982533	26.142096	26.302727	26.458118	26.613977	26.762917	26.911213	27.050804	27.188152	27.315010	27.437649	27.548134	27.652184	27.742695	27.824493	27.891781	27.948221	27.989704	28.018522	28.032539	28.032539	28.018520	27.989704	27.948219	27.891781	27.824493	27.742691	27.652180	27.548130	27.437645	27.315006	27.188156	27.050800	26.911215	26.762917	26.613981	26.458117	26.302727	26.142097	25.982534	25.819260	25.657154	25.492697	25.329117	25.164396	
25.156460	25.312344	25.468899	25.623688	25.779652	25.932558	26.086807	26.236568	26.387402	26.532175	26.677242	26.814562	26.950899	27.077770	27.201946	27.315012	27.423344	27.519131	27.607985	27.683212	27.749327	27.801197	27.841980	27.868450	27.882238	27.882236	27.868450	27.841978	27.801193	27.749327	27.683208	27.607983	27.519127	27.423340	27.315006	27.201946	27.077770	26.950901	26.814560	26.677242	26.532173	26.387403	26.236567	26.086807	25.932554	25.779652	25.623688	25.468899	25.312344	25.156460	
25.147535	25.295437	25.442169	25.589911	25.735247	25.881992	26.024990	26.169416	26.308624	26.448812	26.582203	26.715622	26.840607	26.964209	27.077772	27.188152	27.287048	27.380711	27.461716	27.535357	27.595577	27.646389	27.683514	27.709459	27.722006	27.722004	27.709459	27.683516	27.646389	27.595575	27.535357	27.461716	27.380709	27.287045	27.188152	27.077768	26.964207	26.840607	26.715622	26.582197	26.448812	26.308622	26.169415	26.024986	25.881992	25.735243	25.589909	25.442167	25.295441	25.147535	
25.138624	25.276672	25.415447	25.552460	25.690775	25.826061	25.962915	26.095367	26.229240	26.357239	26.486031	26.607410	26.728485	26.840607	26.950899	27.050802	27.147039	27.231665	27.310610	27.377068	27.435812	27.481632	27.517870	27.541252	27.553505	27.553503	27.541252	27.517870	27.481628	27.435812	27.377066	27.310612	27.231665	27.147039	27.050800	26.950897	26.840607	26.728485	26.607410	26.486032	26.357235	26.229240	26.095366	25.962915	25.826057	25.690775	25.552458	25.415447	25.276669	25.138626	
25.128836	25.258051	25.386124	25.515259	25.642056	25.770378	25.895088	26.021429	26.142792	26.265465	26.381721	26.498501	26.607412	26.715622	26.814564	26.911217	26.997360	27.079384	27.149944	27.214439	27.266890	27.311394	27.343729	27.366451	27.377380	27.377380	27.366455	27.343727	27.311398	27.266888	27.214441	27.149944	27.079384	26.997360	26.911215	26.814560	26.715622	26.607410	26.498505	26.381718	26.265465	26.142788	26.021427	25.895084	25.770378	25.642056	25.515259	25.386122	25.258051	25.128836	
25.119183	25.237810	25.357178	25.474865	25.593887	25.710049	25.827854	25.941544	26.056824	26.166655	26.277592	26.381720	26.486032	26.582201	26.677242	26.762918	26.845858	26.918425	26.986469	27.043451	27.094090	27.133373	27.164612	27.184660	27.195221	27.195221	27.184662	27.164616	27.133371	27.094090	27.043451	26.986471	26.918425	26.845858	26.762917	26.677242	26.582197	26.486034	26.381720	26.277594	26.166655	26.056822	25.941542	25.827854	25.710045	25.593887	25.474865	25.357178	25.237808	25.119181	
25.108776	25.217922	25.326008	25.435129	25.542101	25.650576	25.755747	25.862583	25.964901	26.068668	26.166653	26.265463	26.357239	26.448812	26.532173	26.613979	26.686556	26.755989	26.815424	26.870024	26.914204	26.951881	26.979116	26.998354	27.007561	27.007557	26.998356	26.979115	26.951885	26.914202	26.870026	26.815422	26.755989	26.686552	26.613981	26.532171	26.448812	26.357235	26.265465	26.166653	26.068668	25.964901	25.862583	25.755745	25.650576	25.542099	25.435129	25.326008	25.217920	25.108776	
25.098585	25.196678	25.295456	25.392735	25.491262	25.587242	25.684799	25.778709	25.874201	25.964903	26.056822	26.142792	26.229240	26.308624	26.387403	26.458118	26.526875	26.586765	26.643177	26.690201	26.732187	26.764605	26.790504	26.807049	26.815804	26.815807	26.807045	26.790508	26.764601	26.732187	26.690201	26.643179	26.586761	26.526875	26.458115	26.387403	26.308622	26.229240	26.142788	26.056822	25.964901	25.874203	25.778708	25.684799	25.587242	25.491262	25.392731	25.295456	25.196678	25.098587	
25.087784	25.175896	25.263094	25.351219	25.437487	25.525118	25.609909	25.696241	25.778709	25.862585	25.941544	26.021427	26.095371	26.169415	26.236570	26.302727	26.361187	26.417339	26.465214	26.509378	26.544960	26.575439	26.597374	26.612934	26.620348	26.620346	26.612936	26.597370	26.575439	26.544960	26.509380	26.465212	26.417343	26.361183	26.302729	26.236567	26.169418	26.095366	26.021427	25.941540	25.862585	25.778706	25.696243	25.609905	25.525116	25.437483	25.351219	25.263092	25.175898	25.087784	
25.077225	25.154041	25.231441	25.307596	25.384827	25.459942	25.536430	25.609909	25.684799	25.755749	25.827850	25.895092	25.962914	26.024992	26.086803	26.142099	26.196053	26.242882	26.287151	26.323917	26.356869	26.382214	26.402542	26.415478	26.422348	26.422350	26.415476	26.402546	26.382212	26.356873	26.323915	26.287155	26.242876	26.196053	26.142094	26.086807	26.024988	25.962914	25.895084	25.827854	25.755743	25.684799	25.609905	25.536430	25.459938	25.384827	25.307594	25.231441	25.154037	25.077229	
25.066198	25.132664	25.198400	25.264896	25.329912	25.396053	25.459942	25.525118	25.587246	25.650576	25.710051	25.770378	25.826063	25.881989	25.932560	25.982533	26.026552	26.068974	26.105022	26.138384	26.165174	26.188200	26.204716	26.216473	26.222055	26.222050	26.216476	26.204712	26.188202	26.165173	26.138388	26.105015	26.068975	26.026546	25.982534	25.932558	25.881992	25.826057	25.770378	25.710045	25.650578	25.587242	25.525116	25.459940	25.396051	25.329912	25.264896	25.198399	25.132666	25.066198	
25.055401	25.110491	25.166033	25.220634	25.276066	25.329912	25.384827	25.437487	25.491264	25.542105	25.593884	25.642061	25.690771	25.735249	25.779650	25.819260	25.858021	25.891563	25.923370	25.949705	25.973379	25.991531	26.006138	26.015404	26.020338	26.020344	26.015402	26.006142	25.991529	25.973381	25.949701	25.923374	25.891562	25.858023	25.819256	25.779652	25.735243	25.690773	25.642056	25.593885	25.542101	25.491261	25.437485	25.384823	25.329910	25.276066	25.220634	25.166035	25.110491	25.055401	
25.044271	25.088730	25.132683	25.177172	25.220634	25.264896	25.307596	25.351219	25.392736	25.435131	25.474871	25.515255	25.552462	25.589909	25.623692	25.657154	25.686558	25.714966	25.739046	25.761391	25.779284	25.794706	25.805737	25.813610	25.817337	25.817337	25.813612	25.805733	25.794704	25.779282	25.761391	25.739044	25.714970	25.686556	25.657154	25.623688	25.589909	25.552460	25.515259	25.474865	25.435129	25.392731	25.351217	25.307592	25.264894	25.220634	25.177174	25.132683	25.088730	25.044271	
25.033319	25.066446	25.099857	25.132683	25.166031	25.198400	25.231441	25.263096	25.295454	25.326012	25.357174	25.386127	25.415445	25.442169	25.468897	25.492697	25.516029	25.536184	25.555332	25.571152	25.585407	25.596313	25.605106	25.610672	25.613646	25.613646	25.610672	25.605108	25.596310	25.585407	25.571152	25.555332	25.536182	25.516031	25.492693	25.468897	25.442167	25.415447	25.386122	25.357176	25.326008	25.295454	25.263092	25.231441	25.198399	25.166033	25.132683	25.099857	25.066446	25.033318	
25.022171	25.044437	25.066446	25.088730	25.110491	25.132662	25.154041	25.175896	25.196678	25.217922	25.237812	25.258049	25.276670	25.295437	25.312344	25.329113	25.343830	25.358068	25.370117	25.381317	25.390268	25.398001	25.403521	25.407467	25.409332	25.409332	25.407469	25.403519	25.398001	25.390270	25.381317	25.370117	25.358067	25.343826	25.329113	25.312342	25.295437	25.276669	25.258049	25.237808	25.217922	25.196674	25.175896	25.154039	25.132664	25.110491	25.088732	25.066446	25.044437	25.022171	
25.011116	25.022171	25.033321	25.044271	25.055401	25.066200	25.077225	25.087784	25.098585	25.108778	25.119181	25.128838	25.138624	25.147537	25.156460	25.164394	25.172186	25.178905	25.185301	25.190577	25.195333	25.198971	25.201908	25.203766	25.204758	25.204758	25.203764	25.201908	25.198971	25.195335	25.190575	25.185299	25.178905	25.172186	25.164394	25.156460	25.147533	25.138622	25.128834	25.119181	25.108776	25.098587	25.087782	25.077227	25.066198	25.055401	25.044271	25.033318	25.022171	25.011118	
