25.001938	25.003864	25.005777	25.007668	25.009533	25.011356	25.013142	25.014874	25.016552	25.018166	25.019712	25.021183	25.022572	25.023878	25.025091	25.026211	25.027229	25.028145	25.028957	25.029655	25.030243	25.030716	25.031071	25.031309	25.031429	25.031429	25.031309	25.031071	25.030716	25.030243	25.029655	25.028955	25.028147	25.027229	25.026211	25.025093	25.023876	25.022573	25.021183	25.019714	25.018166	25.016552	25.014874	25.013142	25.011358	25.009531	25.007668	25.005779	25.003864	25.001934	
25.003862	25.007713	25.011532	25.015308	25.019026	25.022673	25.026232	25.029694	25.033039	25.036263	25.039349	25.042284	25.045061	25.047665	25.050089	25.052322	25.054356	25.056187	25.057804	25.059200	25.060371	25.061314	25.062027	25.062500	25.062738	25.062740	25.062500	25.062023	25.061314	25.060371	25.059200	25.057800	25.056187	25.054358	25.052322	25.050087	25.047665	25.045059	25.042286	25.039349	25.036264	25.033043	25.029694	25.026234	25.022671	25.019028	25.015308	25.011532	25.007711	25.003862	
25.005777	25.011532	25.017244	25.022892	25.028450	25.033901	25.039223	25.044399	25.049406	25.054222	25.058836	25.063227	25.067375	25.071270	25.074894	25.078236	25.081278	25.084015	25.086430	25.088520	25.090271	25.091682	25.092743	25.093454	25.093811	25.093811	25.093454	25.092743	25.091679	25.090271	25.088518	25.086430	25.084013	25.081280	25.078234	25.074898	25.071270	25.067377	25.063225	25.058838	25.054222	25.049404	25.044399	25.039227	25.033901	25.028450	25.022888	25.017242	25.011532	25.005775	
25.007668	25.015308	25.022888	25.030388	25.037766	25.045002	25.052067	25.058937	25.065578	25.071978	25.078102	25.083927	25.089437	25.094608	25.099419	25.103851	25.107893	25.111523	25.114731	25.117500	25.119829	25.121698	25.123112	25.124054	25.124525	25.124527	25.124054	25.123112	25.121700	25.119827	25.117500	25.114729	25.111523	25.107891	25.103851	25.099417	25.094608	25.089439	25.083927	25.078102	25.071980	25.065582	25.058937	25.052067	25.045002	25.037764	25.030384	25.022888	25.015308	25.007668	
25.009531	25.019024	25.028450	25.037766	25.046938	25.055931	25.064716	25.073250	25.081509	25.089457	25.097069	25.104313	25.111160	25.117584	25.123566	25.129074	25.134096	25.138607	25.142595	25.146040	25.148932	25.151257	25.153009	25.154182	25.154770	25.154770	25.154182	25.153011	25.151257	25.148932	25.146038	25.142593	25.138607	25.134094	25.129074	25.123564	25.117584	25.111160	25.104311	25.097071	25.089458	25.081509	25.073250	25.064714	25.055931	25.046938	25.037764	25.028450	25.019024	25.009531	
25.011356	25.022675	25.033901	25.045002	25.055931	25.066650	25.077114	25.087288	25.097126	25.106602	25.115667	25.124298	25.132458	25.140116	25.147240	25.153809	25.159790	25.165169	25.169918	25.174023	25.177467	25.180241	25.182329	25.183725	25.184425	25.184425	25.183727	25.182331	25.180241	25.177469	25.174023	25.169916	25.165165	25.159790	25.153805	25.147240	25.140114	25.132458	25.124302	25.115669	25.106602	25.097130	25.087288	25.077114	25.066650	25.055931	25.045002	25.033899	25.022675	25.011356	
25.013142	25.026232	25.039227	25.052067	25.064714	25.077114	25.089222	25.100990	25.112379	25.123337	25.133831	25.143816	25.153255	25.162117	25.170361	25.177956	25.184879	25.191099	25.196596	25.201347	25.205334	25.208540	25.210955	25.212574	25.213383	25.213383	25.212572	25.210957	25.208542	25.205334	25.201345	25.196598	25.191101	25.184877	25.177956	25.170359	25.162113	25.153259	25.143818	25.133833	25.123341	25.112377	25.100992	25.089224	25.077114	25.064716	25.052067	25.039225	25.026230	25.013142	
25.014874	25.029694	25.044399	25.058937	25.073250	25.087288	25.100990	25.114315	25.127201	25.139608	25.151485	25.162788	25.173473	25.183500	25.192833	25.201431	25.209267	25.216309	25.222530	25.227909	25.232418	25.236050	25.238785	25.240612	25.241531	25.241531	25.240616	25.238785	25.236050	25.232420	25.227907	25.222528	25.216309	25.209267	25.201431	25.192829	25.183502	25.173473	25.162792	25.151485	25.139610	25.127205	25.114315	25.100990	25.087288	25.073250	25.058937	25.044397	25.029692	25.014874	
25.016552	25.033043	25.049404	25.065582	25.081511	25.097126	25.112377	25.127201	25.141544	25.155348	25.168564	25.181143	25.193031	25.204189	25.214573	25.224144	25.232861	25.240696	25.247618	25.253603	25.258623	25.262663	25.265707	25.267742	25.268761	25.268761	25.267742	25.265705	25.262665	25.258625	25.253601	25.247620	25.240694	25.232861	25.224140	25.214573	25.204187	25.193033	25.181141	25.168568	25.155350	25.141544	25.127205	25.112379	25.097126	25.081509	25.065580	25.049404	25.033039	25.016552	
25.018166	25.036263	25.054224	25.071980	25.089458	25.106602	25.123337	25.139610	25.155346	25.170500	25.185005	25.198811	25.211859	25.224106	25.235500	25.246002	25.255569	25.264172	25.271769	25.278336	25.283846	25.288280	25.291618	25.293854	25.294973	25.294975	25.293854	25.291622	25.288280	25.283846	25.278336	25.271770	25.264172	25.255571	25.246002	25.235500	25.224102	25.211857	25.198809	25.185005	25.170502	25.155350	25.139608	25.123339	25.106602	25.089457	25.071978	25.054222	25.036263	25.018166	
25.019711	25.039349	25.058838	25.078100	25.097069	25.115669	25.133831	25.151484	25.168564	25.185001	25.200745	25.215721	25.229881	25.243168	25.255535	25.266928	25.277313	25.286644	25.294889	25.302013	25.307993	25.312801	25.316429	25.318851	25.320068	25.320066	25.318853	25.316429	25.312805	25.307991	25.302013	25.294888	25.286646	25.277313	25.266930	25.255533	25.243168	25.229881	25.215721	25.200745	25.185005	25.168564	25.151485	25.133831	25.115667	25.097069	25.078098	25.058836	25.039349	25.019711	
25.021181	25.042284	25.063225	25.083927	25.104311	25.124298	25.143814	25.162788	25.181137	25.198809	25.215719	25.231815	25.247030	25.261311	25.274597	25.286846	25.298000	25.308029	25.316887	25.324547	25.330971	25.336143	25.340034	25.342642	25.343945	25.343946	25.342642	25.340038	25.336143	25.330973	25.324545	25.316891	25.308031	25.298002	25.286846	25.274597	25.261311	25.247032	25.231817	25.215721	25.198809	25.181141	25.162788	25.143816	25.124298	25.104309	25.083925	25.063225	25.042282	25.021183	
25.022572	25.045059	25.067377	25.089436	25.111156	25.132458	25.153255	25.173470	25.193031	25.211853	25.229881	25.247028	25.263247	25.278460	25.292622	25.305672	25.317562	25.328245	25.337688	25.345844	25.352695	25.358200	25.362354	25.365128	25.366520	25.366520	25.365131	25.362354	25.358204	25.352695	25.345848	25.337688	25.328247	25.317562	25.305672	25.292624	25.278461	25.263245	25.247032	25.229879	25.211859	25.193031	25.173473	25.153255	25.132456	25.111156	25.089436	25.067373	25.045059	25.022572	
25.023876	25.047665	25.071270	25.094606	25.117580	25.140114	25.162111	25.183498	25.204185	25.224102	25.243164	25.261311	25.278461	25.294556	25.309534	25.323339	25.335915	25.347221	25.357204	25.365837	25.373077	25.378908	25.383297	25.386236	25.387705	25.387707	25.386234	25.383297	25.378910	25.373081	25.365839	25.357208	25.347221	25.335918	25.323341	25.309536	25.294558	25.278461	25.261311	25.243168	25.224102	25.204189	25.183498	25.162113	25.140114	25.117580	25.094604	25.071270	25.047661	25.023876	
25.025089	25.050087	25.074894	25.099415	25.123562	25.147236	25.170357	25.192827	25.214569	25.235493	25.255531	25.274593	25.292622	25.309532	25.325275	25.339779	25.352999	25.364872	25.375370	25.384438	25.392052	25.398174	25.402790	25.405872	25.407421	25.407421	25.405876	25.402790	25.398174	25.392052	25.384441	25.375370	25.364876	25.352999	25.339783	25.325275	25.309536	25.292622	25.274599	25.255531	25.235500	25.214569	25.192829	25.170357	25.147236	25.123562	25.099415	25.074892	25.050089	25.025091	
25.026211	25.052322	25.078232	25.103849	25.129068	25.153805	25.177952	25.201427	25.224136	25.245998	25.266922	25.286842	25.305668	25.323338	25.339779	25.354935	25.368736	25.381147	25.392107	25.401581	25.409531	25.415932	25.420752	25.423975	25.425589	25.425591	25.423977	25.420752	25.415932	25.409534	25.401585	25.392109	25.381149	25.368740	25.354935	25.339779	25.323339	25.305672	25.286842	25.266928	25.245998	25.224140	25.201427	25.177956	25.153805	25.129070	25.103848	25.078234	25.052319	25.026211	
25.027229	25.054356	25.081276	25.107887	25.134090	25.159782	25.184875	25.209259	25.232857	25.255564	25.277309	25.297997	25.317558	25.335911	25.352995	25.368736	25.383083	25.395971	25.407360	25.417202	25.425463	25.432110	25.437119	25.440466	25.442144	25.442142	25.440468	25.437117	25.432114	25.425465	25.417204	25.407364	25.395971	25.383083	25.368740	25.352999	25.335915	25.317562	25.298002	25.277311	25.255568	25.232857	25.209263	25.184874	25.159786	25.134090	25.107891	25.081276	25.054356	25.027229	
25.028145	25.056183	25.084011	25.111519	25.138601	25.165163	25.191093	25.216301	25.240688	25.264168	25.286636	25.308029	25.328239	25.347218	25.364872	25.381144	25.395969	25.409294	25.421066	25.431240	25.439777	25.446651	25.451824	25.455284	25.457020	25.457022	25.455288	25.451828	25.446651	25.439781	25.431244	25.421068	25.409298	25.395973	25.381147	25.364874	25.347218	25.328247	25.308027	25.286640	25.264168	25.240690	25.216305	25.191097	25.165161	25.138605	25.111519	25.084011	25.056185	25.028147	
25.028954	25.057800	25.086426	25.114725	25.142588	25.169910	25.196590	25.222523	25.247612	25.271761	25.294884	25.316883	25.337685	25.357201	25.375366	25.392105	25.407356	25.421064	25.433174	25.443644	25.452427	25.459496	25.464819	25.468378	25.470165	25.470161	25.468382	25.464821	25.459499	25.452429	25.443645	25.433178	25.421066	25.407360	25.392109	25.375370	25.357203	25.337685	25.316887	25.294884	25.271763	25.247616	25.222523	25.196592	25.169912	25.142590	25.114727	25.086426	25.057800	25.028955	
25.029652	25.059196	25.088512	25.117496	25.146034	25.174017	25.201340	25.227901	25.253593	25.278328	25.302006	25.324543	25.345840	25.365833	25.384436	25.401579	25.417198	25.431240	25.443642	25.454361	25.463358	25.470596	25.476048	25.479698	25.481522	25.481525	25.479698	25.476051	25.470598	25.463360	25.454365	25.443644	25.431240	25.417202	25.401583	25.384438	25.365837	25.345844	25.324543	25.302010	25.278332	25.253593	25.227901	25.201340	25.174017	25.146034	25.117496	25.088516	25.059196	25.029655	
25.030243	25.060368	25.090265	25.119823	25.148926	25.177464	25.205326	25.232412	25.258615	25.283840	25.307987	25.330967	25.352688	25.373075	25.392046	25.409531	25.425459	25.439775	25.452423	25.463360	25.472530	25.479914	25.485476	25.489191	25.491058	25.491055	25.489193	25.485476	25.479916	25.472534	25.463358	25.452427	25.439779	25.425461	25.409531	25.392050	25.373077	25.352692	25.330965	25.307987	25.283840	25.258619	25.232410	25.205326	25.177462	25.148924	25.119823	25.090267	25.060371	25.030243	
25.030712	25.061312	25.091677	25.121693	25.151251	25.180233	25.208534	25.236042	25.262657	25.288273	25.312798	25.336136	25.358198	25.378902	25.398170	25.415928	25.432106	25.446646	25.459492	25.470596	25.479914	25.487410	25.493057	25.496838	25.498724	25.498728	25.496834	25.493057	25.487411	25.479916	25.470598	25.459496	25.446648	25.432106	25.415932	25.398170	25.378906	25.358200	25.336138	25.312798	25.288273	25.262655	25.236042	25.208534	25.180233	25.151251	25.121695	25.091679	25.061314	25.030714	
25.031071	25.062019	25.092739	25.123104	25.153004	25.182323	25.210949	25.238777	25.265699	25.291613	25.316422	25.340029	25.362347	25.383293	25.402784	25.420746	25.437115	25.451820	25.464817	25.476048	25.485474	25.493055	25.498770	25.502590	25.504503	25.504501	25.502590	25.498770	25.493057	25.485477	25.476051	25.464817	25.451824	25.437115	25.420746	25.402786	25.383293	25.362350	25.340031	25.316423	25.291615	25.265697	25.238775	25.210951	25.182323	25.153004	25.123104	25.092741	25.062023	25.031071	
25.031307	25.062496	25.093449	25.124046	25.154175	25.183720	25.212566	25.240606	25.267735	25.293846	25.318844	25.342632	25.365124	25.386229	25.405869	25.423969	25.440460	25.455284	25.468376	25.479694	25.489193	25.496834	25.502590	25.506437	25.508366	25.508366	25.506439	25.502590	25.496834	25.489193	25.479696	25.468378	25.455284	25.440462	25.423973	25.405869	25.386230	25.365124	25.342636	25.318846	25.293848	25.267735	25.240604	25.212564	25.183720	25.154175	25.124048	25.093449	25.062500	25.031307	
25.031425	25.062733	25.093803	25.124519	25.154762	25.184420	25.213375	25.241522	25.268753	25.294964	25.320057	25.343939	25.366514	25.387699	25.407413	25.425583	25.442139	25.457016	25.470161	25.481522	25.491055	25.498726	25.504503	25.508366	25.510300	25.510300	25.508366	25.504505	25.498726	25.491056	25.481522	25.470161	25.457016	25.442141	25.425583	25.407415	25.387699	25.366516	25.343941	25.320061	25.294968	25.268755	25.241520	25.213375	25.184418	25.154762	25.124519	25.093803	25.062735	25.031427	
25.031425	25.062733	25.093803	25.124519	25.154762	25.184420	25.213375	25.241522	25.268753	25.294964	25.320057	25.343939	25.366514	25.387699	25.407413	25.425583	25.442139	25.457016	25.470161	25.481522	25.491055	25.498726	25.504503	25.508366	25.510300	25.510300	25.508366	25.504505	25.498726	25.491056	25.481522	25.470161	25.457016	25.442141	25.425583	25.407415	25.387699	25.366516	25.343941	25.320061	25.294968	25.268755	25.241520	25.213375	25.184418	25.154762	25.124519	25.093803	25.062735	25.031427	
25.031307	25.062496	25.093449	25.124046	25.154175	25.183720	25.212566	25.240606	25.267735	25.293846	25.318844	25.342632	25.365124	25.386229	25.405869	25.423969	25.440460	25.455284	25.468376	25.479694	25.489193	25.496834	25.502590	25.506437	25.508366	25.508366	25.506439	25.502590	25.496834	25.489193	25.479696	25.468378	25.455284	25.440462	25.423973	25.405869	25.386230	25.365124	25.342636	25.318846	25.293848	25.267735	25.240604	25.212564	25.183720	25.154175	25.124048	25.093449	25.062500	25.031307	
25.031071	25.062019	25.092739	25.123104	25.153004	25.182323	25.210949	25.238777	25.265699	25.291613	25.316422	25.340029	25.362347	25.383293	25.402784	25.420746	25.437115	25.451820	25.464817	25.476048	25.485474	25.493055	25.498770	25.502590	25.504503	25.504501	25.502590	25.498770	25.493057	25.485477	25.476051	25.464817	25.451824	25.437115	25.420746	25.402786	25.383293	25.362350	25.340031	25.316423	25.291615	25.265697	25.238775	25.210951	25.182323	25.153004	25.123104	25.092741	25.062023	25.031071	
25.030712	25.061312	25.091677	25.121693	25.151251	25.180233	25.208534	25.236042	25.262657	25.288273	25.312798	25.336136	25.358198	25.378902	25.398170	25.415928	25.432106	25.446646	25.459492	25.470596	25.479914	25.487410	25.493057	25.496838	25.498724	25.498728	25.496834	25.493057	25.487411	25.479916	25.470598	25.459496	25.446648	25.432106	25.415932	25.398170	25.378906	25.358200	25.336138	25.312798	25.288273	25.262655	25.236042	25.208534	25.180233	25.151251	25.121695	25.091679	25.061314	25.030714	
25.030243	25.060368	25.090265	25.119823	25.148926	25.177464	25.205326	25.232412	25.258615	25.283840	25.307987	25.330967	25.352688	25.373075	25.392046	25.409531	25.425459	25.439775	25.452423	25.463360	25.472530	25.479914	25.485476	25.489191	25.491058	25.491055	25.489193	25.485476	25.479916	25.472534	25.463358	25.452427	25.439779	25.425461	25.409531	25.392050	25.373077	25.352692	25.330965	25.307987	25.283840	25.258619	25.232410	25.205326	25.177462	25.148924	25.119823	25.090267	25.060371	25.030243	
25.029652	25.059196	25.088512	25.117496	25.146034	25.174017	25.201340	25.227901	25.253593	25.278328	25.302006	25.324543	25.345840	25.365833	25.384436	25.401579	25.417198	25.431240	25.443642	25.454361	25.463358	25.470596	25.476048	25.479698	25.481522	25.481525	25.479698	25.476051	25.470598	25.463360	25.454365	25.443644	25.431240	25.417202	25.401583	25.384438	25.365837	25.345844	25.324543	25.302010	25.278332	25.253593	25.227901	25.201340	25.174017	25.146034	25.117496	25.088516	25.059196	25.029655	
25.028954	25.057800	25.086426	25.114725	25.142588	25.169910	25.196590	25.222523	25.247612	25.271761	25.294884	25.316883	25.337685	25.357201	25.375366	25.392105	25.407356	25.421064	25.433174	25.443644	25.452427	25.459496	25.464819	25.468378	25.470165	25.470161	25.468382	25.464821	25.459499	25.452429	25.443645	25.433178	25.421066	25.407360	25.392109	25.375370	25.357203	25.337685	25.316887	25.294884	25.271763	25.247616	25.222523	25.196592	25.169912	25.142590	25.114727	25.086426	25.057800	25.028955	
25.028145	25.056183	25.084011	25.111519	25.138601	25.165163	25.191093	25.216301	25.240688	25.264168	25.286636	25.308029	25.328239	25.347218	25.364872	25.381144	25.395969	25.409294	25.421066	25.431240	25.439777	25.446651	25.451824	25.455284	25.457020	25.457022	25.455288	25.451828	25.446651	25.439781	25.431244	25.421068	25.409298	25.395973	25.381147	25.364874	25.347218	25.328247	25.308027	25.286640	25.264168	25.240690	25.216305	25.191097	25.165161	25.138605	25.111519	25.084011	25.056185	25.028147	
25.027229	25.054356	25.081276	25.107887	25.134090	25.159782	25.184875	25.209259	25.232857	25.255564	25.277309	25.297997	25.317558	25.335911	25.352995	25.368736	25.383083	25.395971	25.407360	25.417202	25.425463	25.432110	25.437119	25.440466	25.442144	25.442142	25.440468	25.437117	25.432114	25.425465	25.417204	25.407364	25.395971	25.383083	25.368740	25.352999	25.335915	25.317562	25.298002	25.277311	25.255568	25.232857	25.209263	25.184874	25.159786	25.134090	25.107891	25.081276	25.054356	25.027229	
25.026211	25.052322	25.078232	25.103849	25.129068	25.153805	25.177952	25.201427	25.224136	25.245998	25.266922	25.286842	25.305668	25.323338	25.339779	25.354935	25.368736	25.381147	25.392107	25.401581	25.409531	25.415932	25.420752	25.423975	25.425589	25.425591	25.423977	25.420752	25.415932	25.409534	25.401585	25.392109	25.381149	25.368740	25.354935	25.339779	25.323339	25.305672	25.286842	25.266928	25.245998	25.224140	25.201427	25.177956	25.153805	25.129070	25.103848	25.078234	25.052319	25.026211	
25.025089	25.050087	25.074894	25.099415	25.123562	25.147236	25.170357	25.192827	25.214569	25.235493	25.255531	25.274593	25.292622	25.309532	25.325275	25.339779	25.352999	25.364872	25.375370	25.384438	25.392052	25.398174	25.402790	25.405872	25.407421	25.407421	25.405876	25.402790	25.398174	25.392052	25.384441	25.375370	25.364876	25.352999	25.339783	25.325275	25.309536	25.292622	25.274599	25.255531	25.235500	25.214569	25.192829	25.170357	25.147236	25.123562	25.099415	25.074892	25.050089	25.025091	
25.023876	25.047665	25.071270	25.094606	25.117580	25.140114	25.162111	25.183498	25.204185	25.224102	25.243164	25.261311	25.278461	25.294556	25.309534	25.323339	25.335915	25.347221	25.357204	25.365837	25.373077	25.378908	25.383297	25.386236	25.387705	25.387707	25.386234	25.383297	25.378910	25.373081	25.365839	25.357208	25.347221	25.335918	25.323341	25.309536	25.294558	25.278461	25.261311	25.243168	25.224102	25.204189	25.183498	25.162113	25.140114	25.117580	25.094604	25.071270	25.047661	25.023876	
25.022572	25.045059	25.067377	25.089436	25.111156	25.132458	25.153255	25.173470	25.193031	25.211853	25.229881	25.247028	25.263247	25.278460	25.292622	25.305672	25.317562	25.328245	25.337688	25.345844	25.352695	25.358200	25.362354	25.365128	25.366520	25.366520	25.365131	25.362354	25.358204	25.352695	25.345848	25.337688	25.328247	25.317562	25.305672	25.292624	25.278461	25.263245	25.247032	25.229879	25.211859	25.193031	25.173473	25.153255	25.132456	25.111156	25.089436	25.067373	25.045059	25.022572	
25.021181	25.042284	25.063225	25.083927	25.104311	25.124298	25.143814	25.162788	25.181137	25.198809	25.215719	25.231815	25.247030	25.261311	25.274597	25.286846	25.298000	25.308029	25.316887	25.324547	25.330971	25.336143	25.340034	25.342642	25.343945	25.343946	25.342642	25.340038	25.336143	25.330973	25.324545	25.316891	25.308031	25.298002	25.286846	25.274597	25.261311	25.247032	25.231817	25.215721	25.198809	25.181141	25.162788	25.143816	25.124298	25.104309	25.083925	25.063225	25.042282	25.021183	
25.019711	25.039349	25.058838	25.078100	25.097069	25.115669	25.133831	25.151484	25.168564	25.185001	25.200745	25.215721	25.229881	25.243168	25.255535	25.266928	25.277313	25.286644	25.294889	25.302013	25.307993	25.312801	25.316429	25.318851	25.320068	25.320066	25.318853	25.316429	25.312805	25.307991	25.302013	25.294888	25.286646	25.277313	25.266930	25.255533	25.243168	25.229881	25.215721	25.200745	25.185005	25.168564	25.151485	25.133831	25.115667	25.097069	25.078098	25.058836	25.039349	25.019711	
25.018166	25.036263	25.054224	25.071980	25.089458	25.106602	25.123337	25.139610	25.155346	25.170500	25.185005	25.198811	25.211859	25.224106	25.235500	25.246002	25.255569	25.264172	25.271769	25.278336	25.283846	25.288280	25.291618	25.293854	25.294973	25.294975	25.293854	25.291622	25.288280	25.283846	25.278336	25.271770	25.264172	25.255571	25.246002	25.235500	25.224102	25.211857	25.198809	25.185005	25.170502	25.155350	25.139608	25.123339	25.106602	25.089457	25.071978	25.054222	25.036263	25.018166	
25.016552	25.033043	25.049404	25.065582	25.081511	25.097126	25.112377	25.127201	25.141544	25.155348	25.168564	25.181143	25.193031	25.204189	25.214573	25.224144	25.232861	25.240696	25.247618	25.253603	25.258623	25.262663	25.265707	25.267742	25.268761	25.268761	25.267742	25.265705	25.262665	25.258625	25.253601	25.247620	25.240694	25.232861	25.224140	25.214573	25.204187	25.193033	25.181141	25.168568	25.155350	25.141544	25.127205	25.112379	25.097126	25.081509	25.065580	25.049404	25.033039	25.016552	
25.014874	25.029694	25.044399	25.058937	25.073250	25.087288	25.100990	25.114315	25.127201	25.139608	25.151485	25.162788	25.173473	25.183500	25.192833	25.201431	25.209267	25.216309	25.222530	25.227909	25.232418	25.236050	25.238785	25.240612	25.241531	25.241531	25.240616	25.238785	25.236050	25.232420	25.227907	25.222528	25.216309	25.209267	25.201431	25.192829	25.183502	25.173473	25.162792	25.151485	25.139610	25.127205	25.114315	25.100990	25.087288	25.073250	25.058937	25.044397	25.029692	25.014874	
25.013142	25.026232	25.039227	25.052067	25.064714	25.077114	25.089222	25.100990	25.112379	25.123337	25.133831	25.143816	25.153255	25.162117	25.170361	25.177956	25.184879	25.191099	25.196596	25.201347	25.205334	25.208540	25.210955	25.212574	25.213383	25.213383	25.212572	25.210957	25.208542	25.205334	25.201345	25.196598	25.191101	25.184877	25.177956	25.170359	25.162113	25.153259	25.143818	25.133833	25.123341	25.112377	25.100992	25.089224	25.077114	25.064716	25.052067	25.039225	25.026230	25.013142	
25.011356	25.022675	25.033901	25.045002	25.055931	25.066650	25.077114	25.087288	25.097126	25.106602	25.115667	25.124298	25.132458	25.140116	25.147240	25.153809	25.159790	25.165169	25.169918	25.174023	25.177467	25.180241	25.182329	25.183725	25.184425	25.184425	25.183727	25.182331	25.180241	25.177469	25.174023	25.169916	25.165165	25.159790	25.153805	25.147240	25.140114	25.132458	25.124302	25.115669	25.106602	25.097130	25.087288	25.077114	25.066650	25.055931	25.045002	25.033899	25.022675	25.011356	
25.009531	25.019024	25.028450	25.037766	25.046938	25.055931	25.064716	25.073250	25.081509	25.089457	25.097069	25.104313	25.111160	25.117584	25.123566	25.129074	25.134096	25.138607	25.142595	25.146040	25.148932	25.151257	25.153009	25.154182	25.154770	25.154770	25.154182	25.153011	25.151257	25.148932	25.146038	25.142593	25.138607	25.134094	25.129074	25.123564	25.117584	25.111160	25.104311	25.097071	25.089458	25.081509	25.073250	25.064714	25.055931	25.046938	25.037764	25.028450	25.019024	25.009531	
25.007668	25.015308	25.022888	25.030388	25.037766	25.045002	25.052067	25.058937	25.065578	25.071978	25.078102	25.083927	25.089437	25.094608	25.099419	25.103851	25.107893	25.111523	25.114731	25.117500	25.119829	25.121698	25.123112	25.124054	25.124525	25.124527	25.124054	25.123112	25.121700	25.119827	25.117500	25.114729	25.111523	25.107891	25.103851	25.099417	25.094608	25.089439	25.083927	25.078102	25.071980	25.065582	25.058937	25.052067	25.045002	25.037764	25.030384	25.022888	25.015308	25.007668	
25.005777	25.011532	25.017244	25.022892	25.028450	25.033901	25.039223	25.044399	25.049406	25.054222	25.058836	25.063227	25.067375	25.071270	25.074894	25.078236	25.081278	25.084015	25.086430	25.088520	25.090271	25.091682	25.092743	25.093454	25.093811	25.093811	25.093454	25.092743	25.091679	25.090271	25.088518	25.086430	25.084013	25.081280	25.078234	25.074898	25.071270	25.067377	25.063225	25.058838	25.054222	25.049404	25.044399	25.039227	25.033901	25.028450	25.022888	25.017242	25.011532	25.005775	
25.003862	25.007713	25.011532	25.015308	25.019026	25.022673	25.026232	25.029694	25.033039	25.036263	25.039349	25.042284	25.045061	25.047665	25.050089	25.052322	25.054356	25.056187	25.057804	25.059200	25.060371	25.061314	25.062027	25.062500	25.062738	25.062740	25.062500	25.062023	25.061314	25.060371	25.059200	25.057800	25.056187	25.054358	25.052322	25.050087	25.047665	25.045059	25.042286	25.039349	25.036264	25.033043	25.029694	25.026234	25.022671	25.019028	25.015308	25.011532	25.007711	25.003862	
25.001938	25.003864	25.005777	25.007668	25.009533	25.011356	25.013142	25.014874	25.016552	25.018166	25.019712	25.021183	25.022572	25.023878	25.025091	25.026211	25.027229	25.028145	25.028957	25.029655	25.030243	25.030716	25.031071	25.031309	25.031429	25.031429	25.031309	25.031071	25.030716	25.030243	25.029655	25.028955	25.028147	25.027229	25.026211	25.025093	25.023876	25.022573	25.021183	25.019714	25.018166	25.016552	25.014874	25.013142	25.011358	25.009531	25.007668	25.005779	25.003864	25.001934	
