25.001156	25.002306	25.003447	25.004578	25.005688	25.006779	25.007843	25.008875	25.009876	25.010838	25.011763	25.012638	25.013470	25.014248	25.014973	25.015640	25.016247	25.016794	25.017277	25.017696	25.018045	25.018326	25.018539	25.018682	25.018753	25.018753	25.018682	25.018539	25.018328	25.018045	25.017694	25.017277	25.016796	25.016249	25.015640	25.014973	25.014248	25.013470	25.012638	25.011765	25.010839	25.009876	25.008877	25.007841	25.006779	25.005688	25.004576	25.003447	25.002306	25.001156	
25.002308	25.004604	25.006882	25.009134	25.011354	25.013531	25.015656	25.017717	25.019714	25.021641	25.023479	25.025232	25.026888	25.028442	25.029888	25.031219	25.032433	25.033525	25.034489	25.035320	25.036022	25.036583	25.037010	25.037292	25.037437	25.037434	25.037292	25.037010	25.036583	25.036022	25.035322	25.034491	25.033527	25.032436	25.031221	25.029888	25.028442	25.026890	25.025234	25.023479	25.021639	25.019716	25.017719	25.015656	25.013529	25.011353	25.009136	25.006882	25.004602	25.002306	
25.003448	25.006882	25.010288	25.013660	25.016975	25.020231	25.023405	25.026491	25.029480	25.032352	25.035107	25.037725	25.040205	25.042526	25.044689	25.046680	25.048496	25.050129	25.051571	25.052816	25.053864	25.054703	25.055336	25.055763	25.055975	25.055975	25.055763	25.055338	25.054705	25.053862	25.052818	25.051571	25.050131	25.048496	25.046684	25.044691	25.042530	25.040203	25.037727	25.035109	25.032356	25.029480	25.026495	25.023403	25.020229	25.016975	25.013660	25.010288	25.006884	25.003448	
25.004578	25.009136	25.013660	25.018131	25.022533	25.026854	25.031071	25.035168	25.039131	25.042950	25.046600	25.050079	25.053366	25.056450	25.059322	25.061966	25.064377	25.066544	25.068457	25.070110	25.071499	25.072615	25.073456	25.074020	25.074303	25.074303	25.074020	25.073458	25.072615	25.071499	25.070110	25.068459	25.066544	25.064379	25.061966	25.059326	25.056454	25.053368	25.050081	25.046604	25.042950	25.039135	25.035168	25.031071	25.026852	25.022535	25.018131	25.013660	25.009134	25.004576	
25.005688	25.011356	25.016975	25.022535	25.028008	25.033375	25.038616	25.043707	25.048637	25.053379	25.057922	25.062241	25.066330	25.070160	25.073730	25.077015	25.080013	25.082705	25.085083	25.087139	25.088865	25.090250	25.091297	25.091995	25.092348	25.092346	25.091999	25.091297	25.090252	25.088861	25.087139	25.085083	25.082706	25.080013	25.077019	25.073730	25.070164	25.066330	25.062244	25.057922	25.053381	25.048637	25.043709	25.038614	25.033375	25.028008	25.022533	25.016977	25.011353	25.005688	
25.006779	25.013527	25.020229	25.026854	25.033375	25.039772	25.046013	25.052086	25.057955	25.063610	25.069019	25.074173	25.079037	25.083607	25.087856	25.091776	25.095343	25.098553	25.101387	25.103838	25.105890	25.107548	25.108791	25.109625	25.110041	25.110043	25.109623	25.108793	25.107544	25.105892	25.103836	25.101387	25.098553	25.095346	25.091774	25.087860	25.083607	25.079041	25.074169	25.069023	25.063610	25.057957	25.052082	25.046013	25.039770	25.033375	25.026852	25.020229	25.013529	25.006775	
25.007843	25.015656	25.023405	25.031069	25.038616	25.046013	25.053242	25.060261	25.067057	25.073593	25.079857	25.085814	25.091448	25.096731	25.101650	25.106182	25.110313	25.114025	25.117306	25.120138	25.122520	25.124432	25.125874	25.126835	25.127319	25.127319	25.126839	25.125874	25.124432	25.122519	25.120140	25.117304	25.114029	25.110313	25.106186	25.101650	25.096735	25.091448	25.085815	25.079857	25.073597	25.067059	25.060261	25.053238	25.046013	25.038614	25.031067	25.023407	25.015652	25.007841	
25.008877	25.017717	25.026493	25.035168	25.043709	25.052086	25.060261	25.068214	25.075901	25.083305	25.090389	25.097136	25.103508	25.109493	25.115059	25.120193	25.124865	25.129068	25.132778	25.135988	25.138680	25.140846	25.142475	25.143568	25.144112	25.144115	25.143566	25.142477	25.140846	25.138680	25.135986	25.132782	25.129066	25.124868	25.120190	25.115063	25.109493	25.103512	25.097134	25.090393	25.083305	25.075905	25.068211	25.060261	25.052084	25.043709	25.035168	25.026493	25.017719	25.008875	
25.009876	25.019716	25.029480	25.039131	25.048637	25.057953	25.067059	25.075899	25.084459	25.092693	25.100584	25.108086	25.115181	25.121836	25.128033	25.133739	25.138943	25.143616	25.147751	25.151318	25.154316	25.156723	25.158541	25.159754	25.160362	25.160362	25.159756	25.158539	25.156725	25.154314	25.151321	25.147747	25.143620	25.138943	25.133743	25.128033	25.121840	25.115179	25.108088	25.100584	25.092701	25.084461	25.075901	25.067057	25.057955	25.048637	25.039131	25.029480	25.019714	25.009876	
25.010841	25.021639	25.032354	25.042950	25.053379	25.063610	25.073593	25.083305	25.092695	25.101738	25.110390	25.118629	25.126411	25.133720	25.140518	25.146786	25.152491	25.157627	25.162157	25.166077	25.169365	25.172012	25.174002	25.175337	25.176003	25.176006	25.175335	25.174004	25.172009	25.169365	25.166073	25.162159	25.157623	25.152496	25.146784	25.140522	25.133720	25.126415	25.118628	25.110394	25.101738	25.092697	25.083305	25.073597	25.063610	25.053379	25.042950	25.032356	25.021641	25.010839	
25.011763	25.023479	25.035107	25.046600	25.057922	25.069016	25.079857	25.090389	25.100584	25.110392	25.119785	25.128716	25.137169	25.145092	25.152473	25.159269	25.165466	25.171032	25.175955	25.180202	25.183773	25.186642	25.188807	25.190250	25.190979	25.190975	25.190254	25.188803	25.186646	25.183769	25.180206	25.175951	25.171036	25.165466	25.159273	25.152472	25.145098	25.137165	25.128719	25.119783	25.110394	25.100582	25.090393	25.079857	25.069019	25.057922	25.046600	25.035110	25.023479	25.011761	
25.012642	25.025230	25.037727	25.050079	25.062241	25.074169	25.085812	25.097137	25.108086	25.118629	25.128719	25.138325	25.147400	25.155922	25.163845	25.171154	25.177811	25.183796	25.189079	25.193649	25.197479	25.200569	25.202890	25.204445	25.205223	25.205227	25.204445	25.202892	25.200565	25.197483	25.193647	25.189079	25.183792	25.177814	25.171154	25.163849	25.155920	25.147402	25.138323	25.128719	25.118629	25.108086	25.097137	25.085815	25.074171	25.062241	25.050079	25.037725	25.025230	25.012638	
25.013470	25.026886	25.040203	25.053364	25.066328	25.079033	25.091450	25.103508	25.115183	25.126413	25.137171	25.147400	25.157078	25.166153	25.174603	25.182386	25.189484	25.195856	25.201492	25.206356	25.210445	25.213730	25.216209	25.217863	25.218695	25.218693	25.217865	25.216206	25.213734	25.210442	25.206360	25.201488	25.195858	25.189480	25.182390	25.174603	25.166157	25.157076	25.147402	25.137169	25.126415	25.115181	25.103510	25.091450	25.079037	25.066330	25.053368	25.040205	25.026888	25.013470	
25.014248	25.028442	25.042524	25.056450	25.070160	25.083605	25.096729	25.109493	25.121836	25.133720	25.145096	25.155922	25.166151	25.175756	25.184692	25.192932	25.200432	25.207180	25.213133	25.218287	25.222607	25.226086	25.228703	25.230455	25.231333	25.231335	25.230453	25.228706	25.226084	25.222610	25.218285	25.213137	25.207176	25.200436	25.192928	25.184696	25.175758	25.166155	25.155922	25.145096	25.133722	25.121838	25.109495	25.096733	25.083607	25.070160	25.056454	25.042526	25.028442	25.014248	
25.014971	25.029884	25.044689	25.059319	25.073727	25.087852	25.101650	25.115057	25.128033	25.140518	25.152475	25.163845	25.174603	25.184690	25.194084	25.202738	25.210625	25.217709	25.223974	25.229382	25.233929	25.237576	25.240334	25.242170	25.243095	25.243093	25.242174	25.240332	25.237583	25.233925	25.229387	25.223972	25.217712	25.210625	25.202740	25.194084	25.184694	25.174604	25.163849	25.152473	25.140518	25.128035	25.115061	25.101654	25.087856	25.073730	25.059319	25.044689	25.029886	25.014973	
25.015640	25.031219	25.046679	25.061966	25.077015	25.091774	25.106180	25.120192	25.133739	25.146786	25.159267	25.171158	25.182384	25.192928	25.202738	25.211781	25.220015	25.227421	25.233959	25.239613	25.244354	25.248175	25.251045	25.252972	25.253933	25.253935	25.252972	25.251049	25.248173	25.244358	25.239613	25.233961	25.227419	25.220016	25.211781	25.202740	25.192932	25.182388	25.171158	25.159273	25.146790	25.133743	25.120192	25.106182	25.091776	25.077015	25.061966	25.046680	25.031221	25.015640	
25.016247	25.032433	25.048496	25.064375	25.080009	25.095341	25.110313	25.124863	25.138945	25.152493	25.165466	25.177809	25.189482	25.200432	25.210625	25.220016	25.228573	25.236265	25.243061	25.248932	25.253862	25.257824	25.260815	25.262810	25.263813	25.263809	25.262814	25.260815	25.257828	25.253860	25.248934	25.243061	25.236267	25.228575	25.220015	25.210629	25.200434	25.189486	25.177814	25.165468	25.152494	25.138947	25.124863	25.110315	25.095343	25.080013	25.064377	25.048500	25.032433	25.016249	
25.016792	25.033524	25.050127	25.066544	25.082703	25.098551	25.114023	25.129066	25.143616	25.157627	25.171032	25.183796	25.195854	25.207176	25.217710	25.227417	25.236263	25.244215	25.251236	25.257309	25.262400	25.266502	25.269585	25.271656	25.272686	25.272688	25.271654	25.269588	25.266500	25.262402	25.257307	25.251236	25.244215	25.236265	25.227421	25.217710	25.207180	25.195858	25.183796	25.171036	25.157627	25.143618	25.129066	25.114025	25.098553	25.082703	25.066544	25.050129	25.033527	25.016794	
25.017277	25.034489	25.051571	25.068455	25.085081	25.101383	25.117306	25.132778	25.147749	25.162155	25.175953	25.189079	25.201490	25.213135	25.223972	25.233959	25.243059	25.251240	25.258465	25.264706	25.269949	25.274162	25.277342	25.279463	25.280529	25.280529	25.279467	25.277340	25.274164	25.269947	25.264709	25.258463	25.251238	25.243061	25.233959	25.223974	25.213135	25.201488	25.189079	25.175953	25.162159	25.147751	25.132778	25.117304	25.101385	25.085083	25.068455	25.051571	25.034489	25.017277	
25.017696	25.035322	25.052814	25.070110	25.087135	25.103836	25.120138	25.135986	25.151318	25.166077	25.180202	25.193647	25.206356	25.218285	25.229382	25.239613	25.248932	25.257309	25.264706	25.271103	25.276468	25.280788	25.284039	25.286217	25.287308	25.287308	25.286217	25.284040	25.280788	25.276470	25.271103	25.264706	25.257307	25.248932	25.239613	25.229382	25.218285	25.206360	25.193645	25.180202	25.166077	25.151318	25.135986	25.120138	25.103834	25.087139	25.070110	25.052818	25.035324	25.017696	
25.018044	25.036022	25.053862	25.071495	25.088863	25.105890	25.122517	25.138676	25.154314	25.169363	25.183773	25.197483	25.210443	25.222605	25.233925	25.244354	25.253860	25.262402	25.269947	25.276470	25.281942	25.286345	25.289665	25.291882	25.292995	25.292995	25.291883	25.289665	25.286346	25.281944	25.276470	25.269947	25.262400	25.253859	25.244354	25.233925	25.222607	25.210442	25.197481	25.183769	25.169361	25.154316	25.138678	25.122517	25.105892	25.088861	25.071499	25.053860	25.036022	25.018045	
25.018328	25.036585	25.054703	25.072617	25.090248	25.107546	25.124430	25.140842	25.156723	25.172009	25.186642	25.200567	25.213730	25.226084	25.237577	25.248173	25.257824	25.266499	25.274162	25.280787	25.286346	25.290819	25.294188	25.296444	25.297569	25.297571	25.296444	25.294188	25.290821	25.286346	25.280788	25.274162	25.266499	25.257824	25.248173	25.237579	25.226084	25.213730	25.200565	25.186642	25.172009	25.156723	25.140842	25.124432	25.107544	25.090252	25.072613	25.054703	25.036585	25.018328	
25.018539	25.037006	25.055336	25.073454	25.091299	25.108788	25.125872	25.142475	25.158539	25.174000	25.188805	25.202888	25.216206	25.228703	25.240330	25.251047	25.260811	25.269585	25.277340	25.284040	25.289663	25.294186	25.297596	25.299875	25.301018	25.301018	25.299873	25.297598	25.294188	25.289661	25.284039	25.277340	25.269587	25.260813	25.251045	25.240330	25.228703	25.216206	25.202888	25.188805	25.174000	25.158539	25.142477	25.125874	25.108791	25.091297	25.073456	25.055336	25.037010	25.018539	
25.018681	25.037291	25.055759	25.074020	25.091995	25.109623	25.126835	25.143566	25.159752	25.175335	25.190250	25.204445	25.217861	25.230453	25.242172	25.252970	25.262810	25.271652	25.279465	25.286217	25.291882	25.296442	25.299873	25.302170	25.303322	25.303322	25.302172	25.299875	25.296440	25.291882	25.286217	25.279465	25.271652	25.262810	25.252972	25.242172	25.230455	25.217861	25.204445	25.190248	25.175335	25.159756	25.143566	25.126835	25.109623	25.091995	25.074017	25.055763	25.037291	25.018681	
25.018753	25.037434	25.055971	25.074301	25.092346	25.110039	25.127319	25.144112	25.160360	25.176001	25.190975	25.205219	25.218689	25.231329	25.243093	25.253933	25.263809	25.272684	25.280529	25.287308	25.292994	25.297569	25.301018	25.303322	25.304476	25.304474	25.303322	25.301016	25.297569	25.292992	25.287304	25.280529	25.272686	25.263811	25.253935	25.243093	25.231333	25.218693	25.205223	25.190975	25.176003	25.160362	25.144115	25.127319	25.110041	25.092344	25.074299	25.055973	25.037434	25.018753	
25.018753	25.037434	25.055971	25.074301	25.092346	25.110039	25.127319	25.144112	25.160360	25.176001	25.190975	25.205219	25.218689	25.231329	25.243093	25.253933	25.263809	25.272684	25.280529	25.287308	25.292994	25.297569	25.301018	25.303322	25.304476	25.304474	25.303322	25.301016	25.297569	25.292992	25.287304	25.280529	25.272686	25.263811	25.253935	25.243093	25.231333	25.218693	25.205223	25.190975	25.176003	25.160362	25.144115	25.127319	25.110041	25.092344	25.074299	25.055973	25.037434	25.018753	
25.018681	25.037291	25.055759	25.074020	25.091995	25.109623	25.126835	25.143566	25.159752	25.175335	25.190250	25.204445	25.217861	25.230453	25.242172	25.252970	25.262810	25.271652	25.279465	25.286217	25.291882	25.296442	25.299873	25.302170	25.303322	25.303322	25.302172	25.299875	25.296440	25.291882	25.286217	25.279465	25.271652	25.262810	25.252972	25.242172	25.230455	25.217861	25.204445	25.190248	25.175335	25.159756	25.143566	25.126835	25.109623	25.091995	25.074017	25.055763	25.037291	25.018681	
25.018539	25.037006	25.055336	25.073454	25.091299	25.108788	25.125872	25.142475	25.158539	25.174000	25.188805	25.202888	25.216206	25.228703	25.240330	25.251047	25.260811	25.269585	25.277340	25.284040	25.289663	25.294186	25.297596	25.299875	25.301018	25.301018	25.299873	25.297598	25.294188	25.289661	25.284039	25.277340	25.269587	25.260813	25.251045	25.240330	25.228703	25.216206	25.202888	25.188805	25.174000	25.158539	25.142477	25.125874	25.108791	25.091297	25.073456	25.055336	25.037010	25.018539	
25.018328	25.036585	25.054703	25.072617	25.090248	25.107546	25.124430	25.140842	25.156723	25.172009	25.186642	25.200567	25.213730	25.226084	25.237577	25.248173	25.257824	25.266499	25.274162	25.280787	25.286346	25.290819	25.294188	25.296444	25.297569	25.297571	25.296444	25.294188	25.290821	25.286346	25.280788	25.274162	25.266499	25.257824	25.248173	25.237579	25.226084	25.213730	25.200565	25.186642	25.172009	25.156723	25.140842	25.124432	25.107544	25.090252	25.072613	25.054703	25.036585	25.018328	
25.018044	25.036022	25.053862	25.071495	25.088863	25.105890	25.122517	25.138676	25.154314	25.169363	25.183773	25.197483	25.210443	25.222605	25.233925	25.244354	25.253860	25.262402	25.269947	25.276470	25.281942	25.286345	25.289665	25.291882	25.292995	25.292995	25.291883	25.289665	25.286346	25.281944	25.276470	25.269947	25.262400	25.253859	25.244354	25.233925	25.222607	25.210442	25.197481	25.183769	25.169361	25.154316	25.138678	25.122517	25.105892	25.088861	25.071499	25.053860	25.036022	25.018045	
25.017696	25.035322	25.052814	25.070110	25.087135	25.103836	25.120138	25.135986	25.151318	25.166077	25.180202	25.193647	25.206356	25.218285	25.229382	25.239613	25.248932	25.257309	25.264706	25.271103	25.276468	25.280788	25.284039	25.286217	25.287308	25.287308	25.286217	25.284040	25.280788	25.276470	25.271103	25.264706	25.257307	25.248932	25.239613	25.229382	25.218285	25.206360	25.193645	25.180202	25.166077	25.151318	25.135986	25.120138	25.103834	25.087139	25.070110	25.052818	25.035324	25.017696	
25.017277	25.034489	25.051571	25.068455	25.085081	25.101383	25.117306	25.132778	25.147749	25.162155	25.175953	25.189079	25.201490	25.213135	25.223972	25.233959	25.243059	25.251240	25.258465	25.264706	25.269949	25.274162	25.277342	25.279463	25.280529	25.280529	25.279467	25.277340	25.274164	25.269947	25.264709	25.258463	25.251238	25.243061	25.233959	25.223974	25.213135	25.201488	25.189079	25.175953	25.162159	25.147751	25.132778	25.117304	25.101385	25.085083	25.068455	25.051571	25.034489	25.017277	
25.016792	25.033524	25.050127	25.066544	25.082703	25.098551	25.114023	25.129066	25.143616	25.157627	25.171032	25.183796	25.195854	25.207176	25.217710	25.227417	25.236263	25.244215	25.251236	25.257309	25.262400	25.266502	25.269585	25.271656	25.272686	25.272688	25.271654	25.269588	25.266500	25.262402	25.257307	25.251236	25.244215	25.236265	25.227421	25.217710	25.207180	25.195858	25.183796	25.171036	25.157627	25.143618	25.129066	25.114025	25.098553	25.082703	25.066544	25.050129	25.033527	25.016794	
25.016247	25.032433	25.048496	25.064375	25.080009	25.095341	25.110313	25.124863	25.138945	25.152493	25.165466	25.177809	25.189482	25.200432	25.210625	25.220016	25.228573	25.236265	25.243061	25.248932	25.253862	25.257824	25.260815	25.262810	25.263813	25.263809	25.262814	25.260815	25.257828	25.253860	25.248934	25.243061	25.236267	25.228575	25.220015	25.210629	25.200434	25.189486	25.177814	25.165468	25.152494	25.138947	25.124863	25.110315	25.095343	25.080013	25.064377	25.048500	25.032433	25.016249	
25.015640	25.031219	25.046679	25.061966	25.077015	25.091774	25.106180	25.120192	25.133739	25.146786	25.159267	25.171158	25.182384	25.192928	25.202738	25.211781	25.220015	25.227421	25.233959	25.239613	25.244354	25.248175	25.251045	25.252972	25.253933	25.253935	25.252972	25.251049	25.248173	25.244358	25.239613	25.233961	25.227419	25.220016	25.211781	25.202740	25.192932	25.182388	25.171158	25.159273	25.146790	25.133743	25.120192	25.106182	25.091776	25.077015	25.061966	25.046680	25.031221	25.015640	
25.014971	25.029884	25.044689	25.059319	25.073727	25.087852	25.101650	25.115057	25.128033	25.140518	25.152475	25.163845	25.174603	25.184690	25.194084	25.202738	25.210625	25.217709	25.223974	25.229382	25.233929	25.237576	25.240334	25.242170	25.243095	25.243093	25.242174	25.240332	25.237583	25.233925	25.229387	25.223972	25.217712	25.210625	25.202740	25.194084	25.184694	25.174604	25.163849	25.152473	25.140518	25.128035	25.115061	25.101654	25.087856	25.073730	25.059319	25.044689	25.029886	25.014973	
25.014248	25.028442	25.042524	25.056450	25.070160	25.083605	25.096729	25.109493	25.121836	25.133720	25.145096	25.155922	25.166151	25.175756	25.184692	25.192932	25.200432	25.207180	25.213133	25.218287	25.222607	25.226086	25.228703	25.230455	25.231333	25.231335	25.230453	25.228706	25.226084	25.222610	25.218285	25.213137	25.207176	25.200436	25.192928	25.184696	25.175758	25.166155	25.155922	25.145096	25.133722	25.121838	25.109495	25.096733	25.083607	25.070160	25.056454	25.042526	25.028442	25.014248	
25.013470	25.026886	25.040203	25.053364	25.066328	25.079033	25.091450	25.103508	25.115183	25.126413	25.137171	25.147400	25.157078	25.166153	25.174603	25.182386	25.189484	25.195856	25.201492	25.206356	25.210445	25.213730	25.216209	25.217863	25.218695	25.218693	25.217865	25.216206	25.213734	25.210442	25.206360	25.201488	25.195858	25.189480	25.182390	25.174603	25.166157	25.157076	25.147402	25.137169	25.126415	25.115181	25.103510	25.091450	25.079037	25.066330	25.053368	25.040205	25.026888	25.013470	
25.012642	25.025230	25.037727	25.050079	25.062241	25.074169	25.085812	25.097137	25.108086	25.118629	25.128719	25.138325	25.147400	25.155922	25.163845	25.171154	25.177811	25.183796	25.189079	25.193649	25.197479	25.200569	25.202890	25.204445	25.205223	25.205227	25.204445	25.202892	25.200565	25.197483	25.193647	25.189079	25.183792	25.177814	25.171154	25.163849	25.155920	25.147402	25.138323	25.128719	25.118629	25.108086	25.097137	25.085815	25.074171	25.062241	25.050079	25.037725	25.025230	25.012638	
25.011763	25.023479	25.035107	25.046600	25.057922	25.069016	25.079857	25.090389	25.100584	25.110392	25.119785	25.128716	25.137169	25.145092	25.152473	25.159269	25.165466	25.171032	25.175955	25.180202	25.183773	25.186642	25.188807	25.190250	25.190979	25.190975	25.190254	25.188803	25.186646	25.183769	25.180206	25.175951	25.171036	25.165466	25.159273	25.152472	25.145098	25.137165	25.128719	25.119783	25.110394	25.100582	25.090393	25.079857	25.069019	25.057922	25.046600	25.035110	25.023479	25.011761	
25.010841	25.021639	25.032354	25.042950	25.053379	25.063610	25.073593	25.083305	25.092695	25.101738	25.110390	25.118629	25.126411	25.133720	25.140518	25.146786	25.152491	25.157627	25.162157	25.166077	25.169365	25.172012	25.174002	25.175337	25.176003	25.176006	25.175335	25.174004	25.172009	25.169365	25.166073	25.162159	25.157623	25.152496	25.146784	25.140522	25.133720	25.126415	25.118628	25.110394	25.101738	25.092697	25.083305	25.073597	25.063610	25.053379	25.042950	25.032356	25.021641	25.010839	
25.009876	25.019716	25.029480	25.039131	25.048637	25.057953	25.067059	25.075899	25.084459	25.092693	25.100584	25.108086	25.115181	25.121836	25.128033	25.133739	25.138943	25.143616	25.147751	25.151318	25.154316	25.156723	25.158541	25.159754	25.160362	25.160362	25.159756	25.158539	25.156725	25.154314	25.151321	25.147747	25.143620	25.138943	25.133743	25.128033	25.121840	25.115179	25.108088	25.100584	25.092701	25.084461	25.075901	25.067057	25.057955	25.048637	25.039131	25.029480	25.019714	25.009876	
25.008877	25.017717	25.026493	25.035168	25.043709	25.052086	25.060261	25.068214	25.075901	25.083305	25.090389	25.097136	25.103508	25.109493	25.115059	25.120193	25.124865	25.129068	25.132778	25.135988	25.138680	25.140846	25.142475	25.143568	25.144112	25.144115	25.143566	25.142477	25.140846	25.138680	25.135986	25.132782	25.129066	25.124868	25.120190	25.115063	25.109493	25.103512	25.097134	25.090393	25.083305	25.075905	25.068211	25.060261	25.052084	25.043709	25.035168	25.026493	25.017719	25.008875	
25.007843	25.015656	25.023405	25.031069	25.038616	25.046013	25.053242	25.060261	25.067057	25.073593	25.079857	25.085814	25.091448	25.096731	25.101650	25.106182	25.110313	25.114025	25.117306	25.120138	25.122520	25.124432	25.125874	25.126835	25.127319	25.127319	25.126839	25.125874	25.124432	25.122519	25.120140	25.117304	25.114029	25.110313	25.106186	25.101650	25.096735	25.091448	25.085815	25.079857	25.073597	25.067059	25.060261	25.053238	25.046013	25.038614	25.031067	25.023407	25.015652	25.007841	
25.006779	25.013527	25.020229	25.026854	25.033375	25.039772	25.046013	25.052086	25.057955	25.063610	25.069019	25.074173	25.079037	25.083607	25.087856	25.091776	25.095343	25.098553	25.101387	25.103838	25.105890	25.107548	25.108791	25.109625	25.110041	25.110043	25.109623	25.108793	25.107544	25.105892	25.103836	25.101387	25.098553	25.095346	25.091774	25.087860	25.083607	25.079041	25.074169	25.069023	25.063610	25.057957	25.052082	25.046013	25.039770	25.033375	25.026852	25.020229	25.013529	25.006775	
25.005688	25.011356	25.016975	25.022535	25.028008	25.033375	25.038616	25.043707	25.048637	25.053379	25.057922	25.062241	25.066330	25.070160	25.073730	25.077015	25.080013	25.082705	25.085083	25.087139	25.088865	25.090250	25.091297	25.091995	25.092348	25.092346	25.091999	25.091297	25.090252	25.088861	25.087139	25.085083	25.082706	25.080013	25.077019	25.073730	25.070164	25.066330	25.062244	25.057922	25.053381	25.048637	25.043709	25.038614	25.033375	25.028008	25.022533	25.016977	25.011353	25.005688	
25.004578	25.009136	25.013660	25.018131	25.022533	25.026854	25.031071	25.035168	25.039131	25.042950	25.046600	25.050079	25.053366	25.056450	25.059322	25.061966	25.064377	25.066544	25.068457	25.070110	25.071499	25.072615	25.073456	25.074020	25.074303	25.074303	25.074020	25.073458	25.072615	25.071499	25.070110	25.068459	25.066544	25.064379	25.061966	25.059326	25.056454	25.053368	25.050081	25.046604	25.042950	25.039135	25.035168	25.031071	25.026852	25.022535	25.018131	25.013660	25.009134	25.004576	
25.003448	25.006882	25.010288	25.013660	25.016975	25.020231	25.023405	25.026491	25.029480	25.032352	25.035107	25.037725	25.040205	25.042526	25.044689	25.046680	25.048496	25.050129	25.051571	25.052816	25.053864	25.054703	25.055336	25.055763	25.055975	25.055975	25.055763	25.055338	25.054705	25.053862	25.052818	25.051571	25.050131	25.048496	25.046684	25.044691	25.042530	25.040203	25.037727	25.035109	25.032356	25.029480	25.026495	25.023403	25.020229	25.016975	25.013660	25.010288	25.006884	25.003448	
25.002308	25.004604	25.006882	25.009134	25.011354	25.013531	25.015656	25.017717	25.019714	25.021641	25.023479	25.025232	25.026888	25.028442	25.029888	25.031219	25.032433	25.033525	25.034489	25.035320	25.036022	25.036583	25.037010	25.037292	25.037437	25.037434	25.037292	25.037010	25.036583	25.036022	25.035322	25.034491	25.033527	25.032436	25.031221	25.029888	25.028442	25.026890	25.025234	25.023479	25.021639	25.019716	25.017719	25.015656	25.013529	25.011353	25.009136	25.006882	25.004602	25.002306	
25.001156	25.002306	25.003447	25.004578	25.005688	25.006779	25.007843	25.008875	25.009876	25.010838	25.011763	25.012638	25.013470	25.014248	25.014973	25.015640	25.016247	25.016794	25.017277	25.017696	25.018045	25.018326	25.018539	25.018682	25.018753	25.018753	25.018682	25.018539	25.018328	25.018045	25.017694	25.017277	25.016796	25.016249	25.015640	25.014973	25.014248	25.013470	25.012638	25.011765	25.010839	25.009876	25.008877	25.007841	25.006779	25.005688	25.004576	25.003447	25.002306	25.001156	
