25.005421	25.010822	25.016178	25.021484	25.026699	25.031826	25.036821	25.041691	25.046394	25.050934	25.055269	25.059414	25.063320	25.066998	25.070414	25.073572	25.076443	25.079033	25.081314	25.083294	25.084949	25.086288	25.087292	25.087967	25.088303	25.088303	25.087965	25.087292	25.086288	25.084949	25.083294	25.081314	25.079033	25.076445	25.073572	25.070415	25.066999	25.063320	25.059414	25.055271	25.050934	25.046394	25.041691	25.036823	25.031826	25.026699	25.021482	25.016180	25.010822	25.005421	
25.010822	25.021603	25.032307	25.042879	25.053308	25.063522	25.073517	25.083216	25.092627	25.101665	25.110350	25.118593	25.126413	25.133738	25.140575	25.146862	25.152611	25.157761	25.162333	25.166271	25.169586	25.172249	25.174261	25.175602	25.176277	25.176277	25.175602	25.174263	25.172249	25.169590	25.166271	25.162334	25.157764	25.152613	25.146862	25.140575	25.133738	25.126417	25.118595	25.110352	25.101667	25.092627	25.083218	25.073517	25.063522	25.053308	25.042881	25.032305	25.021601	25.010822	
25.016182	25.032307	25.048302	25.064129	25.079704	25.095001	25.109917	25.124454	25.138493	25.152046	25.164993	25.177357	25.189016	25.200001	25.210194	25.219625	25.228191	25.235926	25.242733	25.248642	25.253586	25.257578	25.260574	25.262589	25.263594	25.263592	25.262589	25.260574	25.257580	25.253584	25.248644	25.242733	25.235926	25.228193	25.219624	25.210194	25.200001	25.189018	25.177357	25.164993	25.152046	25.138493	25.124454	25.109921	25.095001	25.079700	25.064133	25.048302	25.032305	25.016180	
25.021484	25.042881	25.064129	25.085125	25.105822	25.126101	25.145939	25.165195	25.183878	25.201822	25.219059	25.235424	25.250950	25.265484	25.279064	25.291538	25.302954	25.313181	25.322252	25.330070	25.336655	25.341934	25.345932	25.348593	25.349930	25.349930	25.348591	25.345932	25.341934	25.336655	25.330067	25.322256	25.313181	25.302954	25.291540	25.279062	25.265486	25.250950	25.235424	25.219059	25.201822	25.183876	25.165195	25.145939	25.126099	25.105824	25.085121	25.064129	25.042877	25.021484	
25.026701	25.053307	25.079704	25.105822	25.131521	25.156761	25.181381	25.205366	25.228529	25.250896	25.272261	25.292664	25.311903	25.330027	25.346848	25.362410	25.376545	25.389305	25.400541	25.410292	25.418447	25.425037	25.429983	25.433304	25.434961	25.434961	25.433304	25.429983	25.425037	25.418447	25.410294	25.400539	25.389307	25.376549	25.362410	25.346848	25.330025	25.311903	25.292660	25.272261	25.250896	25.228531	25.205362	25.181379	25.156761	25.131519	25.105824	25.079700	25.053308	25.026699	
25.031826	25.063522	25.094999	25.126101	25.156761	25.186802	25.216190	25.244717	25.272388	25.298975	25.324509	25.348751	25.371750	25.393280	25.413395	25.431875	25.448786	25.463936	25.477375	25.488953	25.498711	25.506531	25.512451	25.516392	25.518375	25.518375	25.516390	25.512451	25.506531	25.498711	25.488953	25.477375	25.463936	25.448784	25.431877	25.413395	25.393282	25.371750	25.348751	25.324507	25.298975	25.272388	25.244717	25.216188	25.186800	25.156761	25.126099	25.095001	25.063522	25.031826	
25.036819	25.073517	25.109919	25.145937	25.181379	25.216190	25.250139	25.283215	25.315165	25.346008	25.375473	25.403608	25.430141	25.455135	25.478333	25.499794	25.519289	25.536888	25.552380	25.565830	25.577074	25.586163	25.592983	25.597563	25.599850	25.599848	25.597565	25.592983	25.586163	25.577076	25.565830	25.552383	25.536886	25.519291	25.499794	25.478333	25.455135	25.430141	25.403606	25.375473	25.346008	25.315166	25.283215	25.250137	25.216188	25.181379	25.145939	25.109917	25.073517	25.036821	
25.041691	25.083216	25.124454	25.165195	25.205364	25.244717	25.283215	25.320587	25.356834	25.391670	25.425114	25.456877	25.487003	25.515211	25.541557	25.565771	25.587925	25.607769	25.625378	25.640545	25.653326	25.663574	25.671326	25.676491	25.679089	25.679089	25.676489	25.671326	25.663574	25.653328	25.640545	25.625380	25.607771	25.587925	25.565773	25.541557	25.515211	25.487003	25.456875	25.425116	25.391670	25.356834	25.320587	25.283213	25.244717	25.205360	25.165197	25.124453	25.083216	25.041691	
25.046394	25.092625	25.138493	25.183876	25.228531	25.272388	25.315165	25.356836	25.397093	25.435947	25.473080	25.508522	25.541962	25.573444	25.602676	25.629715	25.654282	25.676453	25.695972	25.712917	25.727089	25.738535	25.747129	25.752899	25.755779	25.755779	25.752901	25.747131	25.738537	25.727089	25.712917	25.695972	25.676453	25.654284	25.629715	25.602676	25.573444	25.541958	25.508522	25.473080	25.435949	25.397095	25.356834	25.315165	25.272385	25.228529	25.183872	25.138493	25.092627	25.046394	
25.050934	25.101667	25.152044	25.201822	25.250895	25.298973	25.346004	25.391666	25.435949	25.478508	25.519363	25.558174	25.594976	25.629440	25.661625	25.691210	25.718271	25.742519	25.764029	25.782560	25.798176	25.810694	25.820164	25.826473	25.829647	25.829647	25.826473	25.820162	25.810694	25.798174	25.782562	25.764029	25.742523	25.718269	25.691212	25.661625	25.629442	25.594976	25.558172	25.519363	25.478506	25.435947	25.391666	25.346001	25.298975	25.250893	25.201822	25.152044	25.101667	25.050934	
25.055271	25.110350	25.164993	25.219059	25.272261	25.324509	25.375473	25.425114	25.473080	25.519363	25.563602	25.605824	25.645664	25.683168	25.717995	25.750204	25.779480	25.805885	25.829147	25.849329	25.866215	25.879852	25.890091	25.896965	25.900396	25.900396	25.896965	25.890091	25.879850	25.866215	25.849327	25.829147	25.805883	25.779480	25.750206	25.717999	25.683170	25.645664	25.605824	25.563602	25.519363	25.473078	25.425112	25.375471	25.324503	25.272261	25.219057	25.164993	25.110350	25.055271	
25.059414	25.118593	25.177359	25.235426	25.292664	25.348751	25.403606	25.456879	25.508522	25.558174	25.605824	25.651098	25.694025	25.734232	25.771769	25.806286	25.837847	25.866138	25.891224	25.912844	25.931053	25.945660	25.956707	25.964067	25.967770	25.967770	25.964067	25.956707	25.945660	25.931051	25.912844	25.891220	25.866138	25.837847	25.806288	25.771769	25.734234	25.694027	25.651098	25.605825	25.558168	25.508524	25.456875	25.403606	25.348751	25.292664	25.235424	25.177359	25.118593	25.059414	
25.063318	25.126415	25.189018	25.250952	25.311903	25.371752	25.430145	25.487003	25.541962	25.594976	25.645664	25.694025	25.739670	25.782633	25.822535	25.859428	25.892971	25.923214	25.949869	25.972986	25.992332	26.007954	26.019686	26.027559	26.031492	26.031492	26.027557	26.019684	26.007954	25.992331	25.972984	25.949867	25.923212	25.892969	25.859428	25.822536	25.782633	25.739670	25.694025	25.645662	25.594978	25.541958	25.487005	25.430141	25.371750	25.311901	25.250952	25.189016	25.126415	25.063320	
25.066998	25.133736	25.200001	25.265486	25.330025	25.393282	25.455135	25.515213	25.573444	25.629442	25.683170	25.734230	25.782633	25.827976	25.870302	25.909233	25.944817	25.976727	26.005007	26.029394	26.049925	26.066402	26.078854	26.087158	26.091331	26.091331	26.087158	26.078854	26.066399	26.049925	26.029392	26.005007	25.976727	25.944817	25.909235	25.870302	25.827980	25.782633	25.734230	25.683170	25.629438	25.573444	25.515209	25.455135	25.393276	25.330029	25.265482	25.200001	25.133736	25.066998	
25.070414	25.140575	25.210194	25.279062	25.346846	25.413393	25.478333	25.541559	25.602676	25.661625	25.717995	25.771769	25.822535	25.870302	25.914680	25.955702	25.993008	26.026632	26.056278	26.081982	26.103498	26.120869	26.133917	26.142670	26.147043	26.147043	26.142670	26.133917	26.120865	26.103497	26.081980	26.056278	26.026632	25.993006	25.955702	25.914684	25.870304	25.822536	25.771770	25.717997	25.661625	25.602674	25.541557	25.478329	25.413393	25.346844	25.279064	25.210192	25.140575	25.070414	
25.073572	25.146862	25.219624	25.291538	25.362410	25.431877	25.499794	25.565773	25.629715	25.691212	25.750206	25.806286	25.859428	25.909233	25.955702	25.998463	26.037529	26.072577	26.103626	26.130411	26.152954	26.171047	26.184723	26.193842	26.198421	26.198425	26.193840	26.184721	26.171047	26.152952	26.130411	26.103626	26.072575	26.037529	25.998461	25.955704	25.909235	25.859428	25.806286	25.750206	25.691210	25.629715	25.565773	25.499794	25.431873	25.362411	25.291534	25.219625	25.146860	25.073572	
25.076443	25.152611	25.228191	25.302954	25.376549	25.448788	25.519293	25.587925	25.654285	25.718271	25.779480	25.837847	25.892967	25.944817	25.993008	26.037529	26.078035	26.114536	26.146725	26.174622	26.197987	26.216837	26.231009	26.240509	26.245258	26.245258	26.240509	26.231007	26.216837	26.197987	26.174622	26.146725	26.114532	26.078037	26.037529	25.993008	25.944817	25.892971	25.837847	25.779480	25.718269	25.654284	25.587925	25.519291	25.448786	25.376545	25.302956	25.228189	25.152613	25.076443	
25.079033	25.157764	25.235926	25.313179	25.389307	25.463936	25.536886	25.607773	25.676451	25.742523	25.805883	25.866137	25.923214	25.976725	26.026634	26.072578	26.114534	26.152193	26.185539	26.214319	26.238525	26.257973	26.272654	26.282454	26.287373	26.287373	26.282452	26.272652	26.257969	26.238527	26.214319	26.185539	26.152191	26.114534	26.072577	26.026634	25.976728	25.923214	25.866138	25.805883	25.742519	25.676451	25.607769	25.536888	25.463932	25.389307	25.313177	25.235924	25.157761	25.079033	
25.081314	25.162334	25.242733	25.322254	25.400543	25.477375	25.552380	25.625378	25.695976	25.764027	25.829147	25.891222	25.949867	26.005009	26.056278	26.103626	26.146727	26.185539	26.219791	26.249454	26.274319	26.294361	26.309441	26.319542	26.324594	26.324594	26.319542	26.309439	26.294361	26.274315	26.249454	26.219790	26.185539	26.146725	26.103626	26.056280	26.005007	25.949871	25.891220	25.829149	25.764027	25.695974	25.625378	25.552380	25.477375	25.400539	25.322254	25.242729	25.162334	25.081312	
25.083294	25.166271	25.248642	25.330069	25.410294	25.488951	25.565830	25.640545	25.712917	25.782562	25.849331	25.912842	25.972986	26.029392	26.081980	26.130411	26.174622	26.214317	26.249454	26.279795	26.305298	26.325800	26.341267	26.351601	26.356783	26.356785	26.351601	26.341267	26.325798	26.305302	26.279793	26.249454	26.214315	26.174620	26.130411	26.081980	26.029396	25.972984	25.912844	25.849331	25.782562	25.712917	25.640543	25.565830	25.488951	25.410294	25.330067	25.248642	25.166271	25.083294	
25.084948	25.169590	25.253584	25.336655	25.418447	25.498709	25.577076	25.653328	25.727087	25.798174	25.866215	25.931053	25.992332	26.049923	26.103497	26.152952	26.197987	26.238525	26.274315	26.305298	26.331280	26.352213	26.367970	26.378521	26.383804	26.383801	26.378523	26.367970	26.352215	26.331280	26.305298	26.274315	26.238527	26.197987	26.152952	26.103500	26.049923	25.992334	25.931051	25.866215	25.798172	25.727089	25.653324	25.577076	25.498709	25.418446	25.336655	25.253586	25.169588	25.084949	
25.086288	25.172249	25.257580	25.341934	25.425037	25.506533	25.586163	25.663574	25.738537	25.810696	25.879852	25.945660	26.007954	26.066399	26.120867	26.171047	26.216839	26.257969	26.294361	26.325798	26.352211	26.373457	26.389475	26.400185	26.405550	26.405552	26.400181	26.389477	26.373455	26.352215	26.325796	26.294361	26.257969	26.216837	26.171049	26.120867	26.066402	26.007954	25.945660	25.879850	25.810696	25.738533	25.663576	25.586161	25.506531	25.425037	25.341934	25.257578	25.172247	25.086287	
25.087292	25.174263	25.260574	25.345932	25.429985	25.512451	25.592985	25.671324	25.747131	25.820164	25.890093	25.956703	26.019684	26.078854	26.133913	26.184721	26.231005	26.272654	26.309437	26.341267	26.367970	26.389473	26.405670	26.416508	26.421936	26.421934	26.416510	26.405670	26.389477	26.367968	26.341269	26.309437	26.272654	26.231005	26.184719	26.133913	26.078854	26.019686	25.956703	25.890091	25.820162	25.747131	25.671324	25.592983	25.512447	25.429981	25.345930	25.260574	25.174259	25.087290	
25.087965	25.175602	25.262589	25.348591	25.433308	25.516390	25.597565	25.676491	25.752899	25.826475	25.896969	25.964067	26.027557	26.087158	26.142672	26.193840	26.240509	26.282452	26.319542	26.351597	26.378521	26.400181	26.416510	26.427429	26.432899	26.432899	26.427425	26.416512	26.400181	26.378521	26.351599	26.319542	26.282452	26.240509	26.193840	26.142668	26.087156	26.027557	25.964067	25.896965	25.826475	25.752899	25.676489	25.597563	25.516392	25.433304	25.348591	25.262589	25.175600	25.087965	
25.088303	25.176277	25.263592	25.349930	25.434959	25.518377	25.599850	25.679089	25.755783	25.829651	25.900398	25.967768	26.031490	26.091331	26.147041	26.198423	26.245256	26.287374	26.324594	26.356785	26.383804	26.405552	26.421936	26.432899	26.438391	26.438389	26.432899	26.421936	26.405550	26.383801	26.356783	26.324594	26.287373	26.245255	26.198421	26.147041	26.091330	26.031490	25.967768	25.900398	25.829647	25.755783	25.679089	25.599850	25.518375	25.434959	25.349932	25.263592	25.176277	25.088303	
25.088303	25.176277	25.263592	25.349930	25.434959	25.518377	25.599850	25.679089	25.755783	25.829651	25.900398	25.967768	26.031490	26.091331	26.147041	26.198423	26.245256	26.287374	26.324594	26.356785	26.383804	26.405552	26.421936	26.432899	26.438391	26.438389	26.432899	26.421936	26.405550	26.383801	26.356783	26.324594	26.287373	26.245255	26.198421	26.147041	26.091330	26.031490	25.967768	25.900398	25.829647	25.755783	25.679089	25.599850	25.518375	25.434959	25.349932	25.263592	25.176277	25.088303	
25.087965	25.175602	25.262589	25.348591	25.433308	25.516390	25.597565	25.676491	25.752899	25.826475	25.896969	25.964067	26.027557	26.087158	26.142672	26.193840	26.240509	26.282452	26.319542	26.351597	26.378521	26.400181	26.416510	26.427429	26.432899	26.432899	26.427425	26.416512	26.400181	26.378521	26.351599	26.319542	26.282452	26.240509	26.193840	26.142668	26.087156	26.027557	25.964067	25.896965	25.826475	25.752899	25.676489	25.597563	25.516392	25.433304	25.348591	25.262589	25.175600	25.087965	
25.087292	25.174263	25.260574	25.345932	25.429985	25.512451	25.592985	25.671324	25.747131	25.820164	25.890093	25.956703	26.019684	26.078854	26.133913	26.184721	26.231005	26.272654	26.309437	26.341267	26.367970	26.389473	26.405670	26.416508	26.421936	26.421934	26.416510	26.405670	26.389477	26.367968	26.341269	26.309437	26.272654	26.231005	26.184719	26.133913	26.078854	26.019686	25.956703	25.890091	25.820162	25.747131	25.671324	25.592983	25.512447	25.429981	25.345930	25.260574	25.174259	25.087290	
25.086288	25.172249	25.257580	25.341934	25.425037	25.506533	25.586163	25.663574	25.738537	25.810696	25.879852	25.945660	26.007954	26.066399	26.120867	26.171047	26.216839	26.257969	26.294361	26.325798	26.352211	26.373457	26.389475	26.400185	26.405550	26.405552	26.400181	26.389477	26.373455	26.352215	26.325796	26.294361	26.257969	26.216837	26.171049	26.120867	26.066402	26.007954	25.945660	25.879850	25.810696	25.738533	25.663576	25.586161	25.506531	25.425037	25.341934	25.257578	25.172247	25.086287	
25.084948	25.169590	25.253584	25.336655	25.418447	25.498709	25.577076	25.653328	25.727087	25.798174	25.866215	25.931053	25.992332	26.049923	26.103497	26.152952	26.197987	26.238525	26.274315	26.305298	26.331280	26.352213	26.367970	26.378521	26.383804	26.383801	26.378523	26.367970	26.352215	26.331280	26.305298	26.274315	26.238527	26.197987	26.152952	26.103500	26.049923	25.992334	25.931051	25.866215	25.798172	25.727089	25.653324	25.577076	25.498709	25.418446	25.336655	25.253586	25.169588	25.084949	
25.083294	25.166271	25.248642	25.330069	25.410294	25.488951	25.565830	25.640545	25.712917	25.782562	25.849331	25.912842	25.972986	26.029392	26.081980	26.130411	26.174622	26.214317	26.249454	26.279795	26.305298	26.325800	26.341267	26.351601	26.356783	26.356785	26.351601	26.341267	26.325798	26.305302	26.279793	26.249454	26.214315	26.174620	26.130411	26.081980	26.029396	25.972984	25.912844	25.849331	25.782562	25.712917	25.640543	25.565830	25.488951	25.410294	25.330067	25.248642	25.166271	25.083294	
25.081314	25.162334	25.242733	25.322254	25.400543	25.477375	25.552380	25.625378	25.695976	25.764027	25.829147	25.891222	25.949867	26.005009	26.056278	26.103626	26.146727	26.185539	26.219791	26.249454	26.274319	26.294361	26.309441	26.319542	26.324594	26.324594	26.319542	26.309439	26.294361	26.274315	26.249454	26.219790	26.185539	26.146725	26.103626	26.056280	26.005007	25.949871	25.891220	25.829149	25.764027	25.695974	25.625378	25.552380	25.477375	25.400539	25.322254	25.242729	25.162334	25.081312	
25.079033	25.157764	25.235926	25.313179	25.389307	25.463936	25.536886	25.607773	25.676451	25.742523	25.805883	25.866137	25.923214	25.976725	26.026634	26.072578	26.114534	26.152193	26.185539	26.214319	26.238525	26.257973	26.272654	26.282454	26.287373	26.287373	26.282452	26.272652	26.257969	26.238527	26.214319	26.185539	26.152191	26.114534	26.072577	26.026634	25.976728	25.923214	25.866138	25.805883	25.742519	25.676451	25.607769	25.536888	25.463932	25.389307	25.313177	25.235924	25.157761	25.079033	
25.076443	25.152611	25.228191	25.302954	25.376549	25.448788	25.519293	25.587925	25.654285	25.718271	25.779480	25.837847	25.892967	25.944817	25.993008	26.037529	26.078035	26.114536	26.146725	26.174622	26.197987	26.216837	26.231009	26.240509	26.245258	26.245258	26.240509	26.231007	26.216837	26.197987	26.174622	26.146725	26.114532	26.078037	26.037529	25.993008	25.944817	25.892971	25.837847	25.779480	25.718269	25.654284	25.587925	25.519291	25.448786	25.376545	25.302956	25.228189	25.152613	25.076443	
25.073572	25.146862	25.219624	25.291538	25.362410	25.431877	25.499794	25.565773	25.629715	25.691212	25.750206	25.806286	25.859428	25.909233	25.955702	25.998463	26.037529	26.072577	26.103626	26.130411	26.152954	26.171047	26.184723	26.193842	26.198421	26.198425	26.193840	26.184721	26.171047	26.152952	26.130411	26.103626	26.072575	26.037529	25.998461	25.955704	25.909235	25.859428	25.806286	25.750206	25.691210	25.629715	25.565773	25.499794	25.431873	25.362411	25.291534	25.219625	25.146860	25.073572	
25.070414	25.140575	25.210194	25.279062	25.346846	25.413393	25.478333	25.541559	25.602676	25.661625	25.717995	25.771769	25.822535	25.870302	25.914680	25.955702	25.993008	26.026632	26.056278	26.081982	26.103498	26.120869	26.133917	26.142670	26.147043	26.147043	26.142670	26.133917	26.120865	26.103497	26.081980	26.056278	26.026632	25.993006	25.955702	25.914684	25.870304	25.822536	25.771770	25.717997	25.661625	25.602674	25.541557	25.478329	25.413393	25.346844	25.279064	25.210192	25.140575	25.070414	
25.066998	25.133736	25.200001	25.265486	25.330025	25.393282	25.455135	25.515213	25.573444	25.629442	25.683170	25.734230	25.782633	25.827976	25.870302	25.909233	25.944817	25.976727	26.005007	26.029394	26.049925	26.066402	26.078854	26.087158	26.091331	26.091331	26.087158	26.078854	26.066399	26.049925	26.029392	26.005007	25.976727	25.944817	25.909235	25.870302	25.827980	25.782633	25.734230	25.683170	25.629438	25.573444	25.515209	25.455135	25.393276	25.330029	25.265482	25.200001	25.133736	25.066998	
25.063318	25.126415	25.189018	25.250952	25.311903	25.371752	25.430145	25.487003	25.541962	25.594976	25.645664	25.694025	25.739670	25.782633	25.822535	25.859428	25.892971	25.923214	25.949869	25.972986	25.992332	26.007954	26.019686	26.027559	26.031492	26.031492	26.027557	26.019684	26.007954	25.992331	25.972984	25.949867	25.923212	25.892969	25.859428	25.822536	25.782633	25.739670	25.694025	25.645662	25.594978	25.541958	25.487005	25.430141	25.371750	25.311901	25.250952	25.189016	25.126415	25.063320	
25.059414	25.118593	25.177359	25.235426	25.292664	25.348751	25.403606	25.456879	25.508522	25.558174	25.605824	25.651098	25.694025	25.734232	25.771769	25.806286	25.837847	25.866138	25.891224	25.912844	25.931053	25.945660	25.956707	25.964067	25.967770	25.967770	25.964067	25.956707	25.945660	25.931051	25.912844	25.891220	25.866138	25.837847	25.806288	25.771769	25.734234	25.694027	25.651098	25.605825	25.558168	25.508524	25.456875	25.403606	25.348751	25.292664	25.235424	25.177359	25.118593	25.059414	
25.055271	25.110350	25.164993	25.219059	25.272261	25.324509	25.375473	25.425114	25.473080	25.519363	25.563602	25.605824	25.645664	25.683168	25.717995	25.750204	25.779480	25.805885	25.829147	25.849329	25.866215	25.879852	25.890091	25.896965	25.900396	25.900396	25.896965	25.890091	25.879850	25.866215	25.849327	25.829147	25.805883	25.779480	25.750206	25.717999	25.683170	25.645664	25.605824	25.563602	25.519363	25.473078	25.425112	25.375471	25.324503	25.272261	25.219057	25.164993	25.110350	25.055271	
25.050934	25.101667	25.152044	25.201822	25.250895	25.298973	25.346004	25.391666	25.435949	25.478508	25.519363	25.558174	25.594976	25.629440	25.661625	25.691210	25.718271	25.742519	25.764029	25.782560	25.798176	25.810694	25.820164	25.826473	25.829647	25.829647	25.826473	25.820162	25.810694	25.798174	25.782562	25.764029	25.742523	25.718269	25.691212	25.661625	25.629442	25.594976	25.558172	25.519363	25.478506	25.435947	25.391666	25.346001	25.298975	25.250893	25.201822	25.152044	25.101667	25.050934	
25.046394	25.092625	25.138493	25.183876	25.228531	25.272388	25.315165	25.356836	25.397093	25.435947	25.473080	25.508522	25.541962	25.573444	25.602676	25.629715	25.654282	25.676453	25.695972	25.712917	25.727089	25.738535	25.747129	25.752899	25.755779	25.755779	25.752901	25.747131	25.738537	25.727089	25.712917	25.695972	25.676453	25.654284	25.629715	25.602676	25.573444	25.541958	25.508522	25.473080	25.435949	25.397095	25.356834	25.315165	25.272385	25.228529	25.183872	25.138493	25.092627	25.046394	
25.041691	25.083216	25.124454	25.165195	25.205364	25.244717	25.283215	25.320587	25.356834	25.391670	25.425114	25.456877	25.487003	25.515211	25.541557	25.565771	25.587925	25.607769	25.625378	25.640545	25.653326	25.663574	25.671326	25.676491	25.679089	25.679089	25.676489	25.671326	25.663574	25.653328	25.640545	25.625380	25.607771	25.587925	25.565773	25.541557	25.515211	25.487003	25.456875	25.425116	25.391670	25.356834	25.320587	25.283213	25.244717	25.205360	25.165197	25.124453	25.083216	25.041691	
25.036819	25.073517	25.109919	25.145937	25.181379	25.216190	25.250139	25.283215	25.315165	25.346008	25.375473	25.403608	25.430141	25.455135	25.478333	25.499794	25.519289	25.536888	25.552380	25.565830	25.577074	25.586163	25.592983	25.597563	25.599850	25.599848	25.597565	25.592983	25.586163	25.577076	25.565830	25.552383	25.536886	25.519291	25.499794	25.478333	25.455135	25.430141	25.403606	25.375473	25.346008	25.315166	25.283215	25.250137	25.216188	25.181379	25.145939	25.109917	25.073517	25.036821	
25.031826	25.063522	25.094999	25.126101	25.156761	25.186802	25.216190	25.244717	25.272388	25.298975	25.324509	25.348751	25.371750	25.393280	25.413395	25.431875	25.448786	25.463936	25.477375	25.488953	25.498711	25.506531	25.512451	25.516392	25.518375	25.518375	25.516390	25.512451	25.506531	25.498711	25.488953	25.477375	25.463936	25.448784	25.431877	25.413395	25.393282	25.371750	25.348751	25.324507	25.298975	25.272388	25.244717	25.216188	25.186800	25.156761	25.126099	25.095001	25.063522	25.031826	
25.026701	25.053307	25.079704	25.105822	25.131521	25.156761	25.181381	25.205366	25.228529	25.250896	25.272261	25.292664	25.311903	25.330027	25.346848	25.362410	25.376545	25.389305	25.400541	25.410292	25.418447	25.425037	25.429983	25.433304	25.434961	25.434961	25.433304	25.429983	25.425037	25.418447	25.410294	25.400539	25.389307	25.376549	25.362410	25.346848	25.330025	25.311903	25.292660	25.272261	25.250896	25.228531	25.205362	25.181379	25.156761	25.131519	25.105824	25.079700	25.053308	25.026699	
25.021484	25.042881	25.064129	25.085125	25.105822	25.126101	25.145939	25.165195	25.183878	25.201822	25.219059	25.235424	25.250950	25.265484	25.279064	25.291538	25.302954	25.313181	25.322252	25.330070	25.336655	25.341934	25.345932	25.348593	25.349930	25.349930	25.348591	25.345932	25.341934	25.336655	25.330067	25.322256	25.313181	25.302954	25.291540	25.279062	25.265486	25.250950	25.235424	25.219059	25.201822	25.183876	25.165195	25.145939	25.126099	25.105824	25.085121	25.064129	25.042877	25.021484	
25.016182	25.032307	25.048302	25.064129	25.079704	25.095001	25.109917	25.124454	25.138493	25.152046	25.164993	25.177357	25.189016	25.200001	25.210194	25.219625	25.228191	25.235926	25.242733	25.248642	25.253586	25.257578	25.260574	25.262589	25.263594	25.263592	25.262589	25.260574	25.257580	25.253584	25.248644	25.242733	25.235926	25.228193	25.219624	25.210194	25.200001	25.189018	25.177357	25.164993	25.152046	25.138493	25.124454	25.109921	25.095001	25.079700	25.064133	25.048302	25.032305	25.016180	
25.010822	25.021603	25.032307	25.042879	25.053308	25.063522	25.073517	25.083216	25.092627	25.101665	25.110350	25.118593	25.126413	25.133738	25.140575	25.146862	25.152611	25.157761	25.162333	25.166271	25.169586	25.172249	25.174261	25.175602	25.176277	25.176277	25.175602	25.174263	25.172249	25.169590	25.166271	25.162334	25.157764	25.152613	25.146862	25.140575	25.133738	25.126417	25.118595	25.110352	25.101667	25.092627	25.083218	25.073517	25.063522	25.053308	25.042881	25.032305	25.021601	25.010822	
25.005421	25.010822	25.016178	25.021484	25.026699	25.031826	25.036821	25.041691	25.046394	25.050934	25.055269	25.059414	25.063320	25.066998	25.070414	25.073572	25.076443	25.079033	25.081314	25.083294	25.084949	25.086288	25.087292	25.087967	25.088303	25.088303	25.087965	25.087292	25.086288	25.084949	25.083294	25.081314	25.079033	25.076445	25.073572	25.070415	25.066999	25.063320	25.059414	25.055271	25.050934	25.046394	25.041691	25.036823	25.031826	25.026699	25.021482	25.016180	25.010822	25.005421	
