25.000257	25.000511	25.000767	25.001015	25.001263	25.001503	25.001740	25.001970	25.002192	25.002405	25.002609	25.002804	25.002989	25.003160	25.003323	25.003471	25.003605	25.003727	25.003834	25.003927	25.004005	25.004066	25.004112	25.004147	25.004160	25.004162	25.004145	25.004114	25.004068	25.004005	25.003925	25.003834	25.003727	25.003605	25.003469	25.003323	25.003162	25.002989	25.002804	25.002609	25.002405	25.002192	25.001968	25.001740	25.001505	25.001263	25.001015	25.000765	25.000511	25.000256	
25.000511	25.001024	25.001526	25.002029	25.002518	25.003002	25.003475	25.003933	25.004375	25.004803	25.005209	25.005600	25.005966	25.006311	25.006630	25.006927	25.007196	25.007441	25.007656	25.007839	25.007992	25.008118	25.008215	25.008274	25.008308	25.008305	25.008274	25.008213	25.008121	25.007994	25.007837	25.007654	25.007439	25.007198	25.006927	25.006632	25.006313	25.005966	25.005600	25.005211	25.004803	25.004375	25.003933	25.003475	25.003002	25.002522	25.002029	25.001528	25.001020	25.000511	
25.000767	25.001526	25.002285	25.003031	25.003769	25.004490	25.005196	25.005880	25.006542	25.007179	25.007790	25.008373	25.008923	25.009436	25.009918	25.010357	25.010763	25.011124	25.011444	25.011723	25.011951	25.012140	25.012280	25.012377	25.012419	25.012421	25.012371	25.012280	25.012142	25.011953	25.011721	25.011444	25.011124	25.010761	25.010359	25.009918	25.009438	25.008923	25.008371	25.007792	25.007179	25.006542	25.005878	25.005196	25.004490	25.003769	25.003033	25.002287	25.001526	25.000767	
25.001015	25.002029	25.003029	25.004026	25.005001	25.005962	25.006895	25.007805	25.008682	25.009531	25.010342	25.011114	25.011843	25.012527	25.013165	25.013752	25.014284	25.014767	25.015192	25.015560	25.015865	25.016115	25.016304	25.016426	25.016489	25.016487	25.016426	25.016300	25.016117	25.015867	25.015558	25.015192	25.014767	25.014286	25.013752	25.013163	25.012527	25.011841	25.011114	25.010342	25.009533	25.008684	25.007805	25.006893	25.005960	25.005001	25.004025	25.003031	25.002029	25.001015	
25.001263	25.002518	25.003769	25.005001	25.006218	25.007408	25.008572	25.009699	25.010796	25.011845	25.012854	25.013813	25.014719	25.015568	25.016361	25.017090	25.017756	25.018353	25.018883	25.019337	25.019718	25.020027	25.020260	25.020414	25.020493	25.020493	25.020414	25.020260	25.020029	25.019718	25.019337	25.018879	25.018353	25.017754	25.017090	25.016363	25.015570	25.014721	25.013809	25.012856	25.011843	25.010792	25.009699	25.008568	25.007404	25.006216	25.005001	25.003769	25.002518	25.001263	
25.001503	25.003002	25.004486	25.005960	25.007406	25.008827	25.010212	25.011559	25.012859	25.014118	25.015316	25.016459	25.017540	25.018555	25.019497	25.020367	25.021156	25.021870	25.022499	25.023041	25.023499	25.023865	25.024143	25.024328	25.024420	25.024418	25.024326	25.024143	25.023865	25.023499	25.023041	25.022499	25.021870	25.021160	25.020367	25.019497	25.018555	25.017538	25.016460	25.015316	25.014116	25.012859	25.011557	25.010210	25.008823	25.007404	25.005960	25.004488	25.003002	25.001503	
25.001740	25.003473	25.005196	25.006893	25.008570	25.010212	25.011814	25.013372	25.014881	25.016331	25.017723	25.019043	25.020294	25.021465	25.022556	25.023563	25.024479	25.025303	25.026030	25.026661	25.027187	25.027615	25.027931	25.028149	25.028255	25.028255	25.028147	25.027933	25.027615	25.027185	25.026661	25.026030	25.025305	25.024479	25.023563	25.022558	25.021465	25.020290	25.019043	25.017721	25.016331	25.014881	25.013374	25.011814	25.010210	25.008568	25.006895	25.005196	25.003471	25.001740	
25.001968	25.003933	25.005880	25.007805	25.009701	25.011559	25.013372	25.015137	25.016842	25.018486	25.020058	25.021557	25.022970	25.024298	25.025532	25.026672	25.027708	25.028641	25.029465	25.030174	25.030773	25.031254	25.031618	25.031860	25.031982	25.031982	25.031860	25.031616	25.031254	25.030775	25.030176	25.029465	25.028641	25.027710	25.026670	25.025534	25.024296	25.022968	25.021553	25.020058	25.018486	25.016842	25.015137	25.013374	25.011559	25.009701	25.007805	25.005878	25.003933	25.001968	
25.002193	25.004375	25.006542	25.008686	25.010794	25.012859	25.014881	25.016842	25.018745	25.020571	25.022322	25.023983	25.025558	25.027037	25.028412	25.029678	25.030832	25.031868	25.032784	25.033579	25.034243	25.034779	25.035183	25.035454	25.035585	25.035587	25.035450	25.035183	25.034779	25.034245	25.033581	25.032785	25.031872	25.030834	25.029678	25.028412	25.027035	25.025558	25.023985	25.022318	25.020569	25.018742	25.016842	25.014879	25.012863	25.010792	25.008684	25.006542	25.004375	25.002190	
25.002407	25.004805	25.007179	25.009533	25.011847	25.014116	25.016331	25.018486	25.020571	25.022577	25.024496	25.026325	25.028053	25.029675	25.031185	25.032574	25.033838	25.034977	25.035984	25.036854	25.037582	25.038172	25.038612	25.038910	25.039057	25.039059	25.038910	25.038614	25.038170	25.037584	25.036854	25.035984	25.034977	25.033840	25.032574	25.031183	25.029671	25.028051	25.026321	25.024494	25.022573	25.020569	25.018482	25.016331	25.014114	25.011847	25.009531	25.007179	25.004803	25.002405	
25.002609	25.005211	25.007792	25.010342	25.012856	25.015316	25.017723	25.020058	25.022324	25.024498	25.026583	25.028563	25.030441	25.032198	25.033836	25.035345	25.036720	25.037952	25.039043	25.039988	25.040781	25.041416	25.041899	25.042217	25.042381	25.042377	25.042219	25.041899	25.041420	25.040783	25.039989	25.039045	25.037954	25.036720	25.035343	25.033836	25.032196	25.030437	25.028561	25.026577	25.024496	25.022320	25.020060	25.017721	25.015316	25.012852	25.010342	25.007790	25.005211	25.002609	
25.002808	25.005600	25.008371	25.011112	25.013813	25.016460	25.019043	25.021557	25.023985	25.026327	25.028564	25.030697	25.032711	25.034601	25.036362	25.037981	25.039459	25.040787	25.041958	25.042973	25.043823	25.044510	25.045023	25.045368	25.045540	25.045544	25.045368	25.045023	25.044508	25.043823	25.042973	25.041958	25.040787	25.039459	25.037981	25.036358	25.034599	25.032709	25.030695	25.028564	25.026325	25.023987	25.021555	25.019043	25.016459	25.013813	25.011112	25.008371	25.005596	25.002804	
25.002991	25.005966	25.008923	25.011843	25.014719	25.017540	25.020294	25.022968	25.025560	25.028051	25.030441	25.032711	25.034857	25.036873	25.038746	25.040476	25.042049	25.043465	25.044712	25.045792	25.046701	25.047428	25.047981	25.048346	25.048531	25.048531	25.048347	25.047977	25.047430	25.046700	25.045795	25.044712	25.043463	25.042048	25.040472	25.038746	25.036869	25.034855	25.032709	25.030437	25.028053	25.025558	25.022970	25.020292	25.017540	25.014717	25.011845	25.008921	25.005966	25.002989	
25.003160	25.006311	25.009438	25.012527	25.015568	25.018553	25.021465	25.024296	25.027035	25.029675	25.032200	25.034601	25.036873	25.039001	25.040985	25.042812	25.044479	25.045975	25.047297	25.048441	25.049397	25.050171	25.050751	25.051144	25.051334	25.051336	25.051142	25.050751	25.050171	25.049398	25.048439	25.047298	25.045975	25.044477	25.042812	25.040985	25.039001	25.036869	25.034599	25.032198	25.029675	25.027037	25.024298	25.021465	25.018551	25.015570	25.012527	25.009438	25.006311	25.003162	
25.003321	25.006632	25.009914	25.013165	25.016361	25.019497	25.022556	25.025532	25.028412	25.031181	25.033836	25.036362	25.038746	25.040985	25.043068	25.044991	25.046738	25.048313	25.049704	25.050901	25.051910	25.052723	25.053333	25.053741	25.053946	25.053946	25.053741	25.053333	25.052721	25.051910	25.050903	25.049702	25.048313	25.046740	25.044987	25.043068	25.040985	25.038742	25.036358	25.033834	25.031183	25.028412	25.025532	25.022556	25.019497	25.016363	25.013165	25.009918	25.006634	25.003323	
25.003469	25.006927	25.010361	25.013752	25.017090	25.020367	25.023563	25.026672	25.029678	25.032574	25.035345	25.037981	25.040474	25.042814	25.044991	25.046997	25.048824	25.050467	25.051918	25.053173	25.054226	25.055073	25.055710	25.056137	25.056351	25.056351	25.056137	25.055710	25.055073	25.054224	25.053173	25.051918	25.050468	25.048824	25.046995	25.044987	25.042812	25.040474	25.037979	25.035343	25.032572	25.029678	25.026672	25.023563	25.020367	25.017090	25.013752	25.010361	25.006929	25.003471	
25.003605	25.007198	25.010761	25.014286	25.017754	25.021156	25.024481	25.027708	25.030834	25.033840	25.036720	25.039459	25.042049	25.044479	25.046741	25.048824	25.050722	25.052429	25.053936	25.055241	25.056335	25.057213	25.057877	25.058321	25.058542	25.058542	25.058319	25.057877	25.057213	25.056334	25.055239	25.053936	25.052429	25.050724	25.048824	25.046740	25.044479	25.042046	25.039459	25.036716	25.033840	25.030832	25.027710	25.024479	25.021156	25.017757	25.014284	25.010765	25.007198	25.003607	
25.003725	25.007439	25.011126	25.014767	25.018353	25.021870	25.025303	25.028641	25.031872	25.034979	25.037954	25.040787	25.043465	25.045975	25.048313	25.050467	25.052429	25.054195	25.055750	25.057100	25.058229	25.059139	25.059822	25.060284	25.060513	25.060513	25.060284	25.059824	25.059139	25.058228	25.057096	25.055752	25.054192	25.052427	25.050465	25.048309	25.045975	25.043463	25.040785	25.037954	25.034977	25.031870	25.028641	25.025303	25.021870	25.018353	25.014769	25.011124	25.007442	25.003727	
25.003834	25.007654	25.011444	25.015190	25.018879	25.022501	25.026031	25.029465	25.032787	25.035984	25.039045	25.041960	25.044712	25.047298	25.049702	25.051918	25.053936	25.055752	25.057354	25.058739	25.059902	25.060839	25.061543	25.062016	25.062252	25.062252	25.062016	25.061546	25.060837	25.059902	25.058739	25.057354	25.055748	25.053936	25.051916	25.049700	25.047295	25.044712	25.041958	25.039043	25.035984	25.032787	25.029465	25.026031	25.022499	25.018881	25.015192	25.011446	25.007652	25.003834	
25.003925	25.007837	25.011721	25.015560	25.019337	25.023043	25.026661	25.030178	25.033579	25.036854	25.039989	25.042973	25.045794	25.048439	25.050903	25.053173	25.055241	25.057098	25.058739	25.060158	25.061352	25.062307	25.063030	25.063511	25.063757	25.063757	25.063515	25.063030	25.062309	25.061350	25.060158	25.058739	25.057096	25.055237	25.053169	25.050900	25.048439	25.045792	25.042971	25.039989	25.036854	25.033579	25.030176	25.026661	25.023045	25.019337	25.015560	25.011719	25.007839	25.003925	
25.004005	25.007996	25.011951	25.015865	25.019720	25.023499	25.027187	25.030773	25.034245	25.037582	25.040781	25.043825	25.046700	25.049400	25.051910	25.054226	25.056334	25.058229	25.059902	25.061352	25.062565	25.063543	25.064278	25.064770	25.065018	25.065018	25.064770	25.064278	25.063541	25.062565	25.061348	25.059902	25.058228	25.056332	25.054222	25.051908	25.049397	25.046700	25.043821	25.040779	25.037582	25.034243	25.030773	25.027187	25.023499	25.019722	25.015865	25.011955	25.007992	25.004005	
25.004066	25.008118	25.012142	25.016113	25.020027	25.023865	25.027611	25.031254	25.034777	25.038170	25.041418	25.044506	25.047428	25.050171	25.052721	25.055073	25.057213	25.059139	25.060841	25.062309	25.063543	25.064533	25.065281	25.065781	25.066032	25.066032	25.065783	25.065283	25.064533	25.063541	25.062307	25.060837	25.059135	25.057213	25.055069	25.052719	25.050171	25.047428	25.044508	25.041416	25.038170	25.034779	25.031254	25.027613	25.023865	25.020027	25.016117	25.012138	25.008121	25.004066	
25.004116	25.008215	25.012280	25.016300	25.020260	25.024139	25.027931	25.031616	25.035179	25.038612	25.041897	25.045025	25.047979	25.050751	25.053333	25.055710	25.057877	25.059826	25.061544	25.063030	25.064278	25.065283	25.066038	25.066544	25.066799	25.066797	25.066544	25.066040	25.065281	25.064278	25.063030	25.061543	25.059822	25.057875	25.055708	25.053329	25.050751	25.047977	25.045021	25.041897	25.038612	25.035179	25.031616	25.027931	25.024139	25.020262	25.016300	25.012281	25.008213	25.004116	
25.004148	25.008276	25.012375	25.016424	25.020412	25.024326	25.028145	25.031857	25.035450	25.038908	25.042217	25.045368	25.048346	25.051138	25.053741	25.056137	25.058319	25.060282	25.062017	25.063515	25.064772	25.065784	25.066544	25.067053	25.067308	25.067310	25.067055	25.066544	25.065781	25.064770	25.063511	25.062016	25.060280	25.058319	25.056135	25.053738	25.051140	25.048346	25.045368	25.042217	25.038906	25.035450	25.031857	25.028145	25.024328	25.020414	25.016426	25.012373	25.008278	25.004147	
25.004164	25.008308	25.012421	25.016487	25.020493	25.024418	25.028255	25.031981	25.035585	25.039057	25.042377	25.045540	25.048531	25.051334	25.053944	25.056351	25.058544	25.060513	25.062252	25.063755	25.065018	25.066034	25.066797	25.067308	25.067566	25.067566	25.067310	25.066799	25.066032	25.065016	25.063753	25.062248	25.060509	25.058540	25.056349	25.053944	25.051334	25.048531	25.045540	25.042379	25.039055	25.035583	25.031979	25.028254	25.024420	25.020493	25.016487	25.012421	25.008308	25.004162	
25.004164	25.008308	25.012421	25.016487	25.020493	25.024418	25.028255	25.031981	25.035585	25.039057	25.042377	25.045540	25.048531	25.051334	25.053944	25.056351	25.058544	25.060513	25.062252	25.063755	25.065018	25.066034	25.066797	25.067308	25.067566	25.067566	25.067310	25.066799	25.066032	25.065016	25.063753	25.062248	25.060509	25.058540	25.056349	25.053944	25.051334	25.048531	25.045540	25.042379	25.039055	25.035583	25.031979	25.028254	25.024420	25.020493	25.016487	25.012421	25.008308	25.004162	
25.004148	25.008276	25.012375	25.016424	25.020412	25.024326	25.028145	25.031857	25.035450	25.038908	25.042217	25.045368	25.048346	25.051138	25.053741	25.056137	25.058319	25.060282	25.062017	25.063515	25.064772	25.065784	25.066544	25.067053	25.067308	25.067310	25.067055	25.066544	25.065781	25.064770	25.063511	25.062016	25.060280	25.058319	25.056135	25.053738	25.051140	25.048346	25.045368	25.042217	25.038906	25.035450	25.031857	25.028145	25.024328	25.020414	25.016426	25.012373	25.008278	25.004147	
25.004116	25.008215	25.012280	25.016300	25.020260	25.024139	25.027931	25.031616	25.035179	25.038612	25.041897	25.045025	25.047979	25.050751	25.053333	25.055710	25.057877	25.059826	25.061544	25.063030	25.064278	25.065283	25.066038	25.066544	25.066799	25.066797	25.066544	25.066040	25.065281	25.064278	25.063030	25.061543	25.059822	25.057875	25.055708	25.053329	25.050751	25.047977	25.045021	25.041897	25.038612	25.035179	25.031616	25.027931	25.024139	25.020262	25.016300	25.012281	25.008213	25.004116	
25.004066	25.008118	25.012142	25.016113	25.020027	25.023865	25.027611	25.031254	25.034777	25.038170	25.041418	25.044506	25.047428	25.050171	25.052721	25.055073	25.057213	25.059139	25.060841	25.062309	25.063543	25.064533	25.065281	25.065781	25.066032	25.066032	25.065783	25.065283	25.064533	25.063541	25.062307	25.060837	25.059135	25.057213	25.055069	25.052719	25.050171	25.047428	25.044508	25.041416	25.038170	25.034779	25.031254	25.027613	25.023865	25.020027	25.016117	25.012138	25.008121	25.004066	
25.004005	25.007996	25.011951	25.015865	25.019720	25.023499	25.027187	25.030773	25.034245	25.037582	25.040781	25.043825	25.046700	25.049400	25.051910	25.054226	25.056334	25.058229	25.059902	25.061352	25.062565	25.063543	25.064278	25.064770	25.065018	25.065018	25.064770	25.064278	25.063541	25.062565	25.061348	25.059902	25.058228	25.056332	25.054222	25.051908	25.049397	25.046700	25.043821	25.040779	25.037582	25.034243	25.030773	25.027187	25.023499	25.019722	25.015865	25.011955	25.007992	25.004005	
25.003925	25.007837	25.011721	25.015560	25.019337	25.023043	25.026661	25.030178	25.033579	25.036854	25.039989	25.042973	25.045794	25.048439	25.050903	25.053173	25.055241	25.057098	25.058739	25.060158	25.061352	25.062307	25.063030	25.063511	25.063757	25.063757	25.063515	25.063030	25.062309	25.061350	25.060158	25.058739	25.057096	25.055237	25.053169	25.050900	25.048439	25.045792	25.042971	25.039989	25.036854	25.033579	25.030176	25.026661	25.023045	25.019337	25.015560	25.011719	25.007839	25.003925	
25.003834	25.007654	25.011444	25.015190	25.018879	25.022501	25.026031	25.029465	25.032787	25.035984	25.039045	25.041960	25.044712	25.047298	25.049702	25.051918	25.053936	25.055752	25.057354	25.058739	25.059902	25.060839	25.061543	25.062016	25.062252	25.062252	25.062016	25.061546	25.060837	25.059902	25.058739	25.057354	25.055748	25.053936	25.051916	25.049700	25.047295	25.044712	25.041958	25.039043	25.035984	25.032787	25.029465	25.026031	25.022499	25.018881	25.015192	25.011446	25.007652	25.003834	
25.003725	25.007439	25.011126	25.014767	25.018353	25.021870	25.025303	25.028641	25.031872	25.034979	25.037954	25.040787	25.043465	25.045975	25.048313	25.050467	25.052429	25.054195	25.055750	25.057100	25.058229	25.059139	25.059822	25.060284	25.060513	25.060513	25.060284	25.059824	25.059139	25.058228	25.057096	25.055752	25.054192	25.052427	25.050465	25.048309	25.045975	25.043463	25.040785	25.037954	25.034977	25.031870	25.028641	25.025303	25.021870	25.018353	25.014769	25.011124	25.007442	25.003727	
25.003605	25.007198	25.010761	25.014286	25.017754	25.021156	25.024481	25.027708	25.030834	25.033840	25.036720	25.039459	25.042049	25.044479	25.046741	25.048824	25.050722	25.052429	25.053936	25.055241	25.056335	25.057213	25.057877	25.058321	25.058542	25.058542	25.058319	25.057877	25.057213	25.056334	25.055239	25.053936	25.052429	25.050724	25.048824	25.046740	25.044479	25.042046	25.039459	25.036716	25.033840	25.030832	25.027710	25.024479	25.021156	25.017757	25.014284	25.010765	25.007198	25.003607	
25.003469	25.006927	25.010361	25.013752	25.017090	25.020367	25.023563	25.026672	25.029678	25.032574	25.035345	25.037981	25.040474	25.042814	25.044991	25.046997	25.048824	25.050467	25.051918	25.053173	25.054226	25.055073	25.055710	25.056137	25.056351	25.056351	25.056137	25.055710	25.055073	25.054224	25.053173	25.051918	25.050468	25.048824	25.046995	25.044987	25.042812	25.040474	25.037979	25.035343	25.032572	25.029678	25.026672	25.023563	25.020367	25.017090	25.013752	25.010361	25.006929	25.003471	
25.003321	25.006632	25.009914	25.013165	25.016361	25.019497	25.022556	25.025532	25.028412	25.031181	25.033836	25.036362	25.038746	25.040985	25.043068	25.044991	25.046738	25.048313	25.049704	25.050901	25.051910	25.052723	25.053333	25.053741	25.053946	25.053946	25.053741	25.053333	25.052721	25.051910	25.050903	25.049702	25.048313	25.046740	25.044987	25.043068	25.040985	25.038742	25.036358	25.033834	25.031183	25.028412	25.025532	25.022556	25.019497	25.016363	25.013165	25.009918	25.006634	25.003323	
25.003160	25.006311	25.009438	25.012527	25.015568	25.018553	25.021465	25.024296	25.027035	25.029675	25.032200	25.034601	25.036873	25.039001	25.040985	25.042812	25.044479	25.045975	25.047297	25.048441	25.049397	25.050171	25.050751	25.051144	25.051334	25.051336	25.051142	25.050751	25.050171	25.049398	25.048439	25.047298	25.045975	25.044477	25.042812	25.040985	25.039001	25.036869	25.034599	25.032198	25.029675	25.027037	25.024298	25.021465	25.018551	25.015570	25.012527	25.009438	25.006311	25.003162	
25.002991	25.005966	25.008923	25.011843	25.014719	25.017540	25.020294	25.022968	25.025560	25.028051	25.030441	25.032711	25.034857	25.036873	25.038746	25.040476	25.042049	25.043465	25.044712	25.045792	25.046701	25.047428	25.047981	25.048346	25.048531	25.048531	25.048347	25.047977	25.047430	25.046700	25.045795	25.044712	25.043463	25.042048	25.040472	25.038746	25.036869	25.034855	25.032709	25.030437	25.028053	25.025558	25.022970	25.020292	25.017540	25.014717	25.011845	25.008921	25.005966	25.002989	
25.002808	25.005600	25.008371	25.011112	25.013813	25.016460	25.019043	25.021557	25.023985	25.026327	25.028564	25.030697	25.032711	25.034601	25.036362	25.037981	25.039459	25.040787	25.041958	25.042973	25.043823	25.044510	25.045023	25.045368	25.045540	25.045544	25.045368	25.045023	25.044508	25.043823	25.042973	25.041958	25.040787	25.039459	25.037981	25.036358	25.034599	25.032709	25.030695	25.028564	25.026325	25.023987	25.021555	25.019043	25.016459	25.013813	25.011112	25.008371	25.005596	25.002804	
25.002609	25.005211	25.007792	25.010342	25.012856	25.015316	25.017723	25.020058	25.022324	25.024498	25.026583	25.028563	25.030441	25.032198	25.033836	25.035345	25.036720	25.037952	25.039043	25.039988	25.040781	25.041416	25.041899	25.042217	25.042381	25.042377	25.042219	25.041899	25.041420	25.040783	25.039989	25.039045	25.037954	25.036720	25.035343	25.033836	25.032196	25.030437	25.028561	25.026577	25.024496	25.022320	25.020060	25.017721	25.015316	25.012852	25.010342	25.007790	25.005211	25.002609	
25.002407	25.004805	25.007179	25.009533	25.011847	25.014116	25.016331	25.018486	25.020571	25.022577	25.024496	25.026325	25.028053	25.029675	25.031185	25.032574	25.033838	25.034977	25.035984	25.036854	25.037582	25.038172	25.038612	25.038910	25.039057	25.039059	25.038910	25.038614	25.038170	25.037584	25.036854	25.035984	25.034977	25.033840	25.032574	25.031183	25.029671	25.028051	25.026321	25.024494	25.022573	25.020569	25.018482	25.016331	25.014114	25.011847	25.009531	25.007179	25.004803	25.002405	
25.002193	25.004375	25.006542	25.008686	25.010794	25.012859	25.014881	25.016842	25.018745	25.020571	25.022322	25.023983	25.025558	25.027037	25.028412	25.029678	25.030832	25.031868	25.032784	25.033579	25.034243	25.034779	25.035183	25.035454	25.035585	25.035587	25.035450	25.035183	25.034779	25.034245	25.033581	25.032785	25.031872	25.030834	25.029678	25.028412	25.027035	25.025558	25.023985	25.022318	25.020569	25.018742	25.016842	25.014879	25.012863	25.010792	25.008684	25.006542	25.004375	25.002190	
25.001968	25.003933	25.005880	25.007805	25.009701	25.011559	25.013372	25.015137	25.016842	25.018486	25.020058	25.021557	25.022970	25.024298	25.025532	25.026672	25.027708	25.028641	25.029465	25.030174	25.030773	25.031254	25.031618	25.031860	25.031982	25.031982	25.031860	25.031616	25.031254	25.030775	25.030176	25.029465	25.028641	25.027710	25.026670	25.025534	25.024296	25.022968	25.021553	25.020058	25.018486	25.016842	25.015137	25.013374	25.011559	25.009701	25.007805	25.005878	25.003933	25.001968	
25.001740	25.003473	25.005196	25.006893	25.008570	25.010212	25.011814	25.013372	25.014881	25.016331	25.017723	25.019043	25.020294	25.021465	25.022556	25.023563	25.024479	25.025303	25.026030	25.026661	25.027187	25.027615	25.027931	25.028149	25.028255	25.028255	25.028147	25.027933	25.027615	25.027185	25.026661	25.026030	25.025305	25.024479	25.023563	25.022558	25.021465	25.020290	25.019043	25.017721	25.016331	25.014881	25.013374	25.011814	25.010210	25.008568	25.006895	25.005196	25.003471	25.001740	
25.001503	25.003002	25.004486	25.005960	25.007406	25.008827	25.010212	25.011559	25.012859	25.014118	25.015316	25.016459	25.017540	25.018555	25.019497	25.020367	25.021156	25.021870	25.022499	25.023041	25.023499	25.023865	25.024143	25.024328	25.024420	25.024418	25.024326	25.024143	25.023865	25.023499	25.023041	25.022499	25.021870	25.021160	25.020367	25.019497	25.018555	25.017538	25.016460	25.015316	25.014116	25.012859	25.011557	25.010210	25.008823	25.007404	25.005960	25.004488	25.003002	25.001503	
25.001263	25.002518	25.003769	25.005001	25.006218	25.007408	25.008572	25.009699	25.010796	25.011845	25.012854	25.013813	25.014719	25.015568	25.016361	25.017090	25.017756	25.018353	25.018883	25.019337	25.019718	25.020027	25.020260	25.020414	25.020493	25.020493	25.020414	25.020260	25.020029	25.019718	25.019337	25.018879	25.018353	25.017754	25.017090	25.016363	25.015570	25.014721	25.013809	25.012856	25.011843	25.010792	25.009699	25.008568	25.007404	25.006216	25.005001	25.003769	25.002518	25.001263	
25.001015	25.002029	25.003029	25.004026	25.005001	25.005962	25.006895	25.007805	25.008682	25.009531	25.010342	25.011114	25.011843	25.012527	25.013165	25.013752	25.014284	25.014767	25.015192	25.015560	25.015865	25.016115	25.016304	25.016426	25.016489	25.016487	25.016426	25.016300	25.016117	25.015867	25.015558	25.015192	25.014767	25.014286	25.013752	25.013163	25.012527	25.011841	25.011114	25.010342	25.009533	25.008684	25.007805	25.006893	25.005960	25.005001	25.004025	25.003031	25.002029	25.001015	
25.000767	25.001526	25.002285	25.003031	25.003769	25.004490	25.005196	25.005880	25.006542	25.007179	25.007790	25.008373	25.008923	25.009436	25.009918	25.010357	25.010763	25.011124	25.011444	25.011723	25.011951	25.012140	25.012280	25.012377	25.012419	25.012421	25.012371	25.012280	25.012142	25.011953	25.011721	25.011444	25.011124	25.010761	25.010359	25.009918	25.009438	25.008923	25.008371	25.007792	25.007179	25.006542	25.005878	25.005196	25.004490	25.003769	25.003033	25.002287	25.001526	25.000767	
25.000511	25.001024	25.001526	25.002029	25.002518	25.003002	25.003475	25.003933	25.004375	25.004803	25.005209	25.005600	25.005966	25.006311	25.006630	25.006927	25.007196	25.007441	25.007656	25.007839	25.007992	25.008118	25.008215	25.008274	25.008308	25.008305	25.008274	25.008213	25.008121	25.007994	25.007837	25.007654	25.007439	25.007198	25.006927	25.006632	25.006313	25.005966	25.005600	25.005211	25.004803	25.004375	25.003933	25.003475	25.003002	25.002522	25.002029	25.001528	25.001020	25.000511	
25.000257	25.000511	25.000767	25.001015	25.001263	25.001503	25.001740	25.001970	25.002192	25.002405	25.002609	25.002804	25.002989	25.003160	25.003323	25.003471	25.003605	25.003727	25.003834	25.003927	25.004005	25.004066	25.004112	25.004147	25.004160	25.004162	25.004145	25.004114	25.004068	25.004005	25.003925	25.003834	25.003727	25.003605	25.003469	25.003323	25.003162	25.002989	25.002804	25.002609	25.002405	25.002192	25.001968	25.001740	25.001505	25.001263	25.001015	25.000765	25.000511	25.000256	
