25.000320	25.000641	25.000957	25.001270	25.001579	25.001881	25.002178	25.002464	25.002743	25.003010	25.003265	25.003510	25.003738	25.003956	25.004156	25.004341	25.004509	25.004663	25.004797	25.004913	25.005013	25.005089	25.005148	25.005188	25.005207	25.005207	25.005188	25.005146	25.005089	25.005011	25.004913	25.004799	25.004662	25.004511	25.004343	25.004158	25.003956	25.003740	25.003510	25.003265	25.003010	25.002743	25.002464	25.002176	25.001881	25.001579	25.001270	25.000957	25.000639	25.000320	
25.000641	25.001278	25.001909	25.002537	25.003153	25.003756	25.004345	25.004919	25.005474	25.006006	25.006519	25.007004	25.007465	25.007896	25.008297	25.008667	25.009007	25.009308	25.009575	25.009808	25.010002	25.010159	25.010277	25.010355	25.010393	25.010395	25.010353	25.010275	25.010159	25.010002	25.009808	25.009575	25.009308	25.009007	25.008667	25.008299	25.007896	25.007465	25.007006	25.006519	25.006008	25.005474	25.004919	25.004345	25.003756	25.003151	25.002537	25.001907	25.001278	25.000639	
25.000957	25.001909	25.002857	25.003792	25.004715	25.005615	25.006496	25.007357	25.008183	25.008984	25.009747	25.010475	25.011162	25.011806	25.012405	25.012962	25.013466	25.013918	25.014318	25.014664	25.014954	25.015186	25.015364	25.015482	25.015541	25.015541	25.015484	25.015366	25.015190	25.014954	25.014664	25.014320	25.013920	25.013466	25.012962	25.012405	25.011808	25.011162	25.010475	25.009747	25.008984	25.008184	25.007355	25.006500	25.005615	25.004713	25.003792	25.002857	25.001911	25.000957	
25.001268	25.002537	25.003792	25.005035	25.006256	25.007454	25.008629	25.009764	25.010866	25.011925	25.012939	25.013905	25.014816	25.015675	25.016468	25.017202	25.017872	25.018475	25.019005	25.019466	25.019848	25.020161	25.020393	25.020550	25.020628	25.020630	25.020550	25.020395	25.020161	25.019852	25.019466	25.019009	25.018476	25.017876	25.017204	25.016472	25.015671	25.014818	25.013903	25.012939	25.011925	25.010864	25.009764	25.008625	25.007454	25.006256	25.005035	25.003790	25.002537	25.001270	
25.001579	25.003151	25.004715	25.006256	25.007776	25.009266	25.010719	25.012138	25.013504	25.014820	25.016083	25.017281	25.018417	25.019478	25.020470	25.021381	25.022217	25.022961	25.023623	25.024193	25.024670	25.025055	25.025347	25.025541	25.025639	25.025639	25.025543	25.025349	25.025059	25.024672	25.024193	25.023624	25.022964	25.022213	25.021385	25.020470	25.019482	25.018414	25.017281	25.016081	25.014820	25.013504	25.012135	25.010721	25.009266	25.007776	25.006256	25.004715	25.003149	25.001579	
25.001881	25.003757	25.005615	25.007458	25.009266	25.011044	25.012777	25.014460	25.016092	25.017658	25.019163	25.020594	25.021942	25.023212	25.024391	25.025482	25.026470	25.027363	25.028149	25.028828	25.029398	25.029858	25.030203	25.030436	25.030552	25.030552	25.030434	25.030205	25.029860	25.029400	25.028828	25.028152	25.027363	25.026474	25.025478	25.024395	25.023209	25.021944	25.020590	25.019163	25.017658	25.016090	25.014462	25.012775	25.011042	25.009264	25.007458	25.005613	25.003756	25.001881	
25.002178	25.004345	25.006500	25.008625	25.010721	25.012779	25.014782	25.016733	25.018616	25.020435	25.022173	25.023827	25.025391	25.026855	25.028225	25.029480	25.030626	25.031656	25.032570	25.033356	25.034018	25.034546	25.034946	25.035213	25.035349	25.035347	25.035217	25.034946	25.034548	25.034016	25.033356	25.032570	25.031658	25.030626	25.029484	25.028221	25.026855	25.025387	25.023827	25.022169	25.020433	25.018616	25.016731	25.014782	25.012775	25.010721	25.008623	25.006496	25.004345	25.002178	
25.002464	25.004921	25.007355	25.009766	25.012135	25.014460	25.016733	25.018936	25.021076	25.023129	25.025097	25.026970	25.028738	25.030401	25.031944	25.033371	25.034664	25.035833	25.036865	25.037754	25.038502	25.039104	25.039555	25.039860	25.040009	25.040014	25.039856	25.039558	25.039104	25.038502	25.037754	25.036865	25.035831	25.034668	25.033367	25.031946	25.030399	25.028736	25.026966	25.025095	25.023127	25.021074	25.018938	25.016731	25.014462	25.012135	25.009764	25.007355	25.004919	25.002464	
25.002745	25.005474	25.008186	25.010864	25.013502	25.016092	25.018618	25.021072	25.023449	25.025736	25.027925	25.030010	25.031979	25.033825	25.035549	25.037128	25.038576	25.039873	25.041019	25.042011	25.042843	25.043512	25.044014	25.044353	25.044523	25.044519	25.044353	25.044014	25.043514	25.042841	25.042011	25.041019	25.039875	25.038574	25.037132	25.035545	25.033827	25.031975	25.030008	25.027922	25.025734	25.023449	25.021074	25.018618	25.016090	25.013504	25.010866	25.008184	25.005474	25.002743	
25.003010	25.006008	25.008984	25.011925	25.014820	25.017658	25.020433	25.023129	25.025738	25.028246	25.030649	25.032936	25.035097	25.037128	25.039013	25.040756	25.042337	25.043762	25.045021	25.046108	25.047024	25.047756	25.048309	25.048679	25.048862	25.048866	25.048676	25.048309	25.047756	25.047022	25.046108	25.045021	25.043762	25.042339	25.040751	25.039013	25.037125	25.035097	25.032934	25.030647	25.028244	25.025738	25.023129	25.020433	25.017660	25.014820	25.011925	25.008984	25.006008	25.003010	
25.003265	25.006519	25.009747	25.012939	25.016079	25.019161	25.022171	25.025095	25.027925	25.030649	25.033257	25.035736	25.038086	25.040281	25.042336	25.044216	25.045940	25.047483	25.048851	25.050034	25.051022	25.051819	25.052418	25.052820	25.053022	25.053019	25.052822	25.052418	25.051819	25.051020	25.050030	25.048851	25.047485	25.045937	25.044220	25.042330	25.040283	25.038082	25.035736	25.033257	25.030647	25.027924	25.025097	25.022171	25.019163	25.016081	25.012939	25.009747	25.006519	25.003267	
25.003510	25.007008	25.010475	25.013903	25.017281	25.020592	25.023827	25.026968	25.030008	25.032936	25.035736	25.038406	25.040924	25.043291	25.045488	25.047522	25.049364	25.051029	25.052498	25.053764	25.054829	25.055685	25.056328	25.056759	25.056976	25.056976	25.056759	25.056332	25.055683	25.054827	25.053764	25.052494	25.051025	25.049366	25.047516	25.045490	25.043287	25.040922	25.038403	25.035736	25.032932	25.030010	25.026966	25.023827	25.020590	25.017282	25.013905	25.010475	25.007006	25.003510	
25.003738	25.007465	25.011162	25.014816	25.018414	25.021944	25.025389	25.028740	25.031981	25.035097	25.038086	25.040924	25.043612	25.046127	25.048477	25.050636	25.052608	25.054375	25.055943	25.057295	25.058426	25.059338	25.060026	25.060484	25.060717	25.060715	25.060486	25.060024	25.059338	25.058426	25.057289	25.055939	25.054375	25.052605	25.050636	25.048473	25.046129	25.043610	25.040924	25.038082	25.035099	25.031975	25.028738	25.025387	25.021946	25.018414	25.014818	25.011162	25.007465	25.003740	
25.003956	25.007896	25.011806	25.015675	25.019478	25.023212	25.026855	25.030399	25.033829	25.037128	25.040285	25.043291	25.046127	25.048798	25.051273	25.053566	25.055645	25.057522	25.059174	25.060604	25.061804	25.062767	25.063494	25.063980	25.064224	25.064224	25.063980	25.063496	25.062767	25.061802	25.060600	25.059172	25.057518	25.055645	25.053562	25.051277	25.048794	25.046131	25.043289	25.040283	25.037125	25.033827	25.030396	25.026855	25.023211	25.019482	25.015671	25.011808	25.007896	25.003956	
25.004158	25.008297	25.012407	25.016468	25.020470	25.024391	25.028223	25.031944	25.035549	25.039013	25.042334	25.045490	25.048477	25.051273	25.053886	25.056284	25.058479	25.060444	25.062183	25.063684	25.064945	25.065960	25.066723	25.067234	25.067490	25.067490	25.067234	25.066723	25.065956	25.064943	25.063683	25.062180	25.060442	25.058474	25.056286	25.053883	25.051277	25.048477	25.045490	25.042332	25.039013	25.035545	25.031944	25.028219	25.024391	25.020470	25.016472	25.012407	25.008299	25.004158	
25.004341	25.008667	25.012959	25.017204	25.021381	25.025482	25.029480	25.033369	25.037132	25.040754	25.044220	25.047520	25.050636	25.053566	25.056284	25.058800	25.061085	25.063141	25.064957	25.066525	25.067841	25.068901	25.069698	25.070230	25.070499	25.070499	25.070232	25.069698	25.068897	25.067841	25.066521	25.064953	25.063137	25.061083	25.058796	25.056286	25.053562	25.050636	25.047520	25.044220	25.040752	25.037132	25.033367	25.029482	25.025478	25.021381	25.017204	25.012962	25.008667	25.004343	
25.004513	25.009005	25.013464	25.017872	25.022217	25.026470	25.030628	25.034668	25.038578	25.042337	25.045940	25.049366	25.052608	25.055645	25.058479	25.061085	25.063461	25.065596	25.067482	25.069111	25.070480	25.071581	25.072411	25.072964	25.073240	25.073242	25.072964	25.072409	25.071577	25.070477	25.069111	25.067480	25.065594	25.063461	25.061083	25.058475	25.055645	25.052607	25.049368	25.045937	25.042339	25.038574	25.034668	25.030624	25.026470	25.022213	25.017872	25.013462	25.009007	25.004511	
25.004662	25.009308	25.013916	25.018475	25.022961	25.027361	25.031658	25.035835	25.039873	25.043762	25.047485	25.051029	25.054375	25.057522	25.060444	25.063141	25.065594	25.067802	25.069752	25.071438	25.072851	25.073990	25.074844	25.075417	25.075706	25.075705	25.075420	25.074842	25.073986	25.072849	25.071434	25.069748	25.067802	25.065594	25.063137	25.060444	25.057518	25.054377	25.051025	25.047487	25.043760	25.039875	25.035831	25.031658	25.027361	25.022961	25.018475	25.013920	25.009308	25.004663	
25.004799	25.009575	25.014320	25.019005	25.023624	25.028147	25.032568	25.036861	25.041021	25.045019	25.048851	25.052494	25.055941	25.059174	25.062183	25.064955	25.067482	25.069752	25.071758	25.073492	25.074947	25.076115	25.076998	25.077589	25.077881	25.077885	25.077585	25.076996	25.076115	25.074945	25.073488	25.071758	25.069752	25.067482	25.064955	25.062180	25.059174	25.055939	25.052498	25.048847	25.045023	25.041018	25.036865	25.032566	25.028149	25.023621	25.019009	25.014315	25.009577	25.004795	
25.004913	25.009808	25.014662	25.019466	25.024193	25.028831	25.033356	25.037756	25.042009	25.046108	25.050030	25.053764	25.057289	25.060602	25.063683	25.066525	25.069111	25.071438	25.073490	25.075268	25.076757	25.077953	25.078857	25.079462	25.079765	25.079763	25.079464	25.078856	25.077953	25.076756	25.075268	25.073490	25.071438	25.069111	25.066523	25.063683	25.060600	25.057293	25.053761	25.050032	25.046104	25.042011	25.037752	25.033356	25.028828	25.024193	25.019466	25.014666	25.009806	25.004913	
25.005009	25.010002	25.014956	25.019850	25.024673	25.029398	25.034016	25.038502	25.042843	25.047020	25.051020	25.054825	25.058426	25.061802	25.064945	25.067841	25.070480	25.072849	25.074947	25.076759	25.078278	25.079500	25.080418	25.081036	25.081345	25.081345	25.081036	25.080420	25.079496	25.078278	25.076756	25.074945	25.072849	25.070477	25.067841	25.064943	25.061802	25.058422	25.054829	25.051018	25.047020	25.042839	25.038502	25.034012	25.029400	25.024672	25.019852	25.014954	25.010002	25.005011	
25.005089	25.010159	25.015186	25.020161	25.025057	25.029860	25.034546	25.039104	25.043510	25.047752	25.051815	25.055683	25.059338	25.062769	25.065958	25.068901	25.071579	25.073990	25.076115	25.077955	25.079498	25.080738	25.081676	25.082300	25.082613	25.082615	25.082302	25.081675	25.080740	25.079498	25.077957	25.076115	25.073988	25.071581	25.068897	25.065958	25.062765	25.059338	25.055679	25.051817	25.047752	25.043510	25.039101	25.034546	25.029858	25.025059	25.020161	25.015188	25.010159	25.005089	
25.005146	25.010277	25.015366	25.020393	25.025349	25.030203	25.034946	25.039555	25.044014	25.048309	25.052416	25.056328	25.060028	25.063494	25.066725	25.069698	25.072411	25.074844	25.077000	25.078857	25.080418	25.081676	25.082621	25.083256	25.083569	25.083570	25.083252	25.082623	25.081676	25.080421	25.078857	25.076998	25.074846	25.072407	25.069698	25.066721	25.063496	25.060022	25.056328	25.052418	25.048306	25.044014	25.039555	25.034943	25.030201	25.025347	25.020393	25.015366	25.010275	25.005150	
25.005188	25.010353	25.015480	25.020550	25.025541	25.030434	25.035213	25.039860	25.044353	25.048676	25.052818	25.056759	25.060486	25.063984	25.067234	25.070232	25.072964	25.075420	25.077587	25.079464	25.081036	25.082300	25.083256	25.083893	25.084209	25.084209	25.083891	25.083254	25.082302	25.081034	25.079464	25.077587	25.075420	25.072964	25.070230	25.067234	25.063976	25.060486	25.056759	25.052818	25.048676	25.044352	25.039858	25.035213	25.030434	25.025541	25.020550	25.015480	25.010353	25.005188	
25.005203	25.010391	25.015539	25.020628	25.025639	25.030552	25.035347	25.040009	25.044521	25.048862	25.053020	25.056974	25.060715	25.064224	25.067492	25.070499	25.073242	25.075706	25.077885	25.079765	25.081343	25.082615	25.083572	25.084213	25.084530	25.084530	25.084209	25.083570	25.082615	25.081345	25.079765	25.077883	25.075706	25.073242	25.070499	25.067490	25.064224	25.060713	25.056973	25.053017	25.048862	25.044521	25.040009	25.035347	25.030550	25.025639	25.020630	25.015541	25.010393	25.005207	
25.005203	25.010391	25.015539	25.020628	25.025639	25.030552	25.035347	25.040009	25.044521	25.048862	25.053020	25.056974	25.060715	25.064224	25.067492	25.070499	25.073242	25.075706	25.077885	25.079765	25.081343	25.082615	25.083572	25.084213	25.084530	25.084530	25.084209	25.083570	25.082615	25.081345	25.079765	25.077883	25.075706	25.073242	25.070499	25.067490	25.064224	25.060713	25.056973	25.053017	25.048862	25.044521	25.040009	25.035347	25.030550	25.025639	25.020630	25.015541	25.010393	25.005207	
25.005188	25.010353	25.015480	25.020550	25.025541	25.030434	25.035213	25.039860	25.044353	25.048676	25.052818	25.056759	25.060486	25.063984	25.067234	25.070232	25.072964	25.075420	25.077587	25.079464	25.081036	25.082300	25.083256	25.083893	25.084209	25.084209	25.083891	25.083254	25.082302	25.081034	25.079464	25.077587	25.075420	25.072964	25.070230	25.067234	25.063976	25.060486	25.056759	25.052818	25.048676	25.044352	25.039858	25.035213	25.030434	25.025541	25.020550	25.015480	25.010353	25.005188	
25.005146	25.010277	25.015366	25.020393	25.025349	25.030203	25.034946	25.039555	25.044014	25.048309	25.052416	25.056328	25.060028	25.063494	25.066725	25.069698	25.072411	25.074844	25.077000	25.078857	25.080418	25.081676	25.082621	25.083256	25.083569	25.083570	25.083252	25.082623	25.081676	25.080421	25.078857	25.076998	25.074846	25.072407	25.069698	25.066721	25.063496	25.060022	25.056328	25.052418	25.048306	25.044014	25.039555	25.034943	25.030201	25.025347	25.020393	25.015366	25.010275	25.005150	
25.005089	25.010159	25.015186	25.020161	25.025057	25.029860	25.034546	25.039104	25.043510	25.047752	25.051815	25.055683	25.059338	25.062769	25.065958	25.068901	25.071579	25.073990	25.076115	25.077955	25.079498	25.080738	25.081676	25.082300	25.082613	25.082615	25.082302	25.081675	25.080740	25.079498	25.077957	25.076115	25.073988	25.071581	25.068897	25.065958	25.062765	25.059338	25.055679	25.051817	25.047752	25.043510	25.039101	25.034546	25.029858	25.025059	25.020161	25.015188	25.010159	25.005089	
25.005009	25.010002	25.014956	25.019850	25.024673	25.029398	25.034016	25.038502	25.042843	25.047020	25.051020	25.054825	25.058426	25.061802	25.064945	25.067841	25.070480	25.072849	25.074947	25.076759	25.078278	25.079500	25.080418	25.081036	25.081345	25.081345	25.081036	25.080420	25.079496	25.078278	25.076756	25.074945	25.072849	25.070477	25.067841	25.064943	25.061802	25.058422	25.054829	25.051018	25.047020	25.042839	25.038502	25.034012	25.029400	25.024672	25.019852	25.014954	25.010002	25.005011	
25.004913	25.009808	25.014662	25.019466	25.024193	25.028831	25.033356	25.037756	25.042009	25.046108	25.050030	25.053764	25.057289	25.060602	25.063683	25.066525	25.069111	25.071438	25.073490	25.075268	25.076757	25.077953	25.078857	25.079462	25.079765	25.079763	25.079464	25.078856	25.077953	25.076756	25.075268	25.073490	25.071438	25.069111	25.066523	25.063683	25.060600	25.057293	25.053761	25.050032	25.046104	25.042011	25.037752	25.033356	25.028828	25.024193	25.019466	25.014666	25.009806	25.004913	
25.004799	25.009575	25.014320	25.019005	25.023624	25.028147	25.032568	25.036861	25.041021	25.045019	25.048851	25.052494	25.055941	25.059174	25.062183	25.064955	25.067482	25.069752	25.071758	25.073492	25.074947	25.076115	25.076998	25.077589	25.077881	25.077885	25.077585	25.076996	25.076115	25.074945	25.073488	25.071758	25.069752	25.067482	25.064955	25.062180	25.059174	25.055939	25.052498	25.048847	25.045023	25.041018	25.036865	25.032566	25.028149	25.023621	25.019009	25.014315	25.009577	25.004795	
25.004662	25.009308	25.013916	25.018475	25.022961	25.027361	25.031658	25.035835	25.039873	25.043762	25.047485	25.051029	25.054375	25.057522	25.060444	25.063141	25.065594	25.067802	25.069752	25.071438	25.072851	25.073990	25.074844	25.075417	25.075706	25.075705	25.075420	25.074842	25.073986	25.072849	25.071434	25.069748	25.067802	25.065594	25.063137	25.060444	25.057518	25.054377	25.051025	25.047487	25.043760	25.039875	25.035831	25.031658	25.027361	25.022961	25.018475	25.013920	25.009308	25.004663	
25.004513	25.009005	25.013464	25.017872	25.022217	25.026470	25.030628	25.034668	25.038578	25.042337	25.045940	25.049366	25.052608	25.055645	25.058479	25.061085	25.063461	25.065596	25.067482	25.069111	25.070480	25.071581	25.072411	25.072964	25.073240	25.073242	25.072964	25.072409	25.071577	25.070477	25.069111	25.067480	25.065594	25.063461	25.061083	25.058475	25.055645	25.052607	25.049368	25.045937	25.042339	25.038574	25.034668	25.030624	25.026470	25.022213	25.017872	25.013462	25.009007	25.004511	
25.004341	25.008667	25.012959	25.017204	25.021381	25.025482	25.029480	25.033369	25.037132	25.040754	25.044220	25.047520	25.050636	25.053566	25.056284	25.058800	25.061085	25.063141	25.064957	25.066525	25.067841	25.068901	25.069698	25.070230	25.070499	25.070499	25.070232	25.069698	25.068897	25.067841	25.066521	25.064953	25.063137	25.061083	25.058796	25.056286	25.053562	25.050636	25.047520	25.044220	25.040752	25.037132	25.033367	25.029482	25.025478	25.021381	25.017204	25.012962	25.008667	25.004343	
25.004158	25.008297	25.012407	25.016468	25.020470	25.024391	25.028223	25.031944	25.035549	25.039013	25.042334	25.045490	25.048477	25.051273	25.053886	25.056284	25.058479	25.060444	25.062183	25.063684	25.064945	25.065960	25.066723	25.067234	25.067490	25.067490	25.067234	25.066723	25.065956	25.064943	25.063683	25.062180	25.060442	25.058474	25.056286	25.053883	25.051277	25.048477	25.045490	25.042332	25.039013	25.035545	25.031944	25.028219	25.024391	25.020470	25.016472	25.012407	25.008299	25.004158	
25.003956	25.007896	25.011806	25.015675	25.019478	25.023212	25.026855	25.030399	25.033829	25.037128	25.040285	25.043291	25.046127	25.048798	25.051273	25.053566	25.055645	25.057522	25.059174	25.060604	25.061804	25.062767	25.063494	25.063980	25.064224	25.064224	25.063980	25.063496	25.062767	25.061802	25.060600	25.059172	25.057518	25.055645	25.053562	25.051277	25.048794	25.046131	25.043289	25.040283	25.037125	25.033827	25.030396	25.026855	25.023211	25.019482	25.015671	25.011808	25.007896	25.003956	
25.003738	25.007465	25.011162	25.014816	25.018414	25.021944	25.025389	25.028740	25.031981	25.035097	25.038086	25.040924	25.043612	25.046127	25.048477	25.050636	25.052608	25.054375	25.055943	25.057295	25.058426	25.059338	25.060026	25.060484	25.060717	25.060715	25.060486	25.060024	25.059338	25.058426	25.057289	25.055939	25.054375	25.052605	25.050636	25.048473	25.046129	25.043610	25.040924	25.038082	25.035099	25.031975	25.028738	25.025387	25.021946	25.018414	25.014818	25.011162	25.007465	25.003740	
25.003510	25.007008	25.010475	25.013903	25.017281	25.020592	25.023827	25.026968	25.030008	25.032936	25.035736	25.038406	25.040924	25.043291	25.045488	25.047522	25.049364	25.051029	25.052498	25.053764	25.054829	25.055685	25.056328	25.056759	25.056976	25.056976	25.056759	25.056332	25.055683	25.054827	25.053764	25.052494	25.051025	25.049366	25.047516	25.045490	25.043287	25.040922	25.038403	25.035736	25.032932	25.030010	25.026966	25.023827	25.020590	25.017282	25.013905	25.010475	25.007006	25.003510	
25.003265	25.006519	25.009747	25.012939	25.016079	25.019161	25.022171	25.025095	25.027925	25.030649	25.033257	25.035736	25.038086	25.040281	25.042336	25.044216	25.045940	25.047483	25.048851	25.050034	25.051022	25.051819	25.052418	25.052820	25.053022	25.053019	25.052822	25.052418	25.051819	25.051020	25.050030	25.048851	25.047485	25.045937	25.044220	25.042330	25.040283	25.038082	25.035736	25.033257	25.030647	25.027924	25.025097	25.022171	25.019163	25.016081	25.012939	25.009747	25.006519	25.003267	
25.003010	25.006008	25.008984	25.011925	25.014820	25.017658	25.020433	25.023129	25.025738	25.028246	25.030649	25.032936	25.035097	25.037128	25.039013	25.040756	25.042337	25.043762	25.045021	25.046108	25.047024	25.047756	25.048309	25.048679	25.048862	25.048866	25.048676	25.048309	25.047756	25.047022	25.046108	25.045021	25.043762	25.042339	25.040751	25.039013	25.037125	25.035097	25.032934	25.030647	25.028244	25.025738	25.023129	25.020433	25.017660	25.014820	25.011925	25.008984	25.006008	25.003010	
25.002745	25.005474	25.008186	25.010864	25.013502	25.016092	25.018618	25.021072	25.023449	25.025736	25.027925	25.030010	25.031979	25.033825	25.035549	25.037128	25.038576	25.039873	25.041019	25.042011	25.042843	25.043512	25.044014	25.044353	25.044523	25.044519	25.044353	25.044014	25.043514	25.042841	25.042011	25.041019	25.039875	25.038574	25.037132	25.035545	25.033827	25.031975	25.030008	25.027922	25.025734	25.023449	25.021074	25.018618	25.016090	25.013504	25.010866	25.008184	25.005474	25.002743	
25.002464	25.004921	25.007355	25.009766	25.012135	25.014460	25.016733	25.018936	25.021076	25.023129	25.025097	25.026970	25.028738	25.030401	25.031944	25.033371	25.034664	25.035833	25.036865	25.037754	25.038502	25.039104	25.039555	25.039860	25.040009	25.040014	25.039856	25.039558	25.039104	25.038502	25.037754	25.036865	25.035831	25.034668	25.033367	25.031946	25.030399	25.028736	25.026966	25.025095	25.023127	25.021074	25.018938	25.016731	25.014462	25.012135	25.009764	25.007355	25.004919	25.002464	
25.002178	25.004345	25.006500	25.008625	25.010721	25.012779	25.014782	25.016733	25.018616	25.020435	25.022173	25.023827	25.025391	25.026855	25.028225	25.029480	25.030626	25.031656	25.032570	25.033356	25.034018	25.034546	25.034946	25.035213	25.035349	25.035347	25.035217	25.034946	25.034548	25.034016	25.033356	25.032570	25.031658	25.030626	25.029484	25.028221	25.026855	25.025387	25.023827	25.022169	25.020433	25.018616	25.016731	25.014782	25.012775	25.010721	25.008623	25.006496	25.004345	25.002178	
25.001881	25.003757	25.005615	25.007458	25.009266	25.011044	25.012777	25.014460	25.016092	25.017658	25.019163	25.020594	25.021942	25.023212	25.024391	25.025482	25.026470	25.027363	25.028149	25.028828	25.029398	25.029858	25.030203	25.030436	25.030552	25.030552	25.030434	25.030205	25.029860	25.029400	25.028828	25.028152	25.027363	25.026474	25.025478	25.024395	25.023209	25.021944	25.020590	25.019163	25.017658	25.016090	25.014462	25.012775	25.011042	25.009264	25.007458	25.005613	25.003756	25.001881	
25.001579	25.003151	25.004715	25.006256	25.007776	25.009266	25.010719	25.012138	25.013504	25.014820	25.016083	25.017281	25.018417	25.019478	25.020470	25.021381	25.022217	25.022961	25.023623	25.024193	25.024670	25.025055	25.025347	25.025541	25.025639	25.025639	25.025543	25.025349	25.025059	25.024672	25.024193	25.023624	25.022964	25.022213	25.021385	25.020470	25.019482	25.018414	25.017281	25.016081	25.014820	25.013504	25.012135	25.010721	25.009266	25.007776	25.006256	25.004715	25.003149	25.001579	
25.001268	25.002537	25.003792	25.005035	25.006256	25.007454	25.008629	25.009764	25.010866	25.011925	25.012939	25.013905	25.014816	25.015675	25.016468	25.017202	25.017872	25.018475	25.019005	25.019466	25.019848	25.020161	25.020393	25.020550	25.020628	25.020630	25.020550	25.020395	25.020161	25.019852	25.019466	25.019009	25.018476	25.017876	25.017204	25.016472	25.015671	25.014818	25.013903	25.012939	25.011925	25.010864	25.009764	25.008625	25.007454	25.006256	25.005035	25.003790	25.002537	25.001270	
25.000957	25.001909	25.002857	25.003792	25.004715	25.005615	25.006496	25.007357	25.008183	25.008984	25.009747	25.010475	25.011162	25.011806	25.012405	25.012962	25.013466	25.013918	25.014318	25.014664	25.014954	25.015186	25.015364	25.015482	25.015541	25.015541	25.015484	25.015366	25.015190	25.014954	25.014664	25.014320	25.013920	25.013466	25.012962	25.012405	25.011808	25.011162	25.010475	25.009747	25.008984	25.008184	25.007355	25.006500	25.005615	25.004713	25.003792	25.002857	25.001911	25.000957	
25.000641	25.001278	25.001909	25.002537	25.003153	25.003756	25.004345	25.004919	25.005474	25.006006	25.006519	25.007004	25.007465	25.007896	25.008297	25.008667	25.009007	25.009308	25.009575	25.009808	25.010002	25.010159	25.010277	25.010355	25.010393	25.010395	25.010353	25.010275	25.010159	25.010002	25.009808	25.009575	25.009308	25.009007	25.008667	25.008299	25.007896	25.007465	25.007006	25.006519	25.006008	25.005474	25.004919	25.004345	25.003756	25.003151	25.002537	25.001907	25.001278	25.000639	
25.000320	25.000641	25.000957	25.001270	25.001579	25.001881	25.002178	25.002464	25.002743	25.003010	25.003265	25.003510	25.003738	25.003956	25.004156	25.004341	25.004509	25.004663	25.004797	25.004913	25.005013	25.005089	25.005148	25.005188	25.005207	25.005207	25.005188	25.005146	25.005089	25.005011	25.004913	25.004799	25.004662	25.004511	25.004343	25.004158	25.003956	25.003740	25.003510	25.003265	25.003010	25.002743	25.002464	25.002176	25.001881	25.001579	25.001270	25.000957	25.000639	25.000320	
