25.011137	25.022343	25.033409	25.044674	25.055660	25.066938	25.077797	25.089003	25.099638	25.110622	25.120882	25.131443	25.141121	25.150997	25.159849	25.168739	25.176498	25.184090	25.190479	25.196480	25.201246	25.205402	25.208349	25.210476	25.211475	25.211475	25.210476	25.208351	25.205402	25.201246	25.196480	25.190479	25.184090	25.176497	25.168739	25.159849	25.150995	25.141121	25.131441	25.120880	25.110622	25.099634	25.089003	25.077793	25.066940	25.055660	25.044674	25.033413	25.022343	25.011137	
25.022343	25.044550	25.067020	25.089085	25.111639	25.133499	25.156013	25.177538	25.199772	25.220713	25.242317	25.262314	25.282816	25.301418	25.320253	25.336941	25.353493	25.367712	25.381372	25.392586	25.402798	25.410555	25.416870	25.420841	25.422979	25.422981	25.420841	25.416874	25.410557	25.402794	25.392588	25.381371	25.367712	25.353495	25.336941	25.320253	25.301418	25.282814	25.262310	25.242315	25.220707	25.199774	25.177536	25.156017	25.133499	25.111641	25.089083	25.067022	25.044552	25.022343	
25.033411	25.067022	25.100229	25.134010	25.166973	25.200802	25.233379	25.266987	25.298897	25.331844	25.362631	25.394297	25.423346	25.452950	25.479527	25.506176	25.529465	25.552223	25.571400	25.589390	25.603699	25.616159	25.625008	25.631382	25.634377	25.634377	25.631384	25.625008	25.616159	25.603699	25.589388	25.571400	25.552223	25.529463	25.506174	25.479527	25.452950	25.423344	25.394293	25.362625	25.331842	25.298893	25.266991	25.233374	25.200802	25.166969	25.134010	25.100229	25.067020	25.033411	
25.044674	25.089085	25.134010	25.178137	25.223228	25.266956	25.311956	25.355011	25.399450	25.441341	25.484512	25.524529	25.565491	25.602718	25.640350	25.673740	25.706812	25.735264	25.762554	25.784998	25.805395	25.820923	25.833542	25.841484	25.845757	25.845758	25.841484	25.833542	25.820923	25.805393	25.784998	25.762554	25.735264	25.706814	25.673740	25.640350	25.602718	25.565489	25.524525	25.484512	25.441338	25.399450	25.355007	25.311954	25.266953	25.223225	25.178135	25.134010	25.089081	25.044674	
25.055660	25.111641	25.166973	25.223228	25.278160	25.334484	25.388783	25.444731	25.497923	25.552761	25.604090	25.656788	25.705231	25.754490	25.798809	25.843151	25.881985	25.919855	25.951834	25.981764	26.005630	26.026360	26.041115	26.051723	26.056717	26.056715	26.051722	26.041115	26.026363	26.005630	25.981764	25.951832	25.919857	25.881985	25.843151	25.798809	25.754490	25.705229	25.656786	25.604088	25.552761	25.497919	25.444733	25.388779	25.334484	25.278160	25.223228	25.166969	25.111641	25.055658	
25.066940	25.133499	25.200802	25.266956	25.334484	25.400057	25.467434	25.532009	25.598534	25.661375	25.725990	25.786024	25.847326	25.903187	25.959497	26.009602	26.059090	26.101780	26.142612	26.176294	26.206810	26.230114	26.248997	26.260912	26.267303	26.267303	26.260910	26.248997	26.230112	26.206814	26.176292	26.142612	26.101782	26.059090	26.009602	25.959496	25.903185	25.847324	25.786022	25.725990	25.661369	25.598536	25.532005	25.467434	25.400055	25.334482	25.266956	25.200802	25.133499	25.066940	
25.077795	25.156017	25.233377	25.311954	25.388783	25.467434	25.543394	25.621502	25.695927	25.772470	25.844303	25.917845	25.985649	26.054382	26.116421	26.178284	26.232647	26.285482	26.330250	26.372004	26.405416	26.434334	26.454990	26.469790	26.476778	26.476778	26.469790	26.454988	26.434338	26.405416	26.372005	26.330248	26.285484	26.232647	26.178284	26.116421	26.054380	25.985645	25.917843	25.844299	25.772472	25.695921	25.621504	25.543390	25.467434	25.388781	25.311954	25.233376	25.156015	25.077795	
25.089005	25.177534	25.266989	25.355011	25.444733	25.532009	25.621502	25.707474	25.795813	25.879494	25.965282	26.045238	26.126610	26.201019	26.275753	26.342505	26.408175	26.465052	26.519234	26.564108	26.604603	26.635651	26.660702	26.676580	26.685061	26.685062	26.676579	26.660702	26.635647	26.604605	26.564108	26.519234	26.465050	26.408175	26.342501	26.275751	26.201014	26.126608	26.045235	25.965281	25.879490	25.795815	25.707466	25.621506	25.532005	25.444731	25.355009	25.266989	25.177536	25.089005	
25.099634	25.199776	25.298895	25.399450	25.497921	25.598534	25.695927	25.795815	25.891262	25.989128	26.081266	26.175274	26.262262	26.350103	26.429712	26.508759	26.578526	26.646034	26.703484	26.756828	26.799709	26.836655	26.863167	26.882069	26.891043	26.891041	26.882069	26.863163	26.836655	26.799709	26.756832	26.703480	26.646034	26.578522	26.508760	26.429708	26.350101	26.262257	26.175274	26.081264	25.989126	25.891256	25.795816	25.695923	25.598536	25.497917	25.399450	25.298893	25.199776	25.099636	
25.110626	25.220711	25.331844	25.441339	25.552761	25.661375	25.772472	25.879494	25.989128	26.093323	26.199757	26.299339	26.400274	26.492962	26.585648	26.668810	26.750242	26.821110	26.888290	26.944206	26.994413	27.033096	27.064159	27.083942	27.094460	27.094460	27.083942	27.064157	27.033096	26.994413	26.944202	26.888290	26.821106	26.750244	26.668808	26.585648	26.492960	26.400274	26.299334	26.199757	26.093319	25.989128	25.879490	25.772472	25.661371	25.552763	25.441339	25.331844	25.220711	25.110624	
25.120882	25.242317	25.362629	25.484512	25.604088	25.725992	25.844301	25.965284	26.081266	26.199757	26.311756	26.425541	26.531301	26.637606	26.734407	26.830053	26.914898	26.996571	27.066441	27.130978	27.183132	27.227825	27.260067	27.282934	27.293848	27.293846	27.282934	27.260067	27.227825	27.183132	27.130980	27.066437	26.996572	26.914894	26.830055	26.734406	26.637606	26.531298	26.425541	26.311752	26.199760	26.081264	25.965282	25.844299	25.725992	25.604088	25.484512	25.362627	25.242317	25.120882	
25.131443	25.262314	25.394295	25.524527	25.656788	25.786026	25.917847	26.045237	26.175274	26.299341	26.425541	26.544147	26.663795	26.774212	26.884060	26.983147	27.079647	27.164087	27.243689	27.310320	27.369806	27.415905	27.452707	27.476282	27.488739	27.488741	27.476280	27.452707	27.415905	27.369806	27.310318	27.243690	27.164083	27.079647	26.983143	26.884064	26.774208	26.663799	26.544142	26.425543	26.299337	26.175272	26.045235	25.917847	25.786024	25.656788	25.524527	25.394297	25.262314	25.131443	
25.141123	25.282814	25.423347	25.565489	25.705231	25.847328	25.985649	26.126612	26.262262	26.400274	26.531301	26.663795	26.787556	26.911310	27.024605	27.135933	27.235245	27.330297	27.412094	27.487192	27.548248	27.600258	27.638004	27.664614	27.677387	27.677387	27.664612	27.638004	27.600254	27.548250	27.487194	27.412086	27.330303	27.235243	27.135937	27.024603	26.911312	26.787552	26.663799	26.531298	26.400276	26.262260	26.126610	25.985647	25.847328	25.705227	25.565491	25.423347	25.282818	25.141123	
25.150995	25.301420	25.452950	25.602718	25.754488	25.903191	26.054382	26.201019	26.350105	26.492962	26.637604	26.774212	26.911308	27.038513	27.164352	27.278519	27.389050	27.486351	27.577517	27.654305	27.722427	27.775555	27.817699	27.844872	27.859138	27.859135	27.844870	27.817699	27.775555	27.722429	27.654301	27.577520	27.486349	27.389051	27.278513	27.164356	27.038509	26.911312	26.774208	26.637608	26.492958	26.350105	26.201015	26.054382	25.903187	25.754490	25.602718	25.452950	25.301418	25.150995	
25.159851	25.320251	25.479528	25.640348	25.798813	25.959496	26.116425	26.275751	26.429714	26.585648	26.734406	26.884062	27.024605	27.164352	27.293037	27.418730	27.531546	27.638849	27.731773	27.816545	27.885920	27.944616	27.987507	28.017540	28.032055	28.032055	28.017540	27.987503	27.944618	27.885916	27.816547	27.731770	27.638853	27.531542	27.418732	27.293034	27.164358	27.024603	26.884066	26.734404	26.585648	26.429708	26.275753	26.116421	25.959499	25.798811	25.640348	25.479527	25.320255	25.159851	
25.168737	25.336941	25.506176	25.673744	25.843151	26.009605	26.178284	26.342505	26.508759	26.668812	26.830051	26.983143	27.135933	27.278519	27.418732	27.546719	27.669853	27.778955	27.880507	27.966608	28.042484	28.102062	28.149000	28.179470	28.195358	28.195358	28.179468	28.149000	28.102062	28.042488	27.966606	27.880508	27.778952	27.669857	27.546717	27.418732	27.278515	27.135937	26.983143	26.830055	26.668808	26.508762	26.342503	26.178284	26.009605	25.843151	25.673742	25.506176	25.336939	25.168739	
25.176498	25.353495	25.529463	25.706814	25.881987	26.059090	26.232651	26.408176	26.578527	26.750244	26.914898	27.079645	27.235245	27.389048	27.531548	27.669855	27.794800	27.912855	28.015783	28.109039	28.185883	28.250452	28.297964	28.330997	28.347078	28.347078	28.330999	28.297962	28.250452	28.185883	28.109039	28.015778	27.912855	27.794800	27.669855	27.531548	27.389050	27.235245	27.079647	26.914894	26.750244	26.578526	26.408175	26.232649	26.059090	25.881985	25.706814	25.529461	25.353495	25.176497	
25.184092	25.367710	25.552227	25.735264	25.919857	26.101782	26.285484	26.465054	26.646034	26.821110	26.996571	27.164085	27.330297	27.486353	27.638851	27.778954	27.912857	28.032301	28.142715	28.236992	28.319483	28.384720	28.435745	28.469112	28.486380	28.486383	28.469109	28.435745	28.384718	28.319483	28.236990	28.142715	28.032299	27.912857	27.778955	27.638851	27.486351	27.330299	27.164085	26.996574	26.821108	26.646034	26.465052	26.285486	26.101782	25.919857	25.735262	25.552225	25.367710	25.184090	
25.190479	25.381371	25.571400	25.762552	25.951834	26.142612	26.330248	26.519232	26.703484	26.888290	27.066441	27.243689	27.412090	27.577518	27.731775	27.880505	28.015783	28.142714	28.254166	28.354424	28.437639	28.507048	28.558502	28.594013	28.611427	28.611425	28.594011	28.558498	28.507048	28.437637	28.354424	28.254164	28.142715	28.015781	27.880505	27.731773	27.577518	27.412092	27.243690	27.066439	26.888294	26.703484	26.519236	26.330250	26.142611	25.951832	25.762552	25.571396	25.381371	25.190477	
25.196480	25.392584	25.589390	25.784996	25.981762	26.176292	26.372005	26.564108	26.756832	26.944204	27.130980	27.310318	27.487192	27.654305	27.816547	27.966610	28.109037	28.236992	28.354424	28.455425	28.543152	28.613045	28.667303	28.703054	28.721420	28.721420	28.703054	28.667305	28.613043	28.543148	28.455421	28.354424	28.236990	28.109039	27.966608	27.816545	27.654305	27.487192	27.310318	27.130980	26.944206	26.756832	26.564106	26.372005	26.176294	25.981762	25.784996	25.589388	25.392586	25.196480	
25.201246	25.402798	25.603699	25.805395	26.005629	26.206812	26.405415	26.604603	26.799709	26.994415	27.183132	27.369806	27.548250	27.722427	27.885918	28.042484	28.185884	28.319481	28.437637	28.543150	28.631378	28.704420	28.758978	28.796345	28.814810	28.814808	28.796345	28.758976	28.704422	28.631378	28.543148	28.437637	28.319481	28.185883	28.042484	27.885918	27.722427	27.548250	27.369806	27.183130	26.994415	26.799711	26.604605	26.405416	26.206810	26.005630	25.805395	25.603699	25.402798	25.201246	
25.205404	25.410553	25.616161	25.820921	26.026361	26.230112	26.434336	26.635647	26.836657	27.033096	27.227825	27.415905	27.600256	27.775555	27.944616	28.102062	28.250450	28.384720	28.507050	28.613045	28.704420	28.777779	28.834293	28.871817	28.890942	28.890945	28.871815	28.834291	28.777775	28.704420	28.613045	28.507046	28.384720	28.250452	28.102062	27.944616	27.775557	27.600254	27.415907	27.227825	27.033096	26.836658	26.635649	26.434336	26.230112	26.026360	25.820923	25.616158	25.410553	25.205402	
25.208349	25.416872	25.625004	25.833544	26.041113	26.248997	26.454988	26.660706	26.863165	27.064161	27.260067	27.452707	27.638004	27.817701	27.987505	28.148998	28.297962	28.435743	28.558500	28.667305	28.758976	28.834293	28.890980	28.929508	28.948696	28.948692	28.929510	28.890978	28.834291	28.758976	28.667303	28.558502	28.435743	28.297962	28.148998	27.987503	27.817696	27.638006	27.452707	27.260067	27.064161	26.863167	26.660706	26.454990	26.248995	26.041113	25.833542	25.625004	25.416872	25.208349	
25.210476	25.420841	25.631382	25.841484	26.051723	26.260912	26.469791	26.676579	26.882072	27.083942	27.282934	27.476284	27.664614	27.844872	28.017540	28.179470	28.330999	28.469112	28.594011	28.703053	28.796345	28.871815	28.929508	28.968113	28.987640	28.987640	28.968113	28.929512	28.871815	28.796343	28.703051	28.594009	28.469110	28.330997	28.179470	28.017536	27.844872	27.664612	27.476284	27.282936	27.083946	26.882072	26.676580	26.469788	26.260910	26.051722	25.841484	25.631382	25.420839	25.210476	
25.211472	25.422979	25.634375	25.845757	26.056717	26.267305	26.476778	26.685062	26.891041	27.094460	27.293846	27.488739	27.677387	27.859137	28.032053	28.195358	28.347076	28.486385	28.611423	28.721422	28.814808	28.890944	28.948696	28.987642	29.007189	29.007187	28.987640	28.948692	28.890944	28.814804	28.721420	28.611425	28.486382	28.347076	28.195358	28.032051	27.859135	27.677387	27.488741	27.293846	27.094460	26.891043	26.685062	26.476776	26.267302	26.056713	25.845755	25.634373	25.422977	25.211473	
25.211472	25.422979	25.634375	25.845757	26.056717	26.267305	26.476778	26.685062	26.891041	27.094460	27.293846	27.488739	27.677387	27.859137	28.032053	28.195358	28.347076	28.486385	28.611423	28.721422	28.814808	28.890944	28.948696	28.987642	29.007189	29.007187	28.987640	28.948692	28.890944	28.814804	28.721420	28.611425	28.486382	28.347076	28.195358	28.032051	27.859135	27.677387	27.488741	27.293846	27.094460	26.891043	26.685062	26.476776	26.267302	26.056713	25.845755	25.634373	25.422977	25.211473	
25.210476	25.420841	25.631382	25.841484	26.051723	26.260912	26.469791	26.676579	26.882072	27.083942	27.282934	27.476284	27.664614	27.844872	28.017540	28.179470	28.330999	28.469112	28.594011	28.703053	28.796345	28.871815	28.929508	28.968113	28.987640	28.987640	28.968113	28.929512	28.871815	28.796343	28.703051	28.594009	28.469110	28.330997	28.179470	28.017536	27.844872	27.664612	27.476284	27.282936	27.083946	26.882072	26.676580	26.469788	26.260910	26.051722	25.841484	25.631382	25.420839	25.210476	
25.208349	25.416872	25.625004	25.833544	26.041113	26.248997	26.454988	26.660706	26.863165	27.064161	27.260067	27.452707	27.638004	27.817701	27.987505	28.148998	28.297962	28.435743	28.558500	28.667305	28.758976	28.834293	28.890980	28.929508	28.948696	28.948692	28.929510	28.890978	28.834291	28.758976	28.667303	28.558502	28.435743	28.297962	28.148998	27.987503	27.817696	27.638006	27.452707	27.260067	27.064161	26.863167	26.660706	26.454990	26.248995	26.041113	25.833542	25.625004	25.416872	25.208349	
25.205404	25.410553	25.616161	25.820921	26.026361	26.230112	26.434336	26.635647	26.836657	27.033096	27.227825	27.415905	27.600256	27.775555	27.944616	28.102062	28.250450	28.384720	28.507050	28.613045	28.704420	28.777779	28.834293	28.871817	28.890942	28.890945	28.871815	28.834291	28.777775	28.704420	28.613045	28.507046	28.384720	28.250452	28.102062	27.944616	27.775557	27.600254	27.415907	27.227825	27.033096	26.836658	26.635649	26.434336	26.230112	26.026360	25.820923	25.616158	25.410553	25.205402	
25.201246	25.402798	25.603699	25.805395	26.005629	26.206812	26.405415	26.604603	26.799709	26.994415	27.183132	27.369806	27.548250	27.722427	27.885918	28.042484	28.185884	28.319481	28.437637	28.543150	28.631378	28.704420	28.758978	28.796345	28.814810	28.814808	28.796345	28.758976	28.704422	28.631378	28.543148	28.437637	28.319481	28.185883	28.042484	27.885918	27.722427	27.548250	27.369806	27.183130	26.994415	26.799711	26.604605	26.405416	26.206810	26.005630	25.805395	25.603699	25.402798	25.201246	
25.196480	25.392584	25.589390	25.784996	25.981762	26.176292	26.372005	26.564108	26.756832	26.944204	27.130980	27.310318	27.487192	27.654305	27.816547	27.966610	28.109037	28.236992	28.354424	28.455425	28.543152	28.613045	28.667303	28.703054	28.721420	28.721420	28.703054	28.667305	28.613043	28.543148	28.455421	28.354424	28.236990	28.109039	27.966608	27.816545	27.654305	27.487192	27.310318	27.130980	26.944206	26.756832	26.564106	26.372005	26.176294	25.981762	25.784996	25.589388	25.392586	25.196480	
25.190479	25.381371	25.571400	25.762552	25.951834	26.142612	26.330248	26.519232	26.703484	26.888290	27.066441	27.243689	27.412090	27.577518	27.731775	27.880505	28.015783	28.142714	28.254166	28.354424	28.437639	28.507048	28.558502	28.594013	28.611427	28.611425	28.594011	28.558498	28.507048	28.437637	28.354424	28.254164	28.142715	28.015781	27.880505	27.731773	27.577518	27.412092	27.243690	27.066439	26.888294	26.703484	26.519236	26.330250	26.142611	25.951832	25.762552	25.571396	25.381371	25.190477	
25.184092	25.367710	25.552227	25.735264	25.919857	26.101782	26.285484	26.465054	26.646034	26.821110	26.996571	27.164085	27.330297	27.486353	27.638851	27.778954	27.912857	28.032301	28.142715	28.236992	28.319483	28.384720	28.435745	28.469112	28.486380	28.486383	28.469109	28.435745	28.384718	28.319483	28.236990	28.142715	28.032299	27.912857	27.778955	27.638851	27.486351	27.330299	27.164085	26.996574	26.821108	26.646034	26.465052	26.285486	26.101782	25.919857	25.735262	25.552225	25.367710	25.184090	
25.176498	25.353495	25.529463	25.706814	25.881987	26.059090	26.232651	26.408176	26.578527	26.750244	26.914898	27.079645	27.235245	27.389048	27.531548	27.669855	27.794800	27.912855	28.015783	28.109039	28.185883	28.250452	28.297964	28.330997	28.347078	28.347078	28.330999	28.297962	28.250452	28.185883	28.109039	28.015778	27.912855	27.794800	27.669855	27.531548	27.389050	27.235245	27.079647	26.914894	26.750244	26.578526	26.408175	26.232649	26.059090	25.881985	25.706814	25.529461	25.353495	25.176497	
25.168737	25.336941	25.506176	25.673744	25.843151	26.009605	26.178284	26.342505	26.508759	26.668812	26.830051	26.983143	27.135933	27.278519	27.418732	27.546719	27.669853	27.778955	27.880507	27.966608	28.042484	28.102062	28.149000	28.179470	28.195358	28.195358	28.179468	28.149000	28.102062	28.042488	27.966606	27.880508	27.778952	27.669857	27.546717	27.418732	27.278515	27.135937	26.983143	26.830055	26.668808	26.508762	26.342503	26.178284	26.009605	25.843151	25.673742	25.506176	25.336939	25.168739	
25.159851	25.320251	25.479528	25.640348	25.798813	25.959496	26.116425	26.275751	26.429714	26.585648	26.734406	26.884062	27.024605	27.164352	27.293037	27.418730	27.531546	27.638849	27.731773	27.816545	27.885920	27.944616	27.987507	28.017540	28.032055	28.032055	28.017540	27.987503	27.944618	27.885916	27.816547	27.731770	27.638853	27.531542	27.418732	27.293034	27.164358	27.024603	26.884066	26.734404	26.585648	26.429708	26.275753	26.116421	25.959499	25.798811	25.640348	25.479527	25.320255	25.159851	
25.150995	25.301420	25.452950	25.602718	25.754488	25.903191	26.054382	26.201019	26.350105	26.492962	26.637604	26.774212	26.911308	27.038513	27.164352	27.278519	27.389050	27.486351	27.577517	27.654305	27.722427	27.775555	27.817699	27.844872	27.859138	27.859135	27.844870	27.817699	27.775555	27.722429	27.654301	27.577520	27.486349	27.389051	27.278513	27.164356	27.038509	26.911312	26.774208	26.637608	26.492958	26.350105	26.201015	26.054382	25.903187	25.754490	25.602718	25.452950	25.301418	25.150995	
25.141123	25.282814	25.423347	25.565489	25.705231	25.847328	25.985649	26.126612	26.262262	26.400274	26.531301	26.663795	26.787556	26.911310	27.024605	27.135933	27.235245	27.330297	27.412094	27.487192	27.548248	27.600258	27.638004	27.664614	27.677387	27.677387	27.664612	27.638004	27.600254	27.548250	27.487194	27.412086	27.330303	27.235243	27.135937	27.024603	26.911312	26.787552	26.663799	26.531298	26.400276	26.262260	26.126610	25.985647	25.847328	25.705227	25.565491	25.423347	25.282818	25.141123	
25.131443	25.262314	25.394295	25.524527	25.656788	25.786026	25.917847	26.045237	26.175274	26.299341	26.425541	26.544147	26.663795	26.774212	26.884060	26.983147	27.079647	27.164087	27.243689	27.310320	27.369806	27.415905	27.452707	27.476282	27.488739	27.488741	27.476280	27.452707	27.415905	27.369806	27.310318	27.243690	27.164083	27.079647	26.983143	26.884064	26.774208	26.663799	26.544142	26.425543	26.299337	26.175272	26.045235	25.917847	25.786024	25.656788	25.524527	25.394297	25.262314	25.131443	
25.120882	25.242317	25.362629	25.484512	25.604088	25.725992	25.844301	25.965284	26.081266	26.199757	26.311756	26.425541	26.531301	26.637606	26.734407	26.830053	26.914898	26.996571	27.066441	27.130978	27.183132	27.227825	27.260067	27.282934	27.293848	27.293846	27.282934	27.260067	27.227825	27.183132	27.130980	27.066437	26.996572	26.914894	26.830055	26.734406	26.637606	26.531298	26.425541	26.311752	26.199760	26.081264	25.965282	25.844299	25.725992	25.604088	25.484512	25.362627	25.242317	25.120882	
25.110626	25.220711	25.331844	25.441339	25.552761	25.661375	25.772472	25.879494	25.989128	26.093323	26.199757	26.299339	26.400274	26.492962	26.585648	26.668810	26.750242	26.821110	26.888290	26.944206	26.994413	27.033096	27.064159	27.083942	27.094460	27.094460	27.083942	27.064157	27.033096	26.994413	26.944202	26.888290	26.821106	26.750244	26.668808	26.585648	26.492960	26.400274	26.299334	26.199757	26.093319	25.989128	25.879490	25.772472	25.661371	25.552763	25.441339	25.331844	25.220711	25.110624	
25.099634	25.199776	25.298895	25.399450	25.497921	25.598534	25.695927	25.795815	25.891262	25.989128	26.081266	26.175274	26.262262	26.350103	26.429712	26.508759	26.578526	26.646034	26.703484	26.756828	26.799709	26.836655	26.863167	26.882069	26.891043	26.891041	26.882069	26.863163	26.836655	26.799709	26.756832	26.703480	26.646034	26.578522	26.508760	26.429708	26.350101	26.262257	26.175274	26.081264	25.989126	25.891256	25.795816	25.695923	25.598536	25.497917	25.399450	25.298893	25.199776	25.099636	
25.089005	25.177534	25.266989	25.355011	25.444733	25.532009	25.621502	25.707474	25.795813	25.879494	25.965282	26.045238	26.126610	26.201019	26.275753	26.342505	26.408175	26.465052	26.519234	26.564108	26.604603	26.635651	26.660702	26.676580	26.685061	26.685062	26.676579	26.660702	26.635647	26.604605	26.564108	26.519234	26.465050	26.408175	26.342501	26.275751	26.201014	26.126608	26.045235	25.965281	25.879490	25.795815	25.707466	25.621506	25.532005	25.444731	25.355009	25.266989	25.177536	25.089005	
25.077795	25.156017	25.233377	25.311954	25.388783	25.467434	25.543394	25.621502	25.695927	25.772470	25.844303	25.917845	25.985649	26.054382	26.116421	26.178284	26.232647	26.285482	26.330250	26.372004	26.405416	26.434334	26.454990	26.469790	26.476778	26.476778	26.469790	26.454988	26.434338	26.405416	26.372005	26.330248	26.285484	26.232647	26.178284	26.116421	26.054380	25.985645	25.917843	25.844299	25.772472	25.695921	25.621504	25.543390	25.467434	25.388781	25.311954	25.233376	25.156015	25.077795	
25.066940	25.133499	25.200802	25.266956	25.334484	25.400057	25.467434	25.532009	25.598534	25.661375	25.725990	25.786024	25.847326	25.903187	25.959497	26.009602	26.059090	26.101780	26.142612	26.176294	26.206810	26.230114	26.248997	26.260912	26.267303	26.267303	26.260910	26.248997	26.230112	26.206814	26.176292	26.142612	26.101782	26.059090	26.009602	25.959496	25.903185	25.847324	25.786022	25.725990	25.661369	25.598536	25.532005	25.467434	25.400055	25.334482	25.266956	25.200802	25.133499	25.066940	
25.055660	25.111641	25.166973	25.223228	25.278160	25.334484	25.388783	25.444731	25.497923	25.552761	25.604090	25.656788	25.705231	25.754490	25.798809	25.843151	25.881985	25.919855	25.951834	25.981764	26.005630	26.026360	26.041115	26.051723	26.056717	26.056715	26.051722	26.041115	26.026363	26.005630	25.981764	25.951832	25.919857	25.881985	25.843151	25.798809	25.754490	25.705229	25.656786	25.604088	25.552761	25.497919	25.444733	25.388779	25.334484	25.278160	25.223228	25.166969	25.111641	25.055658	
25.044674	25.089085	25.134010	25.178137	25.223228	25.266956	25.311956	25.355011	25.399450	25.441341	25.484512	25.524529	25.565491	25.602718	25.640350	25.673740	25.706812	25.735264	25.762554	25.784998	25.805395	25.820923	25.833542	25.841484	25.845757	25.845758	25.841484	25.833542	25.820923	25.805393	25.784998	25.762554	25.735264	25.706814	25.673740	25.640350	25.602718	25.565489	25.524525	25.484512	25.441338	25.399450	25.355007	25.311954	25.266953	25.223225	25.178135	25.134010	25.089081	25.044674	
25.033411	25.067022	25.100229	25.134010	25.166973	25.200802	25.233379	25.266987	25.298897	25.331844	25.362631	25.394297	25.423346	25.452950	25.479527	25.506176	25.529465	25.552223	25.571400	25.589390	25.603699	25.616159	25.625008	25.631382	25.634377	25.634377	25.631384	25.625008	25.616159	25.603699	25.589388	25.571400	25.552223	25.529463	25.506174	25.479527	25.452950	25.423344	25.394293	25.362625	25.331842	25.298893	25.266991	25.233374	25.200802	25.166969	25.134010	25.100229	25.067020	25.033411	
25.022343	25.044550	25.067020	25.089085	25.111639	25.133499	25.156013	25.177538	25.199772	25.220713	25.242317	25.262314	25.282816	25.301418	25.320253	25.336941	25.353493	25.367712	25.381372	25.392586	25.402798	25.410555	25.416870	25.420841	25.422979	25.422981	25.420841	25.416874	25.410557	25.402794	25.392588	25.381371	25.367712	25.353495	25.336941	25.320253	25.301418	25.282814	25.262310	25.242315	25.220707	25.199774	25.177536	25.156017	25.133499	25.111641	25.089083	25.067022	25.044552	25.022343	
25.011137	25.022343	25.033409	25.044674	25.055660	25.066938	25.077797	25.089003	25.099638	25.110622	25.120882	25.131443	25.141121	25.150997	25.159849	25.168739	25.176498	25.184090	25.190479	25.196480	25.201246	25.205402	25.208349	25.210476	25.211475	25.211475	25.210476	25.208351	25.205402	25.201246	25.196480	25.190479	25.184090	25.176497	25.168739	25.159849	25.150995	25.141121	25.131441	25.120880	25.110622	25.099634	25.089003	25.077793	25.066940	25.055660	25.044674	25.033413	25.022343	25.011137	
