25.003742	25.007473	25.011175	25.014833	25.018436	25.021971	25.025421	25.028774	25.032021	25.035143	25.038136	25.040981	25.043674	25.046200	25.048553	25.050716	25.052694	25.054468	25.056038	25.057392	25.058529	25.059444	25.060135	25.060596	25.060829	25.060825	25.060596	25.060135	25.059444	25.058531	25.057392	25.056038	25.054468	25.052692	25.050716	25.048552	25.046198	25.043674	25.040981	25.038136	25.035143	25.032021	25.028774	25.025419	25.021969	25.018436	25.014835	25.011173	25.007473	25.003742	
25.007471	25.014915	25.022305	25.029612	25.036804	25.043858	25.050745	25.057442	25.063919	25.070158	25.076124	25.081812	25.087181	25.092228	25.096920	25.101246	25.105186	25.108734	25.111860	25.114569	25.116838	25.118666	25.120043	25.120964	25.121426	25.121426	25.120964	25.120045	25.118668	25.116838	25.114571	25.111858	25.108734	25.105186	25.101248	25.096918	25.092228	25.087181	25.081812	25.076126	25.070156	25.063917	25.057442	25.050743	25.043856	25.036800	25.029610	25.022306	25.014917	25.007473	
25.011173	25.022305	25.033356	25.044277	25.055033	25.065578	25.075878	25.085888	25.095577	25.104900	25.113834	25.122326	25.130365	25.137901	25.144924	25.151390	25.157288	25.162582	25.167267	25.171310	25.174706	25.177437	25.179497	25.180872	25.181562	25.181564	25.180874	25.179497	25.177437	25.174707	25.171309	25.167267	25.162582	25.157288	25.151388	25.144924	25.137901	25.130363	25.122326	25.113832	25.104900	25.095577	25.085888	25.075878	25.065575	25.055031	25.044277	25.033354	25.022308	25.011173	
25.014832	25.029610	25.044273	25.058777	25.073051	25.087053	25.100719	25.114014	25.126869	25.139256	25.151100	25.162388	25.173046	25.183064	25.192375	25.200966	25.208790	25.215824	25.222034	25.227407	25.231913	25.235540	25.238272	25.240101	25.241014	25.241016	25.240099	25.238272	25.235540	25.231913	25.227407	25.222034	25.215824	25.208786	25.200966	25.192373	25.183062	25.173048	25.162388	25.151100	25.139254	25.126869	25.114014	25.100719	25.087051	25.073048	25.058773	25.044277	25.029610	25.014833	
25.018436	25.036804	25.055031	25.073050	25.090797	25.108192	25.125189	25.141701	25.157692	25.173073	25.187811	25.201824	25.215088	25.227522	25.239107	25.249777	25.259504	25.268242	25.275969	25.282640	25.288246	25.292749	25.296148	25.298418	25.299559	25.299557	25.298418	25.296146	25.292749	25.288244	25.282640	25.275969	25.268242	25.259506	25.249773	25.239107	25.227520	25.215088	25.201824	25.187811	25.173073	25.157692	25.141703	25.125191	25.108192	25.090796	25.073048	25.055031	25.036802	25.018436	
25.021969	25.043858	25.065577	25.087051	25.108192	25.128935	25.149174	25.168867	25.187904	25.206249	25.223795	25.240513	25.256298	25.271137	25.284925	25.297649	25.309235	25.319656	25.328854	25.336811	25.343485	25.348860	25.352903	25.355612	25.356966	25.356966	25.355612	25.352903	25.348860	25.343485	25.336813	25.328854	25.319656	25.309231	25.297653	25.284924	25.271133	25.256300	25.240513	25.223797	25.206251	25.187906	25.168869	25.149176	25.128933	25.108192	25.087051	25.065577	25.043856	25.021969	
25.025421	25.050743	25.075876	25.100719	25.125187	25.149174	25.172611	25.195377	25.217426	25.238628	25.258953	25.278273	25.296560	25.313707	25.329679	25.344389	25.357805	25.369848	25.380505	25.389702	25.397430	25.403645	25.408329	25.411459	25.413029	25.413027	25.411459	25.408329	25.403645	25.397432	25.389702	25.380505	25.369848	25.357805	25.344387	25.329679	25.313705	25.296560	25.278275	25.258953	25.238630	25.217426	25.195377	25.172611	25.149176	25.125189	25.100719	25.075874	25.050743	25.025419	
25.028774	25.057442	25.085888	25.114012	25.141701	25.168865	25.195377	25.221169	25.246103	25.270130	25.293110	25.315006	25.335682	25.355110	25.373173	25.389837	25.405010	25.418657	25.430704	25.441128	25.449869	25.456909	25.462204	25.465752	25.467525	25.467527	25.465752	25.462204	25.456909	25.449869	25.441130	25.430706	25.418657	25.405006	25.389839	25.373173	25.355108	25.335682	25.315002	25.293110	25.270130	25.246101	25.221169	25.195377	25.168865	25.141701	25.114012	25.085886	25.057438	25.028774	
25.032021	25.063915	25.095577	25.126867	25.157688	25.187904	25.217422	25.246101	25.273872	25.300583	25.326181	25.350517	25.373554	25.395149	25.415272	25.433796	25.450697	25.465870	25.479288	25.490875	25.500612	25.508436	25.514339	25.518280	25.520258	25.520260	25.518282	25.514339	25.508434	25.500612	25.490877	25.479290	25.465870	25.450699	25.433796	25.415274	25.395151	25.373554	25.350521	25.326180	25.300583	25.273872	25.246103	25.217422	25.187902	25.157690	25.126865	25.095575	25.063917	25.032021	
25.035145	25.070156	25.104897	25.139252	25.173069	25.206245	25.238628	25.270126	25.300583	25.329926	25.357994	25.384731	25.409988	25.433718	25.455778	25.476135	25.494663	25.511333	25.526047	25.538778	25.549452	25.558050	25.564520	25.568853	25.571020	25.571022	25.568853	25.564520	25.558052	25.549452	25.538780	25.526047	25.511335	25.494661	25.476135	25.455780	25.433720	25.409988	25.384731	25.357994	25.329926	25.300583	25.270126	25.238628	25.206245	25.173069	25.139252	25.104897	25.070154	25.035145	
25.038136	25.076126	25.113831	25.151098	25.187809	25.223793	25.258945	25.293106	25.326176	25.357990	25.388475	25.417463	25.444897	25.470617	25.494583	25.516645	25.536776	25.554844	25.570829	25.584629	25.596224	25.605543	25.612572	25.617268	25.619625	25.619623	25.617270	25.612576	25.605543	25.596228	25.584631	25.570829	25.554844	25.536777	25.516647	25.494587	25.470619	25.444901	25.417463	25.388477	25.357994	25.326180	25.293106	25.258949	25.223793	25.187807	25.151096	25.113829	25.076124	25.038136	
25.040981	25.081810	25.122322	25.162384	25.201820	25.240509	25.278269	25.314997	25.350513	25.384727	25.417461	25.448643	25.478096	25.505764	25.531490	25.555229	25.576836	25.596275	25.613432	25.628283	25.640726	25.650755	25.658300	25.663351	25.665880	25.665880	25.663353	25.658300	25.650757	25.640728	25.628284	25.613434	25.596279	25.576836	25.555233	25.531492	25.505768	25.478096	25.448643	25.417465	25.384731	25.350517	25.315001	25.278271	25.240509	25.201820	25.162384	25.122324	25.081810	25.040981	
25.043674	25.087181	25.130362	25.173042	25.215084	25.256294	25.296555	25.335676	25.373549	25.409985	25.444893	25.478096	25.509510	25.538969	25.566412	25.591682	25.614735	25.635429	25.653734	25.669538	25.682819	25.693491	25.701542	25.706921	25.709618	25.709618	25.706919	25.701544	25.693493	25.682821	25.669540	25.653736	25.635429	25.614735	25.591682	25.566416	25.538971	25.509514	25.478096	25.444897	25.409988	25.373552	25.335678	25.296558	25.256296	25.215084	25.173042	25.130362	25.087179	25.043674	
25.046200	25.092224	25.137897	25.183060	25.227516	25.271130	25.313700	25.355103	25.395144	25.433712	25.470615	25.505760	25.538969	25.570158	25.599163	25.625919	25.650280	25.672195	25.691540	25.708277	25.722309	25.733610	25.742119	25.747812	25.750664	25.750662	25.747814	25.742117	25.733616	25.722309	25.708277	25.691540	25.672195	25.650282	25.625923	25.599163	25.570162	25.538971	25.505764	25.470617	25.433714	25.395145	25.355106	25.313702	25.271132	25.227516	25.183060	25.137897	25.092226	25.046198	
25.048552	25.096916	25.144920	25.192368	25.239103	25.284920	25.329676	25.373165	25.415266	25.455774	25.494579	25.531490	25.566410	25.599161	25.629665	25.657763	25.683384	25.706394	25.726740	25.744316	25.759075	25.770943	25.779888	25.785868	25.788866	25.788868	25.785870	25.779892	25.770943	25.759077	25.744316	25.726742	25.706394	25.683386	25.657763	25.629669	25.599163	25.566414	25.531490	25.494579	25.455776	25.415266	25.373165	25.329676	25.284920	25.239103	25.192369	25.144920	25.096916	25.048550	
25.050716	25.101242	25.151382	25.200958	25.249767	25.297646	25.344381	25.389833	25.433790	25.476130	25.516644	25.555225	25.591679	25.625917	25.657761	25.687130	25.713877	25.737934	25.759172	25.777546	25.792952	25.805357	25.814699	25.820950	25.824080	25.824080	25.820951	25.814697	25.805361	25.792952	25.777546	25.759172	25.737934	25.713879	25.687134	25.657761	25.625921	25.591681	25.555225	25.516644	25.476130	25.433792	25.389833	25.344381	25.297646	25.249769	25.200962	25.151384	25.101244	25.050716	
25.052692	25.105183	25.157280	25.208780	25.259501	25.309227	25.357800	25.405003	25.450691	25.494656	25.536770	25.576832	25.614731	25.650278	25.683380	25.713879	25.741682	25.766657	25.788740	25.807814	25.823833	25.836714	25.846424	25.852915	25.856169	25.856167	25.852915	25.846426	25.836712	25.823833	25.807816	25.788738	25.766659	25.741684	25.713877	25.683386	25.650276	25.614733	25.576832	25.536774	25.494659	25.450691	25.405001	25.357801	25.309227	25.259501	25.208782	25.157282	25.105183	25.052692	
25.054466	25.108728	25.162577	25.215816	25.268236	25.319651	25.369844	25.418652	25.465864	25.511330	25.554842	25.596272	25.635426	25.672192	25.706392	25.737930	25.766659	25.792488	25.815300	25.835032	25.851578	25.864902	25.874933	25.881645	25.885006	25.885008	25.881647	25.874931	25.864902	25.851578	25.835030	25.815300	25.792492	25.766657	25.737934	25.706390	25.672195	25.635426	25.596275	25.554842	25.511332	25.465864	25.418653	25.369844	25.319653	25.268236	25.215818	25.162579	25.108727	25.054466	
25.056034	25.111858	25.167263	25.222031	25.275967	25.328848	25.380499	25.430702	25.479286	25.526043	25.570827	25.613430	25.653730	25.691538	25.726738	25.759169	25.788736	25.815298	25.838779	25.859066	25.876101	25.889801	25.900127	25.907032	25.910488	25.910488	25.907028	25.900127	25.889801	25.876102	25.859066	25.838781	25.815298	25.788738	25.759171	25.726744	25.691536	25.653734	25.613430	25.570829	25.526043	25.479288	25.430700	25.380501	25.328850	25.275967	25.222033	25.167263	25.111858	25.056034	
25.057388	25.114567	25.171305	25.227406	25.282635	25.336807	25.389698	25.441128	25.490875	25.538778	25.584629	25.628279	25.669537	25.708271	25.744312	25.777542	25.807810	25.835026	25.859066	25.879852	25.897289	25.911325	25.921902	25.928972	25.932514	25.932514	25.928974	25.921898	25.911329	25.897289	25.879852	25.859066	25.835030	25.807812	25.777544	25.744312	25.708277	25.669537	25.628283	25.584627	25.538780	25.490875	25.441128	25.389698	25.336807	25.282639	25.227404	25.171309	25.114567	25.057392	
25.058529	25.116837	25.174706	25.231907	25.288244	25.343479	25.397430	25.449865	25.500610	25.549450	25.596226	25.640726	25.682816	25.722305	25.759071	25.792950	25.823828	25.851574	25.876099	25.897289	25.915079	25.929390	25.940174	25.947388	25.951000	25.951000	25.947386	25.940178	25.929390	25.915081	25.897287	25.876101	25.851576	25.823832	25.792950	25.759075	25.722307	25.682819	25.640728	25.596228	25.549452	25.500614	25.449867	25.397430	25.343483	25.288244	25.231911	25.174704	25.116837	25.058529	
25.059444	25.118664	25.177435	25.235538	25.292747	25.348858	25.403643	25.456907	25.508436	25.558050	25.605543	25.650753	25.693491	25.733610	25.770939	25.805355	25.836710	25.864895	25.889797	25.911325	25.929390	25.943928	25.954880	25.962204	25.965874	25.965874	25.962204	25.954880	25.943930	25.929388	25.911327	25.889797	25.864901	25.836710	25.805361	25.770941	25.733614	25.693491	25.650757	25.605545	25.558054	25.508438	25.456907	25.403645	25.348858	25.292751	25.235538	25.177437	25.118664	25.059444	
25.060135	25.120041	25.179497	25.238268	25.296148	25.352901	25.408329	25.462204	25.514339	25.564520	25.612574	25.658300	25.701540	25.742117	25.779886	25.814693	25.846418	25.874929	25.900122	25.921898	25.940174	25.954878	25.965958	25.973366	25.977077	25.977081	25.973366	25.965958	25.954876	25.940174	25.921896	25.900126	25.874928	25.846424	25.814697	25.779892	25.742117	25.701546	25.658302	25.612576	25.564522	25.514341	25.462206	25.408329	25.352905	25.296148	25.238274	25.179497	25.120043	25.060135	
25.060596	25.120962	25.180870	25.240099	25.298418	25.355612	25.411457	25.465752	25.518280	25.568853	25.617270	25.663353	25.706919	25.747812	25.785866	25.820946	25.852909	25.881641	25.907028	25.928970	25.947384	25.962202	25.973366	25.980835	25.984573	25.984573	25.980833	25.973366	25.962204	25.947384	25.928970	25.907024	25.881645	25.852913	25.820951	25.785870	25.747816	25.706921	25.663355	25.617271	25.568857	25.518284	25.465754	25.411461	25.355612	25.298420	25.240099	25.180872	25.120960	25.060596	
25.060829	25.121422	25.181561	25.241013	25.299557	25.356966	25.413027	25.467527	25.520258	25.571022	25.619625	25.665882	25.709616	25.750660	25.788866	25.824074	25.856165	25.885004	25.910484	25.932510	25.950996	25.965870	25.977077	25.984573	25.988327	25.988327	25.984571	25.977077	25.965870	25.950998	25.932510	25.910486	25.885006	25.856167	25.824080	25.788868	25.750666	25.709620	25.665884	25.619629	25.571024	25.520260	25.467529	25.413033	25.356968	25.299557	25.241013	25.181561	25.121422	25.060825	
25.060829	25.121422	25.181561	25.241013	25.299557	25.356966	25.413027	25.467527	25.520258	25.571022	25.619625	25.665882	25.709616	25.750660	25.788866	25.824074	25.856165	25.885004	25.910484	25.932510	25.950996	25.965870	25.977077	25.984573	25.988327	25.988327	25.984571	25.977077	25.965870	25.950998	25.932510	25.910486	25.885006	25.856167	25.824080	25.788868	25.750666	25.709620	25.665884	25.619629	25.571024	25.520260	25.467529	25.413033	25.356968	25.299557	25.241013	25.181561	25.121422	25.060825	
25.060596	25.120962	25.180870	25.240099	25.298418	25.355612	25.411457	25.465752	25.518280	25.568853	25.617270	25.663353	25.706919	25.747812	25.785866	25.820946	25.852909	25.881641	25.907028	25.928970	25.947384	25.962202	25.973366	25.980835	25.984573	25.984573	25.980833	25.973366	25.962204	25.947384	25.928970	25.907024	25.881645	25.852913	25.820951	25.785870	25.747816	25.706921	25.663355	25.617271	25.568857	25.518284	25.465754	25.411461	25.355612	25.298420	25.240099	25.180872	25.120960	25.060596	
25.060135	25.120041	25.179497	25.238268	25.296148	25.352901	25.408329	25.462204	25.514339	25.564520	25.612574	25.658300	25.701540	25.742117	25.779886	25.814693	25.846418	25.874929	25.900122	25.921898	25.940174	25.954878	25.965958	25.973366	25.977077	25.977081	25.973366	25.965958	25.954876	25.940174	25.921896	25.900126	25.874928	25.846424	25.814697	25.779892	25.742117	25.701546	25.658302	25.612576	25.564522	25.514341	25.462206	25.408329	25.352905	25.296148	25.238274	25.179497	25.120043	25.060135	
25.059444	25.118664	25.177435	25.235538	25.292747	25.348858	25.403643	25.456907	25.508436	25.558050	25.605543	25.650753	25.693491	25.733610	25.770939	25.805355	25.836710	25.864895	25.889797	25.911325	25.929390	25.943928	25.954880	25.962204	25.965874	25.965874	25.962204	25.954880	25.943930	25.929388	25.911327	25.889797	25.864901	25.836710	25.805361	25.770941	25.733614	25.693491	25.650757	25.605545	25.558054	25.508438	25.456907	25.403645	25.348858	25.292751	25.235538	25.177437	25.118664	25.059444	
25.058529	25.116837	25.174706	25.231907	25.288244	25.343479	25.397430	25.449865	25.500610	25.549450	25.596226	25.640726	25.682816	25.722305	25.759071	25.792950	25.823828	25.851574	25.876099	25.897289	25.915079	25.929390	25.940174	25.947388	25.951000	25.951000	25.947386	25.940178	25.929390	25.915081	25.897287	25.876101	25.851576	25.823832	25.792950	25.759075	25.722307	25.682819	25.640728	25.596228	25.549452	25.500614	25.449867	25.397430	25.343483	25.288244	25.231911	25.174704	25.116837	25.058529	
25.057388	25.114567	25.171305	25.227406	25.282635	25.336807	25.389698	25.441128	25.490875	25.538778	25.584629	25.628279	25.669537	25.708271	25.744312	25.777542	25.807810	25.835026	25.859066	25.879852	25.897289	25.911325	25.921902	25.928972	25.932514	25.932514	25.928974	25.921898	25.911329	25.897289	25.879852	25.859066	25.835030	25.807812	25.777544	25.744312	25.708277	25.669537	25.628283	25.584627	25.538780	25.490875	25.441128	25.389698	25.336807	25.282639	25.227404	25.171309	25.114567	25.057392	
25.056034	25.111858	25.167263	25.222031	25.275967	25.328848	25.380499	25.430702	25.479286	25.526043	25.570827	25.613430	25.653730	25.691538	25.726738	25.759169	25.788736	25.815298	25.838779	25.859066	25.876101	25.889801	25.900127	25.907032	25.910488	25.910488	25.907028	25.900127	25.889801	25.876102	25.859066	25.838781	25.815298	25.788738	25.759171	25.726744	25.691536	25.653734	25.613430	25.570829	25.526043	25.479288	25.430700	25.380501	25.328850	25.275967	25.222033	25.167263	25.111858	25.056034	
25.054466	25.108728	25.162577	25.215816	25.268236	25.319651	25.369844	25.418652	25.465864	25.511330	25.554842	25.596272	25.635426	25.672192	25.706392	25.737930	25.766659	25.792488	25.815300	25.835032	25.851578	25.864902	25.874933	25.881645	25.885006	25.885008	25.881647	25.874931	25.864902	25.851578	25.835030	25.815300	25.792492	25.766657	25.737934	25.706390	25.672195	25.635426	25.596275	25.554842	25.511332	25.465864	25.418653	25.369844	25.319653	25.268236	25.215818	25.162579	25.108727	25.054466	
25.052692	25.105183	25.157280	25.208780	25.259501	25.309227	25.357800	25.405003	25.450691	25.494656	25.536770	25.576832	25.614731	25.650278	25.683380	25.713879	25.741682	25.766657	25.788740	25.807814	25.823833	25.836714	25.846424	25.852915	25.856169	25.856167	25.852915	25.846426	25.836712	25.823833	25.807816	25.788738	25.766659	25.741684	25.713877	25.683386	25.650276	25.614733	25.576832	25.536774	25.494659	25.450691	25.405001	25.357801	25.309227	25.259501	25.208782	25.157282	25.105183	25.052692	
25.050716	25.101242	25.151382	25.200958	25.249767	25.297646	25.344381	25.389833	25.433790	25.476130	25.516644	25.555225	25.591679	25.625917	25.657761	25.687130	25.713877	25.737934	25.759172	25.777546	25.792952	25.805357	25.814699	25.820950	25.824080	25.824080	25.820951	25.814697	25.805361	25.792952	25.777546	25.759172	25.737934	25.713879	25.687134	25.657761	25.625921	25.591681	25.555225	25.516644	25.476130	25.433792	25.389833	25.344381	25.297646	25.249769	25.200962	25.151384	25.101244	25.050716	
25.048552	25.096916	25.144920	25.192368	25.239103	25.284920	25.329676	25.373165	25.415266	25.455774	25.494579	25.531490	25.566410	25.599161	25.629665	25.657763	25.683384	25.706394	25.726740	25.744316	25.759075	25.770943	25.779888	25.785868	25.788866	25.788868	25.785870	25.779892	25.770943	25.759077	25.744316	25.726742	25.706394	25.683386	25.657763	25.629669	25.599163	25.566414	25.531490	25.494579	25.455776	25.415266	25.373165	25.329676	25.284920	25.239103	25.192369	25.144920	25.096916	25.048550	
25.046200	25.092224	25.137897	25.183060	25.227516	25.271130	25.313700	25.355103	25.395144	25.433712	25.470615	25.505760	25.538969	25.570158	25.599163	25.625919	25.650280	25.672195	25.691540	25.708277	25.722309	25.733610	25.742119	25.747812	25.750664	25.750662	25.747814	25.742117	25.733616	25.722309	25.708277	25.691540	25.672195	25.650282	25.625923	25.599163	25.570162	25.538971	25.505764	25.470617	25.433714	25.395145	25.355106	25.313702	25.271132	25.227516	25.183060	25.137897	25.092226	25.046198	
25.043674	25.087181	25.130362	25.173042	25.215084	25.256294	25.296555	25.335676	25.373549	25.409985	25.444893	25.478096	25.509510	25.538969	25.566412	25.591682	25.614735	25.635429	25.653734	25.669538	25.682819	25.693491	25.701542	25.706921	25.709618	25.709618	25.706919	25.701544	25.693493	25.682821	25.669540	25.653736	25.635429	25.614735	25.591682	25.566416	25.538971	25.509514	25.478096	25.444897	25.409988	25.373552	25.335678	25.296558	25.256296	25.215084	25.173042	25.130362	25.087179	25.043674	
25.040981	25.081810	25.122322	25.162384	25.201820	25.240509	25.278269	25.314997	25.350513	25.384727	25.417461	25.448643	25.478096	25.505764	25.531490	25.555229	25.576836	25.596275	25.613432	25.628283	25.640726	25.650755	25.658300	25.663351	25.665880	25.665880	25.663353	25.658300	25.650757	25.640728	25.628284	25.613434	25.596279	25.576836	25.555233	25.531492	25.505768	25.478096	25.448643	25.417465	25.384731	25.350517	25.315001	25.278271	25.240509	25.201820	25.162384	25.122324	25.081810	25.040981	
25.038136	25.076126	25.113831	25.151098	25.187809	25.223793	25.258945	25.293106	25.326176	25.357990	25.388475	25.417463	25.444897	25.470617	25.494583	25.516645	25.536776	25.554844	25.570829	25.584629	25.596224	25.605543	25.612572	25.617268	25.619625	25.619623	25.617270	25.612576	25.605543	25.596228	25.584631	25.570829	25.554844	25.536777	25.516647	25.494587	25.470619	25.444901	25.417463	25.388477	25.357994	25.326180	25.293106	25.258949	25.223793	25.187807	25.151096	25.113829	25.076124	25.038136	
25.035145	25.070156	25.104897	25.139252	25.173069	25.206245	25.238628	25.270126	25.300583	25.329926	25.357994	25.384731	25.409988	25.433718	25.455778	25.476135	25.494663	25.511333	25.526047	25.538778	25.549452	25.558050	25.564520	25.568853	25.571020	25.571022	25.568853	25.564520	25.558052	25.549452	25.538780	25.526047	25.511335	25.494661	25.476135	25.455780	25.433720	25.409988	25.384731	25.357994	25.329926	25.300583	25.270126	25.238628	25.206245	25.173069	25.139252	25.104897	25.070154	25.035145	
25.032021	25.063915	25.095577	25.126867	25.157688	25.187904	25.217422	25.246101	25.273872	25.300583	25.326181	25.350517	25.373554	25.395149	25.415272	25.433796	25.450697	25.465870	25.479288	25.490875	25.500612	25.508436	25.514339	25.518280	25.520258	25.520260	25.518282	25.514339	25.508434	25.500612	25.490877	25.479290	25.465870	25.450699	25.433796	25.415274	25.395151	25.373554	25.350521	25.326180	25.300583	25.273872	25.246103	25.217422	25.187902	25.157690	25.126865	25.095575	25.063917	25.032021	
25.028774	25.057442	25.085888	25.114012	25.141701	25.168865	25.195377	25.221169	25.246103	25.270130	25.293110	25.315006	25.335682	25.355110	25.373173	25.389837	25.405010	25.418657	25.430704	25.441128	25.449869	25.456909	25.462204	25.465752	25.467525	25.467527	25.465752	25.462204	25.456909	25.449869	25.441130	25.430706	25.418657	25.405006	25.389839	25.373173	25.355108	25.335682	25.315002	25.293110	25.270130	25.246101	25.221169	25.195377	25.168865	25.141701	25.114012	25.085886	25.057438	25.028774	
25.025421	25.050743	25.075876	25.100719	25.125187	25.149174	25.172611	25.195377	25.217426	25.238628	25.258953	25.278273	25.296560	25.313707	25.329679	25.344389	25.357805	25.369848	25.380505	25.389702	25.397430	25.403645	25.408329	25.411459	25.413029	25.413027	25.411459	25.408329	25.403645	25.397432	25.389702	25.380505	25.369848	25.357805	25.344387	25.329679	25.313705	25.296560	25.278275	25.258953	25.238630	25.217426	25.195377	25.172611	25.149176	25.125189	25.100719	25.075874	25.050743	25.025419	
25.021969	25.043858	25.065577	25.087051	25.108192	25.128935	25.149174	25.168867	25.187904	25.206249	25.223795	25.240513	25.256298	25.271137	25.284925	25.297649	25.309235	25.319656	25.328854	25.336811	25.343485	25.348860	25.352903	25.355612	25.356966	25.356966	25.355612	25.352903	25.348860	25.343485	25.336813	25.328854	25.319656	25.309231	25.297653	25.284924	25.271133	25.256300	25.240513	25.223797	25.206251	25.187906	25.168869	25.149176	25.128933	25.108192	25.087051	25.065577	25.043856	25.021969	
25.018436	25.036804	25.055031	25.073050	25.090797	25.108192	25.125189	25.141701	25.157692	25.173073	25.187811	25.201824	25.215088	25.227522	25.239107	25.249777	25.259504	25.268242	25.275969	25.282640	25.288246	25.292749	25.296148	25.298418	25.299559	25.299557	25.298418	25.296146	25.292749	25.288244	25.282640	25.275969	25.268242	25.259506	25.249773	25.239107	25.227520	25.215088	25.201824	25.187811	25.173073	25.157692	25.141703	25.125191	25.108192	25.090796	25.073048	25.055031	25.036802	25.018436	
25.014832	25.029610	25.044273	25.058777	25.073051	25.087053	25.100719	25.114014	25.126869	25.139256	25.151100	25.162388	25.173046	25.183064	25.192375	25.200966	25.208790	25.215824	25.222034	25.227407	25.231913	25.235540	25.238272	25.240101	25.241014	25.241016	25.240099	25.238272	25.235540	25.231913	25.227407	25.222034	25.215824	25.208786	25.200966	25.192373	25.183062	25.173048	25.162388	25.151100	25.139254	25.126869	25.114014	25.100719	25.087051	25.073048	25.058773	25.044277	25.029610	25.014833	
25.011173	25.022305	25.033356	25.044277	25.055033	25.065578	25.075878	25.085888	25.095577	25.104900	25.113834	25.122326	25.130365	25.137901	25.144924	25.151390	25.157288	25.162582	25.167267	25.171310	25.174706	25.177437	25.179497	25.180872	25.181562	25.181564	25.180874	25.179497	25.177437	25.174707	25.171309	25.167267	25.162582	25.157288	25.151388	25.144924	25.137901	25.130363	25.122326	25.113832	25.104900	25.095577	25.085888	25.075878	25.065575	25.055031	25.044277	25.033354	25.022308	25.011173	
25.007471	25.014915	25.022305	25.029612	25.036804	25.043858	25.050745	25.057442	25.063919	25.070158	25.076124	25.081812	25.087181	25.092228	25.096920	25.101246	25.105186	25.108734	25.111860	25.114569	25.116838	25.118666	25.120043	25.120964	25.121426	25.121426	25.120964	25.120045	25.118668	25.116838	25.114571	25.111858	25.108734	25.105186	25.101248	25.096918	25.092228	25.087181	25.081812	25.076126	25.070156	25.063917	25.057442	25.050743	25.043856	25.036800	25.029610	25.022306	25.014917	25.007473	
25.003742	25.007473	25.011175	25.014833	25.018436	25.021971	25.025421	25.028774	25.032021	25.035143	25.038136	25.040981	25.043674	25.046200	25.048553	25.050716	25.052694	25.054468	25.056038	25.057392	25.058529	25.059444	25.060135	25.060596	25.060829	25.060825	25.060596	25.060135	25.059444	25.058531	25.057392	25.056038	25.054468	25.052692	25.050716	25.048552	25.046198	25.043674	25.040981	25.038136	25.035143	25.032021	25.028774	25.025419	25.021969	25.018436	25.014835	25.011173	25.007473	25.003742	
