25.001015	25.002022	25.003025	25.004015	25.004990	25.005947	25.006878	25.007786	25.008665	25.009510	25.010319	25.011089	25.011814	25.012499	25.013134	25.013720	25.014254	25.014732	25.015156	25.015522	25.015831	25.016079	25.016262	25.016388	25.016449	25.016449	25.016388	25.016264	25.016077	25.015831	25.015522	25.015158	25.014732	25.014252	25.013718	25.013134	25.012497	25.011816	25.011087	25.010319	25.009510	25.008663	25.007784	25.006880	25.005945	25.004990	25.004015	25.003025	25.002024	25.001015	
25.002022	25.004040	25.006035	25.008015	25.009962	25.011868	25.013733	25.015543	25.017296	25.018982	25.020597	25.022133	25.023586	25.024948	25.026218	25.027390	25.028454	25.029409	25.030254	25.030987	25.031601	25.032093	25.032467	25.032715	25.032837	25.032837	25.032715	25.032467	25.032093	25.031599	25.030987	25.030256	25.029411	25.028454	25.027386	25.026217	25.024952	25.023586	25.022135	25.020597	25.018982	25.017294	25.015545	25.013729	25.011869	25.009960	25.008015	25.006039	25.004040	25.002026	
25.003027	25.006035	25.009029	25.011982	25.014893	25.017746	25.020533	25.023239	25.025860	25.028381	25.030796	25.033096	25.035265	25.037308	25.039204	25.040951	25.042543	25.043976	25.045240	25.046331	25.047251	25.047989	25.048542	25.048916	25.049101	25.049103	25.048916	25.048544	25.047987	25.047249	25.046333	25.045240	25.043974	25.042542	25.040951	25.039204	25.037308	25.035271	25.033096	25.030800	25.028385	25.025860	25.023239	25.020535	25.017746	25.014893	25.011982	25.009027	25.006039	25.003025	
25.004013	25.008015	25.011980	25.015907	25.019768	25.023556	25.027254	25.030849	25.034328	25.037674	25.040882	25.043930	25.046816	25.049520	25.052040	25.054359	25.056475	25.058372	25.060051	25.061504	25.062721	25.063700	25.064440	25.064930	25.065182	25.065178	25.064930	25.064438	25.063702	25.062721	25.061504	25.060051	25.058374	25.056475	25.054359	25.052040	25.049522	25.046816	25.043934	25.040882	25.037678	25.034328	25.030849	25.027256	25.023558	25.019768	25.015907	25.011982	25.008013	25.004017	
25.004990	25.009960	25.014893	25.019768	25.024569	25.029278	25.033875	25.038343	25.042664	25.046825	25.050808	25.054602	25.058186	25.061550	25.064678	25.067562	25.070190	25.072552	25.074638	25.076441	25.077953	25.079174	25.080086	25.080704	25.081007	25.081009	25.080700	25.080090	25.079172	25.077953	25.076443	25.074638	25.072550	25.070190	25.067562	25.064680	25.061548	25.058186	25.054604	25.050812	25.046827	25.042665	25.038345	25.033876	25.029278	25.024570	25.019768	25.014893	25.009960	25.004990	
25.005943	25.011868	25.017746	25.023556	25.029278	25.034885	25.040367	25.045689	25.050842	25.055798	25.060547	25.065063	25.069334	25.073341	25.077070	25.080505	25.083639	25.086452	25.088940	25.091087	25.092892	25.094341	25.095436	25.096165	25.096531	25.096531	25.096167	25.095434	25.094341	25.092892	25.091087	25.088940	25.086452	25.083637	25.080507	25.077070	25.073345	25.069336	25.065067	25.060547	25.055801	25.050842	25.045691	25.040367	25.034889	25.029278	25.023560	25.017746	25.011869	25.005947	
25.006882	25.013729	25.020533	25.027256	25.033875	25.040367	25.046701	25.052866	25.058823	25.064562	25.070053	25.075279	25.080219	25.084858	25.089172	25.093147	25.096771	25.100029	25.102901	25.105391	25.107475	25.109154	25.110418	25.111265	25.111689	25.111687	25.111263	25.110420	25.109154	25.107475	25.105392	25.102905	25.100027	25.096771	25.093147	25.089172	25.084858	25.080223	25.075279	25.070057	25.064562	25.058825	25.052864	25.046703	25.040367	25.033875	25.027256	25.020533	25.013733	25.006878	
25.007784	25.015543	25.023239	25.030849	25.038343	25.045689	25.052866	25.059837	25.066586	25.073076	25.079296	25.085209	25.090801	25.096050	25.100933	25.105434	25.109535	25.113220	25.116478	25.119289	25.121653	25.123552	25.124985	25.125940	25.126421	25.126419	25.125942	25.124983	25.123554	25.121655	25.119293	25.116478	25.113224	25.109535	25.105436	25.100933	25.096050	25.090801	25.085211	25.079292	25.073078	25.066584	25.059837	25.052864	25.045691	25.038345	25.030851	25.023241	25.015541	25.007786	
25.008663	25.017294	25.025860	25.034328	25.042664	25.050840	25.058823	25.066586	25.074089	25.081318	25.088234	25.094818	25.101040	25.106878	25.112314	25.117323	25.121885	25.125988	25.129608	25.132742	25.135368	25.137482	25.139074	25.140141	25.140675	25.140675	25.140141	25.139076	25.137484	25.135368	25.132740	25.129612	25.125988	25.121885	25.117323	25.112314	25.106880	25.101042	25.094818	25.088238	25.081318	25.074093	25.066584	25.058823	25.050842	25.042665	25.034328	25.025862	25.017296	25.008663	
25.009506	25.018980	25.028383	25.037674	25.046825	25.055798	25.064562	25.073074	25.081318	25.089245	25.096840	25.104065	25.110893	25.117302	25.123268	25.128765	25.133772	25.138275	25.142250	25.145687	25.148571	25.150890	25.152639	25.153807	25.154394	25.154392	25.153809	25.152639	25.150890	25.148571	25.145687	25.142250	25.138273	25.133774	25.128765	25.123268	25.117304	25.110893	25.104069	25.096840	25.089251	25.081314	25.073078	25.064560	25.055799	25.046825	25.037678	25.028383	25.018984	25.009510	
25.010317	25.020596	25.030796	25.040882	25.050808	25.060547	25.070049	25.079294	25.088232	25.096842	25.105076	25.112919	25.120329	25.127283	25.133755	25.139717	25.145153	25.150036	25.154352	25.158081	25.161209	25.163727	25.165623	25.166893	25.167526	25.167526	25.166891	25.165623	25.163727	25.161207	25.158081	25.154350	25.150038	25.145153	25.139717	25.133753	25.127281	25.120327	25.112917	25.105078	25.096840	25.088234	25.079292	25.070053	25.060547	25.050808	25.040882	25.030798	25.020597	25.010319	
25.011089	25.022133	25.033094	25.043930	25.054602	25.065060	25.075279	25.085207	25.094816	25.104061	25.112919	25.121340	25.129303	25.136776	25.143734	25.150143	25.155981	25.161230	25.165867	25.169874	25.173235	25.175941	25.177979	25.179342	25.180025	25.180027	25.179344	25.177980	25.175941	25.173237	25.169872	25.165867	25.161228	25.155983	25.150141	25.143734	25.136780	25.129303	25.121342	25.112915	25.104065	25.094816	25.085209	25.075279	25.065063	25.054602	25.043932	25.033096	25.022133	25.011087	
25.011814	25.023586	25.035267	25.046816	25.058182	25.069334	25.080217	25.090801	25.101036	25.110895	25.120325	25.129305	25.137787	25.145756	25.153166	25.159996	25.166218	25.171810	25.176754	25.181023	25.184607	25.187489	25.189661	25.191114	25.191841	25.191841	25.191113	25.189663	25.187490	25.184607	25.181023	25.176754	25.171814	25.166220	25.159998	25.153166	25.145752	25.137791	25.129303	25.120327	25.110893	25.101040	25.090801	25.080219	25.069334	25.058186	25.046814	25.035267	25.023586	25.011814	
25.012501	25.024948	25.037306	25.049519	25.061548	25.073338	25.084856	25.096048	25.106880	25.117298	25.127283	25.136776	25.145756	25.154177	25.162022	25.169243	25.175827	25.181742	25.186968	25.191486	25.195274	25.198326	25.200623	25.202158	25.202929	25.202927	25.202160	25.200623	25.198326	25.195278	25.191484	25.186970	25.181744	25.175827	25.169243	25.162020	25.154181	25.145752	25.136776	25.127281	25.117302	25.106880	25.096050	25.084858	25.073341	25.061548	25.049520	25.037308	25.024950	25.012499	
25.013130	25.026218	25.039198	25.052040	25.064674	25.077070	25.089169	25.100933	25.112310	25.123268	25.133751	25.143732	25.153164	25.162018	25.170254	25.177851	25.184765	25.190983	25.196472	25.201221	25.205204	25.208408	25.210823	25.212439	25.213245	25.213247	25.212437	25.210823	25.208410	25.205204	25.201221	25.196476	25.190983	25.184765	25.177849	25.170258	25.162018	25.153166	25.143730	25.133751	25.123266	25.112314	25.100933	25.089170	25.077072	25.064678	25.052040	25.039202	25.026220	25.013134	
25.013721	25.027386	25.040951	25.054356	25.067562	25.080505	25.093147	25.105431	25.117321	25.128761	25.139719	25.150139	25.159996	25.169241	25.177851	25.185776	25.193008	25.199497	25.205236	25.210192	25.214355	25.217701	25.220226	25.221909	25.222755	25.222755	25.221912	25.220224	25.217703	25.214355	25.210194	25.205235	25.199497	25.193007	25.185780	25.177849	25.169245	25.159996	25.150143	25.139717	25.128763	25.117321	25.105434	25.093147	25.080505	25.067562	25.054359	25.040951	25.027386	25.013721	
25.014252	25.028454	25.042542	25.056473	25.070185	25.083639	25.096767	25.109535	25.121881	25.133774	25.145149	25.155983	25.166218	25.175827	25.184763	25.193008	25.200508	25.207260	25.213215	25.218372	25.222691	25.226171	25.228788	25.230541	25.231419	25.231421	25.230543	25.228788	25.226170	25.222691	25.218369	25.213219	25.207260	25.200512	25.193005	25.184767	25.175825	25.166222	25.155983	25.145151	25.133774	25.121883	25.109535	25.096769	25.083641	25.070187	25.056475	25.042542	25.028454	25.014252	
25.014732	25.029408	25.043976	25.058371	25.072550	25.086449	25.100027	25.113216	25.125984	25.138271	25.150036	25.161226	25.171814	25.181740	25.190983	25.199495	25.207260	25.214230	25.220394	25.225716	25.230186	25.233780	25.236488	25.238298	25.239206	25.239208	25.238297	25.236488	25.233780	25.230185	25.225716	25.220390	25.214231	25.207256	25.199497	25.190983	25.181744	25.171812	25.161228	25.150036	25.138271	25.125986	25.113220	25.100027	25.086451	25.072552	25.058369	25.043976	25.029408	25.014734	
25.015156	25.030254	25.045238	25.060051	25.074635	25.088940	25.102898	25.116474	25.129604	25.142250	25.154348	25.165867	25.176750	25.186968	25.196470	25.205238	25.213215	25.220394	25.226727	25.232208	25.236803	25.240503	25.243286	25.245152	25.246086	25.246086	25.245153	25.243288	25.240501	25.236805	25.232208	25.226728	25.220390	25.213219	25.205235	25.196474	25.186966	25.176754	25.165867	25.154348	25.142250	25.129608	25.116478	25.102901	25.088940	25.074635	25.060053	25.045237	25.030258	25.015156	
25.015522	25.030987	25.046333	25.061501	25.076439	25.091084	25.105387	25.119287	25.132740	25.145683	25.158081	25.169870	25.181023	25.191483	25.201221	25.210190	25.218372	25.225712	25.232210	25.237816	25.242527	25.246311	25.249168	25.251074	25.252031	25.252033	25.251074	25.249166	25.246311	25.242523	25.237816	25.232206	25.225716	25.218369	25.210196	25.201220	25.191486	25.181023	25.169872	25.158081	25.145683	25.132740	25.119289	25.105391	25.091084	25.076439	25.061501	25.046333	25.030983	25.015524	
25.015827	25.031599	25.047249	25.062719	25.077950	25.092888	25.107471	25.121651	25.135365	25.148571	25.161205	25.173237	25.184605	25.195274	25.205202	25.214355	25.222691	25.230186	25.236801	25.242525	25.247324	25.251190	25.254097	25.256044	25.257023	25.257019	25.256046	25.254101	25.251188	25.247326	25.242527	25.236803	25.230183	25.222691	25.214355	25.205206	25.195276	25.184605	25.173237	25.161207	25.148571	25.135365	25.121653	25.107471	25.092892	25.077950	25.062719	25.047249	25.031603	25.015827	
25.016075	25.032093	25.047987	25.063698	25.079170	25.094337	25.109150	25.123549	25.137480	25.150887	25.163727	25.175940	25.187489	25.198322	25.208408	25.217701	25.226170	25.233778	25.240503	25.246311	25.251190	25.255112	25.258066	25.260044	25.261036	25.261036	25.260044	25.258068	25.255112	25.251188	25.246313	25.240501	25.233780	25.226170	25.217703	25.208408	25.198326	25.187489	25.175941	25.163727	25.150888	25.137482	25.123550	25.109154	25.094337	25.079170	25.063698	25.047989	25.032091	25.016079	
25.016262	25.032465	25.048542	25.064436	25.080086	25.095432	25.110413	25.124981	25.139071	25.152637	25.165621	25.177979	25.189659	25.200623	25.210823	25.220224	25.228790	25.236488	25.243288	25.249168	25.254097	25.258068	25.261057	25.263058	25.264059	25.264059	25.263058	25.261059	25.258068	25.254099	25.249166	25.243290	25.236486	25.228790	25.220226	25.210823	25.200623	25.189659	25.177980	25.165623	25.152637	25.139074	25.124985	25.110416	25.095434	25.080086	25.064436	25.048542	25.032467	25.016262	
25.016388	25.032715	25.048916	25.064930	25.080700	25.096163	25.111263	25.125938	25.140137	25.153805	25.166893	25.179340	25.191113	25.202160	25.212437	25.221910	25.230543	25.238300	25.245152	25.251076	25.256046	25.260042	25.263058	25.265072	25.266081	25.266083	25.265072	25.263058	25.260044	25.256046	25.251076	25.245152	25.238298	25.230541	25.221912	25.212439	25.202158	25.191113	25.179340	25.166893	25.153807	25.140141	25.125940	25.111263	25.096165	25.080700	25.064930	25.048916	25.032711	25.016388	
25.016449	25.032837	25.049101	25.065178	25.081007	25.096529	25.111687	25.126419	25.140673	25.154392	25.167526	25.180023	25.191839	25.202927	25.213245	25.222755	25.231421	25.239208	25.246086	25.252031	25.257019	25.261032	25.264057	25.266081	25.267094	25.267094	25.266083	25.264061	25.261036	25.257021	25.252029	25.246084	25.239204	25.231419	25.222755	25.213245	25.202927	25.191839	25.180025	25.167528	25.154392	25.140675	25.126419	25.111687	25.096531	25.081007	25.065178	25.049099	25.032837	25.016449	
25.016449	25.032837	25.049101	25.065178	25.081007	25.096529	25.111687	25.126419	25.140673	25.154392	25.167526	25.180023	25.191839	25.202927	25.213245	25.222755	25.231421	25.239208	25.246086	25.252031	25.257019	25.261032	25.264057	25.266081	25.267094	25.267094	25.266083	25.264061	25.261036	25.257021	25.252029	25.246084	25.239204	25.231419	25.222755	25.213245	25.202927	25.191839	25.180025	25.167528	25.154392	25.140675	25.126419	25.111687	25.096531	25.081007	25.065178	25.049099	25.032837	25.016449	
25.016388	25.032715	25.048916	25.064930	25.080700	25.096163	25.111263	25.125938	25.140137	25.153805	25.166893	25.179340	25.191113	25.202160	25.212437	25.221910	25.230543	25.238300	25.245152	25.251076	25.256046	25.260042	25.263058	25.265072	25.266081	25.266083	25.265072	25.263058	25.260044	25.256046	25.251076	25.245152	25.238298	25.230541	25.221912	25.212439	25.202158	25.191113	25.179340	25.166893	25.153807	25.140141	25.125940	25.111263	25.096165	25.080700	25.064930	25.048916	25.032711	25.016388	
25.016262	25.032465	25.048542	25.064436	25.080086	25.095432	25.110413	25.124981	25.139071	25.152637	25.165621	25.177979	25.189659	25.200623	25.210823	25.220224	25.228790	25.236488	25.243288	25.249168	25.254097	25.258068	25.261057	25.263058	25.264059	25.264059	25.263058	25.261059	25.258068	25.254099	25.249166	25.243290	25.236486	25.228790	25.220226	25.210823	25.200623	25.189659	25.177980	25.165623	25.152637	25.139074	25.124985	25.110416	25.095434	25.080086	25.064436	25.048542	25.032467	25.016262	
25.016075	25.032093	25.047987	25.063698	25.079170	25.094337	25.109150	25.123549	25.137480	25.150887	25.163727	25.175940	25.187489	25.198322	25.208408	25.217701	25.226170	25.233778	25.240503	25.246311	25.251190	25.255112	25.258066	25.260044	25.261036	25.261036	25.260044	25.258068	25.255112	25.251188	25.246313	25.240501	25.233780	25.226170	25.217703	25.208408	25.198326	25.187489	25.175941	25.163727	25.150888	25.137482	25.123550	25.109154	25.094337	25.079170	25.063698	25.047989	25.032091	25.016079	
25.015827	25.031599	25.047249	25.062719	25.077950	25.092888	25.107471	25.121651	25.135365	25.148571	25.161205	25.173237	25.184605	25.195274	25.205202	25.214355	25.222691	25.230186	25.236801	25.242525	25.247324	25.251190	25.254097	25.256044	25.257023	25.257019	25.256046	25.254101	25.251188	25.247326	25.242527	25.236803	25.230183	25.222691	25.214355	25.205206	25.195276	25.184605	25.173237	25.161207	25.148571	25.135365	25.121653	25.107471	25.092892	25.077950	25.062719	25.047249	25.031603	25.015827	
25.015522	25.030987	25.046333	25.061501	25.076439	25.091084	25.105387	25.119287	25.132740	25.145683	25.158081	25.169870	25.181023	25.191483	25.201221	25.210190	25.218372	25.225712	25.232210	25.237816	25.242527	25.246311	25.249168	25.251074	25.252031	25.252033	25.251074	25.249166	25.246311	25.242523	25.237816	25.232206	25.225716	25.218369	25.210196	25.201220	25.191486	25.181023	25.169872	25.158081	25.145683	25.132740	25.119289	25.105391	25.091084	25.076439	25.061501	25.046333	25.030983	25.015524	
25.015156	25.030254	25.045238	25.060051	25.074635	25.088940	25.102898	25.116474	25.129604	25.142250	25.154348	25.165867	25.176750	25.186968	25.196470	25.205238	25.213215	25.220394	25.226727	25.232208	25.236803	25.240503	25.243286	25.245152	25.246086	25.246086	25.245153	25.243288	25.240501	25.236805	25.232208	25.226728	25.220390	25.213219	25.205235	25.196474	25.186966	25.176754	25.165867	25.154348	25.142250	25.129608	25.116478	25.102901	25.088940	25.074635	25.060053	25.045237	25.030258	25.015156	
25.014732	25.029408	25.043976	25.058371	25.072550	25.086449	25.100027	25.113216	25.125984	25.138271	25.150036	25.161226	25.171814	25.181740	25.190983	25.199495	25.207260	25.214230	25.220394	25.225716	25.230186	25.233780	25.236488	25.238298	25.239206	25.239208	25.238297	25.236488	25.233780	25.230185	25.225716	25.220390	25.214231	25.207256	25.199497	25.190983	25.181744	25.171812	25.161228	25.150036	25.138271	25.125986	25.113220	25.100027	25.086451	25.072552	25.058369	25.043976	25.029408	25.014734	
25.014252	25.028454	25.042542	25.056473	25.070185	25.083639	25.096767	25.109535	25.121881	25.133774	25.145149	25.155983	25.166218	25.175827	25.184763	25.193008	25.200508	25.207260	25.213215	25.218372	25.222691	25.226171	25.228788	25.230541	25.231419	25.231421	25.230543	25.228788	25.226170	25.222691	25.218369	25.213219	25.207260	25.200512	25.193005	25.184767	25.175825	25.166222	25.155983	25.145151	25.133774	25.121883	25.109535	25.096769	25.083641	25.070187	25.056475	25.042542	25.028454	25.014252	
25.013721	25.027386	25.040951	25.054356	25.067562	25.080505	25.093147	25.105431	25.117321	25.128761	25.139719	25.150139	25.159996	25.169241	25.177851	25.185776	25.193008	25.199497	25.205236	25.210192	25.214355	25.217701	25.220226	25.221909	25.222755	25.222755	25.221912	25.220224	25.217703	25.214355	25.210194	25.205235	25.199497	25.193007	25.185780	25.177849	25.169245	25.159996	25.150143	25.139717	25.128763	25.117321	25.105434	25.093147	25.080505	25.067562	25.054359	25.040951	25.027386	25.013721	
25.013130	25.026218	25.039198	25.052040	25.064674	25.077070	25.089169	25.100933	25.112310	25.123268	25.133751	25.143732	25.153164	25.162018	25.170254	25.177851	25.184765	25.190983	25.196472	25.201221	25.205204	25.208408	25.210823	25.212439	25.213245	25.213247	25.212437	25.210823	25.208410	25.205204	25.201221	25.196476	25.190983	25.184765	25.177849	25.170258	25.162018	25.153166	25.143730	25.133751	25.123266	25.112314	25.100933	25.089170	25.077072	25.064678	25.052040	25.039202	25.026220	25.013134	
25.012501	25.024948	25.037306	25.049519	25.061548	25.073338	25.084856	25.096048	25.106880	25.117298	25.127283	25.136776	25.145756	25.154177	25.162022	25.169243	25.175827	25.181742	25.186968	25.191486	25.195274	25.198326	25.200623	25.202158	25.202929	25.202927	25.202160	25.200623	25.198326	25.195278	25.191484	25.186970	25.181744	25.175827	25.169243	25.162020	25.154181	25.145752	25.136776	25.127281	25.117302	25.106880	25.096050	25.084858	25.073341	25.061548	25.049520	25.037308	25.024950	25.012499	
25.011814	25.023586	25.035267	25.046816	25.058182	25.069334	25.080217	25.090801	25.101036	25.110895	25.120325	25.129305	25.137787	25.145756	25.153166	25.159996	25.166218	25.171810	25.176754	25.181023	25.184607	25.187489	25.189661	25.191114	25.191841	25.191841	25.191113	25.189663	25.187490	25.184607	25.181023	25.176754	25.171814	25.166220	25.159998	25.153166	25.145752	25.137791	25.129303	25.120327	25.110893	25.101040	25.090801	25.080219	25.069334	25.058186	25.046814	25.035267	25.023586	25.011814	
25.011089	25.022133	25.033094	25.043930	25.054602	25.065060	25.075279	25.085207	25.094816	25.104061	25.112919	25.121340	25.129303	25.136776	25.143734	25.150143	25.155981	25.161230	25.165867	25.169874	25.173235	25.175941	25.177979	25.179342	25.180025	25.180027	25.179344	25.177980	25.175941	25.173237	25.169872	25.165867	25.161228	25.155983	25.150141	25.143734	25.136780	25.129303	25.121342	25.112915	25.104065	25.094816	25.085209	25.075279	25.065063	25.054602	25.043932	25.033096	25.022133	25.011087	
25.010317	25.020596	25.030796	25.040882	25.050808	25.060547	25.070049	25.079294	25.088232	25.096842	25.105076	25.112919	25.120329	25.127283	25.133755	25.139717	25.145153	25.150036	25.154352	25.158081	25.161209	25.163727	25.165623	25.166893	25.167526	25.167526	25.166891	25.165623	25.163727	25.161207	25.158081	25.154350	25.150038	25.145153	25.139717	25.133753	25.127281	25.120327	25.112917	25.105078	25.096840	25.088234	25.079292	25.070053	25.060547	25.050808	25.040882	25.030798	25.020597	25.010319	
25.009506	25.018980	25.028383	25.037674	25.046825	25.055798	25.064562	25.073074	25.081318	25.089245	25.096840	25.104065	25.110893	25.117302	25.123268	25.128765	25.133772	25.138275	25.142250	25.145687	25.148571	25.150890	25.152639	25.153807	25.154394	25.154392	25.153809	25.152639	25.150890	25.148571	25.145687	25.142250	25.138273	25.133774	25.128765	25.123268	25.117304	25.110893	25.104069	25.096840	25.089251	25.081314	25.073078	25.064560	25.055799	25.046825	25.037678	25.028383	25.018984	25.009510	
25.008663	25.017294	25.025860	25.034328	25.042664	25.050840	25.058823	25.066586	25.074089	25.081318	25.088234	25.094818	25.101040	25.106878	25.112314	25.117323	25.121885	25.125988	25.129608	25.132742	25.135368	25.137482	25.139074	25.140141	25.140675	25.140675	25.140141	25.139076	25.137484	25.135368	25.132740	25.129612	25.125988	25.121885	25.117323	25.112314	25.106880	25.101042	25.094818	25.088238	25.081318	25.074093	25.066584	25.058823	25.050842	25.042665	25.034328	25.025862	25.017296	25.008663	
25.007784	25.015543	25.023239	25.030849	25.038343	25.045689	25.052866	25.059837	25.066586	25.073076	25.079296	25.085209	25.090801	25.096050	25.100933	25.105434	25.109535	25.113220	25.116478	25.119289	25.121653	25.123552	25.124985	25.125940	25.126421	25.126419	25.125942	25.124983	25.123554	25.121655	25.119293	25.116478	25.113224	25.109535	25.105436	25.100933	25.096050	25.090801	25.085211	25.079292	25.073078	25.066584	25.059837	25.052864	25.045691	25.038345	25.030851	25.023241	25.015541	25.007786	
25.006882	25.013729	25.020533	25.027256	25.033875	25.040367	25.046701	25.052866	25.058823	25.064562	25.070053	25.075279	25.080219	25.084858	25.089172	25.093147	25.096771	25.100029	25.102901	25.105391	25.107475	25.109154	25.110418	25.111265	25.111689	25.111687	25.111263	25.110420	25.109154	25.107475	25.105392	25.102905	25.100027	25.096771	25.093147	25.089172	25.084858	25.080223	25.075279	25.070057	25.064562	25.058825	25.052864	25.046703	25.040367	25.033875	25.027256	25.020533	25.013733	25.006878	
25.005943	25.011868	25.017746	25.023556	25.029278	25.034885	25.040367	25.045689	25.050842	25.055798	25.060547	25.065063	25.069334	25.073341	25.077070	25.080505	25.083639	25.086452	25.088940	25.091087	25.092892	25.094341	25.095436	25.096165	25.096531	25.096531	25.096167	25.095434	25.094341	25.092892	25.091087	25.088940	25.086452	25.083637	25.080507	25.077070	25.073345	25.069336	25.065067	25.060547	25.055801	25.050842	25.045691	25.040367	25.034889	25.029278	25.023560	25.017746	25.011869	25.005947	
25.004990	25.009960	25.014893	25.019768	25.024569	25.029278	25.033875	25.038343	25.042664	25.046825	25.050808	25.054602	25.058186	25.061550	25.064678	25.067562	25.070190	25.072552	25.074638	25.076441	25.077953	25.079174	25.080086	25.080704	25.081007	25.081009	25.080700	25.080090	25.079172	25.077953	25.076443	25.074638	25.072550	25.070190	25.067562	25.064680	25.061548	25.058186	25.054604	25.050812	25.046827	25.042665	25.038345	25.033876	25.029278	25.024570	25.019768	25.014893	25.009960	25.004990	
25.004013	25.008015	25.011980	25.015907	25.019768	25.023556	25.027254	25.030849	25.034328	25.037674	25.040882	25.043930	25.046816	25.049520	25.052040	25.054359	25.056475	25.058372	25.060051	25.061504	25.062721	25.063700	25.064440	25.064930	25.065182	25.065178	25.064930	25.064438	25.063702	25.062721	25.061504	25.060051	25.058374	25.056475	25.054359	25.052040	25.049522	25.046816	25.043934	25.040882	25.037678	25.034328	25.030849	25.027256	25.023558	25.019768	25.015907	25.011982	25.008013	25.004017	
25.003027	25.006035	25.009029	25.011982	25.014893	25.017746	25.020533	25.023239	25.025860	25.028381	25.030796	25.033096	25.035265	25.037308	25.039204	25.040951	25.042543	25.043976	25.045240	25.046331	25.047251	25.047989	25.048542	25.048916	25.049101	25.049103	25.048916	25.048544	25.047987	25.047249	25.046333	25.045240	25.043974	25.042542	25.040951	25.039204	25.037308	25.035271	25.033096	25.030800	25.028385	25.025860	25.023239	25.020535	25.017746	25.014893	25.011982	25.009027	25.006039	25.003025	
25.002022	25.004040	25.006035	25.008015	25.009962	25.011868	25.013733	25.015543	25.017296	25.018982	25.020597	25.022133	25.023586	25.024948	25.026218	25.027390	25.028454	25.029409	25.030254	25.030987	25.031601	25.032093	25.032467	25.032715	25.032837	25.032837	25.032715	25.032467	25.032093	25.031599	25.030987	25.030256	25.029411	25.028454	25.027386	25.026217	25.024952	25.023586	25.022135	25.020597	25.018982	25.017294	25.015545	25.013729	25.011869	25.009960	25.008015	25.006039	25.004040	25.002026	
25.001015	25.002022	25.003025	25.004015	25.004990	25.005947	25.006878	25.007786	25.008665	25.009510	25.010319	25.011089	25.011814	25.012499	25.013134	25.013720	25.014254	25.014732	25.015156	25.015522	25.015831	25.016079	25.016262	25.016388	25.016449	25.016449	25.016388	25.016264	25.016077	25.015831	25.015522	25.015158	25.014732	25.014252	25.013718	25.013134	25.012497	25.011816	25.011087	25.010319	25.009510	25.008663	25.007784	25.006880	25.005945	25.004990	25.004015	25.003025	25.002024	25.001015	
