25.000919	25.001839	25.002750	25.003651	25.004538	25.005405	25.006256	25.007082	25.007881	25.008648	25.009384	25.010082	25.010746	25.011368	25.011944	25.012476	25.012962	25.013399	25.013783	25.014118	25.014397	25.014620	25.014793	25.014904	25.014963	25.014959	25.014904	25.014790	25.014622	25.014397	25.014116	25.013786	25.013397	25.012962	25.012478	25.011946	25.011366	25.010746	25.010084	25.009384	25.008648	25.007881	25.007080	25.006256	25.005407	25.004539	25.003651	25.002750	25.001839	25.000921	
25.001839	25.003670	25.005489	25.007290	25.009056	25.010792	25.012489	25.014137	25.015730	25.017263	25.018730	25.020130	25.021450	25.022692	25.023842	25.024906	25.025875	25.026745	25.027517	25.028179	25.028736	25.029186	25.029524	25.029753	25.029861	25.029865	25.029749	25.029526	25.029186	25.028736	25.028179	25.027515	25.026747	25.025877	25.024906	25.023842	25.022692	25.021450	25.020130	25.018732	25.017265	25.015728	25.014137	25.012489	25.010796	25.009058	25.007288	25.005489	25.003674	25.001839	
25.002748	25.005489	25.008209	25.010895	25.013544	25.016138	25.018673	25.021137	25.023518	25.025812	25.028008	25.030098	25.032074	25.033928	25.035652	25.037241	25.038691	25.039993	25.041142	25.042137	25.042971	25.043640	25.044147	25.044485	25.044655	25.044655	25.044487	25.044146	25.043642	25.042971	25.042137	25.041143	25.039993	25.038691	25.037243	25.035652	25.033928	25.032074	25.030098	25.028009	25.025810	25.023521	25.021135	25.018673	25.016136	25.013544	25.010895	25.008209	25.005489	25.002750	
25.003651	25.007286	25.010895	25.014465	25.017977	25.021423	25.024788	25.028057	25.031219	25.034264	25.037180	25.039953	25.042576	25.045036	25.047325	25.049435	25.051361	25.053087	25.054613	25.055931	25.057041	25.057930	25.058603	25.059052	25.059277	25.059277	25.059052	25.058601	25.057930	25.057041	25.055933	25.054613	25.053089	25.051359	25.049437	25.047325	25.045038	25.042576	25.039955	25.037178	25.034266	25.031219	25.028057	25.024786	25.021423	25.017979	25.014465	25.010897	25.007288	25.003651	
25.004536	25.009056	25.013542	25.017975	25.022343	25.026627	25.030806	25.034870	25.038799	25.042587	25.046209	25.049656	25.052916	25.055973	25.058821	25.061443	25.063833	25.065979	25.067877	25.069519	25.070892	25.071999	25.072836	25.073393	25.073673	25.073673	25.073393	25.072834	25.072002	25.070892	25.069519	25.067879	25.065979	25.063833	25.061443	25.058821	25.055973	25.052917	25.049656	25.046211	25.042587	25.038801	25.034870	25.030804	25.026625	25.022345	25.017979	25.013546	25.009056	25.004536	
25.005407	25.010792	25.016136	25.021423	25.026623	25.031729	25.036711	25.041553	25.046238	25.050745	25.055065	25.059170	25.063055	25.066700	25.070091	25.073217	25.076063	25.078625	25.080883	25.082836	25.084478	25.085796	25.086790	25.087458	25.087790	25.087791	25.087456	25.086792	25.085796	25.084480	25.082840	25.080885	25.078623	25.076063	25.073215	25.070089	25.066702	25.063053	25.059172	25.055061	25.050747	25.046238	25.041550	25.036709	25.031729	25.026627	25.021423	25.016138	25.010794	25.005405	
25.006256	25.012487	25.018675	25.024788	25.030807	25.036709	25.042473	25.048075	25.053495	25.058716	25.063709	25.068462	25.072956	25.077171	25.081097	25.084711	25.088009	25.090969	25.093582	25.095846	25.097740	25.099270	25.100418	25.101189	25.101574	25.101574	25.101189	25.100418	25.099270	25.097740	25.095846	25.093586	25.090969	25.088009	25.084713	25.081097	25.077171	25.072956	25.068462	25.063709	25.058716	25.053497	25.048077	25.042475	25.036709	25.030807	25.024788	25.018673	25.012486	25.006256	
25.007082	25.014137	25.021137	25.028057	25.034870	25.041550	25.048077	25.054419	25.060555	25.066460	25.072113	25.077492	25.082579	25.087353	25.091793	25.095886	25.099615	25.102966	25.105928	25.108486	25.110638	25.112362	25.113665	25.114534	25.114971	25.114973	25.114536	25.113667	25.112364	25.110636	25.108488	25.105930	25.102968	25.099617	25.095886	25.091791	25.087353	25.082577	25.077494	25.072113	25.066460	25.060555	25.054420	25.048077	25.041553	25.034868	25.028057	25.021135	25.014137	25.007080	
25.007881	25.015728	25.023521	25.031219	25.038803	25.046236	25.053495	25.060555	25.067383	25.073954	25.080244	25.086231	25.091888	25.097202	25.102142	25.106697	25.110847	25.114576	25.117870	25.120722	25.123108	25.125034	25.126480	25.127449	25.127935	25.127935	25.127449	25.126480	25.125032	25.123110	25.120720	25.117870	25.114578	25.110847	25.106695	25.102142	25.097198	25.091890	25.086231	25.080242	25.073952	25.067381	25.060553	25.053497	25.046234	25.038803	25.031219	25.023521	25.015728	25.007881	
25.008650	25.017263	25.025814	25.034264	25.042587	25.050743	25.058716	25.066460	25.073954	25.081165	25.088070	25.094643	25.100853	25.106682	25.112104	25.117104	25.121658	25.125751	25.129368	25.132492	25.135118	25.137226	25.138817	25.139879	25.140411	25.140411	25.139881	25.138817	25.137226	25.135117	25.132492	25.129368	25.125751	25.121658	25.117104	25.112103	25.106680	25.100851	25.094641	25.088070	25.081165	25.073952	25.066460	25.058712	25.050747	25.042583	25.034266	25.025812	25.017265	25.008648	
25.009384	25.018732	25.028008	25.037178	25.046209	25.055065	25.063709	25.072113	25.080242	25.088070	25.095562	25.102692	25.109432	25.115755	25.121641	25.127068	25.132008	25.136448	25.140373	25.143766	25.146610	25.148903	25.150625	25.151779	25.152355	25.152357	25.151777	25.150623	25.148901	25.146608	25.143764	25.140369	25.136448	25.132008	25.127064	25.121639	25.115753	25.109432	25.102690	25.095562	25.088070	25.080244	25.072113	25.063709	25.055061	25.046211	25.037178	25.028009	25.018730	25.009384	
25.010086	25.020126	25.030098	25.039953	25.049656	25.059170	25.068462	25.077492	25.086231	25.094639	25.102692	25.110353	25.117594	25.124392	25.130718	25.136543	25.141857	25.146627	25.150846	25.154491	25.157551	25.160007	25.161863	25.163101	25.163723	25.163723	25.163101	25.161863	25.160007	25.157549	25.154488	25.150848	25.146629	25.141855	25.136543	25.130716	25.124390	25.117596	25.110352	25.102690	25.094641	25.086231	25.077492	25.068460	25.059172	25.049656	25.039955	25.030096	25.020130	25.010082	
25.010744	25.021450	25.032072	25.042574	25.052914	25.063053	25.072954	25.082579	25.091888	25.100853	25.109430	25.117594	25.125313	25.132553	25.139294	25.145508	25.151165	25.156254	25.160746	25.164631	25.167889	25.170511	25.172485	25.173809	25.174469	25.174469	25.173807	25.172485	25.170513	25.167887	25.164631	25.160744	25.156254	25.151165	25.145508	25.139294	25.132557	25.125309	25.117596	25.109430	25.100851	25.091888	25.082577	25.072956	25.063055	25.052916	25.042576	25.032074	25.021448	25.010746	
25.011368	25.022688	25.033926	25.045033	25.055973	25.066696	25.077171	25.087353	25.097202	25.106680	25.115755	25.124392	25.132557	25.140217	25.147346	25.153915	25.159903	25.165283	25.170038	25.174145	25.177593	25.180367	25.182457	25.183853	25.184555	25.184551	25.183853	25.182455	25.180367	25.177593	25.174143	25.170036	25.165283	25.159904	25.153915	25.147346	25.140213	25.132555	25.124390	25.115757	25.106682	25.097200	25.087353	25.077171	25.066702	25.055973	25.045036	25.033928	25.022692	25.011366	
25.011944	25.023842	25.035648	25.047325	25.058817	25.070091	25.081093	25.091793	25.102142	25.112104	25.121639	25.130714	25.139294	25.147346	25.154837	25.161743	25.168034	25.173687	25.178680	25.183002	25.186623	25.189539	25.191732	25.193203	25.193935	25.193939	25.193199	25.191730	25.189537	25.186623	25.183001	25.178680	25.173687	25.168034	25.161743	25.154835	25.147346	25.139294	25.130716	25.121641	25.112104	25.102142	25.091793	25.081097	25.070091	25.058821	25.047325	25.035652	25.023842	25.011944	
25.012478	25.024906	25.037241	25.049435	25.061443	25.073212	25.084713	25.095886	25.106697	25.117102	25.127064	25.136543	25.145508	25.153915	25.161743	25.168953	25.175526	25.181431	25.186653	25.191158	25.194946	25.197987	25.200285	25.201817	25.202587	25.202585	25.201817	25.200283	25.197987	25.194946	25.191158	25.186649	25.181431	25.175529	25.168953	25.161743	25.153913	25.145506	25.136543	25.127064	25.117104	25.106697	25.095886	25.084713	25.073215	25.061443	25.049438	25.037239	25.024906	25.012476	
25.012962	25.025877	25.038689	25.051357	25.063828	25.076063	25.088005	25.099613	25.110846	25.121656	25.132004	25.141857	25.151165	25.159904	25.168034	25.175528	25.182354	25.188488	25.193909	25.198597	25.202524	25.205692	25.208073	25.209667	25.210464	25.210464	25.209665	25.208071	25.205688	25.202526	25.198593	25.193909	25.188490	25.182350	25.175526	25.168030	25.159904	25.151165	25.141855	25.132008	25.121658	25.110847	25.099615	25.088005	25.076065	25.063833	25.051359	25.038692	25.025875	25.012962	
25.013397	25.026745	25.039991	25.053085	25.065979	25.078621	25.090965	25.102966	25.114574	25.125748	25.136448	25.146627	25.156254	25.165283	25.173689	25.181431	25.188492	25.194830	25.200436	25.205276	25.209343	25.212608	25.215075	25.216721	25.217548	25.217545	25.216721	25.215073	25.212608	25.209339	25.205275	25.200436	25.194828	25.188490	25.181431	25.173687	25.165281	25.156254	25.146626	25.136448	25.125751	25.114576	25.102968	25.090969	25.078623	25.065983	25.053089	25.039993	25.026749	25.013397	
25.013784	25.027515	25.041142	25.054611	25.067875	25.080881	25.093580	25.105927	25.117870	25.129366	25.140371	25.150845	25.160744	25.170038	25.178680	25.186649	25.193909	25.200436	25.206196	25.211182	25.215359	25.218725	25.221256	25.222954	25.223801	25.223801	25.222950	25.221258	25.218721	25.215359	25.211178	25.206196	25.200436	25.193909	25.186651	25.178680	25.170036	25.160744	25.150846	25.140369	25.129368	25.117872	25.105930	25.093584	25.080885	25.067879	25.054615	25.041145	25.027515	25.013784	
25.014118	25.028179	25.042135	25.055931	25.069515	25.082836	25.095840	25.108486	25.120718	25.132492	25.143764	25.154488	25.164631	25.174145	25.183001	25.191158	25.198595	25.205275	25.211182	25.216282	25.220564	25.224007	25.226604	25.228340	25.229210	25.229206	25.228340	25.226603	25.224007	25.220562	25.216280	25.211178	25.205276	25.198597	25.191158	25.183001	25.174143	25.164631	25.154490	25.143764	25.132492	25.120720	25.108486	25.095844	25.082838	25.069517	25.055935	25.042137	25.028181	25.014116	
25.014397	25.028738	25.042969	25.057041	25.070892	25.084475	25.097740	25.110634	25.123108	25.135115	25.146608	25.157547	25.167889	25.177593	25.186619	25.194942	25.202522	25.209343	25.215359	25.220564	25.224930	25.228443	25.231089	25.232861	25.233746	25.233746	25.232859	25.231091	25.228441	25.224930	25.220562	25.215359	25.209341	25.202524	25.194946	25.186621	25.177593	25.167889	25.157549	25.146610	25.135117	25.123108	25.110638	25.097740	25.084478	25.070892	25.057041	25.042971	25.028736	25.014397	
25.014622	25.029186	25.043644	25.057930	25.071999	25.085796	25.099264	25.112360	25.125031	25.137226	25.148899	25.160007	25.170509	25.180365	25.189537	25.197987	25.205688	25.212608	25.218725	25.224007	25.228443	25.232012	25.234699	25.236496	25.237396	25.237392	25.236498	25.234695	25.232014	25.228441	25.224009	25.218723	25.212608	25.205688	25.197987	25.189537	25.180363	25.170511	25.160009	25.148901	25.137226	25.125034	25.112362	25.099270	25.085798	25.072002	25.057930	25.043642	25.029186	25.014622	
25.014790	25.029526	25.044147	25.058601	25.072832	25.086788	25.100416	25.113661	25.126478	25.138815	25.150623	25.161861	25.172485	25.182453	25.191730	25.200281	25.208073	25.215073	25.221256	25.226604	25.231089	25.234699	25.237415	25.239235	25.240147	25.240149	25.239235	25.237419	25.234697	25.231091	25.226604	25.221256	25.215073	25.208071	25.200283	25.191730	25.182455	25.172485	25.161863	25.150623	25.138817	25.126480	25.113665	25.100418	25.086792	25.072834	25.058601	25.044147	25.029526	25.014790	
25.014904	25.029751	25.044483	25.059048	25.073391	25.087456	25.101185	25.114532	25.127447	25.139877	25.151775	25.163101	25.173805	25.183851	25.193199	25.201817	25.209663	25.216719	25.222954	25.228336	25.232859	25.236496	25.239239	25.241068	25.241987	25.241985	25.241070	25.239235	25.236496	25.232861	25.228338	25.222954	25.216721	25.209667	25.201817	25.193201	25.183853	25.173807	25.163101	25.151779	25.139879	25.127449	25.114536	25.101189	25.087456	25.073393	25.059052	25.044485	25.029753	25.014904	
25.014961	25.029863	25.044655	25.059273	25.073669	25.087788	25.101570	25.114967	25.127932	25.140411	25.152355	25.163723	25.174469	25.184551	25.193935	25.202583	25.210463	25.217545	25.223801	25.229206	25.233746	25.237396	25.240147	25.241987	25.242908	25.242908	25.241985	25.240149	25.237396	25.233746	25.229210	25.223801	25.217545	25.210464	25.202583	25.193935	25.184551	25.174469	25.163723	25.152357	25.140411	25.127934	25.114971	25.101574	25.087790	25.073673	25.059277	25.044655	25.029865	25.014961	
25.014961	25.029863	25.044655	25.059273	25.073669	25.087788	25.101570	25.114967	25.127932	25.140411	25.152355	25.163723	25.174469	25.184551	25.193935	25.202583	25.210463	25.217545	25.223801	25.229206	25.233746	25.237396	25.240147	25.241987	25.242908	25.242908	25.241985	25.240149	25.237396	25.233746	25.229210	25.223801	25.217545	25.210464	25.202583	25.193935	25.184551	25.174469	25.163723	25.152357	25.140411	25.127934	25.114971	25.101574	25.087790	25.073673	25.059277	25.044655	25.029865	25.014961	
25.014904	25.029751	25.044483	25.059048	25.073391	25.087456	25.101185	25.114532	25.127447	25.139877	25.151775	25.163101	25.173805	25.183851	25.193199	25.201817	25.209663	25.216719	25.222954	25.228336	25.232859	25.236496	25.239239	25.241068	25.241987	25.241985	25.241070	25.239235	25.236496	25.232861	25.228338	25.222954	25.216721	25.209667	25.201817	25.193201	25.183853	25.173807	25.163101	25.151779	25.139879	25.127449	25.114536	25.101189	25.087456	25.073393	25.059052	25.044485	25.029753	25.014904	
25.014790	25.029526	25.044147	25.058601	25.072832	25.086788	25.100416	25.113661	25.126478	25.138815	25.150623	25.161861	25.172485	25.182453	25.191730	25.200281	25.208073	25.215073	25.221256	25.226604	25.231089	25.234699	25.237415	25.239235	25.240147	25.240149	25.239235	25.237419	25.234697	25.231091	25.226604	25.221256	25.215073	25.208071	25.200283	25.191730	25.182455	25.172485	25.161863	25.150623	25.138817	25.126480	25.113665	25.100418	25.086792	25.072834	25.058601	25.044147	25.029526	25.014790	
25.014622	25.029186	25.043644	25.057930	25.071999	25.085796	25.099264	25.112360	25.125031	25.137226	25.148899	25.160007	25.170509	25.180365	25.189537	25.197987	25.205688	25.212608	25.218725	25.224007	25.228443	25.232012	25.234699	25.236496	25.237396	25.237392	25.236498	25.234695	25.232014	25.228441	25.224009	25.218723	25.212608	25.205688	25.197987	25.189537	25.180363	25.170511	25.160009	25.148901	25.137226	25.125034	25.112362	25.099270	25.085798	25.072002	25.057930	25.043642	25.029186	25.014622	
25.014397	25.028738	25.042969	25.057041	25.070892	25.084475	25.097740	25.110634	25.123108	25.135115	25.146608	25.157547	25.167889	25.177593	25.186619	25.194942	25.202522	25.209343	25.215359	25.220564	25.224930	25.228443	25.231089	25.232861	25.233746	25.233746	25.232859	25.231091	25.228441	25.224930	25.220562	25.215359	25.209341	25.202524	25.194946	25.186621	25.177593	25.167889	25.157549	25.146610	25.135117	25.123108	25.110638	25.097740	25.084478	25.070892	25.057041	25.042971	25.028736	25.014397	
25.014118	25.028179	25.042135	25.055931	25.069515	25.082836	25.095840	25.108486	25.120718	25.132492	25.143764	25.154488	25.164631	25.174145	25.183001	25.191158	25.198595	25.205275	25.211182	25.216282	25.220564	25.224007	25.226604	25.228340	25.229210	25.229206	25.228340	25.226603	25.224007	25.220562	25.216280	25.211178	25.205276	25.198597	25.191158	25.183001	25.174143	25.164631	25.154490	25.143764	25.132492	25.120720	25.108486	25.095844	25.082838	25.069517	25.055935	25.042137	25.028181	25.014116	
25.013784	25.027515	25.041142	25.054611	25.067875	25.080881	25.093580	25.105927	25.117870	25.129366	25.140371	25.150845	25.160744	25.170038	25.178680	25.186649	25.193909	25.200436	25.206196	25.211182	25.215359	25.218725	25.221256	25.222954	25.223801	25.223801	25.222950	25.221258	25.218721	25.215359	25.211178	25.206196	25.200436	25.193909	25.186651	25.178680	25.170036	25.160744	25.150846	25.140369	25.129368	25.117872	25.105930	25.093584	25.080885	25.067879	25.054615	25.041145	25.027515	25.013784	
25.013397	25.026745	25.039991	25.053085	25.065979	25.078621	25.090965	25.102966	25.114574	25.125748	25.136448	25.146627	25.156254	25.165283	25.173689	25.181431	25.188492	25.194830	25.200436	25.205276	25.209343	25.212608	25.215075	25.216721	25.217548	25.217545	25.216721	25.215073	25.212608	25.209339	25.205275	25.200436	25.194828	25.188490	25.181431	25.173687	25.165281	25.156254	25.146626	25.136448	25.125751	25.114576	25.102968	25.090969	25.078623	25.065983	25.053089	25.039993	25.026749	25.013397	
25.012962	25.025877	25.038689	25.051357	25.063828	25.076063	25.088005	25.099613	25.110846	25.121656	25.132004	25.141857	25.151165	25.159904	25.168034	25.175528	25.182354	25.188488	25.193909	25.198597	25.202524	25.205692	25.208073	25.209667	25.210464	25.210464	25.209665	25.208071	25.205688	25.202526	25.198593	25.193909	25.188490	25.182350	25.175526	25.168030	25.159904	25.151165	25.141855	25.132008	25.121658	25.110847	25.099615	25.088005	25.076065	25.063833	25.051359	25.038692	25.025875	25.012962	
25.012478	25.024906	25.037241	25.049435	25.061443	25.073212	25.084713	25.095886	25.106697	25.117102	25.127064	25.136543	25.145508	25.153915	25.161743	25.168953	25.175526	25.181431	25.186653	25.191158	25.194946	25.197987	25.200285	25.201817	25.202587	25.202585	25.201817	25.200283	25.197987	25.194946	25.191158	25.186649	25.181431	25.175529	25.168953	25.161743	25.153913	25.145506	25.136543	25.127064	25.117104	25.106697	25.095886	25.084713	25.073215	25.061443	25.049438	25.037239	25.024906	25.012476	
25.011944	25.023842	25.035648	25.047325	25.058817	25.070091	25.081093	25.091793	25.102142	25.112104	25.121639	25.130714	25.139294	25.147346	25.154837	25.161743	25.168034	25.173687	25.178680	25.183002	25.186623	25.189539	25.191732	25.193203	25.193935	25.193939	25.193199	25.191730	25.189537	25.186623	25.183001	25.178680	25.173687	25.168034	25.161743	25.154835	25.147346	25.139294	25.130716	25.121641	25.112104	25.102142	25.091793	25.081097	25.070091	25.058821	25.047325	25.035652	25.023842	25.011944	
25.011368	25.022688	25.033926	25.045033	25.055973	25.066696	25.077171	25.087353	25.097202	25.106680	25.115755	25.124392	25.132557	25.140217	25.147346	25.153915	25.159903	25.165283	25.170038	25.174145	25.177593	25.180367	25.182457	25.183853	25.184555	25.184551	25.183853	25.182455	25.180367	25.177593	25.174143	25.170036	25.165283	25.159904	25.153915	25.147346	25.140213	25.132555	25.124390	25.115757	25.106682	25.097200	25.087353	25.077171	25.066702	25.055973	25.045036	25.033928	25.022692	25.011366	
25.010744	25.021450	25.032072	25.042574	25.052914	25.063053	25.072954	25.082579	25.091888	25.100853	25.109430	25.117594	25.125313	25.132553	25.139294	25.145508	25.151165	25.156254	25.160746	25.164631	25.167889	25.170511	25.172485	25.173809	25.174469	25.174469	25.173807	25.172485	25.170513	25.167887	25.164631	25.160744	25.156254	25.151165	25.145508	25.139294	25.132557	25.125309	25.117596	25.109430	25.100851	25.091888	25.082577	25.072956	25.063055	25.052916	25.042576	25.032074	25.021448	25.010746	
25.010086	25.020126	25.030098	25.039953	25.049656	25.059170	25.068462	25.077492	25.086231	25.094639	25.102692	25.110353	25.117594	25.124392	25.130718	25.136543	25.141857	25.146627	25.150846	25.154491	25.157551	25.160007	25.161863	25.163101	25.163723	25.163723	25.163101	25.161863	25.160007	25.157549	25.154488	25.150848	25.146629	25.141855	25.136543	25.130716	25.124390	25.117596	25.110352	25.102690	25.094641	25.086231	25.077492	25.068460	25.059172	25.049656	25.039955	25.030096	25.020130	25.010082	
25.009384	25.018732	25.028008	25.037178	25.046209	25.055065	25.063709	25.072113	25.080242	25.088070	25.095562	25.102692	25.109432	25.115755	25.121641	25.127068	25.132008	25.136448	25.140373	25.143766	25.146610	25.148903	25.150625	25.151779	25.152355	25.152357	25.151777	25.150623	25.148901	25.146608	25.143764	25.140369	25.136448	25.132008	25.127064	25.121639	25.115753	25.109432	25.102690	25.095562	25.088070	25.080244	25.072113	25.063709	25.055061	25.046211	25.037178	25.028009	25.018730	25.009384	
25.008650	25.017263	25.025814	25.034264	25.042587	25.050743	25.058716	25.066460	25.073954	25.081165	25.088070	25.094643	25.100853	25.106682	25.112104	25.117104	25.121658	25.125751	25.129368	25.132492	25.135118	25.137226	25.138817	25.139879	25.140411	25.140411	25.139881	25.138817	25.137226	25.135117	25.132492	25.129368	25.125751	25.121658	25.117104	25.112103	25.106680	25.100851	25.094641	25.088070	25.081165	25.073952	25.066460	25.058712	25.050747	25.042583	25.034266	25.025812	25.017265	25.008648	
25.007881	25.015728	25.023521	25.031219	25.038803	25.046236	25.053495	25.060555	25.067383	25.073954	25.080244	25.086231	25.091888	25.097202	25.102142	25.106697	25.110847	25.114576	25.117870	25.120722	25.123108	25.125034	25.126480	25.127449	25.127935	25.127935	25.127449	25.126480	25.125032	25.123110	25.120720	25.117870	25.114578	25.110847	25.106695	25.102142	25.097198	25.091890	25.086231	25.080242	25.073952	25.067381	25.060553	25.053497	25.046234	25.038803	25.031219	25.023521	25.015728	25.007881	
25.007082	25.014137	25.021137	25.028057	25.034870	25.041550	25.048077	25.054419	25.060555	25.066460	25.072113	25.077492	25.082579	25.087353	25.091793	25.095886	25.099615	25.102966	25.105928	25.108486	25.110638	25.112362	25.113665	25.114534	25.114971	25.114973	25.114536	25.113667	25.112364	25.110636	25.108488	25.105930	25.102968	25.099617	25.095886	25.091791	25.087353	25.082577	25.077494	25.072113	25.066460	25.060555	25.054420	25.048077	25.041553	25.034868	25.028057	25.021135	25.014137	25.007080	
25.006256	25.012487	25.018675	25.024788	25.030807	25.036709	25.042473	25.048075	25.053495	25.058716	25.063709	25.068462	25.072956	25.077171	25.081097	25.084711	25.088009	25.090969	25.093582	25.095846	25.097740	25.099270	25.100418	25.101189	25.101574	25.101574	25.101189	25.100418	25.099270	25.097740	25.095846	25.093586	25.090969	25.088009	25.084713	25.081097	25.077171	25.072956	25.068462	25.063709	25.058716	25.053497	25.048077	25.042475	25.036709	25.030807	25.024788	25.018673	25.012486	25.006256	
25.005407	25.010792	25.016136	25.021423	25.026623	25.031729	25.036711	25.041553	25.046238	25.050745	25.055065	25.059170	25.063055	25.066700	25.070091	25.073217	25.076063	25.078625	25.080883	25.082836	25.084478	25.085796	25.086790	25.087458	25.087790	25.087791	25.087456	25.086792	25.085796	25.084480	25.082840	25.080885	25.078623	25.076063	25.073215	25.070089	25.066702	25.063053	25.059172	25.055061	25.050747	25.046238	25.041550	25.036709	25.031729	25.026627	25.021423	25.016138	25.010794	25.005405	
25.004536	25.009056	25.013542	25.017975	25.022343	25.026627	25.030806	25.034870	25.038799	25.042587	25.046209	25.049656	25.052916	25.055973	25.058821	25.061443	25.063833	25.065979	25.067877	25.069519	25.070892	25.071999	25.072836	25.073393	25.073673	25.073673	25.073393	25.072834	25.072002	25.070892	25.069519	25.067879	25.065979	25.063833	25.061443	25.058821	25.055973	25.052917	25.049656	25.046211	25.042587	25.038801	25.034870	25.030804	25.026625	25.022345	25.017979	25.013546	25.009056	25.004536	
25.003651	25.007286	25.010895	25.014465	25.017977	25.021423	25.024788	25.028057	25.031219	25.034264	25.037180	25.039953	25.042576	25.045036	25.047325	25.049435	25.051361	25.053087	25.054613	25.055931	25.057041	25.057930	25.058603	25.059052	25.059277	25.059277	25.059052	25.058601	25.057930	25.057041	25.055933	25.054613	25.053089	25.051359	25.049437	25.047325	25.045038	25.042576	25.039955	25.037178	25.034266	25.031219	25.028057	25.024786	25.021423	25.017979	25.014465	25.010897	25.007288	25.003651	
25.002748	25.005489	25.008209	25.010895	25.013544	25.016138	25.018673	25.021137	25.023518	25.025812	25.028008	25.030098	25.032074	25.033928	25.035652	25.037241	25.038691	25.039993	25.041142	25.042137	25.042971	25.043640	25.044147	25.044485	25.044655	25.044655	25.044487	25.044146	25.043642	25.042971	25.042137	25.041143	25.039993	25.038691	25.037243	25.035652	25.033928	25.032074	25.030098	25.028009	25.025810	25.023521	25.021135	25.018673	25.016136	25.013544	25.010895	25.008209	25.005489	25.002750	
25.001839	25.003670	25.005489	25.007290	25.009056	25.010792	25.012489	25.014137	25.015730	25.017263	25.018730	25.020130	25.021450	25.022692	25.023842	25.024906	25.025875	25.026745	25.027517	25.028179	25.028736	25.029186	25.029524	25.029753	25.029861	25.029865	25.029749	25.029526	25.029186	25.028736	25.028179	25.027515	25.026747	25.025877	25.024906	25.023842	25.022692	25.021450	25.020130	25.018732	25.017265	25.015728	25.014137	25.012489	25.010796	25.009058	25.007288	25.005489	25.003674	25.001839	
25.000919	25.001839	25.002750	25.003651	25.004538	25.005405	25.006256	25.007082	25.007881	25.008648	25.009384	25.010082	25.010746	25.011368	25.011944	25.012476	25.012962	25.013399	25.013783	25.014118	25.014397	25.014620	25.014793	25.014904	25.014963	25.014959	25.014904	25.014790	25.014622	25.014397	25.014116	25.013786	25.013397	25.012962	25.012478	25.011946	25.011366	25.010746	25.010084	25.009384	25.008648	25.007881	25.007080	25.006256	25.005407	25.004539	25.003651	25.002750	25.001839	25.000921	
