25.009796	25.019543	25.029278	25.038872	25.048433	25.057760	25.067032	25.075975	25.084829	25.093264	25.101562	25.109354	25.116953	25.123966	25.130718	25.136824	25.142582	25.147646	25.152283	25.156193	25.159592	25.162254	25.164330	25.165678	25.166376	25.166376	25.165676	25.164330	25.162252	25.159590	25.156191	25.152283	25.147646	25.142582	25.136822	25.130718	25.123968	25.116953	25.109352	25.101562	25.093264	25.084831	25.075975	25.067034	25.057760	25.048435	25.038872	25.029280	25.019543	25.009794	
25.019541	25.039074	25.058414	25.077715	25.096636	25.115479	25.133753	25.151890	25.169273	25.186436	25.202673	25.218586	25.233406	25.247772	25.260908	25.273436	25.284618	25.295031	25.304020	25.312069	25.318653	25.324137	25.328156	25.330936	25.332287	25.332287	25.330933	25.328156	25.324137	25.318653	25.312065	25.304020	25.295031	25.284618	25.273436	25.260908	25.247772	25.233408	25.218586	25.202675	25.186438	25.169273	25.151890	25.133753	25.115479	25.096638	25.077717	25.058413	25.039074	25.019541	
25.029278	25.058414	25.087513	25.116184	25.144772	25.172646	25.200365	25.227095	25.253561	25.278767	25.303572	25.326864	25.349571	25.370548	25.390720	25.408970	25.426178	25.441320	25.455173	25.466866	25.477022	25.484983	25.491188	25.495216	25.497305	25.497303	25.495216	25.491186	25.484982	25.477020	25.466862	25.455173	25.441319	25.426180	25.408970	25.390720	25.370544	25.349573	25.326866	25.303572	25.278769	25.253559	25.227097	25.200367	25.172647	25.144772	25.116184	25.087513	25.058411	25.029278	
25.038870	25.077717	25.116184	25.154573	25.192207	25.229683	25.266033	25.302101	25.336679	25.370813	25.403114	25.434755	25.464245	25.492805	25.518944	25.543848	25.566101	25.586800	25.604687	25.620689	25.633793	25.644695	25.652691	25.658218	25.660908	25.660908	25.658216	25.652691	25.644695	25.633789	25.620689	25.604685	25.586800	25.566099	25.543848	25.518942	25.492805	25.464245	25.434755	25.403114	25.370813	25.336681	25.302099	25.266031	25.229683	25.192207	25.154572	25.116184	25.077715	25.038868	
25.048435	25.096638	25.144773	25.192207	25.239494	25.285616	25.331461	25.375687	25.419460	25.461174	25.502193	25.540741	25.578291	25.613003	25.646362	25.676563	25.705025	25.730083	25.752987	25.772337	25.789135	25.802307	25.812567	25.819239	25.822689	25.822689	25.819237	25.812565	25.802305	25.789131	25.772333	25.752987	25.730078	25.705021	25.676561	25.646360	25.613003	25.578293	25.540739	25.502190	25.461174	25.419456	25.375689	25.331461	25.285614	25.239491	25.192207	25.144770	25.096634	25.048435	
25.057760	25.115482	25.172647	25.229685	25.285614	25.341290	25.395313	25.448893	25.500294	25.550997	25.599016	25.646009	25.689846	25.732269	25.771124	25.808115	25.841198	25.871941	25.898529	25.922297	25.941776	25.957970	25.969858	25.978065	25.982061	25.982061	25.978064	25.969856	25.957970	25.941772	25.922295	25.898531	25.871937	25.841196	25.808109	25.771122	25.732265	25.689846	25.646008	25.599014	25.550997	25.500294	25.448891	25.395313	25.341288	25.285614	25.229681	25.172646	25.115479	25.057758	
25.067036	25.133751	25.200367	25.266031	25.331463	25.395313	25.458746	25.519978	25.580536	25.638294	25.695042	25.748419	25.800365	25.848431	25.894573	25.936399	25.975765	26.010469	26.042152	26.068949	26.092182	26.110424	26.124615	26.133854	26.138626	26.138626	26.133854	26.124613	26.110426	26.092178	26.068947	26.042152	26.010464	25.975761	25.936399	25.894571	25.848431	25.800362	25.748417	25.695040	25.638294	25.580538	25.519979	25.458744	25.395311	25.331459	25.266029	25.200367	25.133751	25.067034	
25.075975	25.151890	25.227097	25.302101	25.375687	25.448895	25.519978	25.590425	25.658068	25.724724	25.787916	25.849693	25.907391	25.963152	26.014294	26.062910	26.106461	26.146864	26.181870	26.213102	26.238741	26.260029	26.275677	26.286465	26.291727	26.291725	26.286465	26.275677	26.260029	26.238741	26.213100	26.181866	26.146864	26.106459	26.062910	26.014292	25.963150	25.907389	25.849689	25.787914	25.724726	25.658064	25.590425	25.519976	25.448893	25.375685	25.302101	25.227093	25.151888	25.075975	
25.084831	25.169271	25.253561	25.336678	25.419460	25.500294	25.580536	25.658066	25.734663	25.807802	25.879566	25.947165	26.012852	26.073734	26.132076	26.185057	26.234827	26.278790	26.318844	26.352791	26.382160	26.405275	26.423212	26.434919	26.440952	26.440954	26.434919	26.423212	26.405273	26.382160	26.352787	26.318846	26.278786	26.234825	26.185055	26.132076	26.073730	26.012852	25.947165	25.879566	25.807800	25.734663	25.658064	25.580536	25.500290	25.419458	25.336678	25.253561	25.169271	25.084831	
25.093266	25.186440	25.278769	25.370815	25.461174	25.550999	25.638294	25.724724	25.807800	25.889572	25.967194	26.042967	26.113848	26.182234	26.245068	26.304688	26.358200	26.407747	26.450758	26.489058	26.520565	26.546665	26.565895	26.579121	26.585587	26.585587	26.579121	26.565895	26.546667	26.520563	26.489056	26.450756	26.407745	26.358198	26.304691	26.245068	26.182238	26.113848	26.042967	25.967194	25.889570	25.807796	25.724724	25.638292	25.550997	25.461172	25.370815	25.278767	25.186438	25.093262	
25.101562	25.202675	25.303572	25.403116	25.502192	25.599014	25.695040	25.787918	25.879566	25.967194	26.053051	26.134054	26.212631	26.285587	26.355375	26.418871	26.478397	26.531088	26.578997	26.619680	26.654808	26.682512	26.703962	26.717997	26.725212	26.725212	26.717997	26.703964	26.682510	26.654808	26.619678	26.578995	26.531086	26.478397	26.418871	26.355377	26.285587	26.212631	26.134056	26.053051	25.967194	25.879566	25.787914	25.695038	25.599010	25.502192	25.403114	25.303572	25.202671	25.101562	
25.109356	25.218586	25.326866	25.434757	25.540741	25.646006	25.748421	25.849693	25.947166	26.042965	26.134054	26.222815	26.306002	26.386105	26.459850	26.529682	26.592491	26.650517	26.701006	26.745855	26.782845	26.813408	26.835983	26.851469	26.859060	26.859058	26.851471	26.835981	26.813408	26.782841	26.745861	26.701004	26.650517	26.592491	26.529682	26.459850	26.386105	26.306002	26.222816	26.134054	26.042965	25.947165	25.849691	25.748417	25.646008	25.540741	25.434755	25.326864	25.218586	25.109354	
25.116953	25.233410	25.349573	25.464245	25.578289	25.689850	25.800362	25.907393	26.012854	26.113850	26.212631	26.306000	26.396402	26.480503	26.560783	26.633987	26.702456	26.763205	26.818306	26.865217	26.905617	26.937563	26.962234	26.978415	26.986712	26.986713	26.978415	26.962234	26.937563	26.905619	26.865217	26.818306	26.763203	26.702456	26.633986	26.560785	26.480505	26.396404	26.306002	26.212633	26.113848	26.012856	25.907389	25.800362	25.689844	25.578291	25.464243	25.349571	25.233406	25.116951	
25.123970	25.247772	25.370548	25.492805	25.613003	25.732265	25.848434	25.963150	26.073734	26.182236	26.285591	26.386106	26.480507	26.571205	26.654903	26.733963	26.805252	26.870943	26.928249	26.979027	27.021011	27.055611	27.081236	27.098766	27.107384	27.107384	27.098766	27.081234	27.055611	27.021011	26.979027	26.928253	26.870943	26.805252	26.733967	26.654903	26.571207	26.480503	26.386108	26.285587	26.182236	26.073730	25.963150	25.848429	25.732267	25.612999	25.492805	25.370544	25.247772	25.123968	
25.130720	25.260910	25.390720	25.518944	25.646358	25.771126	25.894571	26.014296	26.132076	26.245071	26.355375	26.459856	26.560783	26.654905	26.744524	26.826454	26.902882	26.970879	27.032381	27.084892	27.129982	27.165745	27.193279	27.211391	27.220654	27.220654	27.211391	27.193283	27.165745	27.129986	27.084892	27.032383	26.970879	26.902885	26.826450	26.744526	26.654903	26.560783	26.459854	26.355379	26.245068	26.132078	26.014290	25.894573	25.771120	25.646360	25.518940	25.390720	25.260906	25.130718	
25.136822	25.273438	25.408970	25.543848	25.676567	25.808111	25.936401	26.062910	26.185059	26.304689	26.418873	26.529682	26.633991	26.733963	26.826454	26.913589	26.992376	27.064770	27.128111	27.184059	27.230469	27.268589	27.296921	27.316236	27.325760	27.325760	27.316236	27.296917	27.268593	27.230469	27.184063	27.128109	27.064768	26.992374	26.913591	26.826452	26.733965	26.633987	26.529684	26.418867	26.304691	26.185055	26.062910	25.936399	25.808113	25.676561	25.543850	25.408968	25.273438	25.136822	
25.142582	25.284622	25.426180	25.566105	25.705021	25.841200	25.975761	26.106464	26.234825	26.358202	26.478395	26.592495	26.702454	26.805258	26.902882	26.992378	27.075626	27.149910	27.216890	27.274265	27.323366	27.362442	27.392426	27.412220	27.422302	27.422304	27.412218	27.392429	27.362442	27.323372	27.274261	27.216894	27.149906	27.075626	26.992374	26.902884	26.805252	26.702456	26.592491	26.478399	26.358198	26.234827	26.106461	25.975763	25.841196	25.705023	25.566099	25.426180	25.284620	25.142582	
25.147648	25.295029	25.441322	25.586800	25.730083	25.871937	26.010471	26.146862	26.278790	26.407743	26.531090	26.650515	26.763208	26.870941	26.970884	27.064766	27.149910	27.227898	27.296360	27.356630	27.406792	27.447857	27.478477	27.499285	27.509583	27.509579	27.499287	27.478474	27.447863	27.406788	27.356634	27.296358	27.227901	27.149906	27.064770	26.970879	26.870941	26.763205	26.650515	26.531086	26.407745	26.278786	26.146862	26.010469	25.871937	25.730078	25.586800	25.441319	25.295033	25.147644	
25.152283	25.304020	25.455173	25.604689	25.752987	25.898533	26.042149	26.181870	26.318844	26.450762	26.578993	26.701008	26.818304	26.928255	27.032379	27.128113	27.216890	27.296360	27.367786	27.429169	27.481525	27.523335	27.555304	27.576481	27.587231	27.587234	27.576479	27.555305	27.523331	27.481529	27.429165	27.367788	27.296356	27.216894	27.128109	27.032383	26.928251	26.818304	26.701006	26.578995	26.450758	26.318846	26.181870	26.042149	25.898527	25.752989	25.604683	25.455173	25.304016	25.152283	
25.156193	25.312069	25.466864	25.620689	25.772339	25.922295	26.068951	26.213100	26.352793	26.489058	26.619684	26.745857	26.865223	26.979025	27.084896	27.184059	27.274265	27.356632	27.429169	27.492817	27.545969	27.589333	27.621780	27.643749	27.654661	27.654657	27.643753	27.621778	27.589336	27.545967	27.492823	27.429165	27.356636	27.274265	27.184063	27.084894	26.979027	26.865219	26.745857	26.619682	26.489056	26.352791	26.213100	26.068947	25.922295	25.772331	25.620689	25.466862	25.312069	25.156191	
25.159592	25.318653	25.477020	25.633791	25.789133	25.941774	26.092180	26.238747	26.382162	26.520569	26.654808	26.782848	26.905615	27.021011	27.129982	27.230469	27.323368	27.406792	27.481527	27.545967	27.600746	27.644640	27.678087	27.700321	27.711567	27.711571	27.700321	27.678093	27.644640	27.600750	27.545967	27.481529	27.406792	27.323368	27.230469	27.129986	27.021011	26.905617	26.782843	26.654806	26.520565	26.382160	26.238743	26.092176	25.941772	25.789131	25.633785	25.477024	25.318651	25.159592	
25.162254	25.324137	25.484982	25.644695	25.802307	25.957970	26.110428	26.260031	26.405277	26.546665	26.682514	26.813408	26.937567	27.055607	27.165747	27.268591	27.362442	27.447859	27.523333	27.589333	27.644642	27.689606	27.723368	27.746149	27.757504	27.757502	27.746151	27.723370	27.689610	27.644640	27.589336	27.523335	27.447861	27.362442	27.268595	27.165749	27.055611	26.937565	26.813408	26.682510	26.546665	26.405273	26.260027	26.110426	25.957970	25.802305	25.644697	25.484982	25.324137	25.162252	
25.164330	25.328157	25.491184	25.652691	25.812565	25.969858	26.124615	26.275681	26.423214	26.565897	26.703964	26.835983	26.962234	27.081238	27.193279	27.296919	27.392426	27.478477	27.555302	27.621780	27.678087	27.723370	27.757748	27.780687	27.792248	27.792250	27.780685	27.757751	27.723366	27.678089	27.621780	27.555307	27.478477	27.392429	27.296921	27.193283	27.081238	26.962234	26.835983	26.703964	26.565895	26.423214	26.275677	26.124615	25.969860	25.812565	25.652689	25.491184	25.328156	25.164330	
25.165676	25.330936	25.495218	25.658218	25.819239	25.978067	26.133858	26.286469	26.434921	26.579123	26.717999	26.851471	26.978416	27.098766	27.211395	27.316235	27.412220	27.499283	27.576483	27.643749	27.700323	27.746151	27.780685	27.803904	27.815517	27.815516	27.803905	27.780685	27.746151	27.700321	27.643753	27.576481	27.499287	27.412220	27.316238	27.211395	27.098770	26.978416	26.851473	26.717997	26.579124	26.434921	26.286465	26.133856	25.978064	25.819239	25.658218	25.495216	25.330935	25.165676	
25.166376	25.332285	25.497305	25.660908	25.822689	25.982063	26.138628	26.291729	26.440954	26.585587	26.725210	26.859062	26.986713	27.107384	27.220650	27.325758	27.422300	27.509579	27.587233	27.654661	27.711571	27.757504	27.792248	27.815517	27.827202	27.827202	27.815517	27.792250	27.757502	27.711571	27.654659	27.587234	27.509579	27.422304	27.325760	27.220655	27.107384	26.986713	26.859062	26.725212	26.585588	26.440954	26.291729	26.138628	25.982061	25.822689	25.660906	25.497303	25.332285	25.166376	
25.166376	25.332285	25.497305	25.660908	25.822689	25.982063	26.138628	26.291729	26.440954	26.585587	26.725210	26.859062	26.986713	27.107384	27.220650	27.325758	27.422300	27.509579	27.587233	27.654661	27.711571	27.757504	27.792248	27.815517	27.827202	27.827202	27.815517	27.792250	27.757502	27.711571	27.654659	27.587234	27.509579	27.422304	27.325760	27.220655	27.107384	26.986713	26.859062	26.725212	26.585588	26.440954	26.291729	26.138628	25.982061	25.822689	25.660906	25.497303	25.332285	25.166376	
25.165676	25.330936	25.495218	25.658218	25.819239	25.978067	26.133858	26.286469	26.434921	26.579123	26.717999	26.851471	26.978416	27.098766	27.211395	27.316235	27.412220	27.499283	27.576483	27.643749	27.700323	27.746151	27.780685	27.803904	27.815517	27.815516	27.803905	27.780685	27.746151	27.700321	27.643753	27.576481	27.499287	27.412220	27.316238	27.211395	27.098770	26.978416	26.851473	26.717997	26.579124	26.434921	26.286465	26.133856	25.978064	25.819239	25.658218	25.495216	25.330935	25.165676	
25.164330	25.328157	25.491184	25.652691	25.812565	25.969858	26.124615	26.275681	26.423214	26.565897	26.703964	26.835983	26.962234	27.081238	27.193279	27.296919	27.392426	27.478477	27.555302	27.621780	27.678087	27.723370	27.757748	27.780687	27.792248	27.792250	27.780685	27.757751	27.723366	27.678089	27.621780	27.555307	27.478477	27.392429	27.296921	27.193283	27.081238	26.962234	26.835983	26.703964	26.565895	26.423214	26.275677	26.124615	25.969860	25.812565	25.652689	25.491184	25.328156	25.164330	
25.162254	25.324137	25.484982	25.644695	25.802307	25.957970	26.110428	26.260031	26.405277	26.546665	26.682514	26.813408	26.937567	27.055607	27.165747	27.268591	27.362442	27.447859	27.523333	27.589333	27.644642	27.689606	27.723368	27.746149	27.757504	27.757502	27.746151	27.723370	27.689610	27.644640	27.589336	27.523335	27.447861	27.362442	27.268595	27.165749	27.055611	26.937565	26.813408	26.682510	26.546665	26.405273	26.260027	26.110426	25.957970	25.802305	25.644697	25.484982	25.324137	25.162252	
25.159592	25.318653	25.477020	25.633791	25.789133	25.941774	26.092180	26.238747	26.382162	26.520569	26.654808	26.782848	26.905615	27.021011	27.129982	27.230469	27.323368	27.406792	27.481527	27.545967	27.600746	27.644640	27.678087	27.700321	27.711567	27.711571	27.700321	27.678093	27.644640	27.600750	27.545967	27.481529	27.406792	27.323368	27.230469	27.129986	27.021011	26.905617	26.782843	26.654806	26.520565	26.382160	26.238743	26.092176	25.941772	25.789131	25.633785	25.477024	25.318651	25.159592	
25.156193	25.312069	25.466864	25.620689	25.772339	25.922295	26.068951	26.213100	26.352793	26.489058	26.619684	26.745857	26.865223	26.979025	27.084896	27.184059	27.274265	27.356632	27.429169	27.492817	27.545969	27.589333	27.621780	27.643749	27.654661	27.654657	27.643753	27.621778	27.589336	27.545967	27.492823	27.429165	27.356636	27.274265	27.184063	27.084894	26.979027	26.865219	26.745857	26.619682	26.489056	26.352791	26.213100	26.068947	25.922295	25.772331	25.620689	25.466862	25.312069	25.156191	
25.152283	25.304020	25.455173	25.604689	25.752987	25.898533	26.042149	26.181870	26.318844	26.450762	26.578993	26.701008	26.818304	26.928255	27.032379	27.128113	27.216890	27.296360	27.367786	27.429169	27.481525	27.523335	27.555304	27.576481	27.587231	27.587234	27.576479	27.555305	27.523331	27.481529	27.429165	27.367788	27.296356	27.216894	27.128109	27.032383	26.928251	26.818304	26.701006	26.578995	26.450758	26.318846	26.181870	26.042149	25.898527	25.752989	25.604683	25.455173	25.304016	25.152283	
25.147648	25.295029	25.441322	25.586800	25.730083	25.871937	26.010471	26.146862	26.278790	26.407743	26.531090	26.650515	26.763208	26.870941	26.970884	27.064766	27.149910	27.227898	27.296360	27.356630	27.406792	27.447857	27.478477	27.499285	27.509583	27.509579	27.499287	27.478474	27.447863	27.406788	27.356634	27.296358	27.227901	27.149906	27.064770	26.970879	26.870941	26.763205	26.650515	26.531086	26.407745	26.278786	26.146862	26.010469	25.871937	25.730078	25.586800	25.441319	25.295033	25.147644	
25.142582	25.284622	25.426180	25.566105	25.705021	25.841200	25.975761	26.106464	26.234825	26.358202	26.478395	26.592495	26.702454	26.805258	26.902882	26.992378	27.075626	27.149910	27.216890	27.274265	27.323366	27.362442	27.392426	27.412220	27.422302	27.422304	27.412218	27.392429	27.362442	27.323372	27.274261	27.216894	27.149906	27.075626	26.992374	26.902884	26.805252	26.702456	26.592491	26.478399	26.358198	26.234827	26.106461	25.975763	25.841196	25.705023	25.566099	25.426180	25.284620	25.142582	
25.136822	25.273438	25.408970	25.543848	25.676567	25.808111	25.936401	26.062910	26.185059	26.304689	26.418873	26.529682	26.633991	26.733963	26.826454	26.913589	26.992376	27.064770	27.128111	27.184059	27.230469	27.268589	27.296921	27.316236	27.325760	27.325760	27.316236	27.296917	27.268593	27.230469	27.184063	27.128109	27.064768	26.992374	26.913591	26.826452	26.733965	26.633987	26.529684	26.418867	26.304691	26.185055	26.062910	25.936399	25.808113	25.676561	25.543850	25.408968	25.273438	25.136822	
25.130720	25.260910	25.390720	25.518944	25.646358	25.771126	25.894571	26.014296	26.132076	26.245071	26.355375	26.459856	26.560783	26.654905	26.744524	26.826454	26.902882	26.970879	27.032381	27.084892	27.129982	27.165745	27.193279	27.211391	27.220654	27.220654	27.211391	27.193283	27.165745	27.129986	27.084892	27.032383	26.970879	26.902885	26.826450	26.744526	26.654903	26.560783	26.459854	26.355379	26.245068	26.132078	26.014290	25.894573	25.771120	25.646360	25.518940	25.390720	25.260906	25.130718	
25.123970	25.247772	25.370548	25.492805	25.613003	25.732265	25.848434	25.963150	26.073734	26.182236	26.285591	26.386106	26.480507	26.571205	26.654903	26.733963	26.805252	26.870943	26.928249	26.979027	27.021011	27.055611	27.081236	27.098766	27.107384	27.107384	27.098766	27.081234	27.055611	27.021011	26.979027	26.928253	26.870943	26.805252	26.733967	26.654903	26.571207	26.480503	26.386108	26.285587	26.182236	26.073730	25.963150	25.848429	25.732267	25.612999	25.492805	25.370544	25.247772	25.123968	
25.116953	25.233410	25.349573	25.464245	25.578289	25.689850	25.800362	25.907393	26.012854	26.113850	26.212631	26.306000	26.396402	26.480503	26.560783	26.633987	26.702456	26.763205	26.818306	26.865217	26.905617	26.937563	26.962234	26.978415	26.986712	26.986713	26.978415	26.962234	26.937563	26.905619	26.865217	26.818306	26.763203	26.702456	26.633986	26.560785	26.480505	26.396404	26.306002	26.212633	26.113848	26.012856	25.907389	25.800362	25.689844	25.578291	25.464243	25.349571	25.233406	25.116951	
25.109356	25.218586	25.326866	25.434757	25.540741	25.646006	25.748421	25.849693	25.947166	26.042965	26.134054	26.222815	26.306002	26.386105	26.459850	26.529682	26.592491	26.650517	26.701006	26.745855	26.782845	26.813408	26.835983	26.851469	26.859060	26.859058	26.851471	26.835981	26.813408	26.782841	26.745861	26.701004	26.650517	26.592491	26.529682	26.459850	26.386105	26.306002	26.222816	26.134054	26.042965	25.947165	25.849691	25.748417	25.646008	25.540741	25.434755	25.326864	25.218586	25.109354	
25.101562	25.202675	25.303572	25.403116	25.502192	25.599014	25.695040	25.787918	25.879566	25.967194	26.053051	26.134054	26.212631	26.285587	26.355375	26.418871	26.478397	26.531088	26.578997	26.619680	26.654808	26.682512	26.703962	26.717997	26.725212	26.725212	26.717997	26.703964	26.682510	26.654808	26.619678	26.578995	26.531086	26.478397	26.418871	26.355377	26.285587	26.212631	26.134056	26.053051	25.967194	25.879566	25.787914	25.695038	25.599010	25.502192	25.403114	25.303572	25.202671	25.101562	
25.093266	25.186440	25.278769	25.370815	25.461174	25.550999	25.638294	25.724724	25.807800	25.889572	25.967194	26.042967	26.113848	26.182234	26.245068	26.304688	26.358200	26.407747	26.450758	26.489058	26.520565	26.546665	26.565895	26.579121	26.585587	26.585587	26.579121	26.565895	26.546667	26.520563	26.489056	26.450756	26.407745	26.358198	26.304691	26.245068	26.182238	26.113848	26.042967	25.967194	25.889570	25.807796	25.724724	25.638292	25.550997	25.461172	25.370815	25.278767	25.186438	25.093262	
25.084831	25.169271	25.253561	25.336678	25.419460	25.500294	25.580536	25.658066	25.734663	25.807802	25.879566	25.947165	26.012852	26.073734	26.132076	26.185057	26.234827	26.278790	26.318844	26.352791	26.382160	26.405275	26.423212	26.434919	26.440952	26.440954	26.434919	26.423212	26.405273	26.382160	26.352787	26.318846	26.278786	26.234825	26.185055	26.132076	26.073730	26.012852	25.947165	25.879566	25.807800	25.734663	25.658064	25.580536	25.500290	25.419458	25.336678	25.253561	25.169271	25.084831	
25.075975	25.151890	25.227097	25.302101	25.375687	25.448895	25.519978	25.590425	25.658068	25.724724	25.787916	25.849693	25.907391	25.963152	26.014294	26.062910	26.106461	26.146864	26.181870	26.213102	26.238741	26.260029	26.275677	26.286465	26.291727	26.291725	26.286465	26.275677	26.260029	26.238741	26.213100	26.181866	26.146864	26.106459	26.062910	26.014292	25.963150	25.907389	25.849689	25.787914	25.724726	25.658064	25.590425	25.519976	25.448893	25.375685	25.302101	25.227093	25.151888	25.075975	
25.067036	25.133751	25.200367	25.266031	25.331463	25.395313	25.458746	25.519978	25.580536	25.638294	25.695042	25.748419	25.800365	25.848431	25.894573	25.936399	25.975765	26.010469	26.042152	26.068949	26.092182	26.110424	26.124615	26.133854	26.138626	26.138626	26.133854	26.124613	26.110426	26.092178	26.068947	26.042152	26.010464	25.975761	25.936399	25.894571	25.848431	25.800362	25.748417	25.695040	25.638294	25.580538	25.519979	25.458744	25.395311	25.331459	25.266029	25.200367	25.133751	25.067034	
25.057760	25.115482	25.172647	25.229685	25.285614	25.341290	25.395313	25.448893	25.500294	25.550997	25.599016	25.646009	25.689846	25.732269	25.771124	25.808115	25.841198	25.871941	25.898529	25.922297	25.941776	25.957970	25.969858	25.978065	25.982061	25.982061	25.978064	25.969856	25.957970	25.941772	25.922295	25.898531	25.871937	25.841196	25.808109	25.771122	25.732265	25.689846	25.646008	25.599014	25.550997	25.500294	25.448891	25.395313	25.341288	25.285614	25.229681	25.172646	25.115479	25.057758	
25.048435	25.096638	25.144773	25.192207	25.239494	25.285616	25.331461	25.375687	25.419460	25.461174	25.502193	25.540741	25.578291	25.613003	25.646362	25.676563	25.705025	25.730083	25.752987	25.772337	25.789135	25.802307	25.812567	25.819239	25.822689	25.822689	25.819237	25.812565	25.802305	25.789131	25.772333	25.752987	25.730078	25.705021	25.676561	25.646360	25.613003	25.578293	25.540739	25.502190	25.461174	25.419456	25.375689	25.331461	25.285614	25.239491	25.192207	25.144770	25.096634	25.048435	
25.038870	25.077717	25.116184	25.154573	25.192207	25.229683	25.266033	25.302101	25.336679	25.370813	25.403114	25.434755	25.464245	25.492805	25.518944	25.543848	25.566101	25.586800	25.604687	25.620689	25.633793	25.644695	25.652691	25.658218	25.660908	25.660908	25.658216	25.652691	25.644695	25.633789	25.620689	25.604685	25.586800	25.566099	25.543848	25.518942	25.492805	25.464245	25.434755	25.403114	25.370813	25.336681	25.302099	25.266031	25.229683	25.192207	25.154572	25.116184	25.077715	25.038868	
25.029278	25.058414	25.087513	25.116184	25.144772	25.172646	25.200365	25.227095	25.253561	25.278767	25.303572	25.326864	25.349571	25.370548	25.390720	25.408970	25.426178	25.441320	25.455173	25.466866	25.477022	25.484983	25.491188	25.495216	25.497305	25.497303	25.495216	25.491186	25.484982	25.477020	25.466862	25.455173	25.441319	25.426180	25.408970	25.390720	25.370544	25.349573	25.326866	25.303572	25.278769	25.253559	25.227097	25.200367	25.172647	25.144772	25.116184	25.087513	25.058411	25.029278	
25.019541	25.039074	25.058414	25.077715	25.096636	25.115479	25.133753	25.151890	25.169273	25.186436	25.202673	25.218586	25.233406	25.247772	25.260908	25.273436	25.284618	25.295031	25.304020	25.312069	25.318653	25.324137	25.328156	25.330936	25.332287	25.332287	25.330933	25.328156	25.324137	25.318653	25.312065	25.304020	25.295031	25.284618	25.273436	25.260908	25.247772	25.233408	25.218586	25.202675	25.186438	25.169273	25.151890	25.133753	25.115479	25.096638	25.077717	25.058413	25.039074	25.019541	
25.009796	25.019543	25.029278	25.038872	25.048433	25.057760	25.067032	25.075975	25.084829	25.093264	25.101562	25.109354	25.116953	25.123966	25.130718	25.136824	25.142582	25.147646	25.152283	25.156193	25.159592	25.162254	25.164330	25.165678	25.166376	25.166376	25.165676	25.164330	25.162252	25.159590	25.156191	25.152283	25.147646	25.142582	25.136822	25.130718	25.123968	25.116953	25.109352	25.101562	25.093264	25.084831	25.075975	25.067034	25.057760	25.048435	25.038872	25.029280	25.019543	25.009794	
