25.001457	25.002911	25.004354	25.005779	25.007183	25.008562	25.009903	25.011209	25.012474	25.013691	25.014854	25.015965	25.017012	25.017994	25.018909	25.019753	25.020523	25.021214	25.021822	25.022350	25.022793	25.023148	25.023415	25.023594	25.023685	25.023685	25.023596	25.023417	25.023148	25.022791	25.022350	25.021824	25.021212	25.020521	25.019753	25.018909	25.017994	25.017012	25.015965	25.014856	25.013691	25.012474	25.011211	25.009905	25.008560	25.007183	25.005779	25.004353	25.002911	25.001459	
25.002914	25.005814	25.008692	25.011538	25.014339	25.017086	25.019772	25.022379	25.024900	25.027328	25.029655	25.031864	25.033958	25.035921	25.037746	25.039433	25.040966	25.042343	25.043564	25.044615	25.045498	25.046207	25.046745	25.047100	25.047281	25.047283	25.047100	25.046743	25.046207	25.045498	25.044613	25.043560	25.042343	25.040966	25.039431	25.037748	25.035923	25.033958	25.031868	25.029655	25.027330	25.024902	25.022377	25.019770	25.017088	25.014339	25.011539	25.008690	25.005814	25.002911	
25.004356	25.008690	25.012997	25.017250	25.021442	25.025551	25.029564	25.033463	25.037235	25.040865	25.044340	25.047649	25.050777	25.053711	25.056444	25.058960	25.061253	25.063316	25.065136	25.066711	25.068029	25.069092	25.069893	25.070429	25.070698	25.070698	25.070427	25.069893	25.069094	25.068027	25.066711	25.065136	25.063314	25.061255	25.058960	25.056444	25.053711	25.050777	25.047649	25.044342	25.040867	25.037233	25.033463	25.029562	25.025551	25.021442	25.017250	25.012997	25.008690	25.004354	
25.005779	25.011539	25.017250	25.022900	25.028461	25.033915	25.039242	25.044418	25.049427	25.054245	25.058861	25.063250	25.067404	25.071301	25.074924	25.078266	25.081310	25.084045	25.086464	25.088552	25.090305	25.091717	25.092779	25.093489	25.093845	25.093845	25.093491	25.092777	25.091715	25.090307	25.088551	25.086462	25.084045	25.081310	25.078268	25.074924	25.071301	25.067402	25.063253	25.058861	25.054245	25.049425	25.044416	25.039242	25.033916	25.028460	25.022900	25.017250	25.011538	25.005779	
25.007183	25.014339	25.021442	25.028461	25.035374	25.042154	25.048771	25.055206	25.061432	25.067421	25.073154	25.078615	25.083773	25.088615	25.093121	25.097275	25.101055	25.104458	25.107462	25.110060	25.112240	25.113991	25.115313	25.116196	25.116638	25.116638	25.116196	25.115311	25.113991	25.112238	25.110058	25.107464	25.104458	25.101059	25.097275	25.093122	25.088614	25.083775	25.078613	25.073158	25.067421	25.061428	25.055202	25.048771	25.042150	25.035374	25.028461	25.021442	25.014339	25.007183	
25.008560	25.017090	25.025551	25.033916	25.042152	25.050232	25.058119	25.065784	25.073200	25.080341	25.087175	25.093678	25.099827	25.105595	25.110966	25.115913	25.120422	25.124474	25.128056	25.131149	25.133745	25.135834	25.137409	25.138460	25.138988	25.138987	25.138462	25.137407	25.135834	25.133743	25.131147	25.128054	25.124474	25.120422	25.115913	25.110964	25.105598	25.099825	25.093679	25.087173	25.080341	25.073200	25.065783	25.058115	25.050232	25.042152	25.033915	25.025551	25.017086	25.008560	
25.009903	25.019770	25.029562	25.039242	25.048773	25.058117	25.067242	25.076111	25.084694	25.092957	25.100861	25.108387	25.115498	25.122177	25.128387	25.134115	25.139328	25.144018	25.148159	25.151741	25.154743	25.157162	25.158981	25.160202	25.160809	25.160812	25.160198	25.158981	25.157160	25.154743	25.151741	25.148159	25.144018	25.139330	25.134113	25.128387	25.122177	25.115501	25.108385	25.100863	25.092953	25.084694	25.076111	25.067242	25.058117	25.048771	25.039242	25.029564	25.019772	25.009903	
25.011208	25.022379	25.033461	25.044418	25.055202	25.065784	25.076111	25.086153	25.095865	25.105217	25.114168	25.122684	25.130737	25.138290	25.145325	25.151802	25.157709	25.163013	25.167706	25.171753	25.175158	25.177891	25.179956	25.181330	25.182026	25.182018	25.181334	25.179953	25.177893	25.175156	25.171757	25.167704	25.163013	25.157709	25.151806	25.145323	25.138294	25.130735	25.122684	25.114166	25.105215	25.095867	25.086151	25.076113	25.065784	25.055206	25.044418	25.033461	25.022379	25.011209	
25.012474	25.024899	25.037235	25.049425	25.061430	25.073200	25.084694	25.095863	25.106674	25.117079	25.127037	25.136517	25.145473	25.153885	25.161705	25.168919	25.175488	25.181393	25.186607	25.191122	25.194901	25.197952	25.200239	25.201778	25.202541	25.202545	25.201775	25.200243	25.197947	25.194904	25.191120	25.186611	25.181393	25.175489	25.168919	25.161709	25.153885	25.145477	25.136515	25.127039	25.117077	25.106674	25.095865	25.084690	25.073200	25.061430	25.049427	25.037235	25.024900	25.012474	
25.013687	25.027328	25.040863	25.054245	25.067421	25.080339	25.092953	25.105217	25.117077	25.128498	25.139429	25.149830	25.159664	25.168892	25.177479	25.185392	25.192604	25.199085	25.204811	25.209757	25.213913	25.217251	25.219774	25.221453	25.222298	25.222294	25.221455	25.219769	25.217255	25.213911	25.209763	25.204811	25.199085	25.192604	25.185394	25.177477	25.168892	25.159664	25.149830	25.139427	25.128496	25.117077	25.105213	25.092953	25.080338	25.067421	25.054245	25.040865	25.027332	25.013691	
25.014854	25.029654	25.044342	25.058859	25.073154	25.087172	25.100861	25.114166	25.127037	25.139427	25.151287	25.162577	25.173244	25.183258	25.192575	25.201164	25.208988	25.216022	25.222231	25.227604	25.232109	25.235737	25.238464	25.240295	25.241205	25.241211	25.240292	25.238466	25.235733	25.232113	25.227604	25.222235	25.216019	25.208988	25.201162	25.192577	25.183258	25.173248	25.162575	25.151287	25.139429	25.127037	25.114166	25.100861	25.087173	25.073154	25.058859	25.044342	25.029654	25.014856	
25.015963	25.031868	25.047649	25.063251	25.078613	25.093678	25.108385	25.122683	25.136513	25.149830	25.162575	25.174704	25.186171	25.196930	25.206944	25.216171	25.224583	25.232136	25.238815	25.244583	25.249428	25.253321	25.256260	25.258217	25.259205	25.259201	25.258221	25.256256	25.253323	25.249424	25.244587	25.238815	25.232140	25.224579	25.216173	25.206944	25.196930	25.186169	25.174706	25.162575	25.149830	25.136517	25.122683	25.108385	25.093678	25.078613	25.063251	25.047649	25.031868	25.015965	
25.017010	25.033958	25.050777	25.067402	25.083773	25.099823	25.115498	25.130733	25.145473	25.159660	25.173244	25.186171	25.198387	25.209858	25.220526	25.230362	25.239319	25.247375	25.254486	25.260637	25.265797	25.269951	25.273073	25.275169	25.276215	25.276218	25.275166	25.273077	25.269947	25.265797	25.260635	25.254490	25.247372	25.239321	25.230360	25.220528	25.209854	25.198391	25.186171	25.173244	25.159664	25.145477	25.130735	25.115498	25.099825	25.083775	25.067402	25.050777	25.033958	25.017014	
25.017996	25.035923	25.053713	25.071299	25.088612	25.105595	25.122173	25.138290	25.153883	25.168892	25.183258	25.196930	25.209858	25.221985	25.233273	25.243673	25.253155	25.261669	25.269196	25.275700	25.281160	25.285549	25.288860	25.291069	25.292183	25.292179	25.291073	25.288857	25.285551	25.281157	25.275702	25.269197	25.261673	25.253151	25.243675	25.233271	25.221985	25.209856	25.196930	25.183258	25.168892	25.153881	25.138290	25.122175	25.105595	25.088614	25.071301	25.053711	25.035921	25.017996	
25.018909	25.037750	25.056442	25.074924	25.093121	25.110962	25.128384	25.145325	25.161705	25.177479	25.192575	25.206944	25.220526	25.233273	25.245132	25.256065	25.266022	25.274975	25.282883	25.289719	25.295456	25.300072	25.303545	25.305874	25.307035	25.307037	25.305870	25.303547	25.300068	25.295456	25.289719	25.282887	25.274975	25.266026	25.256063	25.245132	25.233273	25.220526	25.206944	25.192577	25.177479	25.161709	25.145323	25.128387	25.110966	25.093121	25.074924	25.056444	25.037750	25.018909	
25.019753	25.039429	25.058962	25.078264	25.097275	25.115910	25.134113	25.151800	25.168919	25.185390	25.201164	25.216171	25.230362	25.243671	25.256063	25.267481	25.277889	25.287235	25.295498	25.302639	25.308630	25.313450	25.317085	25.319511	25.320728	25.320724	25.319511	25.317081	25.313450	25.308630	25.302639	25.295498	25.287239	25.277887	25.267483	25.256065	25.243673	25.230362	25.216171	25.201164	25.185394	25.168917	25.151802	25.134113	25.115913	25.097275	25.078266	25.058960	25.039433	25.019754	
25.020523	25.040966	25.061253	25.081310	25.101055	25.120422	25.139326	25.157707	25.175488	25.192604	25.208988	25.224581	25.239319	25.253151	25.266024	25.277885	25.288692	25.298409	25.306992	25.314409	25.320633	25.325642	25.329414	25.331940	25.333202	25.333202	25.331936	25.329418	25.325642	25.320635	25.314407	25.306992	25.298410	25.288696	25.277887	25.266026	25.253153	25.239319	25.224579	25.208988	25.192602	25.175488	25.157707	25.139328	25.120422	25.101057	25.081310	25.061253	25.040966	25.020521	
25.021214	25.042343	25.063314	25.084044	25.104458	25.124470	25.144016	25.163010	25.181393	25.199081	25.216019	25.232136	25.247372	25.261669	25.274975	25.287235	25.298409	25.308449	25.317322	25.324986	25.331421	25.336599	25.340498	25.343105	25.344414	25.344412	25.343107	25.340496	25.336601	25.331421	25.324989	25.317322	25.308453	25.298409	25.287239	25.274977	25.261671	25.247372	25.232136	25.216019	25.199081	25.181391	25.163012	25.144016	25.124474	25.104458	25.084045	25.063316	25.042343	25.021214	
25.021820	25.043560	25.065134	25.086462	25.107460	25.128052	25.148155	25.167702	25.186607	25.204809	25.222231	25.238811	25.254486	25.269196	25.282883	25.295498	25.306988	25.317320	25.326445	25.334333	25.340954	25.346279	25.350290	25.352974	25.354317	25.354319	25.352974	25.350292	25.346279	25.340954	25.334333	25.326447	25.317322	25.306992	25.295498	25.282883	25.269196	25.254486	25.238811	25.222233	25.204807	25.186607	25.167700	25.148157	25.128052	25.107460	25.086464	25.065134	25.043562	25.021820	
25.022350	25.044613	25.066708	25.088547	25.110058	25.131144	25.151737	25.171749	25.191116	25.209755	25.227602	25.244579	25.260635	25.275698	25.289717	25.302635	25.314407	25.324986	25.334332	25.342411	25.349190	25.354645	25.358753	25.361500	25.362877	25.362877	25.361502	25.358753	25.354645	25.349190	25.342411	25.334335	25.324989	25.314407	25.302639	25.289717	25.275700	25.260632	25.244581	25.227598	25.209755	25.191116	25.171753	25.151737	25.131145	25.110058	25.088551	25.066711	25.044613	25.022350	
25.022789	25.045498	25.068027	25.090303	25.112234	25.133741	25.154739	25.175152	25.194897	25.213909	25.232105	25.249424	25.265793	25.281157	25.295452	25.308628	25.320629	25.331421	25.340950	25.349190	25.356102	25.361664	25.365852	25.368658	25.370060	25.370060	25.368656	25.365856	25.361664	25.356106	25.349190	25.340952	25.331421	25.320633	25.308628	25.295452	25.281157	25.265793	25.249420	25.232107	25.213907	25.194901	25.175152	25.154739	25.133743	25.112236	25.090305	25.068027	25.045496	25.022789	
25.023148	25.046206	25.069092	25.091713	25.113989	25.135830	25.157158	25.177887	25.197945	25.217247	25.235733	25.253319	25.269947	25.285547	25.300068	25.313446	25.325642	25.336597	25.346277	25.354643	25.361664	25.367313	25.371567	25.374414	25.375839	25.375839	25.374416	25.371569	25.367313	25.361664	25.354645	25.346279	25.336597	25.325642	25.313450	25.300068	25.285549	25.269943	25.253319	25.235729	25.217249	25.197945	25.177887	25.157158	25.135830	25.113989	25.091713	25.069092	25.046207	25.023148	
25.023415	25.046741	25.069891	25.092777	25.115307	25.137403	25.158978	25.179951	25.200237	25.219769	25.238461	25.256256	25.273073	25.288857	25.303543	25.317080	25.329411	25.340496	25.350288	25.358753	25.365854	25.371569	25.375874	25.378754	25.380196	25.380196	25.378752	25.375874	25.371567	25.365856	25.358753	25.350288	25.340498	25.329412	25.317081	25.303543	25.288857	25.273075	25.256252	25.238462	25.219767	25.200237	25.179949	25.158978	25.137405	25.115311	25.092777	25.069891	25.046743	25.023415	
25.023594	25.047100	25.070427	25.093487	25.116192	25.138456	25.160194	25.181328	25.201773	25.221451	25.240292	25.258217	25.275166	25.291069	25.305868	25.319508	25.331938	25.343105	25.352970	25.361500	25.368656	25.374413	25.378752	25.381653	25.383106	25.383106	25.381653	25.378750	25.374416	25.368658	25.361500	25.352972	25.343105	25.331936	25.319510	25.305870	25.291069	25.275164	25.258217	25.240288	25.221449	25.201771	25.181326	25.160194	25.138454	25.116194	25.093487	25.070427	25.047100	25.023594	
25.023684	25.047279	25.070694	25.093842	25.116634	25.138983	25.160807	25.182018	25.202541	25.222294	25.241203	25.259201	25.276213	25.292177	25.307034	25.320724	25.333199	25.344412	25.354315	25.362877	25.370060	25.375839	25.380194	25.383106	25.384567	25.384565	25.383106	25.380196	25.375841	25.370060	25.362877	25.354317	25.344410	25.333202	25.320726	25.307034	25.292175	25.276211	25.259199	25.241203	25.222294	25.202538	25.182016	25.160805	25.138985	25.116634	25.093842	25.070696	25.047279	25.023685	
25.023684	25.047279	25.070694	25.093842	25.116634	25.138983	25.160807	25.182018	25.202541	25.222294	25.241203	25.259201	25.276213	25.292177	25.307034	25.320724	25.333199	25.344412	25.354315	25.362877	25.370060	25.375839	25.380194	25.383106	25.384567	25.384565	25.383106	25.380196	25.375841	25.370060	25.362877	25.354317	25.344410	25.333202	25.320726	25.307034	25.292175	25.276211	25.259199	25.241203	25.222294	25.202538	25.182016	25.160805	25.138985	25.116634	25.093842	25.070696	25.047279	25.023685	
25.023594	25.047100	25.070427	25.093487	25.116192	25.138456	25.160194	25.181328	25.201773	25.221451	25.240292	25.258217	25.275166	25.291069	25.305868	25.319508	25.331938	25.343105	25.352970	25.361500	25.368656	25.374413	25.378752	25.381653	25.383106	25.383106	25.381653	25.378750	25.374416	25.368658	25.361500	25.352972	25.343105	25.331936	25.319510	25.305870	25.291069	25.275164	25.258217	25.240288	25.221449	25.201771	25.181326	25.160194	25.138454	25.116194	25.093487	25.070427	25.047100	25.023594	
25.023415	25.046741	25.069891	25.092777	25.115307	25.137403	25.158978	25.179951	25.200237	25.219769	25.238461	25.256256	25.273073	25.288857	25.303543	25.317080	25.329411	25.340496	25.350288	25.358753	25.365854	25.371569	25.375874	25.378754	25.380196	25.380196	25.378752	25.375874	25.371567	25.365856	25.358753	25.350288	25.340498	25.329412	25.317081	25.303543	25.288857	25.273075	25.256252	25.238462	25.219767	25.200237	25.179949	25.158978	25.137405	25.115311	25.092777	25.069891	25.046743	25.023415	
25.023148	25.046206	25.069092	25.091713	25.113989	25.135830	25.157158	25.177887	25.197945	25.217247	25.235733	25.253319	25.269947	25.285547	25.300068	25.313446	25.325642	25.336597	25.346277	25.354643	25.361664	25.367313	25.371567	25.374414	25.375839	25.375839	25.374416	25.371569	25.367313	25.361664	25.354645	25.346279	25.336597	25.325642	25.313450	25.300068	25.285549	25.269943	25.253319	25.235729	25.217249	25.197945	25.177887	25.157158	25.135830	25.113989	25.091713	25.069092	25.046207	25.023148	
25.022789	25.045498	25.068027	25.090303	25.112234	25.133741	25.154739	25.175152	25.194897	25.213909	25.232105	25.249424	25.265793	25.281157	25.295452	25.308628	25.320629	25.331421	25.340950	25.349190	25.356102	25.361664	25.365852	25.368658	25.370060	25.370060	25.368656	25.365856	25.361664	25.356106	25.349190	25.340952	25.331421	25.320633	25.308628	25.295452	25.281157	25.265793	25.249420	25.232107	25.213907	25.194901	25.175152	25.154739	25.133743	25.112236	25.090305	25.068027	25.045496	25.022789	
25.022350	25.044613	25.066708	25.088547	25.110058	25.131144	25.151737	25.171749	25.191116	25.209755	25.227602	25.244579	25.260635	25.275698	25.289717	25.302635	25.314407	25.324986	25.334332	25.342411	25.349190	25.354645	25.358753	25.361500	25.362877	25.362877	25.361502	25.358753	25.354645	25.349190	25.342411	25.334335	25.324989	25.314407	25.302639	25.289717	25.275700	25.260632	25.244581	25.227598	25.209755	25.191116	25.171753	25.151737	25.131145	25.110058	25.088551	25.066711	25.044613	25.022350	
25.021820	25.043560	25.065134	25.086462	25.107460	25.128052	25.148155	25.167702	25.186607	25.204809	25.222231	25.238811	25.254486	25.269196	25.282883	25.295498	25.306988	25.317320	25.326445	25.334333	25.340954	25.346279	25.350290	25.352974	25.354317	25.354319	25.352974	25.350292	25.346279	25.340954	25.334333	25.326447	25.317322	25.306992	25.295498	25.282883	25.269196	25.254486	25.238811	25.222233	25.204807	25.186607	25.167700	25.148157	25.128052	25.107460	25.086464	25.065134	25.043562	25.021820	
25.021214	25.042343	25.063314	25.084044	25.104458	25.124470	25.144016	25.163010	25.181393	25.199081	25.216019	25.232136	25.247372	25.261669	25.274975	25.287235	25.298409	25.308449	25.317322	25.324986	25.331421	25.336599	25.340498	25.343105	25.344414	25.344412	25.343107	25.340496	25.336601	25.331421	25.324989	25.317322	25.308453	25.298409	25.287239	25.274977	25.261671	25.247372	25.232136	25.216019	25.199081	25.181391	25.163012	25.144016	25.124474	25.104458	25.084045	25.063316	25.042343	25.021214	
25.020523	25.040966	25.061253	25.081310	25.101055	25.120422	25.139326	25.157707	25.175488	25.192604	25.208988	25.224581	25.239319	25.253151	25.266024	25.277885	25.288692	25.298409	25.306992	25.314409	25.320633	25.325642	25.329414	25.331940	25.333202	25.333202	25.331936	25.329418	25.325642	25.320635	25.314407	25.306992	25.298410	25.288696	25.277887	25.266026	25.253153	25.239319	25.224579	25.208988	25.192602	25.175488	25.157707	25.139328	25.120422	25.101057	25.081310	25.061253	25.040966	25.020521	
25.019753	25.039429	25.058962	25.078264	25.097275	25.115910	25.134113	25.151800	25.168919	25.185390	25.201164	25.216171	25.230362	25.243671	25.256063	25.267481	25.277889	25.287235	25.295498	25.302639	25.308630	25.313450	25.317085	25.319511	25.320728	25.320724	25.319511	25.317081	25.313450	25.308630	25.302639	25.295498	25.287239	25.277887	25.267483	25.256065	25.243673	25.230362	25.216171	25.201164	25.185394	25.168917	25.151802	25.134113	25.115913	25.097275	25.078266	25.058960	25.039433	25.019754	
25.018909	25.037750	25.056442	25.074924	25.093121	25.110962	25.128384	25.145325	25.161705	25.177479	25.192575	25.206944	25.220526	25.233273	25.245132	25.256065	25.266022	25.274975	25.282883	25.289719	25.295456	25.300072	25.303545	25.305874	25.307035	25.307037	25.305870	25.303547	25.300068	25.295456	25.289719	25.282887	25.274975	25.266026	25.256063	25.245132	25.233273	25.220526	25.206944	25.192577	25.177479	25.161709	25.145323	25.128387	25.110966	25.093121	25.074924	25.056444	25.037750	25.018909	
25.017996	25.035923	25.053713	25.071299	25.088612	25.105595	25.122173	25.138290	25.153883	25.168892	25.183258	25.196930	25.209858	25.221985	25.233273	25.243673	25.253155	25.261669	25.269196	25.275700	25.281160	25.285549	25.288860	25.291069	25.292183	25.292179	25.291073	25.288857	25.285551	25.281157	25.275702	25.269197	25.261673	25.253151	25.243675	25.233271	25.221985	25.209856	25.196930	25.183258	25.168892	25.153881	25.138290	25.122175	25.105595	25.088614	25.071301	25.053711	25.035921	25.017996	
25.017010	25.033958	25.050777	25.067402	25.083773	25.099823	25.115498	25.130733	25.145473	25.159660	25.173244	25.186171	25.198387	25.209858	25.220526	25.230362	25.239319	25.247375	25.254486	25.260637	25.265797	25.269951	25.273073	25.275169	25.276215	25.276218	25.275166	25.273077	25.269947	25.265797	25.260635	25.254490	25.247372	25.239321	25.230360	25.220528	25.209854	25.198391	25.186171	25.173244	25.159664	25.145477	25.130735	25.115498	25.099825	25.083775	25.067402	25.050777	25.033958	25.017014	
25.015963	25.031868	25.047649	25.063251	25.078613	25.093678	25.108385	25.122683	25.136513	25.149830	25.162575	25.174704	25.186171	25.196930	25.206944	25.216171	25.224583	25.232136	25.238815	25.244583	25.249428	25.253321	25.256260	25.258217	25.259205	25.259201	25.258221	25.256256	25.253323	25.249424	25.244587	25.238815	25.232140	25.224579	25.216173	25.206944	25.196930	25.186169	25.174706	25.162575	25.149830	25.136517	25.122683	25.108385	25.093678	25.078613	25.063251	25.047649	25.031868	25.015965	
25.014854	25.029654	25.044342	25.058859	25.073154	25.087172	25.100861	25.114166	25.127037	25.139427	25.151287	25.162577	25.173244	25.183258	25.192575	25.201164	25.208988	25.216022	25.222231	25.227604	25.232109	25.235737	25.238464	25.240295	25.241205	25.241211	25.240292	25.238466	25.235733	25.232113	25.227604	25.222235	25.216019	25.208988	25.201162	25.192577	25.183258	25.173248	25.162575	25.151287	25.139429	25.127037	25.114166	25.100861	25.087173	25.073154	25.058859	25.044342	25.029654	25.014856	
25.013687	25.027328	25.040863	25.054245	25.067421	25.080339	25.092953	25.105217	25.117077	25.128498	25.139429	25.149830	25.159664	25.168892	25.177479	25.185392	25.192604	25.199085	25.204811	25.209757	25.213913	25.217251	25.219774	25.221453	25.222298	25.222294	25.221455	25.219769	25.217255	25.213911	25.209763	25.204811	25.199085	25.192604	25.185394	25.177477	25.168892	25.159664	25.149830	25.139427	25.128496	25.117077	25.105213	25.092953	25.080338	25.067421	25.054245	25.040865	25.027332	25.013691	
25.012474	25.024899	25.037235	25.049425	25.061430	25.073200	25.084694	25.095863	25.106674	25.117079	25.127037	25.136517	25.145473	25.153885	25.161705	25.168919	25.175488	25.181393	25.186607	25.191122	25.194901	25.197952	25.200239	25.201778	25.202541	25.202545	25.201775	25.200243	25.197947	25.194904	25.191120	25.186611	25.181393	25.175489	25.168919	25.161709	25.153885	25.145477	25.136515	25.127039	25.117077	25.106674	25.095865	25.084690	25.073200	25.061430	25.049427	25.037235	25.024900	25.012474	
25.011208	25.022379	25.033461	25.044418	25.055202	25.065784	25.076111	25.086153	25.095865	25.105217	25.114168	25.122684	25.130737	25.138290	25.145325	25.151802	25.157709	25.163013	25.167706	25.171753	25.175158	25.177891	25.179956	25.181330	25.182026	25.182018	25.181334	25.179953	25.177893	25.175156	25.171757	25.167704	25.163013	25.157709	25.151806	25.145323	25.138294	25.130735	25.122684	25.114166	25.105215	25.095867	25.086151	25.076113	25.065784	25.055206	25.044418	25.033461	25.022379	25.011209	
25.009903	25.019770	25.029562	25.039242	25.048773	25.058117	25.067242	25.076111	25.084694	25.092957	25.100861	25.108387	25.115498	25.122177	25.128387	25.134115	25.139328	25.144018	25.148159	25.151741	25.154743	25.157162	25.158981	25.160202	25.160809	25.160812	25.160198	25.158981	25.157160	25.154743	25.151741	25.148159	25.144018	25.139330	25.134113	25.128387	25.122177	25.115501	25.108385	25.100863	25.092953	25.084694	25.076111	25.067242	25.058117	25.048771	25.039242	25.029564	25.019772	25.009903	
25.008560	25.017090	25.025551	25.033916	25.042152	25.050232	25.058119	25.065784	25.073200	25.080341	25.087175	25.093678	25.099827	25.105595	25.110966	25.115913	25.120422	25.124474	25.128056	25.131149	25.133745	25.135834	25.137409	25.138460	25.138988	25.138987	25.138462	25.137407	25.135834	25.133743	25.131147	25.128054	25.124474	25.120422	25.115913	25.110964	25.105598	25.099825	25.093679	25.087173	25.080341	25.073200	25.065783	25.058115	25.050232	25.042152	25.033915	25.025551	25.017086	25.008560	
25.007183	25.014339	25.021442	25.028461	25.035374	25.042154	25.048771	25.055206	25.061432	25.067421	25.073154	25.078615	25.083773	25.088615	25.093121	25.097275	25.101055	25.104458	25.107462	25.110060	25.112240	25.113991	25.115313	25.116196	25.116638	25.116638	25.116196	25.115311	25.113991	25.112238	25.110058	25.107464	25.104458	25.101059	25.097275	25.093122	25.088614	25.083775	25.078613	25.073158	25.067421	25.061428	25.055202	25.048771	25.042150	25.035374	25.028461	25.021442	25.014339	25.007183	
25.005779	25.011539	25.017250	25.022900	25.028461	25.033915	25.039242	25.044418	25.049427	25.054245	25.058861	25.063250	25.067404	25.071301	25.074924	25.078266	25.081310	25.084045	25.086464	25.088552	25.090305	25.091717	25.092779	25.093489	25.093845	25.093845	25.093491	25.092777	25.091715	25.090307	25.088551	25.086462	25.084045	25.081310	25.078268	25.074924	25.071301	25.067402	25.063253	25.058861	25.054245	25.049425	25.044416	25.039242	25.033916	25.028460	25.022900	25.017250	25.011538	25.005779	
25.004356	25.008690	25.012997	25.017250	25.021442	25.025551	25.029564	25.033463	25.037235	25.040865	25.044340	25.047649	25.050777	25.053711	25.056444	25.058960	25.061253	25.063316	25.065136	25.066711	25.068029	25.069092	25.069893	25.070429	25.070698	25.070698	25.070427	25.069893	25.069094	25.068027	25.066711	25.065136	25.063314	25.061255	25.058960	25.056444	25.053711	25.050777	25.047649	25.044342	25.040867	25.037233	25.033463	25.029562	25.025551	25.021442	25.017250	25.012997	25.008690	25.004354	
25.002914	25.005814	25.008692	25.011538	25.014339	25.017086	25.019772	25.022379	25.024900	25.027328	25.029655	25.031864	25.033958	25.035921	25.037746	25.039433	25.040966	25.042343	25.043564	25.044615	25.045498	25.046207	25.046745	25.047100	25.047281	25.047283	25.047100	25.046743	25.046207	25.045498	25.044613	25.043560	25.042343	25.040966	25.039431	25.037748	25.035923	25.033958	25.031868	25.029655	25.027330	25.024902	25.022377	25.019770	25.017088	25.014339	25.011539	25.008690	25.005814	25.002911	
25.001457	25.002911	25.004354	25.005779	25.007183	25.008562	25.009903	25.011209	25.012474	25.013691	25.014854	25.015965	25.017012	25.017994	25.018909	25.019753	25.020523	25.021214	25.021822	25.022350	25.022793	25.023148	25.023415	25.023594	25.023685	25.023685	25.023596	25.023417	25.023148	25.022791	25.022350	25.021824	25.021212	25.020521	25.019753	25.018909	25.017994	25.017012	25.015965	25.014856	25.013691	25.012474	25.011211	25.009905	25.008560	25.007183	25.005779	25.004353	25.002911	25.001459	
