25.003361	25.006710	25.010029	25.013317	25.016550	25.019724	25.022820	25.025833	25.028744	25.031551	25.034233	25.036789	25.039204	25.041471	25.043579	25.045528	25.047298	25.048891	25.050299	25.051516	25.052536	25.053356	25.053974	25.054390	25.054596	25.054596	25.054390	25.053976	25.053356	25.052536	25.051516	25.050297	25.048893	25.047298	25.045527	25.043581	25.041473	25.039204	25.036791	25.034233	25.031548	25.028744	25.025831	25.022820	25.019722	25.016552	25.013317	25.010033	25.006710	25.003361	
25.006710	25.013393	25.020027	25.026581	25.033039	25.039371	25.045557	25.051563	25.057381	25.062977	25.068340	25.073437	25.078262	25.082787	25.087000	25.090879	25.094421	25.097599	25.100407	25.102837	25.104872	25.106514	25.107746	25.108572	25.108988	25.108986	25.108572	25.107746	25.106510	25.104874	25.102837	25.100409	25.097597	25.094421	25.090881	25.086998	25.082785	25.078262	25.073437	25.068340	25.062977	25.057381	25.051563	25.045555	25.039373	25.033039	25.026585	25.020027	25.013393	25.006710	
25.010033	25.020027	25.029942	25.039749	25.049402	25.058872	25.068115	25.077106	25.085796	25.094172	25.102182	25.109814	25.117020	25.123791	25.130085	25.135895	25.141178	25.145935	25.150137	25.153767	25.156815	25.159262	25.161112	25.162346	25.162964	25.162964	25.162344	25.161106	25.159264	25.156811	25.153767	25.150135	25.145935	25.141182	25.135893	25.130085	25.123791	25.117020	25.109812	25.102182	25.094172	25.085796	25.077105	25.068117	25.058872	25.049404	25.039749	25.029945	25.020027	25.010033	
25.013317	25.026581	25.039749	25.052761	25.065582	25.078148	25.090424	25.102348	25.113895	25.125004	25.135647	25.145765	25.155342	25.164318	25.172686	25.180386	25.187412	25.193718	25.199295	25.204117	25.208158	25.211414	25.213863	25.215504	25.216326	25.216324	25.215500	25.213863	25.211411	25.208160	25.204113	25.199297	25.193718	25.187412	25.180386	25.172684	25.164320	25.155342	25.145763	25.135647	25.125002	25.113895	25.102348	25.090420	25.078148	25.065580	25.052765	25.039749	25.026583	25.013317	
25.016552	25.033039	25.049400	25.065578	25.081507	25.097130	25.112381	25.127213	25.141552	25.155369	25.168585	25.181175	25.193066	25.204237	25.214619	25.224205	25.232925	25.240772	25.247700	25.253691	25.258717	25.262760	25.265808	25.267847	25.268867	25.268867	25.267847	25.265808	25.262762	25.258717	25.253693	25.247700	25.240772	25.232925	25.224203	25.214622	25.204235	25.193068	25.181175	25.168587	25.155369	25.141554	25.127213	25.112381	25.097130	25.081509	25.065580	25.049404	25.033039	25.016552	
25.019722	25.039371	25.058870	25.078144	25.097130	25.115742	25.133921	25.151585	25.168686	25.185139	25.200901	25.215887	25.230072	25.243368	25.255758	25.267162	25.277569	25.286907	25.295174	25.302307	25.308296	25.313114	25.316746	25.319176	25.320393	25.320393	25.319176	25.316748	25.313114	25.308300	25.302307	25.295174	25.286911	25.277569	25.267166	25.255760	25.243370	25.230072	25.215889	25.200899	25.185137	25.168686	25.151587	25.133919	25.115742	25.097130	25.078148	25.058872	25.039370	25.019722	
25.022820	25.045555	25.068115	25.090420	25.112379	25.133919	25.154945	25.175396	25.195171	25.214216	25.232441	25.249798	25.266193	25.281593	25.295910	25.309124	25.321148	25.331968	25.341516	25.349781	25.356709	25.362284	25.366486	25.369295	25.370703	25.370703	25.369295	25.366486	25.362288	25.356707	25.349781	25.341520	25.331970	25.321152	25.309126	25.295918	25.281597	25.266193	25.249798	25.232441	25.214218	25.195171	25.175396	25.154949	25.133919	25.112381	25.090420	25.068115	25.045555	25.022820	
25.025833	25.051563	25.077105	25.102348	25.127209	25.151585	25.175394	25.198528	25.220924	25.242474	25.263115	25.282745	25.301323	25.318737	25.334961	25.349899	25.363529	25.375759	25.386581	25.395924	25.403770	25.410082	25.414837	25.418018	25.419613	25.419613	25.418018	25.414839	25.410084	25.403774	25.395926	25.386581	25.375763	25.363529	25.349905	25.334965	25.318741	25.301323	25.282745	25.263115	25.242476	25.220926	25.198532	25.175396	25.151587	25.127209	25.102348	25.077103	25.051563	25.025831	
25.028744	25.057381	25.085796	25.113892	25.141552	25.168682	25.195168	25.220924	25.245834	25.269825	25.292778	25.314640	25.335291	25.354691	25.372726	25.389366	25.404514	25.418142	25.430170	25.440578	25.449303	25.456329	25.461618	25.465158	25.466932	25.466934	25.465160	25.461620	25.456333	25.449303	25.440578	25.430172	25.418144	25.404518	25.389370	25.372730	25.354692	25.335293	25.314640	25.292780	25.269825	25.245838	25.220924	25.195169	25.168684	25.141552	25.113892	25.085796	25.057383	25.028744	
25.031551	25.062977	25.094170	25.125000	25.155365	25.185135	25.214214	25.242470	25.269821	25.296139	25.321350	25.345325	25.368011	25.389282	25.409098	25.427345	25.443985	25.458925	25.472145	25.483551	25.493141	25.500845	25.506653	25.510536	25.512486	25.512484	25.510540	25.506655	25.500845	25.493141	25.483555	25.472145	25.458931	25.443985	25.427345	25.409100	25.389286	25.368011	25.345327	25.321350	25.296143	25.269821	25.242474	25.214214	25.185135	25.155367	25.125000	25.094170	25.062977	25.031548	
25.034233	25.068336	25.102180	25.135641	25.168581	25.200893	25.232437	25.263111	25.292778	25.321348	25.348686	25.374722	25.399317	25.422421	25.443901	25.463718	25.481758	25.497990	25.512312	25.524708	25.535097	25.543467	25.549767	25.553984	25.556095	25.556095	25.553986	25.549770	25.543468	25.535099	25.524708	25.512314	25.497990	25.481760	25.463720	25.443905	25.422421	25.399319	25.374722	25.348688	25.321346	25.292778	25.263111	25.232439	25.200895	25.168583	25.135643	25.102180	25.068336	25.034233	
25.036789	25.073437	25.109810	25.145760	25.181168	25.215883	25.249790	25.282742	25.314634	25.345325	25.374720	25.402679	25.429131	25.453938	25.477041	25.498320	25.517723	25.535147	25.550556	25.563860	25.575041	25.584026	25.590801	25.595329	25.597599	25.597599	25.595331	25.590805	25.584026	25.575043	25.563864	25.550558	25.535151	25.517725	25.498322	25.477043	25.453938	25.429131	25.402679	25.374720	25.345325	25.314636	25.282743	25.249790	25.215881	25.181170	25.145761	25.109810	25.073435	25.036787	
25.039204	25.078260	25.117016	25.155338	25.193062	25.230064	25.266186	25.301313	25.335289	25.368008	25.399315	25.429127	25.457298	25.483753	25.508356	25.531048	25.551712	25.570293	25.586699	25.600895	25.612793	25.622377	25.629595	25.634422	25.636841	25.636839	25.634422	25.629595	25.622379	25.612797	25.600899	25.586702	25.570297	25.551712	25.531050	25.508358	25.483753	25.457298	25.429131	25.399317	25.368008	25.335289	25.301317	25.266186	25.230064	25.193062	25.155336	25.117018	25.078259	25.039204	
25.041473	25.082783	25.123787	25.164314	25.204229	25.243362	25.281586	25.318729	25.354683	25.389280	25.422415	25.453934	25.483749	25.511717	25.537760	25.561749	25.583620	25.603268	25.620634	25.635635	25.648235	25.658365	25.666004	25.671108	25.673668	25.673666	25.671108	25.666004	25.658365	25.648235	25.635637	25.620636	25.603268	25.583622	25.561749	25.537762	25.511719	25.483753	25.453936	25.422417	25.389278	25.354685	25.318731	25.281590	25.243362	25.204231	25.164314	25.123787	25.082783	25.041470	
25.043579	25.086994	25.130081	25.172680	25.214615	25.255749	25.295906	25.334955	25.372723	25.409092	25.443897	25.477036	25.508352	25.537758	25.565109	25.590332	25.613306	25.633961	25.652203	25.667978	25.681208	25.691864	25.699883	25.705250	25.707939	25.707937	25.705254	25.699883	25.691864	25.681210	25.667982	25.652203	25.633965	25.613304	25.590336	25.565111	25.537758	25.508354	25.477039	25.443897	25.409092	25.372723	25.334957	25.295906	25.255751	25.214615	25.172680	25.130079	25.086996	25.043579	
25.045525	25.090878	25.135887	25.180380	25.224197	25.267155	25.309116	25.349892	25.389359	25.427338	25.463711	25.498314	25.531044	25.561745	25.590332	25.616669	25.640676	25.662243	25.681309	25.697777	25.711609	25.722729	25.731113	25.736717	25.739525	25.739527	25.736717	25.731115	25.722731	25.711611	25.697779	25.681313	25.662243	25.640678	25.616669	25.590334	25.561745	25.531044	25.498314	25.463715	25.427338	25.389362	25.349895	25.309116	25.267157	25.224197	25.180378	25.135887	25.090876	25.045525	
25.047295	25.094414	25.141174	25.187405	25.232918	25.277559	25.321142	25.363518	25.404507	25.443977	25.481750	25.517715	25.551704	25.583616	25.613304	25.640675	25.665607	25.688023	25.707821	25.724941	25.739300	25.750862	25.759567	25.765390	25.768311	25.768309	25.765394	25.759567	25.750866	25.739304	25.724945	25.707821	25.688026	25.665607	25.640675	25.613302	25.583618	25.551704	25.517719	25.481750	25.443979	25.404509	25.363522	25.321142	25.277561	25.232918	25.187405	25.141174	25.094416	25.047295	
25.048889	25.097591	25.145927	25.193708	25.240765	25.286900	25.331961	25.375753	25.418133	25.458918	25.497978	25.535141	25.570290	25.603260	25.633959	25.662241	25.688023	25.711185	25.731655	25.749344	25.764196	25.776142	25.785141	25.791164	25.794178	25.794178	25.791164	25.785145	25.776140	25.764200	25.749348	25.731659	25.711185	25.688025	25.662241	25.633961	25.603260	25.570290	25.535141	25.497984	25.458920	25.418135	25.375753	25.331961	25.286901	25.240767	25.193710	25.145931	25.097593	25.048889	
25.050293	25.100401	25.150126	25.199287	25.247688	25.295162	25.341507	25.386574	25.430161	25.472134	25.512302	25.550549	25.586693	25.620628	25.652197	25.681305	25.707817	25.731655	25.752710	25.770912	25.786184	25.798479	25.807739	25.813931	25.817036	25.817032	25.813934	25.807737	25.798481	25.786188	25.770916	25.752712	25.731657	25.707819	25.681305	25.652199	25.620628	25.586695	25.550549	25.512306	25.472134	25.430164	25.386574	25.341513	25.295162	25.247692	25.199289	25.150129	25.100403	25.050297	
25.051514	25.102829	25.153759	25.204103	25.253683	25.302292	25.349770	25.395914	25.440567	25.483541	25.524698	25.563854	25.600885	25.635628	25.667973	25.697773	25.724936	25.749344	25.770912	25.789551	25.805195	25.817783	25.827269	25.833611	25.836788	25.836790	25.833611	25.827271	25.817787	25.805202	25.789553	25.770914	25.749344	25.724937	25.697773	25.667973	25.635632	25.600887	25.563856	25.524700	25.483547	25.440567	25.395916	25.349771	25.302296	25.253685	25.204105	25.153759	25.102829	25.051512	
25.052532	25.104866	25.156803	25.208153	25.258705	25.308289	25.356697	25.403763	25.449291	25.493130	25.535089	25.575031	25.612785	25.648228	25.681202	25.711601	25.739296	25.764193	25.786182	25.805195	25.821148	25.833988	25.843658	25.850126	25.853371	25.853367	25.850130	25.843658	25.833992	25.821150	25.805199	25.786186	25.764194	25.739296	25.711603	25.681206	25.648228	25.612789	25.575035	25.535091	25.493130	25.449295	25.403763	25.356701	25.308289	25.258707	25.208153	25.156805	25.104866	25.052532	
25.053352	25.106506	25.159256	25.211399	25.262754	25.313103	25.362276	25.410072	25.456318	25.500834	25.543457	25.584015	25.622372	25.658358	25.691854	25.722723	25.750854	25.776134	25.798475	25.817781	25.833984	25.847023	25.856848	25.863417	25.866707	25.866709	25.863419	25.856850	25.847027	25.833988	25.817785	25.798477	25.776136	25.750858	25.722723	25.691858	25.658360	25.622372	25.584019	25.543461	25.500835	25.456322	25.410072	25.362278	25.313108	25.262753	25.211405	25.159256	25.106506	25.053352	
25.053970	25.107742	25.161100	25.213856	25.265797	25.316738	25.366474	25.414829	25.461609	25.506643	25.549757	25.590794	25.629583	25.665993	25.699873	25.731106	25.759560	25.785137	25.807732	25.827265	25.843657	25.856848	25.866783	25.873428	25.876759	25.876759	25.873428	25.866783	25.856850	25.843658	25.827269	25.807734	25.785141	25.759563	25.731108	25.699877	25.665997	25.629585	25.590794	25.549761	25.506645	25.461613	25.414829	25.366478	25.316740	25.265800	25.213860	25.161104	25.107742	25.053972	
25.054386	25.108566	25.162338	25.215492	25.267838	25.319160	25.369286	25.418007	25.465149	25.510527	25.553974	25.595318	25.634411	25.671099	25.705242	25.736708	25.765385	25.791157	25.813927	25.833607	25.850126	25.863415	25.873428	25.880127	25.883480	25.883478	25.880127	25.873430	25.863419	25.850128	25.833609	25.813931	25.791157	25.765388	25.736712	25.705246	25.671101	25.634417	25.595322	25.553978	25.510529	25.465153	25.418011	25.369289	25.319168	25.267841	25.215496	25.162342	25.108568	25.054386	
25.054592	25.108982	25.162956	25.216316	25.268856	25.320383	25.370689	25.419601	25.466919	25.512474	25.556084	25.597589	25.636827	25.673656	25.707928	25.739517	25.768299	25.794170	25.817028	25.836784	25.853365	25.866707	25.876759	25.883480	25.886848	25.886848	25.883480	25.876759	25.866707	25.853367	25.836788	25.817032	25.794174	25.768303	25.739521	25.707932	25.673660	25.636835	25.597593	25.556089	25.512478	25.466925	25.419605	25.370695	25.320385	25.268860	25.216320	25.162960	25.108982	25.054594	
25.054592	25.108982	25.162956	25.216316	25.268856	25.320383	25.370689	25.419601	25.466919	25.512474	25.556084	25.597589	25.636827	25.673656	25.707928	25.739517	25.768299	25.794170	25.817028	25.836784	25.853365	25.866707	25.876759	25.883480	25.886848	25.886848	25.883480	25.876759	25.866707	25.853367	25.836788	25.817032	25.794174	25.768303	25.739521	25.707932	25.673660	25.636835	25.597593	25.556089	25.512478	25.466925	25.419605	25.370695	25.320385	25.268860	25.216320	25.162960	25.108982	25.054594	
25.054386	25.108566	25.162338	25.215492	25.267838	25.319160	25.369286	25.418007	25.465149	25.510527	25.553974	25.595318	25.634411	25.671099	25.705242	25.736708	25.765385	25.791157	25.813927	25.833607	25.850126	25.863415	25.873428	25.880127	25.883480	25.883478	25.880127	25.873430	25.863419	25.850128	25.833609	25.813931	25.791157	25.765388	25.736712	25.705246	25.671101	25.634417	25.595322	25.553978	25.510529	25.465153	25.418011	25.369289	25.319168	25.267841	25.215496	25.162342	25.108568	25.054386	
25.053970	25.107742	25.161100	25.213856	25.265797	25.316738	25.366474	25.414829	25.461609	25.506643	25.549757	25.590794	25.629583	25.665993	25.699873	25.731106	25.759560	25.785137	25.807732	25.827265	25.843657	25.856848	25.866783	25.873428	25.876759	25.876759	25.873428	25.866783	25.856850	25.843658	25.827269	25.807734	25.785141	25.759563	25.731108	25.699877	25.665997	25.629585	25.590794	25.549761	25.506645	25.461613	25.414829	25.366478	25.316740	25.265800	25.213860	25.161104	25.107742	25.053972	
25.053352	25.106506	25.159256	25.211399	25.262754	25.313103	25.362276	25.410072	25.456318	25.500834	25.543457	25.584015	25.622372	25.658358	25.691854	25.722723	25.750854	25.776134	25.798475	25.817781	25.833984	25.847023	25.856848	25.863417	25.866707	25.866709	25.863419	25.856850	25.847027	25.833988	25.817785	25.798477	25.776136	25.750858	25.722723	25.691858	25.658360	25.622372	25.584019	25.543461	25.500835	25.456322	25.410072	25.362278	25.313108	25.262753	25.211405	25.159256	25.106506	25.053352	
25.052532	25.104866	25.156803	25.208153	25.258705	25.308289	25.356697	25.403763	25.449291	25.493130	25.535089	25.575031	25.612785	25.648228	25.681202	25.711601	25.739296	25.764193	25.786182	25.805195	25.821148	25.833988	25.843658	25.850126	25.853371	25.853367	25.850130	25.843658	25.833992	25.821150	25.805199	25.786186	25.764194	25.739296	25.711603	25.681206	25.648228	25.612789	25.575035	25.535091	25.493130	25.449295	25.403763	25.356701	25.308289	25.258707	25.208153	25.156805	25.104866	25.052532	
25.051514	25.102829	25.153759	25.204103	25.253683	25.302292	25.349770	25.395914	25.440567	25.483541	25.524698	25.563854	25.600885	25.635628	25.667973	25.697773	25.724936	25.749344	25.770912	25.789551	25.805195	25.817783	25.827269	25.833611	25.836788	25.836790	25.833611	25.827271	25.817787	25.805202	25.789553	25.770914	25.749344	25.724937	25.697773	25.667973	25.635632	25.600887	25.563856	25.524700	25.483547	25.440567	25.395916	25.349771	25.302296	25.253685	25.204105	25.153759	25.102829	25.051512	
25.050293	25.100401	25.150126	25.199287	25.247688	25.295162	25.341507	25.386574	25.430161	25.472134	25.512302	25.550549	25.586693	25.620628	25.652197	25.681305	25.707817	25.731655	25.752710	25.770912	25.786184	25.798479	25.807739	25.813931	25.817036	25.817032	25.813934	25.807737	25.798481	25.786188	25.770916	25.752712	25.731657	25.707819	25.681305	25.652199	25.620628	25.586695	25.550549	25.512306	25.472134	25.430164	25.386574	25.341513	25.295162	25.247692	25.199289	25.150129	25.100403	25.050297	
25.048889	25.097591	25.145927	25.193708	25.240765	25.286900	25.331961	25.375753	25.418133	25.458918	25.497978	25.535141	25.570290	25.603260	25.633959	25.662241	25.688023	25.711185	25.731655	25.749344	25.764196	25.776142	25.785141	25.791164	25.794178	25.794178	25.791164	25.785145	25.776140	25.764200	25.749348	25.731659	25.711185	25.688025	25.662241	25.633961	25.603260	25.570290	25.535141	25.497984	25.458920	25.418135	25.375753	25.331961	25.286901	25.240767	25.193710	25.145931	25.097593	25.048889	
25.047295	25.094414	25.141174	25.187405	25.232918	25.277559	25.321142	25.363518	25.404507	25.443977	25.481750	25.517715	25.551704	25.583616	25.613304	25.640675	25.665607	25.688023	25.707821	25.724941	25.739300	25.750862	25.759567	25.765390	25.768311	25.768309	25.765394	25.759567	25.750866	25.739304	25.724945	25.707821	25.688026	25.665607	25.640675	25.613302	25.583618	25.551704	25.517719	25.481750	25.443979	25.404509	25.363522	25.321142	25.277561	25.232918	25.187405	25.141174	25.094416	25.047295	
25.045525	25.090878	25.135887	25.180380	25.224197	25.267155	25.309116	25.349892	25.389359	25.427338	25.463711	25.498314	25.531044	25.561745	25.590332	25.616669	25.640676	25.662243	25.681309	25.697777	25.711609	25.722729	25.731113	25.736717	25.739525	25.739527	25.736717	25.731115	25.722731	25.711611	25.697779	25.681313	25.662243	25.640678	25.616669	25.590334	25.561745	25.531044	25.498314	25.463715	25.427338	25.389362	25.349895	25.309116	25.267157	25.224197	25.180378	25.135887	25.090876	25.045525	
25.043579	25.086994	25.130081	25.172680	25.214615	25.255749	25.295906	25.334955	25.372723	25.409092	25.443897	25.477036	25.508352	25.537758	25.565109	25.590332	25.613306	25.633961	25.652203	25.667978	25.681208	25.691864	25.699883	25.705250	25.707939	25.707937	25.705254	25.699883	25.691864	25.681210	25.667982	25.652203	25.633965	25.613304	25.590336	25.565111	25.537758	25.508354	25.477039	25.443897	25.409092	25.372723	25.334957	25.295906	25.255751	25.214615	25.172680	25.130079	25.086996	25.043579	
25.041473	25.082783	25.123787	25.164314	25.204229	25.243362	25.281586	25.318729	25.354683	25.389280	25.422415	25.453934	25.483749	25.511717	25.537760	25.561749	25.583620	25.603268	25.620634	25.635635	25.648235	25.658365	25.666004	25.671108	25.673668	25.673666	25.671108	25.666004	25.658365	25.648235	25.635637	25.620636	25.603268	25.583622	25.561749	25.537762	25.511719	25.483753	25.453936	25.422417	25.389278	25.354685	25.318731	25.281590	25.243362	25.204231	25.164314	25.123787	25.082783	25.041470	
25.039204	25.078260	25.117016	25.155338	25.193062	25.230064	25.266186	25.301313	25.335289	25.368008	25.399315	25.429127	25.457298	25.483753	25.508356	25.531048	25.551712	25.570293	25.586699	25.600895	25.612793	25.622377	25.629595	25.634422	25.636841	25.636839	25.634422	25.629595	25.622379	25.612797	25.600899	25.586702	25.570297	25.551712	25.531050	25.508358	25.483753	25.457298	25.429131	25.399317	25.368008	25.335289	25.301317	25.266186	25.230064	25.193062	25.155336	25.117018	25.078259	25.039204	
25.036789	25.073437	25.109810	25.145760	25.181168	25.215883	25.249790	25.282742	25.314634	25.345325	25.374720	25.402679	25.429131	25.453938	25.477041	25.498320	25.517723	25.535147	25.550556	25.563860	25.575041	25.584026	25.590801	25.595329	25.597599	25.597599	25.595331	25.590805	25.584026	25.575043	25.563864	25.550558	25.535151	25.517725	25.498322	25.477043	25.453938	25.429131	25.402679	25.374720	25.345325	25.314636	25.282743	25.249790	25.215881	25.181170	25.145761	25.109810	25.073435	25.036787	
25.034233	25.068336	25.102180	25.135641	25.168581	25.200893	25.232437	25.263111	25.292778	25.321348	25.348686	25.374722	25.399317	25.422421	25.443901	25.463718	25.481758	25.497990	25.512312	25.524708	25.535097	25.543467	25.549767	25.553984	25.556095	25.556095	25.553986	25.549770	25.543468	25.535099	25.524708	25.512314	25.497990	25.481760	25.463720	25.443905	25.422421	25.399319	25.374722	25.348688	25.321346	25.292778	25.263111	25.232439	25.200895	25.168583	25.135643	25.102180	25.068336	25.034233	
25.031551	25.062977	25.094170	25.125000	25.155365	25.185135	25.214214	25.242470	25.269821	25.296139	25.321350	25.345325	25.368011	25.389282	25.409098	25.427345	25.443985	25.458925	25.472145	25.483551	25.493141	25.500845	25.506653	25.510536	25.512486	25.512484	25.510540	25.506655	25.500845	25.493141	25.483555	25.472145	25.458931	25.443985	25.427345	25.409100	25.389286	25.368011	25.345327	25.321350	25.296143	25.269821	25.242474	25.214214	25.185135	25.155367	25.125000	25.094170	25.062977	25.031548	
25.028744	25.057381	25.085796	25.113892	25.141552	25.168682	25.195168	25.220924	25.245834	25.269825	25.292778	25.314640	25.335291	25.354691	25.372726	25.389366	25.404514	25.418142	25.430170	25.440578	25.449303	25.456329	25.461618	25.465158	25.466932	25.466934	25.465160	25.461620	25.456333	25.449303	25.440578	25.430172	25.418144	25.404518	25.389370	25.372730	25.354692	25.335293	25.314640	25.292780	25.269825	25.245838	25.220924	25.195169	25.168684	25.141552	25.113892	25.085796	25.057383	25.028744	
25.025833	25.051563	25.077105	25.102348	25.127209	25.151585	25.175394	25.198528	25.220924	25.242474	25.263115	25.282745	25.301323	25.318737	25.334961	25.349899	25.363529	25.375759	25.386581	25.395924	25.403770	25.410082	25.414837	25.418018	25.419613	25.419613	25.418018	25.414839	25.410084	25.403774	25.395926	25.386581	25.375763	25.363529	25.349905	25.334965	25.318741	25.301323	25.282745	25.263115	25.242476	25.220926	25.198532	25.175396	25.151587	25.127209	25.102348	25.077103	25.051563	25.025831	
25.022820	25.045555	25.068115	25.090420	25.112379	25.133919	25.154945	25.175396	25.195171	25.214216	25.232441	25.249798	25.266193	25.281593	25.295910	25.309124	25.321148	25.331968	25.341516	25.349781	25.356709	25.362284	25.366486	25.369295	25.370703	25.370703	25.369295	25.366486	25.362288	25.356707	25.349781	25.341520	25.331970	25.321152	25.309126	25.295918	25.281597	25.266193	25.249798	25.232441	25.214218	25.195171	25.175396	25.154949	25.133919	25.112381	25.090420	25.068115	25.045555	25.022820	
25.019722	25.039371	25.058870	25.078144	25.097130	25.115742	25.133921	25.151585	25.168686	25.185139	25.200901	25.215887	25.230072	25.243368	25.255758	25.267162	25.277569	25.286907	25.295174	25.302307	25.308296	25.313114	25.316746	25.319176	25.320393	25.320393	25.319176	25.316748	25.313114	25.308300	25.302307	25.295174	25.286911	25.277569	25.267166	25.255760	25.243370	25.230072	25.215889	25.200899	25.185137	25.168686	25.151587	25.133919	25.115742	25.097130	25.078148	25.058872	25.039370	25.019722	
25.016552	25.033039	25.049400	25.065578	25.081507	25.097130	25.112381	25.127213	25.141552	25.155369	25.168585	25.181175	25.193066	25.204237	25.214619	25.224205	25.232925	25.240772	25.247700	25.253691	25.258717	25.262760	25.265808	25.267847	25.268867	25.268867	25.267847	25.265808	25.262762	25.258717	25.253693	25.247700	25.240772	25.232925	25.224203	25.214622	25.204235	25.193068	25.181175	25.168587	25.155369	25.141554	25.127213	25.112381	25.097130	25.081509	25.065580	25.049404	25.033039	25.016552	
25.013317	25.026581	25.039749	25.052761	25.065582	25.078148	25.090424	25.102348	25.113895	25.125004	25.135647	25.145765	25.155342	25.164318	25.172686	25.180386	25.187412	25.193718	25.199295	25.204117	25.208158	25.211414	25.213863	25.215504	25.216326	25.216324	25.215500	25.213863	25.211411	25.208160	25.204113	25.199297	25.193718	25.187412	25.180386	25.172684	25.164320	25.155342	25.145763	25.135647	25.125002	25.113895	25.102348	25.090420	25.078148	25.065580	25.052765	25.039749	25.026583	25.013317	
25.010033	25.020027	25.029942	25.039749	25.049402	25.058872	25.068115	25.077106	25.085796	25.094172	25.102182	25.109814	25.117020	25.123791	25.130085	25.135895	25.141178	25.145935	25.150137	25.153767	25.156815	25.159262	25.161112	25.162346	25.162964	25.162964	25.162344	25.161106	25.159264	25.156811	25.153767	25.150135	25.145935	25.141182	25.135893	25.130085	25.123791	25.117020	25.109812	25.102182	25.094172	25.085796	25.077105	25.068117	25.058872	25.049404	25.039749	25.029945	25.020027	25.010033	
25.006710	25.013393	25.020027	25.026581	25.033039	25.039371	25.045557	25.051563	25.057381	25.062977	25.068340	25.073437	25.078262	25.082787	25.087000	25.090879	25.094421	25.097599	25.100407	25.102837	25.104872	25.106514	25.107746	25.108572	25.108988	25.108986	25.108572	25.107746	25.106510	25.104874	25.102837	25.100409	25.097597	25.094421	25.090881	25.086998	25.082785	25.078262	25.073437	25.068340	25.062977	25.057381	25.051563	25.045555	25.039373	25.033039	25.026585	25.020027	25.013393	25.006710	
25.003361	25.006710	25.010029	25.013317	25.016550	25.019724	25.022820	25.025833	25.028744	25.031551	25.034233	25.036789	25.039204	25.041471	25.043579	25.045528	25.047298	25.048891	25.050299	25.051516	25.052536	25.053356	25.053974	25.054390	25.054596	25.054596	25.054390	25.053976	25.053356	25.052536	25.051516	25.050297	25.048893	25.047298	25.045527	25.043581	25.041473	25.039204	25.036791	25.034233	25.031548	25.028744	25.025831	25.022820	25.019722	25.016552	25.013317	25.010033	25.006710	25.003361	
