25.000675	25.001350	25.002018	25.002678	25.003330	25.003967	25.004589	25.005196	25.005783	25.006348	25.006886	25.007399	25.007885	25.008341	25.008766	25.009155	25.009512	25.009830	25.010117	25.010361	25.010565	25.010729	25.010853	25.010937	25.010979	25.010979	25.010937	25.010853	25.010729	25.010563	25.010361	25.010115	25.009832	25.009510	25.009157	25.008766	25.008343	25.007885	25.007399	25.006886	25.006348	25.005783	25.005198	25.004591	25.003967	25.003330	25.002678	25.002018	25.001350	25.000675	
25.001350	25.002695	25.004028	25.005348	25.006645	25.007919	25.009163	25.010372	25.011543	25.012669	25.013746	25.014772	25.015739	25.016651	25.017496	25.018276	25.018986	25.019627	25.020191	25.020679	25.021088	25.021418	25.021666	25.021832	25.021915	25.021915	25.021832	25.021667	25.021420	25.021090	25.020679	25.020191	25.019627	25.018990	25.018278	25.017500	25.016651	25.015739	25.014771	25.013744	25.012669	25.011543	25.010372	25.009165	25.007921	25.006645	25.005348	25.004028	25.002693	25.001350	
25.002018	25.004028	25.006023	25.007996	25.009937	25.011841	25.013702	25.015507	25.017258	25.018942	25.020555	25.022087	25.023537	25.024895	25.026163	25.027327	25.028393	25.029346	25.030193	25.030920	25.031532	25.032024	25.032396	25.032646	25.032770	25.032770	25.032646	25.032398	25.032028	25.031532	25.030922	25.030191	25.029348	25.028393	25.027332	25.026163	25.024899	25.023537	25.022085	25.020554	25.018944	25.017260	25.015511	25.013702	25.011843	25.009937	25.007996	25.006023	25.004028	25.002018	
25.002678	25.005348	25.007996	25.010612	25.013191	25.015722	25.018188	25.020588	25.022907	25.025145	25.027283	25.029320	25.031242	25.033047	25.034729	25.036278	25.037685	25.038958	25.040077	25.041046	25.041859	25.042511	25.043005	25.043335	25.043499	25.043501	25.043335	25.043007	25.042513	25.041859	25.041046	25.040079	25.038956	25.037689	25.036278	25.034731	25.033049	25.031244	25.029320	25.027283	25.025143	25.022911	25.020588	25.018188	25.015720	25.013191	25.010614	25.007996	25.005348	25.002678	
25.003330	25.006645	25.009937	25.013191	25.016396	25.019535	25.022606	25.025587	25.028475	25.031252	25.033909	25.036442	25.038832	25.041077	25.043163	25.045086	25.046841	25.048418	25.049810	25.051014	25.052025	25.052837	25.053450	25.053860	25.054064	25.054066	25.053860	25.053450	25.052839	25.052025	25.051018	25.049812	25.048420	25.046841	25.045090	25.043163	25.041077	25.038834	25.036440	25.033911	25.031254	25.028473	25.025591	25.022606	25.019539	25.016396	25.013193	25.009939	25.006645	25.003330	
25.003967	25.007919	25.011841	25.015720	25.019537	25.023281	25.026937	25.030493	25.033928	25.037239	25.040409	25.043423	25.046272	25.048946	25.051437	25.053726	25.055819	25.057697	25.059357	25.060789	25.061993	25.062962	25.063694	25.064178	25.064426	25.064423	25.064180	25.063690	25.062962	25.061995	25.060791	25.059359	25.057697	25.055820	25.053726	25.051437	25.048946	25.046272	25.043423	25.040409	25.037239	25.033932	25.030491	25.026939	25.023281	25.019539	25.015720	25.011843	25.007919	25.003967	
25.004591	25.009163	25.013702	25.018188	25.022606	25.026937	25.031168	25.035278	25.039257	25.043087	25.046753	25.050241	25.053537	25.056633	25.059509	25.062166	25.064583	25.066757	25.068676	25.070335	25.071728	25.072849	25.073690	25.074259	25.074539	25.074543	25.074255	25.073692	25.072849	25.071728	25.070337	25.068676	25.066757	25.064583	25.062166	25.059511	25.056633	25.053539	25.050240	25.046751	25.043087	25.039257	25.035280	25.031170	25.026939	25.022608	25.018188	25.013702	25.009165	25.004591	
25.005196	25.010374	25.015511	25.020588	25.025587	25.030491	25.035278	25.039936	25.044437	25.048769	25.052919	25.056866	25.060600	25.064102	25.067364	25.070364	25.073103	25.075562	25.077736	25.079613	25.081190	25.082458	25.083414	25.084051	25.084373	25.084370	25.084053	25.083412	25.082458	25.081190	25.079613	25.077738	25.075562	25.073105	25.070366	25.067364	25.064102	25.060600	25.056868	25.052919	25.048771	25.044437	25.039934	25.035282	25.030491	25.025589	25.020590	25.015511	25.010372	25.005196	
25.005783	25.011539	25.017258	25.022909	25.028473	25.033932	25.039257	25.044437	25.049446	25.054270	25.058884	25.063282	25.067432	25.071331	25.074955	25.078300	25.081345	25.084084	25.086498	25.088591	25.090342	25.091755	25.092815	25.093529	25.093884	25.093884	25.093529	25.092817	25.091755	25.090343	25.088593	25.086498	25.084084	25.081345	25.078300	25.074957	25.071331	25.067432	25.063280	25.058884	25.054272	25.049446	25.044437	25.039259	25.033932	25.028473	25.022911	25.017258	25.011541	25.005783	
25.006344	25.012669	25.018940	25.025145	25.031250	25.037239	25.043087	25.048771	25.054268	25.059561	25.064629	25.069450	25.074011	25.078285	25.082268	25.085934	25.089279	25.092281	25.094936	25.097229	25.099155	25.100704	25.101870	25.102650	25.103043	25.103043	25.102650	25.101871	25.100702	25.099155	25.097229	25.094936	25.092281	25.089277	25.085938	25.082268	25.078287	25.074009	25.069452	25.064631	25.059563	25.054272	25.048771	25.043087	25.037241	25.031252	25.025146	25.018944	25.012669	25.006344	
25.006887	25.013744	25.020554	25.027283	25.033909	25.040409	25.046753	25.052919	25.058886	25.064629	25.070126	25.075359	25.080305	25.084946	25.089266	25.093246	25.096870	25.100134	25.103012	25.105503	25.107588	25.109272	25.110535	25.111383	25.111807	25.111807	25.111383	25.110535	25.109272	25.107590	25.105503	25.103012	25.100132	25.096872	25.093248	25.089268	25.084948	25.080307	25.075359	25.070129	25.064631	25.058887	25.052921	25.046753	25.040407	25.033911	25.027283	25.020554	25.013744	25.006886	
25.007397	25.014771	25.022085	25.029318	25.036438	25.043423	25.050240	25.056868	25.063278	25.069450	25.075359	25.080978	25.086296	25.091284	25.095926	25.100201	25.104103	25.107601	25.110699	25.113371	25.115618	25.117420	25.118782	25.119694	25.120148	25.120148	25.119694	25.118782	25.117422	25.115618	25.113373	25.110699	25.107601	25.104101	25.100203	25.095928	25.091286	25.086296	25.080982	25.075359	25.069452	25.063280	25.056870	25.050240	25.043423	25.036440	25.029320	25.022087	25.014771	25.007401	
25.007885	25.015739	25.023537	25.031240	25.038830	25.046268	25.053537	25.060598	25.067432	25.074009	25.080303	25.086296	25.091961	25.097275	25.102222	25.106781	25.110931	25.114666	25.117962	25.120815	25.123203	25.125130	25.126579	25.127548	25.128036	25.128035	25.127548	25.126579	25.125130	25.123207	25.120813	25.117964	25.114666	25.110931	25.106781	25.102222	25.097275	25.091963	25.086296	25.080307	25.074009	25.067432	25.060600	25.053539	25.046272	25.038832	25.031244	25.023537	25.015743	25.007885	
25.008339	25.016651	25.024895	25.033049	25.041073	25.048946	25.056631	25.064102	25.071327	25.078287	25.084946	25.091282	25.097277	25.102898	25.108131	25.112951	25.117348	25.121292	25.124781	25.127796	25.130327	25.132362	25.133896	25.134922	25.135437	25.135433	25.134920	25.133896	25.132362	25.130325	25.127796	25.124783	25.121292	25.117346	25.112949	25.108131	25.102898	25.097275	25.091286	25.084948	25.078287	25.071331	25.064102	25.056633	25.048946	25.041077	25.033051	25.024899	25.016651	25.008341	
25.008762	25.017498	25.026163	25.034729	25.043163	25.051434	25.059511	25.067364	25.074959	25.082266	25.089266	25.095924	25.102222	25.108131	25.113628	25.118694	25.123310	25.127460	25.131126	25.134295	25.136951	25.139091	25.140703	25.141781	25.142323	25.142323	25.141779	25.140705	25.139091	25.136951	25.134293	25.131126	25.127460	25.123310	25.118696	25.113628	25.108131	25.102221	25.095924	25.089268	25.082268	25.074955	25.067362	25.059513	25.051434	25.043163	25.034729	25.026161	25.017498	25.008766	
25.009155	25.018276	25.027328	25.036278	25.045090	25.053730	25.062164	25.070366	25.078299	25.085936	25.093243	25.100204	25.106779	25.112951	25.118694	25.123989	25.128811	25.133144	25.136972	25.140282	25.143061	25.145292	25.146978	25.148104	25.148668	25.148666	25.148106	25.146976	25.145296	25.143059	25.140282	25.136971	25.133142	25.128811	25.123987	25.118696	25.112949	25.106781	25.100204	25.093246	25.085936	25.078300	25.070366	25.062166	25.053730	25.045090	25.036278	25.027332	25.018276	25.009155	
25.009510	25.018991	25.028391	25.037689	25.046841	25.055819	25.064583	25.073101	25.081345	25.089277	25.096874	25.104099	25.110933	25.117344	25.123310	25.128809	25.133820	25.138323	25.142300	25.145741	25.148624	25.150946	25.152695	25.153862	25.154449	25.154449	25.153864	25.152695	25.150948	25.148624	25.145739	25.142302	25.138321	25.133820	25.128811	25.123310	25.117346	25.110933	25.104103	25.096874	25.089279	25.081345	25.073103	25.064583	25.055820	25.046844	25.037689	25.028393	25.018988	25.009512	
25.009834	25.019627	25.029350	25.038956	25.048418	25.057697	25.066755	25.075563	25.084084	25.092285	25.100132	25.107603	25.114666	25.121292	25.127460	25.133144	25.138323	25.142977	25.147087	25.150642	25.153624	25.156025	25.157833	25.159042	25.159647	25.159649	25.159039	25.157833	25.156025	25.153625	25.150642	25.147089	25.142979	25.138321	25.133144	25.127460	25.121292	25.114666	25.107605	25.100132	25.092281	25.084082	25.075562	25.066755	25.057697	25.048420	25.038958	25.029346	25.019627	25.009830	
25.010117	25.020193	25.030191	25.040077	25.049812	25.059357	25.068676	25.077734	25.086502	25.094936	25.103014	25.110697	25.117962	25.124783	25.131126	25.136972	25.142302	25.147089	25.151318	25.154974	25.158043	25.160511	25.162373	25.163616	25.164238	25.164238	25.163616	25.162369	25.160511	25.158043	25.154976	25.151320	25.147089	25.142300	25.136974	25.131124	25.124781	25.117962	25.110699	25.103012	25.094936	25.086498	25.077736	25.068676	25.059355	25.049812	25.040077	25.030193	25.020191	25.010115	
25.010361	25.020679	25.030922	25.041046	25.051014	25.060793	25.070335	25.079617	25.088589	25.097229	25.105499	25.113371	25.120811	25.127796	25.134293	25.140282	25.145741	25.150640	25.154974	25.158718	25.161861	25.164389	25.166294	25.167568	25.168205	25.168209	25.167568	25.166294	25.164391	25.161861	25.158722	25.154972	25.150642	25.145739	25.140282	25.134293	25.127794	25.120813	25.113373	25.105503	25.097229	25.088591	25.079613	25.070333	25.060791	25.051014	25.041048	25.030922	25.020679	25.010359	
25.010567	25.021088	25.031534	25.041859	25.052025	25.061993	25.071730	25.081188	25.090345	25.099152	25.107590	25.115616	25.123203	25.130325	25.136951	25.143059	25.148623	25.153624	25.158039	25.161861	25.165064	25.167645	25.169586	25.170887	25.171535	25.171535	25.170887	25.169584	25.167645	25.165066	25.161860	25.158043	25.153625	25.148623	25.143059	25.136951	25.130325	25.123205	25.115618	25.107590	25.099155	25.090343	25.081188	25.071728	25.061993	25.052027	25.041861	25.031536	25.021088	25.010565	
25.010727	25.021420	25.032024	25.042513	25.052837	25.062963	25.072845	25.082458	25.091753	25.100704	25.109268	25.117420	25.125130	25.132360	25.139090	25.145292	25.150944	25.156021	25.160511	25.164387	25.167643	25.170261	25.172237	25.173553	25.174213	25.174215	25.173553	25.172234	25.170261	25.167645	25.164391	25.160509	25.156023	25.150946	25.145294	25.139091	25.132360	25.125130	25.117420	25.109272	25.100702	25.091753	25.082458	25.072845	25.062963	25.052837	25.042515	25.032028	25.021420	25.010729	
25.010853	25.021664	25.032398	25.043003	25.053452	25.063690	25.073692	25.083412	25.092819	25.101868	25.110535	25.118782	25.126577	25.133892	25.140701	25.146976	25.152691	25.157829	25.162369	25.166294	25.169582	25.172234	25.174229	25.175566	25.176233	25.176235	25.175564	25.174229	25.172234	25.169586	25.166294	25.162369	25.157831	25.152693	25.146976	25.140701	25.133896	25.126575	25.118784	25.110535	25.101868	25.092815	25.083410	25.073692	25.063690	25.053452	25.043007	25.032396	25.021667	25.010853	
25.010937	25.021832	25.032642	25.043335	25.053860	25.064178	25.074257	25.084051	25.093527	25.102650	25.111382	25.119694	25.127548	25.134918	25.141779	25.148100	25.153860	25.159039	25.163612	25.167564	25.170883	25.173552	25.175564	25.176910	25.177582	25.177582	25.176908	25.175564	25.173553	25.170885	25.167566	25.163612	25.159039	25.153862	25.148102	25.141781	25.134920	25.127548	25.119692	25.111383	25.102650	25.093529	25.084053	25.074255	25.064180	25.053860	25.043335	25.032646	25.021832	25.010937	
25.010979	25.021915	25.032768	25.043499	25.054066	25.064423	25.074539	25.084372	25.093884	25.103039	25.111807	25.120148	25.128033	25.135433	25.142319	25.148666	25.154446	25.159645	25.164236	25.168205	25.171534	25.174213	25.176231	25.177584	25.178259	25.178261	25.177584	25.176231	25.174213	25.171535	25.168205	25.164236	25.159645	25.154449	25.148666	25.142319	25.135433	25.128033	25.120150	25.111809	25.103041	25.093884	25.084370	25.074539	25.064423	25.054066	25.043499	25.032770	25.021915	25.010979	
25.010979	25.021915	25.032768	25.043499	25.054066	25.064423	25.074539	25.084372	25.093884	25.103039	25.111807	25.120148	25.128033	25.135433	25.142319	25.148666	25.154446	25.159645	25.164236	25.168205	25.171534	25.174213	25.176231	25.177584	25.178259	25.178261	25.177584	25.176231	25.174213	25.171535	25.168205	25.164236	25.159645	25.154449	25.148666	25.142319	25.135433	25.128033	25.120150	25.111809	25.103041	25.093884	25.084370	25.074539	25.064423	25.054066	25.043499	25.032770	25.021915	25.010979	
25.010937	25.021832	25.032642	25.043335	25.053860	25.064178	25.074257	25.084051	25.093527	25.102650	25.111382	25.119694	25.127548	25.134918	25.141779	25.148100	25.153860	25.159039	25.163612	25.167564	25.170883	25.173552	25.175564	25.176910	25.177582	25.177582	25.176908	25.175564	25.173553	25.170885	25.167566	25.163612	25.159039	25.153862	25.148102	25.141781	25.134920	25.127548	25.119692	25.111383	25.102650	25.093529	25.084053	25.074255	25.064180	25.053860	25.043335	25.032646	25.021832	25.010937	
25.010853	25.021664	25.032398	25.043003	25.053452	25.063690	25.073692	25.083412	25.092819	25.101868	25.110535	25.118782	25.126577	25.133892	25.140701	25.146976	25.152691	25.157829	25.162369	25.166294	25.169582	25.172234	25.174229	25.175566	25.176233	25.176235	25.175564	25.174229	25.172234	25.169586	25.166294	25.162369	25.157831	25.152693	25.146976	25.140701	25.133896	25.126575	25.118784	25.110535	25.101868	25.092815	25.083410	25.073692	25.063690	25.053452	25.043007	25.032396	25.021667	25.010853	
25.010727	25.021420	25.032024	25.042513	25.052837	25.062963	25.072845	25.082458	25.091753	25.100704	25.109268	25.117420	25.125130	25.132360	25.139090	25.145292	25.150944	25.156021	25.160511	25.164387	25.167643	25.170261	25.172237	25.173553	25.174213	25.174215	25.173553	25.172234	25.170261	25.167645	25.164391	25.160509	25.156023	25.150946	25.145294	25.139091	25.132360	25.125130	25.117420	25.109272	25.100702	25.091753	25.082458	25.072845	25.062963	25.052837	25.042515	25.032028	25.021420	25.010729	
25.010567	25.021088	25.031534	25.041859	25.052025	25.061993	25.071730	25.081188	25.090345	25.099152	25.107590	25.115616	25.123203	25.130325	25.136951	25.143059	25.148623	25.153624	25.158039	25.161861	25.165064	25.167645	25.169586	25.170887	25.171535	25.171535	25.170887	25.169584	25.167645	25.165066	25.161860	25.158043	25.153625	25.148623	25.143059	25.136951	25.130325	25.123205	25.115618	25.107590	25.099155	25.090343	25.081188	25.071728	25.061993	25.052027	25.041861	25.031536	25.021088	25.010565	
25.010361	25.020679	25.030922	25.041046	25.051014	25.060793	25.070335	25.079617	25.088589	25.097229	25.105499	25.113371	25.120811	25.127796	25.134293	25.140282	25.145741	25.150640	25.154974	25.158718	25.161861	25.164389	25.166294	25.167568	25.168205	25.168209	25.167568	25.166294	25.164391	25.161861	25.158722	25.154972	25.150642	25.145739	25.140282	25.134293	25.127794	25.120813	25.113373	25.105503	25.097229	25.088591	25.079613	25.070333	25.060791	25.051014	25.041048	25.030922	25.020679	25.010359	
25.010117	25.020193	25.030191	25.040077	25.049812	25.059357	25.068676	25.077734	25.086502	25.094936	25.103014	25.110697	25.117962	25.124783	25.131126	25.136972	25.142302	25.147089	25.151318	25.154974	25.158043	25.160511	25.162373	25.163616	25.164238	25.164238	25.163616	25.162369	25.160511	25.158043	25.154976	25.151320	25.147089	25.142300	25.136974	25.131124	25.124781	25.117962	25.110699	25.103012	25.094936	25.086498	25.077736	25.068676	25.059355	25.049812	25.040077	25.030193	25.020191	25.010115	
25.009834	25.019627	25.029350	25.038956	25.048418	25.057697	25.066755	25.075563	25.084084	25.092285	25.100132	25.107603	25.114666	25.121292	25.127460	25.133144	25.138323	25.142977	25.147087	25.150642	25.153624	25.156025	25.157833	25.159042	25.159647	25.159649	25.159039	25.157833	25.156025	25.153625	25.150642	25.147089	25.142979	25.138321	25.133144	25.127460	25.121292	25.114666	25.107605	25.100132	25.092281	25.084082	25.075562	25.066755	25.057697	25.048420	25.038958	25.029346	25.019627	25.009830	
25.009510	25.018991	25.028391	25.037689	25.046841	25.055819	25.064583	25.073101	25.081345	25.089277	25.096874	25.104099	25.110933	25.117344	25.123310	25.128809	25.133820	25.138323	25.142300	25.145741	25.148624	25.150946	25.152695	25.153862	25.154449	25.154449	25.153864	25.152695	25.150948	25.148624	25.145739	25.142302	25.138321	25.133820	25.128811	25.123310	25.117346	25.110933	25.104103	25.096874	25.089279	25.081345	25.073103	25.064583	25.055820	25.046844	25.037689	25.028393	25.018988	25.009512	
25.009155	25.018276	25.027328	25.036278	25.045090	25.053730	25.062164	25.070366	25.078299	25.085936	25.093243	25.100204	25.106779	25.112951	25.118694	25.123989	25.128811	25.133144	25.136972	25.140282	25.143061	25.145292	25.146978	25.148104	25.148668	25.148666	25.148106	25.146976	25.145296	25.143059	25.140282	25.136971	25.133142	25.128811	25.123987	25.118696	25.112949	25.106781	25.100204	25.093246	25.085936	25.078300	25.070366	25.062166	25.053730	25.045090	25.036278	25.027332	25.018276	25.009155	
25.008762	25.017498	25.026163	25.034729	25.043163	25.051434	25.059511	25.067364	25.074959	25.082266	25.089266	25.095924	25.102222	25.108131	25.113628	25.118694	25.123310	25.127460	25.131126	25.134295	25.136951	25.139091	25.140703	25.141781	25.142323	25.142323	25.141779	25.140705	25.139091	25.136951	25.134293	25.131126	25.127460	25.123310	25.118696	25.113628	25.108131	25.102221	25.095924	25.089268	25.082268	25.074955	25.067362	25.059513	25.051434	25.043163	25.034729	25.026161	25.017498	25.008766	
25.008339	25.016651	25.024895	25.033049	25.041073	25.048946	25.056631	25.064102	25.071327	25.078287	25.084946	25.091282	25.097277	25.102898	25.108131	25.112951	25.117348	25.121292	25.124781	25.127796	25.130327	25.132362	25.133896	25.134922	25.135437	25.135433	25.134920	25.133896	25.132362	25.130325	25.127796	25.124783	25.121292	25.117346	25.112949	25.108131	25.102898	25.097275	25.091286	25.084948	25.078287	25.071331	25.064102	25.056633	25.048946	25.041077	25.033051	25.024899	25.016651	25.008341	
25.007885	25.015739	25.023537	25.031240	25.038830	25.046268	25.053537	25.060598	25.067432	25.074009	25.080303	25.086296	25.091961	25.097275	25.102222	25.106781	25.110931	25.114666	25.117962	25.120815	25.123203	25.125130	25.126579	25.127548	25.128036	25.128035	25.127548	25.126579	25.125130	25.123207	25.120813	25.117964	25.114666	25.110931	25.106781	25.102222	25.097275	25.091963	25.086296	25.080307	25.074009	25.067432	25.060600	25.053539	25.046272	25.038832	25.031244	25.023537	25.015743	25.007885	
25.007397	25.014771	25.022085	25.029318	25.036438	25.043423	25.050240	25.056868	25.063278	25.069450	25.075359	25.080978	25.086296	25.091284	25.095926	25.100201	25.104103	25.107601	25.110699	25.113371	25.115618	25.117420	25.118782	25.119694	25.120148	25.120148	25.119694	25.118782	25.117422	25.115618	25.113373	25.110699	25.107601	25.104101	25.100203	25.095928	25.091286	25.086296	25.080982	25.075359	25.069452	25.063280	25.056870	25.050240	25.043423	25.036440	25.029320	25.022087	25.014771	25.007401	
25.006887	25.013744	25.020554	25.027283	25.033909	25.040409	25.046753	25.052919	25.058886	25.064629	25.070126	25.075359	25.080305	25.084946	25.089266	25.093246	25.096870	25.100134	25.103012	25.105503	25.107588	25.109272	25.110535	25.111383	25.111807	25.111807	25.111383	25.110535	25.109272	25.107590	25.105503	25.103012	25.100132	25.096872	25.093248	25.089268	25.084948	25.080307	25.075359	25.070129	25.064631	25.058887	25.052921	25.046753	25.040407	25.033911	25.027283	25.020554	25.013744	25.006886	
25.006344	25.012669	25.018940	25.025145	25.031250	25.037239	25.043087	25.048771	25.054268	25.059561	25.064629	25.069450	25.074011	25.078285	25.082268	25.085934	25.089279	25.092281	25.094936	25.097229	25.099155	25.100704	25.101870	25.102650	25.103043	25.103043	25.102650	25.101871	25.100702	25.099155	25.097229	25.094936	25.092281	25.089277	25.085938	25.082268	25.078287	25.074009	25.069452	25.064631	25.059563	25.054272	25.048771	25.043087	25.037241	25.031252	25.025146	25.018944	25.012669	25.006344	
25.005783	25.011539	25.017258	25.022909	25.028473	25.033932	25.039257	25.044437	25.049446	25.054270	25.058884	25.063282	25.067432	25.071331	25.074955	25.078300	25.081345	25.084084	25.086498	25.088591	25.090342	25.091755	25.092815	25.093529	25.093884	25.093884	25.093529	25.092817	25.091755	25.090343	25.088593	25.086498	25.084084	25.081345	25.078300	25.074957	25.071331	25.067432	25.063280	25.058884	25.054272	25.049446	25.044437	25.039259	25.033932	25.028473	25.022911	25.017258	25.011541	25.005783	
25.005196	25.010374	25.015511	25.020588	25.025587	25.030491	25.035278	25.039936	25.044437	25.048769	25.052919	25.056866	25.060600	25.064102	25.067364	25.070364	25.073103	25.075562	25.077736	25.079613	25.081190	25.082458	25.083414	25.084051	25.084373	25.084370	25.084053	25.083412	25.082458	25.081190	25.079613	25.077738	25.075562	25.073105	25.070366	25.067364	25.064102	25.060600	25.056868	25.052919	25.048771	25.044437	25.039934	25.035282	25.030491	25.025589	25.020590	25.015511	25.010372	25.005196	
25.004591	25.009163	25.013702	25.018188	25.022606	25.026937	25.031168	25.035278	25.039257	25.043087	25.046753	25.050241	25.053537	25.056633	25.059509	25.062166	25.064583	25.066757	25.068676	25.070335	25.071728	25.072849	25.073690	25.074259	25.074539	25.074543	25.074255	25.073692	25.072849	25.071728	25.070337	25.068676	25.066757	25.064583	25.062166	25.059511	25.056633	25.053539	25.050240	25.046751	25.043087	25.039257	25.035280	25.031170	25.026939	25.022608	25.018188	25.013702	25.009165	25.004591	
25.003967	25.007919	25.011841	25.015720	25.019537	25.023281	25.026937	25.030493	25.033928	25.037239	25.040409	25.043423	25.046272	25.048946	25.051437	25.053726	25.055819	25.057697	25.059357	25.060789	25.061993	25.062962	25.063694	25.064178	25.064426	25.064423	25.064180	25.063690	25.062962	25.061995	25.060791	25.059359	25.057697	25.055820	25.053726	25.051437	25.048946	25.046272	25.043423	25.040409	25.037239	25.033932	25.030491	25.026939	25.023281	25.019539	25.015720	25.011843	25.007919	25.003967	
25.003330	25.006645	25.009937	25.013191	25.016396	25.019535	25.022606	25.025587	25.028475	25.031252	25.033909	25.036442	25.038832	25.041077	25.043163	25.045086	25.046841	25.048418	25.049810	25.051014	25.052025	25.052837	25.053450	25.053860	25.054064	25.054066	25.053860	25.053450	25.052839	25.052025	25.051018	25.049812	25.048420	25.046841	25.045090	25.043163	25.041077	25.038834	25.036440	25.033911	25.031254	25.028473	25.025591	25.022606	25.019539	25.016396	25.013193	25.009939	25.006645	25.003330	
25.002678	25.005348	25.007996	25.010612	25.013191	25.015722	25.018188	25.020588	25.022907	25.025145	25.027283	25.029320	25.031242	25.033047	25.034729	25.036278	25.037685	25.038958	25.040077	25.041046	25.041859	25.042511	25.043005	25.043335	25.043499	25.043501	25.043335	25.043007	25.042513	25.041859	25.041046	25.040079	25.038956	25.037689	25.036278	25.034731	25.033049	25.031244	25.029320	25.027283	25.025143	25.022911	25.020588	25.018188	25.015720	25.013191	25.010614	25.007996	25.005348	25.002678	
25.002018	25.004028	25.006023	25.007996	25.009937	25.011841	25.013702	25.015507	25.017258	25.018942	25.020555	25.022087	25.023537	25.024895	25.026163	25.027327	25.028393	25.029346	25.030193	25.030920	25.031532	25.032024	25.032396	25.032646	25.032770	25.032770	25.032646	25.032398	25.032028	25.031532	25.030922	25.030191	25.029348	25.028393	25.027332	25.026163	25.024899	25.023537	25.022085	25.020554	25.018944	25.017260	25.015511	25.013702	25.011843	25.009937	25.007996	25.006023	25.004028	25.002018	
25.001350	25.002695	25.004028	25.005348	25.006645	25.007919	25.009163	25.010372	25.011543	25.012669	25.013746	25.014772	25.015739	25.016651	25.017496	25.018276	25.018986	25.019627	25.020191	25.020679	25.021088	25.021418	25.021666	25.021832	25.021915	25.021915	25.021832	25.021667	25.021420	25.021090	25.020679	25.020191	25.019627	25.018990	25.018278	25.017500	25.016651	25.015739	25.014771	25.013744	25.012669	25.011543	25.010372	25.009165	25.007921	25.006645	25.005348	25.004028	25.002693	25.001350	
25.000675	25.001350	25.002018	25.002678	25.003330	25.003967	25.004589	25.005196	25.005783	25.006348	25.006886	25.007399	25.007885	25.008341	25.008766	25.009155	25.009512	25.009830	25.010117	25.010361	25.010565	25.010729	25.010853	25.010937	25.010979	25.010979	25.010937	25.010853	25.010729	25.010563	25.010361	25.010115	25.009832	25.009510	25.009157	25.008766	25.008343	25.007885	25.007399	25.006886	25.006348	25.005783	25.005198	25.004591	25.003967	25.003330	25.002678	25.002018	25.001350	25.000675	
