25.004757	25.009495	25.014194	25.018845	25.023422	25.027916	25.032297	25.036564	25.040689	25.044664	25.048466	25.052094	25.055515	25.058735	25.061726	25.064487	25.067001	25.069263	25.071259	25.072989	25.074436	25.075605	25.076483	25.077072	25.077366	25.077366	25.077072	25.076485	25.075605	25.074436	25.072989	25.071257	25.069263	25.066999	25.064487	25.061726	25.058735	25.055515	25.052094	25.048468	25.044666	25.040689	25.036566	25.032299	25.027916	25.023424	25.018845	25.014194	25.009495	25.004755	
25.009491	25.018951	25.028339	25.037617	25.046761	25.055721	25.064480	25.072990	25.081232	25.089157	25.096760	25.103983	25.110828	25.117241	25.123224	25.128727	25.133753	25.138262	25.142256	25.145697	25.148598	25.150923	25.152681	25.153852	25.154440	25.154440	25.153852	25.152681	25.150923	25.148598	25.145699	25.142256	25.138260	25.133753	25.128725	25.123224	25.117241	25.110830	25.103985	25.096760	25.089157	25.081234	25.072989	25.064482	25.055721	25.046761	25.037619	25.028341	25.018951	25.009495	
25.014194	25.028339	25.042374	25.056255	25.069916	25.083328	25.096413	25.109148	25.121458	25.133327	25.144676	25.155499	25.165714	25.175322	25.184248	25.192495	25.199991	25.206751	25.212708	25.217871	25.222191	25.225681	25.228300	25.230057	25.230936	25.230936	25.230059	25.228302	25.225681	25.222191	25.217871	25.212706	25.206751	25.199991	25.192495	25.184246	25.175323	25.165714	25.155499	25.144674	25.133329	25.121456	25.109150	25.096409	25.083328	25.069918	25.056255	25.042374	25.028339	25.014194	
25.018845	25.037617	25.056255	25.074673	25.092821	25.110607	25.127995	25.144884	25.161247	25.176979	25.192068	25.206409	25.219995	25.232725	25.244600	25.255520	25.265501	25.274446	25.282375	25.289211	25.294966	25.299582	25.303074	25.305397	25.306568	25.306568	25.305399	25.303074	25.299582	25.294968	25.289211	25.282377	25.274448	25.265501	25.255522	25.244600	25.232725	25.219995	25.206409	25.192070	25.176977	25.161247	25.144882	25.127996	25.110607	25.092819	25.074673	25.056255	25.037617	25.018845	
25.023422	25.046761	25.069916	25.092819	25.115364	25.137489	25.159081	25.180094	25.200407	25.219990	25.238716	25.256573	25.273426	25.289280	25.304007	25.317616	25.329987	25.341137	25.350965	25.359486	25.366617	25.372372	25.376696	25.379599	25.381046	25.381046	25.379599	25.376696	25.372375	25.366617	25.359488	25.350967	25.341139	25.329987	25.317616	25.304007	25.289280	25.273428	25.256573	25.238716	25.219992	25.200405	25.180096	25.159077	25.137489	25.115362	25.092819	25.069916	25.046761	25.023422	
25.027916	25.055721	25.083326	25.110607	25.137489	25.163836	25.189590	25.214603	25.238840	25.262144	25.284496	25.305737	25.325865	25.344717	25.362307	25.378483	25.393265	25.406517	25.418264	25.428389	25.436913	25.443748	25.448917	25.452364	25.454096	25.454096	25.452364	25.448919	25.443750	25.436913	25.428389	25.418266	25.406519	25.393267	25.378483	25.362307	25.344719	25.325865	25.305740	25.284498	25.262146	25.238842	25.214600	25.189590	25.163834	25.137489	25.110605	25.083324	25.055719	25.027914	
25.032295	25.064480	25.096409	25.127995	25.159079	25.189590	25.219360	25.248337	25.276346	25.303352	25.329172	25.353796	25.377035	25.398897	25.419203	25.437969	25.455029	25.470406	25.483959	25.495708	25.505539	25.513477	25.519440	25.523439	25.525436	25.525436	25.523439	25.519442	25.513477	25.505543	25.495708	25.483959	25.470409	25.455030	25.437971	25.419205	25.398897	25.377035	25.353794	25.329172	25.303352	25.276344	25.248337	25.219357	25.189590	25.159077	25.127995	25.096409	25.064480	25.032295	
25.036564	25.072987	25.109146	25.144878	25.180096	25.214602	25.248339	25.281101	25.312851	25.343376	25.372654	25.400476	25.426838	25.451532	25.474573	25.495762	25.515125	25.532486	25.547869	25.561134	25.572294	25.581253	25.588022	25.592537	25.594805	25.594805	25.592537	25.588024	25.581253	25.572296	25.561134	25.547871	25.532490	25.515127	25.495766	25.474571	25.451530	25.426838	25.400475	25.372652	25.343372	25.312847	25.281097	25.248335	25.214600	25.180092	25.144878	25.109146	25.072985	25.036564	
25.040688	25.081230	25.121456	25.161245	25.200401	25.238842	25.276344	25.312851	25.348133	25.382153	25.414684	25.445702	25.474981	25.502520	25.528101	25.551743	25.573235	25.592606	25.609680	25.624477	25.636869	25.646864	25.654377	25.659416	25.661930	25.661932	25.659416	25.654377	25.646866	25.636868	25.624479	25.609678	25.592607	25.573238	25.551743	25.528105	25.502520	25.474979	25.445702	25.414680	25.382153	25.348131	25.312847	25.276340	25.238838	25.200401	25.161243	25.121452	25.081230	25.040688	
25.044664	25.089157	25.133326	25.176975	25.219988	25.262144	25.303350	25.343374	25.382153	25.419441	25.455204	25.489191	25.521389	25.551558	25.579700	25.605587	25.629238	25.650448	25.669235	25.685436	25.699074	25.710014	25.718287	25.723801	25.726570	25.726570	25.723801	25.718287	25.710018	25.699076	25.685440	25.669237	25.650448	25.629240	25.605591	25.579700	25.551561	25.521389	25.489191	25.455204	25.419437	25.382153	25.343374	25.303350	25.262140	25.219988	25.176975	25.133324	25.089155	25.044664	
25.048466	25.096756	25.144672	25.192066	25.238710	25.284494	25.329170	25.372650	25.414680	25.455204	25.493952	25.530899	25.565777	25.598579	25.629053	25.657209	25.682816	25.705887	25.726227	25.743855	25.758612	25.770519	25.779465	25.785467	25.788465	25.788467	25.785465	25.779469	25.770519	25.758610	25.743855	25.726227	25.705887	25.682817	25.657211	25.629055	25.598579	25.565777	25.530899	25.493950	25.455202	25.414680	25.372650	25.329166	25.284494	25.238708	25.192068	25.144672	25.096758	25.048466	
25.052094	25.103981	25.155497	25.206406	25.256569	25.305735	25.353794	25.400475	25.445700	25.489191	25.530899	25.570538	25.608089	25.643278	25.676100	25.706293	25.733873	25.758612	25.780521	25.799423	25.815321	25.828087	25.837729	25.844158	25.847391	25.847389	25.844162	25.837729	25.828087	25.815321	25.799423	25.780523	25.758612	25.733871	25.706295	25.676098	25.643280	25.608089	25.570539	25.530895	25.489189	25.445698	25.400471	25.353794	25.305733	25.256571	25.206406	25.155497	25.103981	25.052094	
25.055511	25.110825	25.165710	25.219994	25.273426	25.325861	25.377033	25.426836	25.474981	25.521391	25.565777	25.608089	25.648045	25.685616	25.720524	25.752769	25.782101	25.808523	25.831825	25.852013	25.868917	25.882557	25.892805	25.899677	25.903112	25.903112	25.899677	25.892807	25.882557	25.868919	25.852011	25.831825	25.808525	25.782104	25.752769	25.720526	25.685614	25.648045	25.608089	25.565777	25.521389	25.474977	25.426836	25.377031	25.325863	25.273422	25.219994	25.165710	25.110828	25.055513	
25.058731	25.117237	25.175322	25.232723	25.289280	25.344717	25.398897	25.451532	25.502522	25.551559	25.598579	25.643280	25.685612	25.725292	25.762291	25.796339	25.827431	25.855328	25.880028	25.901340	25.919264	25.933661	25.944529	25.951780	25.955423	25.955423	25.951782	25.944529	25.933661	25.919266	25.901340	25.880030	25.855328	25.827433	25.796341	25.762291	25.725294	25.685612	25.643280	25.598576	25.551559	25.502518	25.451532	25.398897	25.344715	25.289282	25.232723	25.175320	25.117237	25.058733	
25.061722	25.123220	25.184244	25.244598	25.304007	25.362307	25.419205	25.474573	25.528103	25.579700	25.629059	25.676098	25.720524	25.762291	25.801109	25.836958	25.869574	25.898947	25.924856	25.947298	25.966103	25.981258	25.992659	26.000298	26.004116	26.004118	26.000298	25.992661	25.981260	25.966101	25.947300	25.924856	25.898947	25.869576	25.836960	25.801113	25.762291	25.720526	25.676098	25.629057	25.579700	25.528107	25.474573	25.419203	25.362307	25.304005	25.244598	25.184242	25.123220	25.061722	
25.064486	25.128723	25.192493	25.255522	25.317614	25.378483	25.437969	25.495766	25.551743	25.605589	25.657211	25.706295	25.752769	25.796341	25.836956	25.874348	25.908478	25.939112	25.966228	25.989632	26.009308	26.025116	26.037048	26.045017	26.049015	26.049011	26.045013	26.037048	26.025120	26.009308	25.989632	25.966228	25.939112	25.908482	25.874348	25.836960	25.796341	25.752769	25.706295	25.657209	25.605591	25.551741	25.495764	25.437969	25.378483	25.317616	25.255520	25.192495	25.128723	25.064486	
25.066998	25.133751	25.199993	25.265499	25.329987	25.393265	25.455029	25.515125	25.573238	25.629236	25.682817	25.733871	25.782104	25.827429	25.869576	25.908478	25.943890	25.975765	26.003895	26.028252	26.048662	26.065115	26.077490	26.085781	26.089928	26.089928	26.085781	26.077490	26.065113	26.048662	26.028252	26.003895	25.975767	25.943890	25.908482	25.869576	25.827433	25.782103	25.733871	25.682819	25.629238	25.573238	25.515123	25.455030	25.393265	25.329987	25.265503	25.199991	25.133751	25.066998	
25.069262	25.138258	25.206749	25.274448	25.341137	25.406519	25.470406	25.532486	25.592606	25.650448	25.705887	25.758614	25.808521	25.855331	25.898945	25.939114	25.975767	26.008675	26.037792	26.062935	26.084064	26.101049	26.113861	26.122417	26.126713	26.126709	26.122419	26.113861	26.101048	26.084064	26.062935	26.037794	26.008675	25.975767	25.939114	25.898949	25.855328	25.808525	25.758614	25.705885	25.650448	25.592606	25.532486	25.470406	25.406517	25.341139	25.274446	25.206751	25.138258	25.069263	
25.071257	25.142254	25.212708	25.282375	25.350967	25.418262	25.483959	25.547869	25.609680	25.669235	25.726227	25.780521	25.831825	25.880026	25.924858	25.966228	26.003895	26.037792	26.067715	26.093613	26.115328	26.132822	26.145988	26.154804	26.159214	26.159214	26.154804	26.145988	26.132822	26.115328	26.093615	26.067715	26.037792	26.003895	25.966228	25.924856	25.880030	25.831825	25.780521	25.726229	25.669235	25.609682	25.547871	25.483959	25.418262	25.350964	25.282379	25.212708	25.142256	25.071259	
25.072989	25.145697	25.217869	25.289211	25.359486	25.428391	25.495708	25.561132	25.624477	25.685440	25.743853	25.799423	25.852009	25.901340	25.947296	25.989632	26.028250	26.062935	26.093613	26.120113	26.142376	26.160275	26.173773	26.182795	26.187319	26.187317	26.182796	26.173775	26.160275	26.142376	26.120111	26.093616	26.062935	26.028252	25.989632	25.947300	25.901340	25.852011	25.799423	25.743851	25.685442	25.624477	25.561134	25.495708	25.428387	25.359488	25.289211	25.217873	25.145699	25.072989	
25.074434	25.148596	25.222193	25.294968	25.366619	25.436913	25.505543	25.572296	25.636869	25.699074	25.758614	25.815321	25.868919	25.919262	25.966099	26.009308	26.048664	26.084064	26.115330	26.142374	26.165062	26.183332	26.197088	26.206293	26.210905	26.210903	26.206295	26.197086	26.183332	26.165062	26.142376	26.115330	26.084066	26.048664	26.009312	25.966099	25.919264	25.868919	25.815321	25.758614	25.699074	25.636871	25.572296	25.505543	25.436913	25.366617	25.294966	25.222191	25.148598	25.074436	
25.075603	25.150923	25.225681	25.299583	25.372372	25.443752	25.513477	25.581257	25.646866	25.710022	25.770517	25.828087	25.882553	25.933659	25.981256	26.025118	26.065113	26.101049	26.132820	26.160275	26.183331	26.201876	26.215857	26.225203	26.229887	26.229889	26.225201	26.215858	26.201874	26.183334	26.160275	26.132824	26.101046	26.065113	26.025116	25.981258	25.933659	25.882555	25.828089	25.770519	25.710018	25.646866	25.581253	25.513479	25.443750	25.372374	25.299583	25.225681	25.150923	25.075605	
25.076483	25.152681	25.228302	25.303074	25.376698	25.448917	25.519440	25.588024	25.654379	25.718285	25.779469	25.837727	25.892805	25.944527	25.992657	26.037045	26.077490	26.113861	26.145987	26.173773	26.197086	26.215855	26.229992	26.239450	26.244190	26.244188	26.239450	26.229992	26.215858	26.197086	26.173775	26.145987	26.113861	26.077488	26.037046	25.992657	25.944527	25.892805	25.837727	25.779469	25.718285	25.654377	25.588024	25.519438	25.448919	25.376696	25.303072	25.228302	25.152681	25.076483	
25.077072	25.153852	25.230061	25.305401	25.379599	25.452366	25.523439	25.592537	25.659416	25.723803	25.785467	25.844162	25.899677	25.951782	26.000296	26.045013	26.085777	26.122417	26.154802	26.182793	26.206293	26.225201	26.239449	26.248981	26.253754	26.253756	26.248980	26.239450	26.225201	26.206295	26.182793	26.154804	26.122417	26.085779	26.045013	26.000296	25.951782	25.899679	25.844162	25.785469	25.723801	25.659416	25.592537	25.523441	25.452362	25.379601	25.305397	25.230061	25.153852	25.077070	
25.077366	25.154442	25.230938	25.306568	25.381046	25.454096	25.525438	25.594807	25.661934	25.726570	25.788467	25.847393	25.903112	25.955423	26.004116	26.049009	26.089928	26.126711	26.159214	26.187315	26.210901	26.229885	26.244186	26.253754	26.258547	26.258549	26.253754	26.244188	26.229885	26.210903	26.187317	26.159214	26.126711	26.089926	26.049011	26.004116	25.955423	25.903112	25.847393	25.788467	25.726570	25.661934	25.594805	25.525436	25.454096	25.381046	25.306568	25.230936	25.154442	25.077366	
25.077366	25.154442	25.230938	25.306568	25.381046	25.454096	25.525438	25.594807	25.661934	25.726570	25.788467	25.847393	25.903112	25.955423	26.004116	26.049009	26.089928	26.126711	26.159214	26.187315	26.210901	26.229885	26.244186	26.253754	26.258547	26.258549	26.253754	26.244188	26.229885	26.210903	26.187317	26.159214	26.126711	26.089926	26.049011	26.004116	25.955423	25.903112	25.847393	25.788467	25.726570	25.661934	25.594805	25.525436	25.454096	25.381046	25.306568	25.230936	25.154442	25.077366	
25.077072	25.153852	25.230061	25.305401	25.379599	25.452366	25.523439	25.592537	25.659416	25.723803	25.785467	25.844162	25.899677	25.951782	26.000296	26.045013	26.085777	26.122417	26.154802	26.182793	26.206293	26.225201	26.239449	26.248981	26.253754	26.253756	26.248980	26.239450	26.225201	26.206295	26.182793	26.154804	26.122417	26.085779	26.045013	26.000296	25.951782	25.899679	25.844162	25.785469	25.723801	25.659416	25.592537	25.523441	25.452362	25.379601	25.305397	25.230061	25.153852	25.077070	
25.076483	25.152681	25.228302	25.303074	25.376698	25.448917	25.519440	25.588024	25.654379	25.718285	25.779469	25.837727	25.892805	25.944527	25.992657	26.037045	26.077490	26.113861	26.145987	26.173773	26.197086	26.215855	26.229992	26.239450	26.244190	26.244188	26.239450	26.229992	26.215858	26.197086	26.173775	26.145987	26.113861	26.077488	26.037046	25.992657	25.944527	25.892805	25.837727	25.779469	25.718285	25.654377	25.588024	25.519438	25.448919	25.376696	25.303072	25.228302	25.152681	25.076483	
25.075603	25.150923	25.225681	25.299583	25.372372	25.443752	25.513477	25.581257	25.646866	25.710022	25.770517	25.828087	25.882553	25.933659	25.981256	26.025118	26.065113	26.101049	26.132820	26.160275	26.183331	26.201876	26.215857	26.225203	26.229887	26.229889	26.225201	26.215858	26.201874	26.183334	26.160275	26.132824	26.101046	26.065113	26.025116	25.981258	25.933659	25.882555	25.828089	25.770519	25.710018	25.646866	25.581253	25.513479	25.443750	25.372374	25.299583	25.225681	25.150923	25.075605	
25.074434	25.148596	25.222193	25.294968	25.366619	25.436913	25.505543	25.572296	25.636869	25.699074	25.758614	25.815321	25.868919	25.919262	25.966099	26.009308	26.048664	26.084064	26.115330	26.142374	26.165062	26.183332	26.197088	26.206293	26.210905	26.210903	26.206295	26.197086	26.183332	26.165062	26.142376	26.115330	26.084066	26.048664	26.009312	25.966099	25.919264	25.868919	25.815321	25.758614	25.699074	25.636871	25.572296	25.505543	25.436913	25.366617	25.294966	25.222191	25.148598	25.074436	
25.072989	25.145697	25.217869	25.289211	25.359486	25.428391	25.495708	25.561132	25.624477	25.685440	25.743853	25.799423	25.852009	25.901340	25.947296	25.989632	26.028250	26.062935	26.093613	26.120113	26.142376	26.160275	26.173773	26.182795	26.187319	26.187317	26.182796	26.173775	26.160275	26.142376	26.120111	26.093616	26.062935	26.028252	25.989632	25.947300	25.901340	25.852011	25.799423	25.743851	25.685442	25.624477	25.561134	25.495708	25.428387	25.359488	25.289211	25.217873	25.145699	25.072989	
25.071257	25.142254	25.212708	25.282375	25.350967	25.418262	25.483959	25.547869	25.609680	25.669235	25.726227	25.780521	25.831825	25.880026	25.924858	25.966228	26.003895	26.037792	26.067715	26.093613	26.115328	26.132822	26.145988	26.154804	26.159214	26.159214	26.154804	26.145988	26.132822	26.115328	26.093615	26.067715	26.037792	26.003895	25.966228	25.924856	25.880030	25.831825	25.780521	25.726229	25.669235	25.609682	25.547871	25.483959	25.418262	25.350964	25.282379	25.212708	25.142256	25.071259	
25.069262	25.138258	25.206749	25.274448	25.341137	25.406519	25.470406	25.532486	25.592606	25.650448	25.705887	25.758614	25.808521	25.855331	25.898945	25.939114	25.975767	26.008675	26.037792	26.062935	26.084064	26.101049	26.113861	26.122417	26.126713	26.126709	26.122419	26.113861	26.101048	26.084064	26.062935	26.037794	26.008675	25.975767	25.939114	25.898949	25.855328	25.808525	25.758614	25.705885	25.650448	25.592606	25.532486	25.470406	25.406517	25.341139	25.274446	25.206751	25.138258	25.069263	
25.066998	25.133751	25.199993	25.265499	25.329987	25.393265	25.455029	25.515125	25.573238	25.629236	25.682817	25.733871	25.782104	25.827429	25.869576	25.908478	25.943890	25.975765	26.003895	26.028252	26.048662	26.065115	26.077490	26.085781	26.089928	26.089928	26.085781	26.077490	26.065113	26.048662	26.028252	26.003895	25.975767	25.943890	25.908482	25.869576	25.827433	25.782103	25.733871	25.682819	25.629238	25.573238	25.515123	25.455030	25.393265	25.329987	25.265503	25.199991	25.133751	25.066998	
25.064486	25.128723	25.192493	25.255522	25.317614	25.378483	25.437969	25.495766	25.551743	25.605589	25.657211	25.706295	25.752769	25.796341	25.836956	25.874348	25.908478	25.939112	25.966228	25.989632	26.009308	26.025116	26.037048	26.045017	26.049015	26.049011	26.045013	26.037048	26.025120	26.009308	25.989632	25.966228	25.939112	25.908482	25.874348	25.836960	25.796341	25.752769	25.706295	25.657209	25.605591	25.551741	25.495764	25.437969	25.378483	25.317616	25.255520	25.192495	25.128723	25.064486	
25.061722	25.123220	25.184244	25.244598	25.304007	25.362307	25.419205	25.474573	25.528103	25.579700	25.629059	25.676098	25.720524	25.762291	25.801109	25.836958	25.869574	25.898947	25.924856	25.947298	25.966103	25.981258	25.992659	26.000298	26.004116	26.004118	26.000298	25.992661	25.981260	25.966101	25.947300	25.924856	25.898947	25.869576	25.836960	25.801113	25.762291	25.720526	25.676098	25.629057	25.579700	25.528107	25.474573	25.419203	25.362307	25.304005	25.244598	25.184242	25.123220	25.061722	
25.058731	25.117237	25.175322	25.232723	25.289280	25.344717	25.398897	25.451532	25.502522	25.551559	25.598579	25.643280	25.685612	25.725292	25.762291	25.796339	25.827431	25.855328	25.880028	25.901340	25.919264	25.933661	25.944529	25.951780	25.955423	25.955423	25.951782	25.944529	25.933661	25.919266	25.901340	25.880030	25.855328	25.827433	25.796341	25.762291	25.725294	25.685612	25.643280	25.598576	25.551559	25.502518	25.451532	25.398897	25.344715	25.289282	25.232723	25.175320	25.117237	25.058733	
25.055511	25.110825	25.165710	25.219994	25.273426	25.325861	25.377033	25.426836	25.474981	25.521391	25.565777	25.608089	25.648045	25.685616	25.720524	25.752769	25.782101	25.808523	25.831825	25.852013	25.868917	25.882557	25.892805	25.899677	25.903112	25.903112	25.899677	25.892807	25.882557	25.868919	25.852011	25.831825	25.808525	25.782104	25.752769	25.720526	25.685614	25.648045	25.608089	25.565777	25.521389	25.474977	25.426836	25.377031	25.325863	25.273422	25.219994	25.165710	25.110828	25.055513	
25.052094	25.103981	25.155497	25.206406	25.256569	25.305735	25.353794	25.400475	25.445700	25.489191	25.530899	25.570538	25.608089	25.643278	25.676100	25.706293	25.733873	25.758612	25.780521	25.799423	25.815321	25.828087	25.837729	25.844158	25.847391	25.847389	25.844162	25.837729	25.828087	25.815321	25.799423	25.780523	25.758612	25.733871	25.706295	25.676098	25.643280	25.608089	25.570539	25.530895	25.489189	25.445698	25.400471	25.353794	25.305733	25.256571	25.206406	25.155497	25.103981	25.052094	
25.048466	25.096756	25.144672	25.192066	25.238710	25.284494	25.329170	25.372650	25.414680	25.455204	25.493952	25.530899	25.565777	25.598579	25.629053	25.657209	25.682816	25.705887	25.726227	25.743855	25.758612	25.770519	25.779465	25.785467	25.788465	25.788467	25.785465	25.779469	25.770519	25.758610	25.743855	25.726227	25.705887	25.682817	25.657211	25.629055	25.598579	25.565777	25.530899	25.493950	25.455202	25.414680	25.372650	25.329166	25.284494	25.238708	25.192068	25.144672	25.096758	25.048466	
25.044664	25.089157	25.133326	25.176975	25.219988	25.262144	25.303350	25.343374	25.382153	25.419441	25.455204	25.489191	25.521389	25.551558	25.579700	25.605587	25.629238	25.650448	25.669235	25.685436	25.699074	25.710014	25.718287	25.723801	25.726570	25.726570	25.723801	25.718287	25.710018	25.699076	25.685440	25.669237	25.650448	25.629240	25.605591	25.579700	25.551561	25.521389	25.489191	25.455204	25.419437	25.382153	25.343374	25.303350	25.262140	25.219988	25.176975	25.133324	25.089155	25.044664	
25.040688	25.081230	25.121456	25.161245	25.200401	25.238842	25.276344	25.312851	25.348133	25.382153	25.414684	25.445702	25.474981	25.502520	25.528101	25.551743	25.573235	25.592606	25.609680	25.624477	25.636869	25.646864	25.654377	25.659416	25.661930	25.661932	25.659416	25.654377	25.646866	25.636868	25.624479	25.609678	25.592607	25.573238	25.551743	25.528105	25.502520	25.474979	25.445702	25.414680	25.382153	25.348131	25.312847	25.276340	25.238838	25.200401	25.161243	25.121452	25.081230	25.040688	
25.036564	25.072987	25.109146	25.144878	25.180096	25.214602	25.248339	25.281101	25.312851	25.343376	25.372654	25.400476	25.426838	25.451532	25.474573	25.495762	25.515125	25.532486	25.547869	25.561134	25.572294	25.581253	25.588022	25.592537	25.594805	25.594805	25.592537	25.588024	25.581253	25.572296	25.561134	25.547871	25.532490	25.515127	25.495766	25.474571	25.451530	25.426838	25.400475	25.372652	25.343372	25.312847	25.281097	25.248335	25.214600	25.180092	25.144878	25.109146	25.072985	25.036564	
25.032295	25.064480	25.096409	25.127995	25.159079	25.189590	25.219360	25.248337	25.276346	25.303352	25.329172	25.353796	25.377035	25.398897	25.419203	25.437969	25.455029	25.470406	25.483959	25.495708	25.505539	25.513477	25.519440	25.523439	25.525436	25.525436	25.523439	25.519442	25.513477	25.505543	25.495708	25.483959	25.470409	25.455030	25.437971	25.419205	25.398897	25.377035	25.353794	25.329172	25.303352	25.276344	25.248337	25.219357	25.189590	25.159077	25.127995	25.096409	25.064480	25.032295	
25.027916	25.055721	25.083326	25.110607	25.137489	25.163836	25.189590	25.214603	25.238840	25.262144	25.284496	25.305737	25.325865	25.344717	25.362307	25.378483	25.393265	25.406517	25.418264	25.428389	25.436913	25.443748	25.448917	25.452364	25.454096	25.454096	25.452364	25.448919	25.443750	25.436913	25.428389	25.418266	25.406519	25.393267	25.378483	25.362307	25.344719	25.325865	25.305740	25.284498	25.262146	25.238842	25.214600	25.189590	25.163834	25.137489	25.110605	25.083324	25.055719	25.027914	
25.023422	25.046761	25.069916	25.092819	25.115364	25.137489	25.159081	25.180094	25.200407	25.219990	25.238716	25.256573	25.273426	25.289280	25.304007	25.317616	25.329987	25.341137	25.350965	25.359486	25.366617	25.372372	25.376696	25.379599	25.381046	25.381046	25.379599	25.376696	25.372375	25.366617	25.359488	25.350967	25.341139	25.329987	25.317616	25.304007	25.289280	25.273428	25.256573	25.238716	25.219992	25.200405	25.180096	25.159077	25.137489	25.115362	25.092819	25.069916	25.046761	25.023422	
25.018845	25.037617	25.056255	25.074673	25.092821	25.110607	25.127995	25.144884	25.161247	25.176979	25.192068	25.206409	25.219995	25.232725	25.244600	25.255520	25.265501	25.274446	25.282375	25.289211	25.294966	25.299582	25.303074	25.305397	25.306568	25.306568	25.305399	25.303074	25.299582	25.294968	25.289211	25.282377	25.274448	25.265501	25.255522	25.244600	25.232725	25.219995	25.206409	25.192070	25.176977	25.161247	25.144882	25.127996	25.110607	25.092819	25.074673	25.056255	25.037617	25.018845	
25.014194	25.028339	25.042374	25.056255	25.069916	25.083328	25.096413	25.109148	25.121458	25.133327	25.144676	25.155499	25.165714	25.175322	25.184248	25.192495	25.199991	25.206751	25.212708	25.217871	25.222191	25.225681	25.228300	25.230057	25.230936	25.230936	25.230059	25.228302	25.225681	25.222191	25.217871	25.212706	25.206751	25.199991	25.192495	25.184246	25.175323	25.165714	25.155499	25.144674	25.133329	25.121456	25.109150	25.096409	25.083328	25.069918	25.056255	25.042374	25.028339	25.014194	
25.009491	25.018951	25.028339	25.037617	25.046761	25.055721	25.064480	25.072990	25.081232	25.089157	25.096760	25.103983	25.110828	25.117241	25.123224	25.128727	25.133753	25.138262	25.142256	25.145697	25.148598	25.150923	25.152681	25.153852	25.154440	25.154440	25.153852	25.152681	25.150923	25.148598	25.145699	25.142256	25.138260	25.133753	25.128725	25.123224	25.117241	25.110830	25.103985	25.096760	25.089157	25.081234	25.072989	25.064482	25.055721	25.046761	25.037619	25.028341	25.018951	25.009495	
25.004757	25.009495	25.014194	25.018845	25.023422	25.027916	25.032297	25.036564	25.040689	25.044664	25.048466	25.052094	25.055515	25.058735	25.061726	25.064487	25.067001	25.069263	25.071259	25.072989	25.074436	25.075605	25.076483	25.077072	25.077366	25.077366	25.077072	25.076485	25.075605	25.074436	25.072989	25.071257	25.069263	25.066999	25.064487	25.061726	25.058735	25.055515	25.052094	25.048468	25.044666	25.040689	25.036566	25.032299	25.027916	25.023424	25.018845	25.014194	25.009495	25.004755	
