25.001080	25.002333	25.003553	25.005318	25.006979	25.009596	25.011986	25.015776	25.019131	25.024336	25.028793	25.035503	25.041042	25.049082	25.055471	25.064360	25.071121	25.080082	25.086544	25.094585	25.099972	25.106066	25.109644	25.112932	25.114189	25.114189	25.112934	25.109644	25.106064	25.099970	25.094585	25.086544	25.080086	25.071121	25.064360	25.055468	25.049080	25.041042	25.035500	25.028793	25.024336	25.019127	25.015774	25.011984	25.009594	25.006979	25.005316	25.003553	25.002335	25.001078	
25.002335	25.004639	25.007675	25.010588	25.015028	25.019163	25.025709	25.031612	25.040863	25.048946	25.061264	25.071665	25.086973	25.099440	25.117081	25.130873	25.149536	25.163441	25.181263	25.193748	25.208591	25.218052	25.227921	25.233027	25.236486	25.236488	25.233027	25.227919	25.218050	25.208591	25.193745	25.181265	25.163441	25.149538	25.130867	25.117081	25.099438	25.086971	25.071663	25.061260	25.048946	25.040859	25.031610	25.025703	25.019163	25.015026	25.010586	25.007673	25.004635	25.002335	
25.003553	25.007671	25.011700	25.017475	25.022966	25.031521	25.039408	25.051788	25.062855	25.079853	25.094557	25.116440	25.134708	25.160919	25.181980	25.210953	25.233238	25.262440	25.283722	25.309923	25.327652	25.347504	25.359287	25.370003	25.374138	25.374138	25.370001	25.359287	25.347500	25.327652	25.309921	25.283722	25.262440	25.233234	25.210953	25.181976	25.160919	25.134708	25.116436	25.094555	25.079851	25.062851	25.051783	25.039406	25.031515	25.022964	25.017475	25.011696	25.007673	25.003551	
25.005318	25.010588	25.017477	25.024155	25.034201	25.043682	25.058456	25.071993	25.092859	25.111370	25.139128	25.162930	25.197411	25.225918	25.265633	25.297153	25.339151	25.370918	25.411011	25.439520	25.472902	25.494503	25.516687	25.528347	25.536129	25.536129	25.528347	25.516685	25.494503	25.472900	25.439518	25.411011	25.370918	25.339149	25.297150	25.265635	25.225916	25.197411	25.162926	25.139126	25.111366	25.092854	25.071991	25.058455	25.043680	25.034199	25.024155	25.017475	25.010584	25.005318	
25.006979	25.015030	25.022968	25.034203	25.045044	25.061630	25.077206	25.101173	25.123001	25.155880	25.184858	25.227140	25.263121	25.313728	25.355167	25.411091	25.454910	25.511238	25.553076	25.603600	25.638439	25.676704	25.699860	25.720512	25.728634	25.728636	25.720512	25.699860	25.676704	25.638439	25.603596	25.553076	25.511242	25.454908	25.411091	25.355165	25.313732	25.263117	25.227139	25.184856	25.155876	25.123001	25.101170	25.077202	25.061625	25.045044	25.034197	25.022966	25.015026	25.006979	
25.009596	25.019163	25.031519	25.043682	25.061628	25.078903	25.105240	25.129877	25.167019	25.200676	25.250032	25.293270	25.354534	25.406273	25.476784	25.533951	25.608471	25.666058	25.737158	25.788811	25.848001	25.887127	25.926451	25.947569	25.961361	25.961359	25.947569	25.926449	25.887129	25.848000	25.788815	25.737160	25.666058	25.608471	25.533951	25.476786	25.406273	25.354534	25.293268	25.250031	25.200676	25.167015	25.129875	25.105240	25.078899	25.061626	25.043682	25.031515	25.019163	25.009596	
25.011984	25.025707	25.039410	25.058458	25.077206	25.105240	25.132156	25.172596	25.210281	25.265686	25.315655	25.386843	25.448830	25.533962	25.605297	25.699301	25.774687	25.869328	25.941259	26.026108	26.085987	26.150238	26.190022	26.224693	26.238647	26.238647	26.224691	26.190022	26.150234	26.085989	26.026108	25.941261	25.869326	25.774689	25.699301	25.605297	25.533962	25.448830	25.386843	25.315655	25.265686	25.210281	25.172596	25.132156	25.105240	25.077206	25.058455	25.039408	25.025705	25.011984	
25.015776	25.031612	25.051786	25.071995	25.101173	25.129879	25.172596	25.213509	25.273653	25.329487	25.409325	25.480980	25.579987	25.665649	25.779520	25.874100	25.994368	26.089586	26.204285	26.289656	26.385101	26.449745	26.513144	26.548029	26.570261	26.570259	26.548027	26.513142	26.449745	26.385099	26.289658	26.204285	26.089586	25.994368	25.874100	25.779520	25.665649	25.579987	25.480976	25.409325	25.329487	25.273655	25.213509	25.172596	25.129875	25.101170	25.071991	25.051785	25.031610	25.015774	
25.019127	25.040863	25.062855	25.092857	25.123003	25.167019	25.210281	25.273655	25.334169	25.420879	25.501041	25.612337	25.711689	25.844681	25.958923	26.105675	26.226332	26.373997	26.489063	26.621399	26.717152	26.817326	26.880926	26.934978	26.957283	26.957283	26.934977	26.880926	26.817324	26.717152	26.621395	26.489063	26.373993	26.226332	26.105675	25.958923	25.844679	25.711689	25.612335	25.501041	25.420877	25.334167	25.273651	25.210283	25.167017	25.123001	25.092857	25.062851	25.040861	25.019127	
25.024336	25.048946	25.079851	25.111370	25.155880	25.200676	25.265688	25.329487	25.420877	25.507866	25.629049	25.740582	25.890728	26.023964	26.196524	26.343531	26.525679	26.673594	26.847233	26.979790	27.124229	27.224573	27.320492	27.374632	27.408268	27.408268	27.374632	27.320490	27.224573	27.124228	26.979790	26.847229	26.673594	26.525677	26.343531	26.196522	26.023964	25.890728	25.740582	25.629045	25.507868	25.420876	25.329485	25.265686	25.200676	25.155880	25.111366	25.079853	25.048944	25.024336	
25.028793	25.061260	25.094557	25.139126	25.184856	25.250032	25.315657	25.409327	25.501041	25.629049	25.750437	25.914585	26.064901	26.260906	26.433632	26.649784	26.832098	27.049484	27.223278	27.418024	27.562592	27.709969	27.805971	27.885479	27.919144	27.919144	27.885479	27.805971	27.709965	27.562590	27.418022	27.223276	27.049480	26.832098	26.649782	26.433632	26.260904	26.064903	25.914581	25.750435	25.629047	25.501041	25.409325	25.315655	25.250034	25.184856	25.139126	25.094555	25.061262	25.028791	
25.035500	25.071663	25.116436	25.162930	25.227142	25.293270	25.386845	25.480978	25.612339	25.740582	25.914585	26.078880	26.294308	26.490429	26.737858	26.954117	27.215160	27.432648	27.681389	27.876226	28.083076	28.230522	28.367861	28.447403	28.495560	28.495556	28.447405	28.367859	28.230522	28.083075	27.876225	27.681385	27.432648	27.215157	26.954117	26.737854	26.490429	26.294304	26.078880	25.914585	25.740582	25.612337	25.480976	25.386843	25.293268	25.227142	25.162928	25.116436	25.071663	25.035500	
25.041042	25.086975	25.134708	25.197412	25.263119	25.354538	25.448830	25.579988	25.711689	25.890732	26.064903	26.294310	26.509836	26.783583	27.031086	27.332809	27.593920	27.897234	28.146038	28.417669	28.624573	28.830088	28.967457	29.078316	29.126480	29.126480	29.078314	28.967459	28.830086	28.624573	28.417667	28.146034	27.897232	27.593918	27.332806	27.031088	26.783579	26.509836	26.294308	26.064901	25.890728	25.711689	25.579987	25.448828	25.354534	25.263117	25.197411	25.134708	25.086973	25.041042	
25.049080	25.099438	25.160919	25.225918	25.313730	25.406273	25.533964	25.665651	25.844683	26.023962	26.260908	26.490429	26.783583	27.057392	27.393909	27.695679	28.050552	28.353909	28.691936	28.963610	29.244640	29.450184	29.636740	29.747608	29.813015	29.813015	29.747608	29.636740	29.450184	29.244637	28.963608	28.691935	28.353907	28.050549	27.695679	27.393906	27.057394	26.783581	26.490429	26.260908	26.023964	25.844681	25.665649	25.533964	25.406271	25.313728	25.225918	25.160917	25.099438	25.049080	
25.055470	25.117081	25.181976	25.265636	25.355169	25.476788	25.605297	25.779520	25.958923	26.196526	26.433632	26.737858	27.031086	27.393909	27.730465	28.130188	28.485088	28.886772	29.224827	29.584455	29.865509	30.137548	30.324116	30.470837	30.536247	30.536247	30.470837	30.324116	30.137543	29.865507	29.584457	29.224827	28.886772	28.485088	28.130188	27.730465	27.393909	27.031086	26.737858	26.433632	26.196526	25.958923	25.779522	25.605293	25.476786	25.355167	25.265633	25.181976	25.117083	25.055470	
25.064360	25.130871	25.210957	25.297155	25.411091	25.533953	25.699303	25.874102	26.105679	26.343531	26.649786	26.954117	27.332809	27.695679	28.130188	28.529934	28.987974	29.389675	29.825851	30.185493	30.548044	30.820093	31.060730	31.207455	31.291817	31.291817	31.207458	31.060730	30.820093	30.548044	30.185493	29.825851	29.389675	28.987974	28.529930	28.130188	27.695679	27.332809	26.954117	26.649786	26.343529	26.105677	25.874100	25.699301	25.533951	25.411089	25.297153	25.210953	25.130871	25.064360	
25.071123	25.149538	25.233238	25.339153	25.454912	25.608473	25.774689	25.994373	26.226334	26.525682	26.832102	27.215160	27.593920	28.050552	28.485088	28.987976	29.446030	29.951237	30.387421	30.839634	31.202190	31.544209	31.784847	31.969294	32.053654	32.053658	31.969292	31.784847	31.544205	31.202188	30.839630	30.387421	29.951235	29.446028	28.987976	28.485086	28.050552	27.593920	27.215160	26.832100	26.525681	26.226334	25.994370	25.774687	25.608471	25.454910	25.339149	25.233238	25.149536	25.071121	
25.080084	25.163441	25.262440	25.370922	25.511242	25.666058	25.869329	26.089588	26.373999	26.673595	27.049488	27.432650	27.897236	28.353909	28.886774	29.389675	29.951237	30.456448	30.991081	31.443296	31.887608	32.229630	32.524498	32.708942	32.812317	32.812313	32.708942	32.524494	32.229630	31.887608	31.443298	30.991081	30.456451	29.951237	29.389675	28.886772	28.353909	27.897234	27.432652	27.049484	26.673595	26.373997	26.089588	25.869328	25.666056	25.511240	25.370918	25.262440	25.163441	25.080084	
25.086544	25.181267	25.283726	25.411013	25.553078	25.737162	25.941261	26.204288	26.489065	26.847233	27.223278	27.681389	28.146036	28.691940	29.224827	29.825851	30.387421	30.991081	31.525717	32.065960	32.510273	32.918816	33.213688	33.433994	33.537365	33.537365	33.433998	33.213688	32.918819	32.510273	32.065960	31.525719	30.991081	30.387423	29.825851	29.224827	28.691938	28.146036	27.681389	27.223278	26.847229	26.489067	26.204287	25.941261	25.737160	25.553078	25.411011	25.283722	25.181267	25.086544	
25.094587	25.193748	25.309923	25.439520	25.603600	25.788815	26.026110	26.289660	26.621399	26.979790	27.418026	27.876225	28.417671	28.963608	29.584457	30.185493	30.839632	31.443296	32.065956	32.606205	33.123604	33.532154	33.875500	34.095810	34.216167	34.216171	34.095810	33.875504	33.532154	33.123608	32.606205	32.065960	31.443300	30.839634	30.185493	29.584457	28.963608	28.417669	27.876228	27.418022	26.979792	26.621399	26.289658	26.026110	25.788815	25.603600	25.439520	25.309923	25.193748	25.094587	
25.099970	25.208593	25.327654	25.472904	25.638439	25.848003	26.085989	26.385103	26.717154	27.124231	27.562592	28.083078	28.624573	29.244640	29.865507	30.548044	31.202188	31.887608	32.510273	33.123608	33.641010	34.104790	34.448139	34.698215	34.818573	34.818573	34.698215	34.448139	34.104790	33.641010	33.123604	32.510273	31.887608	31.202190	30.548046	29.865509	29.244640	28.624571	28.083076	27.562592	27.124229	26.717154	26.385101	26.085991	25.848001	25.638441	25.472904	25.327656	25.208591	25.099972	
25.106066	25.218052	25.347504	25.494503	25.676708	25.887127	26.150236	26.449745	26.817326	27.224573	27.709969	28.230524	28.830088	29.450182	30.137547	30.820091	31.544205	32.229626	32.918819	33.532154	34.104790	34.568569	34.948547	35.198627	35.331821	35.331821	35.198631	34.948551	34.568569	34.104790	33.532154	32.918816	32.229630	31.544207	30.820095	30.137547	29.450182	28.830088	28.230522	27.709969	27.224575	26.817326	26.449745	26.150238	25.887127	25.676708	25.494503	25.347504	25.218054	25.106064	
25.109644	25.227921	25.359287	25.516689	25.699860	25.926451	26.190022	26.513142	26.880928	27.320492	27.805973	28.367863	28.967461	29.636738	30.324116	31.060730	31.784847	32.524498	33.213692	33.875500	34.448139	34.948547	35.328529	35.598351	35.731548	35.731548	35.598354	35.328529	34.948551	34.448139	33.875504	33.213692	32.524494	31.784847	31.060730	30.324116	29.636738	28.967459	28.367861	27.805973	27.320490	26.880930	26.513142	26.190023	25.926449	25.699860	25.516689	25.359289	25.227919	25.109644	
25.112934	25.233027	25.370005	25.528349	25.720516	25.947571	26.224693	26.548027	26.934978	27.374632	27.885479	28.447405	29.078316	29.747608	30.470837	31.207455	31.969290	32.708942	33.433990	34.095810	34.698212	35.198627	35.598351	35.868172	36.008286	36.008289	35.868172	35.598354	35.198627	34.698215	34.095810	33.433994	32.708942	31.969292	31.207458	30.470837	29.747608	29.078314	28.447403	27.885479	27.374632	26.934978	26.548029	26.224693	25.947571	25.720514	25.528349	25.370005	25.233027	25.112934	
25.114189	25.236488	25.374138	25.536129	25.728636	25.961365	26.238647	26.570261	26.957283	27.408268	27.919146	28.495560	29.126482	29.813015	30.536249	31.291817	32.053654	32.812309	33.537365	34.216167	34.818577	35.331821	35.731544	36.008289	36.148403	36.148403	36.008289	35.731552	35.331825	34.818577	34.216167	33.537365	32.812309	32.053658	31.291817	30.536251	29.813015	29.126482	28.495560	27.919144	27.408270	26.957283	26.570263	26.238647	25.961361	25.728636	25.536129	25.374138	25.236486	25.114189	
25.114189	25.236488	25.374138	25.536129	25.728636	25.961365	26.238647	26.570261	26.957283	27.408268	27.919146	28.495560	29.126482	29.813015	30.536249	31.291817	32.053654	32.812309	33.537365	34.216167	34.818577	35.331821	35.731544	36.008289	36.148403	36.148403	36.008289	35.731552	35.331825	34.818577	34.216167	33.537365	32.812309	32.053658	31.291817	30.536251	29.813015	29.126482	28.495560	27.919144	27.408270	26.957283	26.570263	26.238647	25.961361	25.728636	25.536129	25.374138	25.236486	25.114189	
25.112934	25.233027	25.370005	25.528349	25.720516	25.947571	26.224693	26.548027	26.934978	27.374632	27.885479	28.447405	29.078316	29.747608	30.470837	31.207455	31.969290	32.708942	33.433990	34.095810	34.698212	35.198627	35.598351	35.868172	36.008286	36.008289	35.868172	35.598354	35.198627	34.698215	34.095810	33.433994	32.708942	31.969292	31.207458	30.470837	29.747608	29.078314	28.447403	27.885479	27.374632	26.934978	26.548029	26.224693	25.947571	25.720514	25.528349	25.370005	25.233027	25.112934	
25.109644	25.227921	25.359287	25.516689	25.699860	25.926451	26.190022	26.513142	26.880928	27.320492	27.805973	28.367863	28.967461	29.636738	30.324116	31.060730	31.784847	32.524498	33.213692	33.875500	34.448139	34.948547	35.328529	35.598351	35.731548	35.731548	35.598354	35.328529	34.948551	34.448139	33.875504	33.213692	32.524494	31.784847	31.060730	30.324116	29.636738	28.967459	28.367861	27.805973	27.320490	26.880930	26.513142	26.190023	25.926449	25.699860	25.516689	25.359289	25.227919	25.109644	
25.106066	25.218052	25.347504	25.494503	25.676708	25.887127	26.150236	26.449745	26.817326	27.224573	27.709969	28.230524	28.830088	29.450182	30.137547	30.820091	31.544205	32.229626	32.918819	33.532154	34.104790	34.568569	34.948547	35.198627	35.331821	35.331821	35.198631	34.948551	34.568569	34.104790	33.532154	32.918816	32.229630	31.544207	30.820095	30.137547	29.450182	28.830088	28.230522	27.709969	27.224575	26.817326	26.449745	26.150238	25.887127	25.676708	25.494503	25.347504	25.218054	25.106064	
25.099970	25.208593	25.327654	25.472904	25.638439	25.848003	26.085989	26.385103	26.717154	27.124231	27.562592	28.083078	28.624573	29.244640	29.865507	30.548044	31.202188	31.887608	32.510273	33.123608	33.641010	34.104790	34.448139	34.698215	34.818573	34.818573	34.698215	34.448139	34.104790	33.641010	33.123604	32.510273	31.887608	31.202190	30.548046	29.865509	29.244640	28.624571	28.083076	27.562592	27.124229	26.717154	26.385101	26.085991	25.848001	25.638441	25.472904	25.327656	25.208591	25.099972	
25.094587	25.193748	25.309923	25.439520	25.603600	25.788815	26.026110	26.289660	26.621399	26.979790	27.418026	27.876225	28.417671	28.963608	29.584457	30.185493	30.839632	31.443296	32.065956	32.606205	33.123604	33.532154	33.875500	34.095810	34.216167	34.216171	34.095810	33.875504	33.532154	33.123608	32.606205	32.065960	31.443300	30.839634	30.185493	29.584457	28.963608	28.417669	27.876228	27.418022	26.979792	26.621399	26.289658	26.026110	25.788815	25.603600	25.439520	25.309923	25.193748	25.094587	
25.086544	25.181267	25.283726	25.411013	25.553078	25.737162	25.941261	26.204288	26.489065	26.847233	27.223278	27.681389	28.146036	28.691940	29.224827	29.825851	30.387421	30.991081	31.525717	32.065960	32.510273	32.918816	33.213688	33.433994	33.537365	33.537365	33.433998	33.213688	32.918819	32.510273	32.065960	31.525719	30.991081	30.387423	29.825851	29.224827	28.691938	28.146036	27.681389	27.223278	26.847229	26.489067	26.204287	25.941261	25.737160	25.553078	25.411011	25.283722	25.181267	25.086544	
25.080084	25.163441	25.262440	25.370922	25.511242	25.666058	25.869329	26.089588	26.373999	26.673595	27.049488	27.432650	27.897236	28.353909	28.886774	29.389675	29.951237	30.456448	30.991081	31.443296	31.887608	32.229630	32.524498	32.708942	32.812317	32.812313	32.708942	32.524494	32.229630	31.887608	31.443298	30.991081	30.456451	29.951237	29.389675	28.886772	28.353909	27.897234	27.432652	27.049484	26.673595	26.373997	26.089588	25.869328	25.666056	25.511240	25.370918	25.262440	25.163441	25.080084	
25.071123	25.149538	25.233238	25.339153	25.454912	25.608473	25.774689	25.994373	26.226334	26.525682	26.832102	27.215160	27.593920	28.050552	28.485088	28.987976	29.446030	29.951237	30.387421	30.839634	31.202190	31.544209	31.784847	31.969294	32.053654	32.053658	31.969292	31.784847	31.544205	31.202188	30.839630	30.387421	29.951235	29.446028	28.987976	28.485086	28.050552	27.593920	27.215160	26.832100	26.525681	26.226334	25.994370	25.774687	25.608471	25.454910	25.339149	25.233238	25.149536	25.071121	
25.064360	25.130871	25.210957	25.297155	25.411091	25.533953	25.699303	25.874102	26.105679	26.343531	26.649786	26.954117	27.332809	27.695679	28.130188	28.529934	28.987974	29.389675	29.825851	30.185493	30.548044	30.820093	31.060730	31.207455	31.291817	31.291817	31.207458	31.060730	30.820093	30.548044	30.185493	29.825851	29.389675	28.987974	28.529930	28.130188	27.695679	27.332809	26.954117	26.649786	26.343529	26.105677	25.874100	25.699301	25.533951	25.411089	25.297153	25.210953	25.130871	25.064360	
25.055470	25.117081	25.181976	25.265636	25.355169	25.476788	25.605297	25.779520	25.958923	26.196526	26.433632	26.737858	27.031086	27.393909	27.730465	28.130188	28.485088	28.886772	29.224827	29.584455	29.865509	30.137548	30.324116	30.470837	30.536247	30.536247	30.470837	30.324116	30.137543	29.865507	29.584457	29.224827	28.886772	28.485088	28.130188	27.730465	27.393909	27.031086	26.737858	26.433632	26.196526	25.958923	25.779522	25.605293	25.476786	25.355167	25.265633	25.181976	25.117083	25.055470	
25.049080	25.099438	25.160919	25.225918	25.313730	25.406273	25.533964	25.665651	25.844683	26.023962	26.260908	26.490429	26.783583	27.057392	27.393909	27.695679	28.050552	28.353909	28.691936	28.963610	29.244640	29.450184	29.636740	29.747608	29.813015	29.813015	29.747608	29.636740	29.450184	29.244637	28.963608	28.691935	28.353907	28.050549	27.695679	27.393906	27.057394	26.783581	26.490429	26.260908	26.023964	25.844681	25.665649	25.533964	25.406271	25.313728	25.225918	25.160917	25.099438	25.049080	
25.041042	25.086975	25.134708	25.197412	25.263119	25.354538	25.448830	25.579988	25.711689	25.890732	26.064903	26.294310	26.509836	26.783583	27.031086	27.332809	27.593920	27.897234	28.146038	28.417669	28.624573	28.830088	28.967457	29.078316	29.126480	29.126480	29.078314	28.967459	28.830086	28.624573	28.417667	28.146034	27.897232	27.593918	27.332806	27.031088	26.783579	26.509836	26.294308	26.064901	25.890728	25.711689	25.579987	25.448828	25.354534	25.263117	25.197411	25.134708	25.086973	25.041042	
25.035500	25.071663	25.116436	25.162930	25.227142	25.293270	25.386845	25.480978	25.612339	25.740582	25.914585	26.078880	26.294308	26.490429	26.737858	26.954117	27.215160	27.432648	27.681389	27.876226	28.083076	28.230522	28.367861	28.447403	28.495560	28.495556	28.447405	28.367859	28.230522	28.083075	27.876225	27.681385	27.432648	27.215157	26.954117	26.737854	26.490429	26.294304	26.078880	25.914585	25.740582	25.612337	25.480976	25.386843	25.293268	25.227142	25.162928	25.116436	25.071663	25.035500	
25.028793	25.061260	25.094557	25.139126	25.184856	25.250032	25.315657	25.409327	25.501041	25.629049	25.750437	25.914585	26.064901	26.260906	26.433632	26.649784	26.832098	27.049484	27.223278	27.418024	27.562592	27.709969	27.805971	27.885479	27.919144	27.919144	27.885479	27.805971	27.709965	27.562590	27.418022	27.223276	27.049480	26.832098	26.649782	26.433632	26.260904	26.064903	25.914581	25.750435	25.629047	25.501041	25.409325	25.315655	25.250034	25.184856	25.139126	25.094555	25.061262	25.028791	
25.024336	25.048946	25.079851	25.111370	25.155880	25.200676	25.265688	25.329487	25.420877	25.507866	25.629049	25.740582	25.890728	26.023964	26.196524	26.343531	26.525679	26.673594	26.847233	26.979790	27.124229	27.224573	27.320492	27.374632	27.408268	27.408268	27.374632	27.320490	27.224573	27.124228	26.979790	26.847229	26.673594	26.525677	26.343531	26.196522	26.023964	25.890728	25.740582	25.629045	25.507868	25.420876	25.329485	25.265686	25.200676	25.155880	25.111366	25.079853	25.048944	25.024336	
25.019127	25.040863	25.062855	25.092857	25.123003	25.167019	25.210281	25.273655	25.334169	25.420879	25.501041	25.612337	25.711689	25.844681	25.958923	26.105675	26.226332	26.373997	26.489063	26.621399	26.717152	26.817326	26.880926	26.934978	26.957283	26.957283	26.934977	26.880926	26.817324	26.717152	26.621395	26.489063	26.373993	26.226332	26.105675	25.958923	25.844679	25.711689	25.612335	25.501041	25.420877	25.334167	25.273651	25.210283	25.167017	25.123001	25.092857	25.062851	25.040861	25.019127	
25.015776	25.031612	25.051786	25.071995	25.101173	25.129879	25.172596	25.213509	25.273653	25.329487	25.409325	25.480980	25.579987	25.665649	25.779520	25.874100	25.994368	26.089586	26.204285	26.289656	26.385101	26.449745	26.513144	26.548029	26.570261	26.570259	26.548027	26.513142	26.449745	26.385099	26.289658	26.204285	26.089586	25.994368	25.874100	25.779520	25.665649	25.579987	25.480976	25.409325	25.329487	25.273655	25.213509	25.172596	25.129875	25.101170	25.071991	25.051785	25.031610	25.015774	
25.011984	25.025707	25.039410	25.058458	25.077206	25.105240	25.132156	25.172596	25.210281	25.265686	25.315655	25.386843	25.448830	25.533962	25.605297	25.699301	25.774687	25.869328	25.941259	26.026108	26.085987	26.150238	26.190022	26.224693	26.238647	26.238647	26.224691	26.190022	26.150234	26.085989	26.026108	25.941261	25.869326	25.774689	25.699301	25.605297	25.533962	25.448830	25.386843	25.315655	25.265686	25.210281	25.172596	25.132156	25.105240	25.077206	25.058455	25.039408	25.025705	25.011984	
25.009596	25.019163	25.031519	25.043682	25.061628	25.078903	25.105240	25.129877	25.167019	25.200676	25.250032	25.293270	25.354534	25.406273	25.476784	25.533951	25.608471	25.666058	25.737158	25.788811	25.848001	25.887127	25.926451	25.947569	25.961361	25.961359	25.947569	25.926449	25.887129	25.848000	25.788815	25.737160	25.666058	25.608471	25.533951	25.476786	25.406273	25.354534	25.293268	25.250031	25.200676	25.167015	25.129875	25.105240	25.078899	25.061626	25.043682	25.031515	25.019163	25.009596	
25.006979	25.015030	25.022968	25.034203	25.045044	25.061630	25.077206	25.101173	25.123001	25.155880	25.184858	25.227140	25.263121	25.313728	25.355167	25.411091	25.454910	25.511238	25.553076	25.603600	25.638439	25.676704	25.699860	25.720512	25.728634	25.728636	25.720512	25.699860	25.676704	25.638439	25.603596	25.553076	25.511242	25.454908	25.411091	25.355165	25.313732	25.263117	25.227139	25.184856	25.155876	25.123001	25.101170	25.077202	25.061625	25.045044	25.034197	25.022966	25.015026	25.006979	
25.005318	25.010588	25.017477	25.024155	25.034201	25.043682	25.058456	25.071993	25.092859	25.111370	25.139128	25.162930	25.197411	25.225918	25.265633	25.297153	25.339151	25.370918	25.411011	25.439520	25.472902	25.494503	25.516687	25.528347	25.536129	25.536129	25.528347	25.516685	25.494503	25.472900	25.439518	25.411011	25.370918	25.339149	25.297150	25.265635	25.225916	25.197411	25.162926	25.139126	25.111366	25.092854	25.071991	25.058455	25.043680	25.034199	25.024155	25.017475	25.010584	25.005318	
25.003553	25.007671	25.011700	25.017475	25.022966	25.031521	25.039408	25.051788	25.062855	25.079853	25.094557	25.116440	25.134708	25.160919	25.181980	25.210953	25.233238	25.262440	25.283722	25.309923	25.327652	25.347504	25.359287	25.370003	25.374138	25.374138	25.370001	25.359287	25.347500	25.327652	25.309921	25.283722	25.262440	25.233234	25.210953	25.181976	25.160919	25.134708	25.116436	25.094555	25.079851	25.062851	25.051783	25.039406	25.031515	25.022964	25.017475	25.011696	25.007673	25.003551	
25.002335	25.004639	25.007675	25.010588	25.015028	25.019163	25.025709	25.031612	25.040863	25.048946	25.061264	25.071665	25.086973	25.099440	25.117081	25.130873	25.149536	25.163441	25.181263	25.193748	25.208591	25.218052	25.227921	25.233027	25.236486	25.236488	25.233027	25.227919	25.218050	25.208591	25.193745	25.181265	25.163441	25.149538	25.130867	25.117081	25.099438	25.086971	25.071663	25.061260	25.048946	25.040859	25.031610	25.025703	25.019163	25.015026	25.010586	25.007673	25.004635	25.002335	
25.001080	25.002333	25.003553	25.005318	25.006979	25.009596	25.011986	25.015776	25.019131	25.024336	25.028793	25.035503	25.041042	25.049082	25.055471	25.064360	25.071121	25.080082	25.086544	25.094585	25.099972	25.106066	25.109644	25.112932	25.114189	25.114189	25.112934	25.109644	25.106064	25.099970	25.094585	25.086544	25.080086	25.071121	25.064360	25.055468	25.049080	25.041042	25.035500	25.028793	25.024336	25.019127	25.015774	25.011984	25.009594	25.006979	25.005316	25.003553	25.002335	25.001078	
