25.003525	25.007034	25.010517	25.013962	25.017353	25.020679	25.023928	25.027084	25.030140	25.033077	25.035896	25.038574	25.041107	25.043484	25.045698	25.047735	25.049595	25.051264	25.052742	25.054016	25.055086	25.055946	25.056595	25.057030	25.057247	25.057245	25.057030	25.056597	25.055946	25.055086	25.054016	25.052740	25.051262	25.049595	25.047735	25.045696	25.043484	25.041107	25.038574	25.035894	25.033079	25.030138	25.027084	25.023926	25.020679	25.017353	25.013962	25.010519	25.007036	25.003525	
25.007034	25.014042	25.020996	25.027870	25.034641	25.041279	25.047764	25.054068	25.060160	25.066036	25.071651	25.077002	25.082056	25.086807	25.091217	25.095293	25.098999	25.102337	25.105280	25.107826	25.109962	25.111683	25.112976	25.113844	25.114277	25.114277	25.113842	25.112976	25.111685	25.109962	25.107826	25.105278	25.102335	25.098999	25.095291	25.091219	25.086805	25.082058	25.077003	25.071651	25.066032	25.060163	25.054066	25.047764	25.041279	25.034641	25.027870	25.020996	25.014044	25.007034	
25.010519	25.020996	25.031395	25.041674	25.051798	25.061726	25.071419	25.080839	25.089962	25.098736	25.107141	25.115135	25.122700	25.129791	25.136402	25.142483	25.148033	25.153017	25.157423	25.161228	25.164425	25.166994	25.168930	25.170227	25.170876	25.170876	25.170227	25.168934	25.166994	25.164427	25.161228	25.157425	25.153017	25.148033	25.142485	25.136400	25.129795	25.122700	25.115135	25.107140	25.098736	25.089962	25.080841	25.071419	25.061726	25.051798	25.041676	25.031395	25.020994	25.010519	
25.013962	25.027870	25.041676	25.055321	25.068760	25.081938	25.094803	25.107315	25.119415	25.131071	25.142220	25.152840	25.162872	25.172298	25.181057	25.189142	25.196503	25.203123	25.208969	25.214024	25.218262	25.221676	25.224247	25.225965	25.226828	25.226826	25.225967	25.224247	25.221678	25.218262	25.214024	25.208967	25.203123	25.196503	25.189142	25.181061	25.172297	25.162872	25.152840	25.142220	25.131069	25.119415	25.107315	25.094803	25.081936	25.068758	25.055323	25.041674	25.027870	25.013962	
25.017353	25.034641	25.051796	25.068756	25.085461	25.101837	25.117834	25.133377	25.148424	25.162899	25.176769	25.189955	25.202440	25.214140	25.225044	25.235081	25.244234	25.252455	25.259726	25.266005	25.271276	25.275518	25.278711	25.280851	25.281919	25.281921	25.280851	25.278717	25.275517	25.271278	25.266005	25.259726	25.252457	25.244236	25.235081	25.225042	25.214142	25.202438	25.189957	25.176769	25.162899	25.148426	25.133377	25.117832	25.101837	25.085461	25.068758	25.051798	25.034641	25.017353	
25.020679	25.041279	25.061722	25.081936	25.101837	25.121357	25.140411	25.158943	25.176861	25.194124	25.210636	25.226368	25.241226	25.255188	25.268162	25.280136	25.291035	25.300842	25.309496	25.316986	25.323263	25.328318	25.332127	25.334673	25.335949	25.335949	25.334673	25.332127	25.328320	25.323263	25.316986	25.309496	25.300842	25.291037	25.280136	25.268162	25.255186	25.241228	25.226368	25.210640	25.194126	25.176863	25.158941	25.140411	25.121357	25.101837	25.081938	25.061724	25.041279	25.020679	
25.023926	25.047760	25.071419	25.094803	25.117830	25.140409	25.162464	25.183895	25.204643	25.224602	25.243725	25.261909	25.279118	25.295250	25.310284	25.324121	25.336746	25.348080	25.358105	25.366760	25.374031	25.379875	25.384283	25.387228	25.388704	25.388706	25.387230	25.384285	25.379879	25.374031	25.366760	25.358105	25.348082	25.336748	25.324123	25.310284	25.295252	25.279118	25.261909	25.243725	25.224602	25.204643	25.183899	25.162464	25.140409	25.117832	25.094803	25.071419	25.047764	25.023926	
25.027084	25.054064	25.080841	25.107311	25.133377	25.158939	25.183895	25.208168	25.231636	25.254244	25.275871	25.296474	25.315933	25.334217	25.351212	25.366894	25.381168	25.394011	25.405348	25.415155	25.423378	25.430000	25.434982	25.438322	25.439991	25.439993	25.438322	25.434986	25.430000	25.423378	25.415157	25.405350	25.394012	25.381172	25.366896	25.351212	25.334217	25.315933	25.296474	25.275871	25.254246	25.231636	25.208166	25.183895	25.158939	25.133375	25.107313	25.080841	25.054066	25.027084	
25.030136	25.060162	25.089958	25.119411	25.148420	25.176859	25.204643	25.231634	25.257767	25.282909	25.306993	25.329899	25.351578	25.371897	25.390831	25.408260	25.424164	25.438442	25.451067	25.461967	25.471130	25.478489	25.484043	25.487751	25.489613	25.489613	25.487753	25.484043	25.478493	25.471128	25.461971	25.451069	25.438442	25.424166	25.408264	25.390831	25.371899	25.351576	25.329899	25.306992	25.282907	25.257767	25.231636	25.204641	25.176861	25.148422	25.119411	25.089958	25.060162	25.030140	
25.033077	25.066032	25.098732	25.131065	25.162895	25.194122	25.224598	25.254242	25.282906	25.310516	25.336935	25.362095	25.385864	25.408192	25.428951	25.448105	25.465538	25.481224	25.495068	25.507046	25.517088	25.525179	25.531265	25.535341	25.537382	25.537378	25.535341	25.531265	25.525179	25.517088	25.507048	25.495068	25.481224	25.465540	25.448105	25.428951	25.408192	25.385862	25.362095	25.336933	25.310516	25.282906	25.254242	25.224600	25.194122	25.162895	25.131065	25.098734	25.066032	25.033077	
25.035894	25.071648	25.107138	25.142216	25.176765	25.210632	25.243721	25.275869	25.306992	25.336933	25.365618	25.392899	25.418715	25.442917	25.465467	25.486229	25.505165	25.522167	25.537205	25.550190	25.561100	25.569870	25.576481	25.580900	25.583113	25.583115	25.580898	25.576483	25.569870	25.561102	25.550194	25.537209	25.522171	25.505169	25.486229	25.465467	25.442919	25.418716	25.392899	25.365620	25.336933	25.306992	25.275867	25.243721	25.210634	25.176765	25.142216	25.107140	25.071648	25.035894	
25.038568	25.077000	25.115131	25.152836	25.189953	25.226364	25.261906	25.296469	25.329897	25.362091	25.392899	25.422237	25.449955	25.475990	25.500198	25.522532	25.542862	25.561152	25.577297	25.591265	25.602978	25.612410	25.619509	25.624262	25.626638	25.626638	25.624262	25.619509	25.612410	25.602978	25.591267	25.577297	25.561153	25.542864	25.522533	25.500198	25.475990	25.449953	25.422239	25.392899	25.362095	25.329895	25.296471	25.261904	25.226364	25.189953	25.152838	25.115131	25.077000	25.038570	
25.041107	25.082050	25.122696	25.162868	25.202433	25.241220	25.279110	25.315929	25.351568	25.385860	25.418711	25.449953	25.479515	25.507236	25.533058	25.556835	25.578522	25.597996	25.615215	25.630089	25.642582	25.652620	25.660194	25.665255	25.667791	25.667793	25.665255	25.660198	25.652622	25.642582	25.630089	25.615219	25.597996	25.578522	25.556835	25.533058	25.507236	25.479515	25.449953	25.418711	25.385860	25.351570	25.315931	25.279112	25.241222	25.202435	25.162868	25.122696	25.082054	25.041107	
25.043480	25.086803	25.129787	25.172293	25.214134	25.255178	25.295246	25.334208	25.371891	25.408188	25.442917	25.475986	25.507235	25.536583	25.563873	25.589046	25.611969	25.632586	25.650787	25.666534	25.679735	25.690369	25.698372	25.703730	25.706411	25.706413	25.703732	25.698372	25.690369	25.679739	25.666534	25.650787	25.632589	25.611969	25.589050	25.563873	25.536583	25.507233	25.475988	25.442915	25.408188	25.371895	25.334211	25.295248	25.255180	25.214136	25.172291	25.129787	25.086803	25.043480	
25.045694	25.091213	25.136396	25.181053	25.225035	25.268154	25.310276	25.351204	25.390825	25.428947	25.465462	25.500196	25.533054	25.563873	25.592575	25.619011	25.643116	25.664764	25.683907	25.700439	25.714327	25.725491	25.733910	25.739534	25.742357	25.742357	25.739536	25.733912	25.725492	25.714329	25.700443	25.683908	25.664762	25.643116	25.619009	25.592575	25.563873	25.533054	25.500195	25.465462	25.428947	25.390825	25.351210	25.310276	25.268158	25.225039	25.181053	25.136396	25.091213	25.045696	
25.047731	25.095289	25.142479	25.189137	25.235073	25.280128	25.324114	25.366886	25.408257	25.448097	25.486225	25.522528	25.556833	25.589046	25.619009	25.646641	25.671806	25.694437	25.714420	25.731705	25.746201	25.757872	25.766659	25.772541	25.775486	25.775486	25.772541	25.766659	25.757874	25.746201	25.731705	25.714420	25.694439	25.671806	25.646645	25.619009	25.589048	25.556833	25.522526	25.486225	25.448097	25.408258	25.366886	25.324116	25.280132	25.235073	25.189138	25.142479	25.095291	25.047733	
25.049591	25.098993	25.148029	25.196495	25.244228	25.291027	25.336739	25.381161	25.424158	25.465532	25.505161	25.542858	25.578516	25.611965	25.643112	25.671806	25.697966	25.721462	25.742237	25.760181	25.775251	25.787369	25.796507	25.802612	25.805674	25.805674	25.802612	25.796507	25.787369	25.775253	25.760183	25.742241	25.721464	25.697968	25.671806	25.643116	25.611967	25.578518	25.542858	25.505159	25.465534	25.424156	25.381161	25.336740	25.291029	25.244228	25.196497	25.148031	25.098995	25.049593	
25.051258	25.102333	25.153009	25.203117	25.252447	25.300835	25.348070	25.394005	25.438433	25.481216	25.522161	25.561150	25.597988	25.632584	25.664761	25.694435	25.721464	25.745766	25.767227	25.785786	25.801353	25.813890	25.823324	25.829643	25.832804	25.832806	25.829643	25.823326	25.813889	25.801355	25.785789	25.767227	25.745770	25.721462	25.694439	25.664761	25.632584	25.597990	25.561146	25.522163	25.481216	25.438433	25.394005	25.348072	25.300835	25.252449	25.203117	25.153011	25.102333	25.051262	
25.052738	25.105274	25.157421	25.208958	25.259722	25.309486	25.358097	25.405340	25.451061	25.495060	25.537201	25.577291	25.615211	25.650784	25.683905	25.714417	25.742237	25.767225	25.789318	25.808399	25.824425	25.837313	25.847027	25.853519	25.856777	25.856777	25.853523	25.847027	25.837315	25.824427	25.808401	25.789318	25.767227	25.742237	25.714418	25.683907	25.650784	25.615211	25.577291	25.537201	25.495060	25.451059	25.405340	25.358097	25.309490	25.259720	25.208961	25.157419	25.105274	25.052738	
25.054010	25.107822	25.161221	25.214020	25.265995	25.316980	25.366751	25.415150	25.461964	25.507042	25.550186	25.591259	25.630083	25.666529	25.700438	25.731703	25.760181	25.785788	25.808399	25.827953	25.844358	25.857563	25.867508	25.874165	25.877495	25.877495	25.874165	25.867512	25.857567	25.844360	25.827957	25.808399	25.785789	25.760181	25.731703	25.700436	25.666529	25.630081	25.591261	25.550186	25.507040	25.461962	25.415148	25.366753	25.316978	25.265999	25.214018	25.161222	25.107822	25.054012	
25.055084	25.109957	25.164421	25.218254	25.271273	25.323257	25.374027	25.423372	25.471123	25.517084	25.561096	25.602972	25.642574	25.679731	25.714325	25.746197	25.775249	25.801353	25.824425	25.844357	25.861094	25.874557	25.884701	25.891487	25.894886	25.894886	25.891487	25.884705	25.874559	25.861095	25.844358	25.824425	25.801353	25.775249	25.746197	25.714325	25.679733	25.642576	25.602972	25.561098	25.517086	25.471125	25.423372	25.374025	25.323257	25.271273	25.218254	25.164421	25.109959	25.055084	
25.055943	25.111677	25.166988	25.221672	25.275511	25.328316	25.379869	25.429998	25.478487	25.525173	25.569864	25.612406	25.652617	25.690365	25.725487	25.757866	25.787365	25.813887	25.837309	25.857563	25.874556	25.888231	25.898533	25.905424	25.908876	25.908878	25.905428	25.898537	25.888233	25.874557	25.857563	25.837311	25.813885	25.787369	25.757870	25.725489	25.690367	25.652618	25.612406	25.569866	25.525175	25.478487	25.429996	25.379871	25.328316	25.275513	25.221672	25.166988	25.111681	25.055944	
25.056595	25.112972	25.168926	25.224239	25.278709	25.332119	25.384281	25.434978	25.484039	25.531260	25.576477	25.619503	25.660192	25.698366	25.733906	25.766653	25.796501	25.823322	25.847023	25.867504	25.884701	25.898533	25.908955	25.915926	25.919416	25.919418	25.915926	25.908958	25.898535	25.884701	25.867508	25.847025	25.823326	25.796501	25.766657	25.733908	25.698370	25.660191	25.619507	25.576477	25.531261	25.484039	25.434980	25.384281	25.332123	25.278709	25.224243	25.168928	25.112974	25.056595	
25.057026	25.113842	25.170221	25.225962	25.280844	25.334669	25.387224	25.438318	25.487747	25.535337	25.580894	25.624258	25.665249	25.703726	25.739529	25.772533	25.802605	25.829638	25.853516	25.874159	25.891481	25.905422	25.915924	25.922949	25.926468	25.926466	25.922951	25.915924	25.905426	25.891485	25.874161	25.853519	25.829639	25.802608	25.772537	25.739532	25.703728	25.665253	25.624258	25.580896	25.535339	25.487749	25.438320	25.387226	25.334669	25.280846	25.225962	25.170223	25.113840	25.057028	
25.057243	25.114273	25.170872	25.226820	25.281914	25.335941	25.388702	25.439987	25.489611	25.537376	25.583111	25.626633	25.667786	25.706406	25.742350	25.775478	25.805666	25.832798	25.856770	25.877489	25.894882	25.908875	25.919416	25.926468	25.930000	25.929998	25.926466	25.919418	25.908878	25.894886	25.877495	25.856773	25.832802	25.805670	25.775478	25.742352	25.706409	25.667789	25.626638	25.583113	25.537378	25.489611	25.439987	25.388702	25.335945	25.281918	25.226824	25.170872	25.114273	25.057245	
25.057243	25.114273	25.170872	25.226820	25.281914	25.335941	25.388702	25.439987	25.489611	25.537376	25.583111	25.626633	25.667786	25.706406	25.742350	25.775478	25.805666	25.832798	25.856770	25.877489	25.894882	25.908875	25.919416	25.926468	25.930000	25.929998	25.926466	25.919418	25.908878	25.894886	25.877495	25.856773	25.832802	25.805670	25.775478	25.742352	25.706409	25.667789	25.626638	25.583113	25.537378	25.489611	25.439987	25.388702	25.335945	25.281918	25.226824	25.170872	25.114273	25.057245	
25.057026	25.113842	25.170221	25.225962	25.280844	25.334669	25.387224	25.438318	25.487747	25.535337	25.580894	25.624258	25.665249	25.703726	25.739529	25.772533	25.802605	25.829638	25.853516	25.874159	25.891481	25.905422	25.915924	25.922949	25.926468	25.926466	25.922951	25.915924	25.905426	25.891485	25.874161	25.853519	25.829639	25.802608	25.772537	25.739532	25.703728	25.665253	25.624258	25.580896	25.535339	25.487749	25.438320	25.387226	25.334669	25.280846	25.225962	25.170223	25.113840	25.057028	
25.056595	25.112972	25.168926	25.224239	25.278709	25.332119	25.384281	25.434978	25.484039	25.531260	25.576477	25.619503	25.660192	25.698366	25.733906	25.766653	25.796501	25.823322	25.847023	25.867504	25.884701	25.898533	25.908955	25.915926	25.919416	25.919418	25.915926	25.908958	25.898535	25.884701	25.867508	25.847025	25.823326	25.796501	25.766657	25.733908	25.698370	25.660191	25.619507	25.576477	25.531261	25.484039	25.434980	25.384281	25.332123	25.278709	25.224243	25.168928	25.112974	25.056595	
25.055943	25.111677	25.166988	25.221672	25.275511	25.328316	25.379869	25.429998	25.478487	25.525173	25.569864	25.612406	25.652617	25.690365	25.725487	25.757866	25.787365	25.813887	25.837309	25.857563	25.874556	25.888231	25.898533	25.905424	25.908876	25.908878	25.905428	25.898537	25.888233	25.874557	25.857563	25.837311	25.813885	25.787369	25.757870	25.725489	25.690367	25.652618	25.612406	25.569866	25.525175	25.478487	25.429996	25.379871	25.328316	25.275513	25.221672	25.166988	25.111681	25.055944	
25.055084	25.109957	25.164421	25.218254	25.271273	25.323257	25.374027	25.423372	25.471123	25.517084	25.561096	25.602972	25.642574	25.679731	25.714325	25.746197	25.775249	25.801353	25.824425	25.844357	25.861094	25.874557	25.884701	25.891487	25.894886	25.894886	25.891487	25.884705	25.874559	25.861095	25.844358	25.824425	25.801353	25.775249	25.746197	25.714325	25.679733	25.642576	25.602972	25.561098	25.517086	25.471125	25.423372	25.374025	25.323257	25.271273	25.218254	25.164421	25.109959	25.055084	
25.054010	25.107822	25.161221	25.214020	25.265995	25.316980	25.366751	25.415150	25.461964	25.507042	25.550186	25.591259	25.630083	25.666529	25.700438	25.731703	25.760181	25.785788	25.808399	25.827953	25.844358	25.857563	25.867508	25.874165	25.877495	25.877495	25.874165	25.867512	25.857567	25.844360	25.827957	25.808399	25.785789	25.760181	25.731703	25.700436	25.666529	25.630081	25.591261	25.550186	25.507040	25.461962	25.415148	25.366753	25.316978	25.265999	25.214018	25.161222	25.107822	25.054012	
25.052738	25.105274	25.157421	25.208958	25.259722	25.309486	25.358097	25.405340	25.451061	25.495060	25.537201	25.577291	25.615211	25.650784	25.683905	25.714417	25.742237	25.767225	25.789318	25.808399	25.824425	25.837313	25.847027	25.853519	25.856777	25.856777	25.853523	25.847027	25.837315	25.824427	25.808401	25.789318	25.767227	25.742237	25.714418	25.683907	25.650784	25.615211	25.577291	25.537201	25.495060	25.451059	25.405340	25.358097	25.309490	25.259720	25.208961	25.157419	25.105274	25.052738	
25.051258	25.102333	25.153009	25.203117	25.252447	25.300835	25.348070	25.394005	25.438433	25.481216	25.522161	25.561150	25.597988	25.632584	25.664761	25.694435	25.721464	25.745766	25.767227	25.785786	25.801353	25.813890	25.823324	25.829643	25.832804	25.832806	25.829643	25.823326	25.813889	25.801355	25.785789	25.767227	25.745770	25.721462	25.694439	25.664761	25.632584	25.597990	25.561146	25.522163	25.481216	25.438433	25.394005	25.348072	25.300835	25.252449	25.203117	25.153011	25.102333	25.051262	
25.049591	25.098993	25.148029	25.196495	25.244228	25.291027	25.336739	25.381161	25.424158	25.465532	25.505161	25.542858	25.578516	25.611965	25.643112	25.671806	25.697966	25.721462	25.742237	25.760181	25.775251	25.787369	25.796507	25.802612	25.805674	25.805674	25.802612	25.796507	25.787369	25.775253	25.760183	25.742241	25.721464	25.697968	25.671806	25.643116	25.611967	25.578518	25.542858	25.505159	25.465534	25.424156	25.381161	25.336740	25.291029	25.244228	25.196497	25.148031	25.098995	25.049593	
25.047731	25.095289	25.142479	25.189137	25.235073	25.280128	25.324114	25.366886	25.408257	25.448097	25.486225	25.522528	25.556833	25.589046	25.619009	25.646641	25.671806	25.694437	25.714420	25.731705	25.746201	25.757872	25.766659	25.772541	25.775486	25.775486	25.772541	25.766659	25.757874	25.746201	25.731705	25.714420	25.694439	25.671806	25.646645	25.619009	25.589048	25.556833	25.522526	25.486225	25.448097	25.408258	25.366886	25.324116	25.280132	25.235073	25.189138	25.142479	25.095291	25.047733	
25.045694	25.091213	25.136396	25.181053	25.225035	25.268154	25.310276	25.351204	25.390825	25.428947	25.465462	25.500196	25.533054	25.563873	25.592575	25.619011	25.643116	25.664764	25.683907	25.700439	25.714327	25.725491	25.733910	25.739534	25.742357	25.742357	25.739536	25.733912	25.725492	25.714329	25.700443	25.683908	25.664762	25.643116	25.619009	25.592575	25.563873	25.533054	25.500195	25.465462	25.428947	25.390825	25.351210	25.310276	25.268158	25.225039	25.181053	25.136396	25.091213	25.045696	
25.043480	25.086803	25.129787	25.172293	25.214134	25.255178	25.295246	25.334208	25.371891	25.408188	25.442917	25.475986	25.507235	25.536583	25.563873	25.589046	25.611969	25.632586	25.650787	25.666534	25.679735	25.690369	25.698372	25.703730	25.706411	25.706413	25.703732	25.698372	25.690369	25.679739	25.666534	25.650787	25.632589	25.611969	25.589050	25.563873	25.536583	25.507233	25.475988	25.442915	25.408188	25.371895	25.334211	25.295248	25.255180	25.214136	25.172291	25.129787	25.086803	25.043480	
25.041107	25.082050	25.122696	25.162868	25.202433	25.241220	25.279110	25.315929	25.351568	25.385860	25.418711	25.449953	25.479515	25.507236	25.533058	25.556835	25.578522	25.597996	25.615215	25.630089	25.642582	25.652620	25.660194	25.665255	25.667791	25.667793	25.665255	25.660198	25.652622	25.642582	25.630089	25.615219	25.597996	25.578522	25.556835	25.533058	25.507236	25.479515	25.449953	25.418711	25.385860	25.351570	25.315931	25.279112	25.241222	25.202435	25.162868	25.122696	25.082054	25.041107	
25.038568	25.077000	25.115131	25.152836	25.189953	25.226364	25.261906	25.296469	25.329897	25.362091	25.392899	25.422237	25.449955	25.475990	25.500198	25.522532	25.542862	25.561152	25.577297	25.591265	25.602978	25.612410	25.619509	25.624262	25.626638	25.626638	25.624262	25.619509	25.612410	25.602978	25.591267	25.577297	25.561153	25.542864	25.522533	25.500198	25.475990	25.449953	25.422239	25.392899	25.362095	25.329895	25.296471	25.261904	25.226364	25.189953	25.152838	25.115131	25.077000	25.038570	
25.035894	25.071648	25.107138	25.142216	25.176765	25.210632	25.243721	25.275869	25.306992	25.336933	25.365618	25.392899	25.418715	25.442917	25.465467	25.486229	25.505165	25.522167	25.537205	25.550190	25.561100	25.569870	25.576481	25.580900	25.583113	25.583115	25.580898	25.576483	25.569870	25.561102	25.550194	25.537209	25.522171	25.505169	25.486229	25.465467	25.442919	25.418716	25.392899	25.365620	25.336933	25.306992	25.275867	25.243721	25.210634	25.176765	25.142216	25.107140	25.071648	25.035894	
25.033077	25.066032	25.098732	25.131065	25.162895	25.194122	25.224598	25.254242	25.282906	25.310516	25.336935	25.362095	25.385864	25.408192	25.428951	25.448105	25.465538	25.481224	25.495068	25.507046	25.517088	25.525179	25.531265	25.535341	25.537382	25.537378	25.535341	25.531265	25.525179	25.517088	25.507048	25.495068	25.481224	25.465540	25.448105	25.428951	25.408192	25.385862	25.362095	25.336933	25.310516	25.282906	25.254242	25.224600	25.194122	25.162895	25.131065	25.098734	25.066032	25.033077	
25.030136	25.060162	25.089958	25.119411	25.148420	25.176859	25.204643	25.231634	25.257767	25.282909	25.306993	25.329899	25.351578	25.371897	25.390831	25.408260	25.424164	25.438442	25.451067	25.461967	25.471130	25.478489	25.484043	25.487751	25.489613	25.489613	25.487753	25.484043	25.478493	25.471128	25.461971	25.451069	25.438442	25.424166	25.408264	25.390831	25.371899	25.351576	25.329899	25.306992	25.282907	25.257767	25.231636	25.204641	25.176861	25.148422	25.119411	25.089958	25.060162	25.030140	
25.027084	25.054064	25.080841	25.107311	25.133377	25.158939	25.183895	25.208168	25.231636	25.254244	25.275871	25.296474	25.315933	25.334217	25.351212	25.366894	25.381168	25.394011	25.405348	25.415155	25.423378	25.430000	25.434982	25.438322	25.439991	25.439993	25.438322	25.434986	25.430000	25.423378	25.415157	25.405350	25.394012	25.381172	25.366896	25.351212	25.334217	25.315933	25.296474	25.275871	25.254246	25.231636	25.208166	25.183895	25.158939	25.133375	25.107313	25.080841	25.054066	25.027084	
25.023926	25.047760	25.071419	25.094803	25.117830	25.140409	25.162464	25.183895	25.204643	25.224602	25.243725	25.261909	25.279118	25.295250	25.310284	25.324121	25.336746	25.348080	25.358105	25.366760	25.374031	25.379875	25.384283	25.387228	25.388704	25.388706	25.387230	25.384285	25.379879	25.374031	25.366760	25.358105	25.348082	25.336748	25.324123	25.310284	25.295252	25.279118	25.261909	25.243725	25.224602	25.204643	25.183899	25.162464	25.140409	25.117832	25.094803	25.071419	25.047764	25.023926	
25.020679	25.041279	25.061722	25.081936	25.101837	25.121357	25.140411	25.158943	25.176861	25.194124	25.210636	25.226368	25.241226	25.255188	25.268162	25.280136	25.291035	25.300842	25.309496	25.316986	25.323263	25.328318	25.332127	25.334673	25.335949	25.335949	25.334673	25.332127	25.328320	25.323263	25.316986	25.309496	25.300842	25.291037	25.280136	25.268162	25.255186	25.241228	25.226368	25.210640	25.194126	25.176863	25.158941	25.140411	25.121357	25.101837	25.081938	25.061724	25.041279	25.020679	
25.017353	25.034641	25.051796	25.068756	25.085461	25.101837	25.117834	25.133377	25.148424	25.162899	25.176769	25.189955	25.202440	25.214140	25.225044	25.235081	25.244234	25.252455	25.259726	25.266005	25.271276	25.275518	25.278711	25.280851	25.281919	25.281921	25.280851	25.278717	25.275517	25.271278	25.266005	25.259726	25.252457	25.244236	25.235081	25.225042	25.214142	25.202438	25.189957	25.176769	25.162899	25.148426	25.133377	25.117832	25.101837	25.085461	25.068758	25.051798	25.034641	25.017353	
25.013962	25.027870	25.041676	25.055321	25.068760	25.081938	25.094803	25.107315	25.119415	25.131071	25.142220	25.152840	25.162872	25.172298	25.181057	25.189142	25.196503	25.203123	25.208969	25.214024	25.218262	25.221676	25.224247	25.225965	25.226828	25.226826	25.225967	25.224247	25.221678	25.218262	25.214024	25.208967	25.203123	25.196503	25.189142	25.181061	25.172297	25.162872	25.152840	25.142220	25.131069	25.119415	25.107315	25.094803	25.081936	25.068758	25.055323	25.041674	25.027870	25.013962	
25.010519	25.020996	25.031395	25.041674	25.051798	25.061726	25.071419	25.080839	25.089962	25.098736	25.107141	25.115135	25.122700	25.129791	25.136402	25.142483	25.148033	25.153017	25.157423	25.161228	25.164425	25.166994	25.168930	25.170227	25.170876	25.170876	25.170227	25.168934	25.166994	25.164427	25.161228	25.157425	25.153017	25.148033	25.142485	25.136400	25.129795	25.122700	25.115135	25.107140	25.098736	25.089962	25.080841	25.071419	25.061726	25.051798	25.041676	25.031395	25.020994	25.010519	
25.007034	25.014042	25.020996	25.027870	25.034641	25.041279	25.047764	25.054068	25.060160	25.066036	25.071651	25.077002	25.082056	25.086807	25.091217	25.095293	25.098999	25.102337	25.105280	25.107826	25.109962	25.111683	25.112976	25.113844	25.114277	25.114277	25.113842	25.112976	25.111685	25.109962	25.107826	25.105278	25.102335	25.098999	25.095291	25.091219	25.086805	25.082058	25.077003	25.071651	25.066032	25.060163	25.054066	25.047764	25.041279	25.034641	25.027870	25.020996	25.014044	25.007034	
25.003525	25.007034	25.010517	25.013962	25.017353	25.020679	25.023928	25.027084	25.030140	25.033077	25.035896	25.038574	25.041107	25.043484	25.045698	25.047735	25.049595	25.051264	25.052742	25.054016	25.055086	25.055946	25.056595	25.057030	25.057247	25.057245	25.057030	25.056597	25.055946	25.055086	25.054016	25.052740	25.051262	25.049595	25.047735	25.045696	25.043484	25.041107	25.038574	25.035894	25.033079	25.030138	25.027084	25.023926	25.020679	25.017353	25.013962	25.010519	25.007036	25.003525	
