25.003284	25.006559	25.009808	25.013018	25.016180	25.019279	25.022308	25.025251	25.028095	25.030838	25.033463	25.035963	25.038324	25.040539	25.042601	25.044504	25.046234	25.047791	25.049168	25.050356	25.051353	25.052155	25.052761	25.053165	25.053368	25.053368	25.053165	25.052761	25.052158	25.051353	25.050356	25.049168	25.047792	25.046234	25.044502	25.042603	25.040539	25.038322	25.035961	25.033464	25.030840	25.028099	25.025249	25.022308	25.019281	25.016178	25.013018	25.009806	25.006557	25.003284	
25.006561	25.013092	25.019577	25.025986	25.032297	25.038486	25.044533	25.050404	25.056091	25.061560	25.066803	25.071789	25.076502	25.080925	25.085045	25.088837	25.092297	25.095402	25.098148	25.100521	25.102512	25.104115	25.105322	25.106129	25.106533	25.106533	25.106129	25.105322	25.104115	25.102512	25.100521	25.098148	25.095402	25.092297	25.088837	25.085043	25.080925	25.076502	25.071785	25.066803	25.061563	25.056089	25.050407	25.044533	25.038485	25.032299	25.025986	25.019575	25.013090	25.006559	
25.009806	25.019577	25.029270	25.038857	25.048292	25.057549	25.066586	25.075371	25.083870	25.092052	25.099884	25.107344	25.114389	25.121006	25.127159	25.132837	25.138004	25.142654	25.146755	25.150305	25.153282	25.155680	25.157486	25.158691	25.159296	25.159298	25.158691	25.157484	25.155682	25.153282	25.150307	25.146757	25.142653	25.138004	25.132835	25.127159	25.121006	25.114388	25.107342	25.099884	25.092054	25.083870	25.075371	25.066584	25.057549	25.048294	25.038857	25.029270	25.019577	25.009808	
25.013020	25.025986	25.038857	25.051579	25.064106	25.076391	25.088387	25.100048	25.111332	25.122192	25.132595	25.142487	25.151848	25.160625	25.168800	25.176329	25.183197	25.189358	25.194811	25.199520	25.203474	25.206656	25.209051	25.210651	25.211456	25.211454	25.210651	25.209051	25.206654	25.203476	25.199520	25.194813	25.189360	25.183197	25.176331	25.168800	25.160625	25.151848	25.142487	25.132595	25.122192	25.111336	25.100048	25.088388	25.076389	25.064110	25.051579	25.038858	25.025986	25.013020	
25.016180	25.032299	25.048292	25.064108	25.079678	25.094948	25.109856	25.124352	25.138372	25.151875	25.164795	25.177099	25.188726	25.199642	25.209793	25.219158	25.227684	25.235355	25.242125	25.247982	25.252895	25.256849	25.259827	25.261818	25.262817	25.262815	25.261818	25.259825	25.256847	25.252893	25.247984	25.242126	25.235355	25.227688	25.219160	25.209797	25.199642	25.188725	25.177101	25.164795	25.151878	25.138374	25.124352	25.109856	25.094948	25.079678	25.064108	25.048292	25.032299	25.016180	
25.019283	25.038486	25.057549	25.076389	25.094948	25.113140	25.130909	25.148178	25.164894	25.180977	25.196381	25.211035	25.224894	25.237896	25.250004	25.261154	25.271324	25.280453	25.288528	25.295502	25.301361	25.306067	25.309618	25.311991	25.313181	25.313181	25.311991	25.309620	25.306067	25.301361	25.295502	25.288530	25.280457	25.271324	25.261156	25.250004	25.237896	25.224899	25.211033	25.196383	25.180977	25.164894	25.148180	25.130911	25.113140	25.094948	25.076391	25.057549	25.038486	25.019281	
25.022308	25.044533	25.066584	25.088390	25.109856	25.130909	25.151464	25.171452	25.190783	25.209400	25.227215	25.244177	25.260204	25.275259	25.289255	25.302170	25.313923	25.324499	25.333832	25.341908	25.348679	25.354132	25.358236	25.360985	25.362362	25.362360	25.360985	25.358238	25.354132	25.348679	25.341909	25.333834	25.324501	25.313927	25.302170	25.289257	25.275261	25.260206	25.244181	25.227215	25.209400	25.190783	25.171453	25.151464	25.130909	25.109856	25.088388	25.066586	25.044533	25.022308	
25.025253	25.050404	25.075373	25.100048	25.124352	25.148178	25.171452	25.194067	25.215958	25.237022	25.257198	25.276386	25.294544	25.311567	25.327425	25.342030	25.355347	25.367304	25.377880	25.387012	25.394684	25.400848	25.405500	25.408611	25.410168	25.410168	25.408609	25.405502	25.400852	25.394688	25.387014	25.377884	25.367308	25.355347	25.342031	25.327427	25.311569	25.294544	25.276386	25.257198	25.237020	25.215960	25.194069	25.171452	25.148178	25.124352	25.100048	25.075371	25.050406	25.025251	
25.028099	25.056091	25.083868	25.111332	25.138371	25.164890	25.190781	25.215958	25.240307	25.263756	25.286194	25.307564	25.327751	25.346710	25.364342	25.380606	25.395412	25.408730	25.420486	25.430660	25.439186	25.446056	25.451225	25.454689	25.456421	25.456421	25.454689	25.451227	25.446060	25.439188	25.430664	25.420490	25.408733	25.395416	25.380608	25.364346	25.346710	25.327751	25.307564	25.286194	25.263756	25.240307	25.215958	25.190781	25.164894	25.138371	25.111332	25.083870	25.056091	25.028097	
25.030838	25.061562	25.092052	25.122192	25.151875	25.180975	25.209396	25.237020	25.263756	25.289482	25.314121	25.337557	25.359732	25.380526	25.399895	25.417728	25.433992	25.448597	25.461514	25.472666	25.482037	25.489567	25.495249	25.499043	25.500946	25.500950	25.499043	25.495251	25.489569	25.482040	25.472668	25.461517	25.448601	25.433994	25.417728	25.399893	25.380526	25.359734	25.337559	25.314121	25.289480	25.263756	25.237020	25.209396	25.180973	25.151875	25.122190	25.092052	25.061562	25.030840	
25.033463	25.066801	25.099884	25.132591	25.164793	25.196377	25.227211	25.257195	25.286194	25.314121	25.340843	25.366291	25.390333	25.412914	25.433910	25.453281	25.470915	25.486778	25.500778	25.512896	25.523050	25.531231	25.537386	25.541508	25.543573	25.543571	25.541512	25.537388	25.531235	25.523050	25.512897	25.500782	25.486778	25.470917	25.453283	25.433912	25.412914	25.390331	25.366291	25.340843	25.314119	25.286194	25.257193	25.227211	25.196377	25.164795	25.132591	25.099882	25.066799	25.033463	
25.035961	25.071785	25.107342	25.142483	25.177095	25.211029	25.244175	25.276382	25.307558	25.337555	25.366291	25.393618	25.419474	25.443720	25.466305	25.487103	25.506067	25.523100	25.538162	25.551167	25.562092	25.570873	25.577497	25.581921	25.584141	25.584143	25.581923	25.577501	25.570875	25.562096	25.551168	25.538162	25.523102	25.506069	25.487103	25.466305	25.443722	25.419476	25.393620	25.366289	25.337557	25.307556	25.276382	25.244173	25.211031	25.177097	25.142483	25.107340	25.071783	25.035961	
25.038322	25.076502	25.114384	25.151844	25.188719	25.224892	25.260201	25.294537	25.327744	25.359726	25.390331	25.419472	25.447006	25.472864	25.496914	25.519093	25.539288	25.557453	25.573490	25.587362	25.598993	25.608362	25.615412	25.620134	25.622496	25.622496	25.620134	25.615412	25.608364	25.598995	25.587364	25.573490	25.557455	25.539289	25.519093	25.496914	25.472866	25.447006	25.419472	25.390333	25.359726	25.327747	25.294537	25.260201	25.224892	25.188721	25.151844	25.114384	25.076500	25.038319	
25.040539	25.080921	25.121002	25.160618	25.199638	25.237888	25.275251	25.311562	25.346703	25.380520	25.412907	25.443718	25.472862	25.500198	25.525652	25.549101	25.570478	25.589680	25.606657	25.621319	25.633633	25.643536	25.651001	25.655991	25.658493	25.658493	25.655991	25.651001	25.643536	25.633636	25.621319	25.606659	25.589682	25.570480	25.549103	25.525654	25.500198	25.472862	25.443720	25.412909	25.380522	25.346703	25.311563	25.275253	25.237892	25.199638	25.160618	25.121004	25.080919	25.040539	
25.042601	25.085041	25.127155	25.168793	25.209787	25.249996	25.289249	25.327415	25.364334	25.399883	25.433907	25.466301	25.496910	25.525652	25.552387	25.577042	25.599493	25.619686	25.637512	25.652931	25.665865	25.676275	25.684116	25.689363	25.691988	25.691990	25.689365	25.684116	25.676279	25.665865	25.652935	25.637514	25.619686	25.599495	25.577044	25.552387	25.525654	25.496910	25.466299	25.433907	25.399887	25.364338	25.327417	25.289249	25.249996	25.209789	25.168795	25.127153	25.085041	25.042599	
25.044502	25.088831	25.132832	25.176321	25.219151	25.261147	25.302160	25.342022	25.380596	25.417721	25.453274	25.487095	25.519087	25.549099	25.577038	25.602779	25.626247	25.647327	25.665962	25.682060	25.695578	25.706446	25.714642	25.720119	25.722864	25.722864	25.720119	25.714643	25.706448	25.695580	25.682060	25.665966	25.647329	25.626249	25.602781	25.577042	25.549097	25.519089	25.487099	25.453274	25.417721	25.380598	25.342020	25.302158	25.261147	25.219152	25.176321	25.132832	25.088833	25.044502	
25.046234	25.092291	25.137997	25.183186	25.227676	25.271313	25.313915	25.355335	25.395405	25.433985	25.470909	25.506062	25.539284	25.570473	25.599491	25.626245	25.650614	25.672523	25.691874	25.708609	25.722645	25.733944	25.742453	25.748146	25.750998	25.750996	25.748146	25.742453	25.733946	25.722645	25.708612	25.691875	25.672527	25.650616	25.626247	25.599491	25.570477	25.539284	25.506062	25.470909	25.433987	25.395405	25.355337	25.313917	25.271313	25.227680	25.183186	25.138000	25.092293	25.046232	
25.047791	25.095396	25.142647	25.189350	25.235348	25.280445	25.324490	25.367296	25.408722	25.448589	25.486769	25.523094	25.557446	25.589676	25.619680	25.647324	25.672523	25.695160	25.715172	25.732460	25.746977	25.758652	25.767450	25.773335	25.776279	25.776283	25.773335	25.767452	25.758652	25.746979	25.732462	25.715176	25.695164	25.672523	25.647324	25.619682	25.589676	25.557449	25.523094	25.486771	25.448589	25.408722	25.367298	25.324490	25.280447	25.235348	25.189354	25.142647	25.095398	25.047791	
25.049164	25.098145	25.146748	25.194805	25.242115	25.288517	25.333824	25.377869	25.420479	25.461502	25.500771	25.538153	25.573483	25.606649	25.637505	25.665958	25.691872	25.715172	25.735748	25.753542	25.768469	25.780487	25.789536	25.795588	25.798622	25.798618	25.795589	25.789536	25.780487	25.768471	25.753544	25.735748	25.715172	25.691872	25.665958	25.637508	25.606651	25.573483	25.538155	25.500771	25.461506	25.420479	25.377869	25.333824	25.288521	25.242119	25.194805	25.146751	25.098145	25.049164	
25.050354	25.100513	25.150299	25.199509	25.247974	25.295490	25.341896	25.387001	25.430649	25.472656	25.512882	25.551157	25.587353	25.621311	25.652924	25.682053	25.708603	25.732460	25.753540	25.771757	25.787052	25.799353	25.808624	25.814823	25.817926	25.817928	25.814823	25.808624	25.799355	25.787054	25.771759	25.753542	25.732458	25.708605	25.682053	25.652927	25.621315	25.587353	25.551159	25.512886	25.472658	25.430651	25.387005	25.341896	25.295494	25.247974	25.199512	25.150299	25.100517	25.050354	
25.051350	25.102509	25.153275	25.203466	25.252882	25.301350	25.348667	25.394672	25.439178	25.482027	25.523041	25.562082	25.598984	25.633625	25.665855	25.695568	25.722639	25.746971	25.768467	25.787048	25.802643	25.815191	25.824642	25.830967	25.834133	25.834133	25.830967	25.824644	25.815193	25.802643	25.787052	25.768467	25.746975	25.722637	25.695572	25.665855	25.633627	25.598988	25.562084	25.523043	25.482027	25.439180	25.394672	25.348669	25.301348	25.252884	25.203468	25.153278	25.102509	25.051352	
25.052155	25.104109	25.155672	25.206644	25.256838	25.306055	25.354120	25.400839	25.446045	25.489557	25.531221	25.570864	25.608351	25.643526	25.676266	25.706438	25.733936	25.758646	25.780479	25.799351	25.815189	25.827930	25.837534	25.843956	25.847172	25.847172	25.843954	25.837536	25.827934	25.815193	25.799351	25.780483	25.758646	25.733940	25.706440	25.676270	25.643528	25.608353	25.570866	25.531223	25.489559	25.446047	25.400841	25.354120	25.306057	25.256840	25.206648	25.155674	25.104111	25.052155	
25.052757	25.105316	25.157475	25.209042	25.259815	25.309605	25.358225	25.405489	25.451216	25.495235	25.537378	25.577484	25.615402	25.650990	25.684105	25.714632	25.742443	25.767443	25.789530	25.808620	25.824642	25.837532	25.847244	25.853741	25.856995	25.856993	25.853741	25.847244	25.837534	25.824640	25.808624	25.789528	25.767447	25.742447	25.714634	25.684109	25.650993	25.615404	25.577490	25.537378	25.495239	25.451218	25.405491	25.358227	25.309608	25.259817	25.209042	25.157478	25.105316	25.052759	
25.053162	25.106123	25.158684	25.210644	25.261806	25.311979	25.360970	25.408596	25.454676	25.499031	25.541496	25.581911	25.620121	25.655979	25.689354	25.720108	25.748137	25.773327	25.795582	25.814817	25.830963	25.843952	25.853741	25.860283	25.863564	25.863564	25.860283	25.853741	25.843952	25.830967	25.814819	25.795586	25.773327	25.748138	25.720112	25.689354	25.655981	25.620125	25.581913	25.541502	25.499035	25.454678	25.408600	25.360973	25.311983	25.261808	25.210646	25.158684	25.106125	25.053162	
25.053364	25.106529	25.159288	25.211445	25.262802	25.313168	25.362347	25.410152	25.456408	25.500933	25.543560	25.584127	25.622482	25.658478	25.691978	25.722857	25.750988	25.776274	25.798613	25.817924	25.834129	25.847168	25.856993	25.863564	25.866856	25.866854	25.863564	25.856995	25.847172	25.834131	25.817926	25.798615	25.776276	25.750992	25.722858	25.691980	25.658484	25.622488	25.584133	25.543564	25.500935	25.456409	25.410156	25.362350	25.313171	25.262806	25.211449	25.159290	25.106529	25.053366	
25.053364	25.106529	25.159288	25.211445	25.262802	25.313168	25.362347	25.410152	25.456408	25.500933	25.543560	25.584127	25.622482	25.658478	25.691978	25.722857	25.750988	25.776274	25.798613	25.817924	25.834129	25.847168	25.856993	25.863564	25.866856	25.866854	25.863564	25.856995	25.847172	25.834131	25.817926	25.798615	25.776276	25.750992	25.722858	25.691980	25.658484	25.622488	25.584133	25.543564	25.500935	25.456409	25.410156	25.362350	25.313171	25.262806	25.211449	25.159290	25.106529	25.053366	
25.053162	25.106123	25.158684	25.210644	25.261806	25.311979	25.360970	25.408596	25.454676	25.499031	25.541496	25.581911	25.620121	25.655979	25.689354	25.720108	25.748137	25.773327	25.795582	25.814817	25.830963	25.843952	25.853741	25.860283	25.863564	25.863564	25.860283	25.853741	25.843952	25.830967	25.814819	25.795586	25.773327	25.748138	25.720112	25.689354	25.655981	25.620125	25.581913	25.541502	25.499035	25.454678	25.408600	25.360973	25.311983	25.261808	25.210646	25.158684	25.106125	25.053162	
25.052757	25.105316	25.157475	25.209042	25.259815	25.309605	25.358225	25.405489	25.451216	25.495235	25.537378	25.577484	25.615402	25.650990	25.684105	25.714632	25.742443	25.767443	25.789530	25.808620	25.824642	25.837532	25.847244	25.853741	25.856995	25.856993	25.853741	25.847244	25.837534	25.824640	25.808624	25.789528	25.767447	25.742447	25.714634	25.684109	25.650993	25.615404	25.577490	25.537378	25.495239	25.451218	25.405491	25.358227	25.309608	25.259817	25.209042	25.157478	25.105316	25.052759	
25.052155	25.104109	25.155672	25.206644	25.256838	25.306055	25.354120	25.400839	25.446045	25.489557	25.531221	25.570864	25.608351	25.643526	25.676266	25.706438	25.733936	25.758646	25.780479	25.799351	25.815189	25.827930	25.837534	25.843956	25.847172	25.847172	25.843954	25.837536	25.827934	25.815193	25.799351	25.780483	25.758646	25.733940	25.706440	25.676270	25.643528	25.608353	25.570866	25.531223	25.489559	25.446047	25.400841	25.354120	25.306057	25.256840	25.206648	25.155674	25.104111	25.052155	
25.051350	25.102509	25.153275	25.203466	25.252882	25.301350	25.348667	25.394672	25.439178	25.482027	25.523041	25.562082	25.598984	25.633625	25.665855	25.695568	25.722639	25.746971	25.768467	25.787048	25.802643	25.815191	25.824642	25.830967	25.834133	25.834133	25.830967	25.824644	25.815193	25.802643	25.787052	25.768467	25.746975	25.722637	25.695572	25.665855	25.633627	25.598988	25.562084	25.523043	25.482027	25.439180	25.394672	25.348669	25.301348	25.252884	25.203468	25.153278	25.102509	25.051352	
25.050354	25.100513	25.150299	25.199509	25.247974	25.295490	25.341896	25.387001	25.430649	25.472656	25.512882	25.551157	25.587353	25.621311	25.652924	25.682053	25.708603	25.732460	25.753540	25.771757	25.787052	25.799353	25.808624	25.814823	25.817926	25.817928	25.814823	25.808624	25.799355	25.787054	25.771759	25.753542	25.732458	25.708605	25.682053	25.652927	25.621315	25.587353	25.551159	25.512886	25.472658	25.430651	25.387005	25.341896	25.295494	25.247974	25.199512	25.150299	25.100517	25.050354	
25.049164	25.098145	25.146748	25.194805	25.242115	25.288517	25.333824	25.377869	25.420479	25.461502	25.500771	25.538153	25.573483	25.606649	25.637505	25.665958	25.691872	25.715172	25.735748	25.753542	25.768469	25.780487	25.789536	25.795588	25.798622	25.798618	25.795589	25.789536	25.780487	25.768471	25.753544	25.735748	25.715172	25.691872	25.665958	25.637508	25.606651	25.573483	25.538155	25.500771	25.461506	25.420479	25.377869	25.333824	25.288521	25.242119	25.194805	25.146751	25.098145	25.049164	
25.047791	25.095396	25.142647	25.189350	25.235348	25.280445	25.324490	25.367296	25.408722	25.448589	25.486769	25.523094	25.557446	25.589676	25.619680	25.647324	25.672523	25.695160	25.715172	25.732460	25.746977	25.758652	25.767450	25.773335	25.776279	25.776283	25.773335	25.767452	25.758652	25.746979	25.732462	25.715176	25.695164	25.672523	25.647324	25.619682	25.589676	25.557449	25.523094	25.486771	25.448589	25.408722	25.367298	25.324490	25.280447	25.235348	25.189354	25.142647	25.095398	25.047791	
25.046234	25.092291	25.137997	25.183186	25.227676	25.271313	25.313915	25.355335	25.395405	25.433985	25.470909	25.506062	25.539284	25.570473	25.599491	25.626245	25.650614	25.672523	25.691874	25.708609	25.722645	25.733944	25.742453	25.748146	25.750998	25.750996	25.748146	25.742453	25.733946	25.722645	25.708612	25.691875	25.672527	25.650616	25.626247	25.599491	25.570477	25.539284	25.506062	25.470909	25.433987	25.395405	25.355337	25.313917	25.271313	25.227680	25.183186	25.138000	25.092293	25.046232	
25.044502	25.088831	25.132832	25.176321	25.219151	25.261147	25.302160	25.342022	25.380596	25.417721	25.453274	25.487095	25.519087	25.549099	25.577038	25.602779	25.626247	25.647327	25.665962	25.682060	25.695578	25.706446	25.714642	25.720119	25.722864	25.722864	25.720119	25.714643	25.706448	25.695580	25.682060	25.665966	25.647329	25.626249	25.602781	25.577042	25.549097	25.519089	25.487099	25.453274	25.417721	25.380598	25.342020	25.302158	25.261147	25.219152	25.176321	25.132832	25.088833	25.044502	
25.042601	25.085041	25.127155	25.168793	25.209787	25.249996	25.289249	25.327415	25.364334	25.399883	25.433907	25.466301	25.496910	25.525652	25.552387	25.577042	25.599493	25.619686	25.637512	25.652931	25.665865	25.676275	25.684116	25.689363	25.691988	25.691990	25.689365	25.684116	25.676279	25.665865	25.652935	25.637514	25.619686	25.599495	25.577044	25.552387	25.525654	25.496910	25.466299	25.433907	25.399887	25.364338	25.327417	25.289249	25.249996	25.209789	25.168795	25.127153	25.085041	25.042599	
25.040539	25.080921	25.121002	25.160618	25.199638	25.237888	25.275251	25.311562	25.346703	25.380520	25.412907	25.443718	25.472862	25.500198	25.525652	25.549101	25.570478	25.589680	25.606657	25.621319	25.633633	25.643536	25.651001	25.655991	25.658493	25.658493	25.655991	25.651001	25.643536	25.633636	25.621319	25.606659	25.589682	25.570480	25.549103	25.525654	25.500198	25.472862	25.443720	25.412909	25.380522	25.346703	25.311563	25.275253	25.237892	25.199638	25.160618	25.121004	25.080919	25.040539	
25.038322	25.076502	25.114384	25.151844	25.188719	25.224892	25.260201	25.294537	25.327744	25.359726	25.390331	25.419472	25.447006	25.472864	25.496914	25.519093	25.539288	25.557453	25.573490	25.587362	25.598993	25.608362	25.615412	25.620134	25.622496	25.622496	25.620134	25.615412	25.608364	25.598995	25.587364	25.573490	25.557455	25.539289	25.519093	25.496914	25.472866	25.447006	25.419472	25.390333	25.359726	25.327747	25.294537	25.260201	25.224892	25.188721	25.151844	25.114384	25.076500	25.038319	
25.035961	25.071785	25.107342	25.142483	25.177095	25.211029	25.244175	25.276382	25.307558	25.337555	25.366291	25.393618	25.419474	25.443720	25.466305	25.487103	25.506067	25.523100	25.538162	25.551167	25.562092	25.570873	25.577497	25.581921	25.584141	25.584143	25.581923	25.577501	25.570875	25.562096	25.551168	25.538162	25.523102	25.506069	25.487103	25.466305	25.443722	25.419476	25.393620	25.366289	25.337557	25.307556	25.276382	25.244173	25.211031	25.177097	25.142483	25.107340	25.071783	25.035961	
25.033463	25.066801	25.099884	25.132591	25.164793	25.196377	25.227211	25.257195	25.286194	25.314121	25.340843	25.366291	25.390333	25.412914	25.433910	25.453281	25.470915	25.486778	25.500778	25.512896	25.523050	25.531231	25.537386	25.541508	25.543573	25.543571	25.541512	25.537388	25.531235	25.523050	25.512897	25.500782	25.486778	25.470917	25.453283	25.433912	25.412914	25.390331	25.366291	25.340843	25.314119	25.286194	25.257193	25.227211	25.196377	25.164795	25.132591	25.099882	25.066799	25.033463	
25.030838	25.061562	25.092052	25.122192	25.151875	25.180975	25.209396	25.237020	25.263756	25.289482	25.314121	25.337557	25.359732	25.380526	25.399895	25.417728	25.433992	25.448597	25.461514	25.472666	25.482037	25.489567	25.495249	25.499043	25.500946	25.500950	25.499043	25.495251	25.489569	25.482040	25.472668	25.461517	25.448601	25.433994	25.417728	25.399893	25.380526	25.359734	25.337559	25.314121	25.289480	25.263756	25.237020	25.209396	25.180973	25.151875	25.122190	25.092052	25.061562	25.030840	
25.028099	25.056091	25.083868	25.111332	25.138371	25.164890	25.190781	25.215958	25.240307	25.263756	25.286194	25.307564	25.327751	25.346710	25.364342	25.380606	25.395412	25.408730	25.420486	25.430660	25.439186	25.446056	25.451225	25.454689	25.456421	25.456421	25.454689	25.451227	25.446060	25.439188	25.430664	25.420490	25.408733	25.395416	25.380608	25.364346	25.346710	25.327751	25.307564	25.286194	25.263756	25.240307	25.215958	25.190781	25.164894	25.138371	25.111332	25.083870	25.056091	25.028097	
25.025253	25.050404	25.075373	25.100048	25.124352	25.148178	25.171452	25.194067	25.215958	25.237022	25.257198	25.276386	25.294544	25.311567	25.327425	25.342030	25.355347	25.367304	25.377880	25.387012	25.394684	25.400848	25.405500	25.408611	25.410168	25.410168	25.408609	25.405502	25.400852	25.394688	25.387014	25.377884	25.367308	25.355347	25.342031	25.327427	25.311569	25.294544	25.276386	25.257198	25.237020	25.215960	25.194069	25.171452	25.148178	25.124352	25.100048	25.075371	25.050406	25.025251	
25.022308	25.044533	25.066584	25.088390	25.109856	25.130909	25.151464	25.171452	25.190783	25.209400	25.227215	25.244177	25.260204	25.275259	25.289255	25.302170	25.313923	25.324499	25.333832	25.341908	25.348679	25.354132	25.358236	25.360985	25.362362	25.362360	25.360985	25.358238	25.354132	25.348679	25.341909	25.333834	25.324501	25.313927	25.302170	25.289257	25.275261	25.260206	25.244181	25.227215	25.209400	25.190783	25.171453	25.151464	25.130909	25.109856	25.088388	25.066586	25.044533	25.022308	
25.019283	25.038486	25.057549	25.076389	25.094948	25.113140	25.130909	25.148178	25.164894	25.180977	25.196381	25.211035	25.224894	25.237896	25.250004	25.261154	25.271324	25.280453	25.288528	25.295502	25.301361	25.306067	25.309618	25.311991	25.313181	25.313181	25.311991	25.309620	25.306067	25.301361	25.295502	25.288530	25.280457	25.271324	25.261156	25.250004	25.237896	25.224899	25.211033	25.196383	25.180977	25.164894	25.148180	25.130911	25.113140	25.094948	25.076391	25.057549	25.038486	25.019281	
25.016180	25.032299	25.048292	25.064108	25.079678	25.094948	25.109856	25.124352	25.138372	25.151875	25.164795	25.177099	25.188726	25.199642	25.209793	25.219158	25.227684	25.235355	25.242125	25.247982	25.252895	25.256849	25.259827	25.261818	25.262817	25.262815	25.261818	25.259825	25.256847	25.252893	25.247984	25.242126	25.235355	25.227688	25.219160	25.209797	25.199642	25.188725	25.177101	25.164795	25.151878	25.138374	25.124352	25.109856	25.094948	25.079678	25.064108	25.048292	25.032299	25.016180	
25.013020	25.025986	25.038857	25.051579	25.064106	25.076391	25.088387	25.100048	25.111332	25.122192	25.132595	25.142487	25.151848	25.160625	25.168800	25.176329	25.183197	25.189358	25.194811	25.199520	25.203474	25.206656	25.209051	25.210651	25.211456	25.211454	25.210651	25.209051	25.206654	25.203476	25.199520	25.194813	25.189360	25.183197	25.176331	25.168800	25.160625	25.151848	25.142487	25.132595	25.122192	25.111336	25.100048	25.088388	25.076389	25.064110	25.051579	25.038858	25.025986	25.013020	
25.009806	25.019577	25.029270	25.038857	25.048292	25.057549	25.066586	25.075371	25.083870	25.092052	25.099884	25.107344	25.114389	25.121006	25.127159	25.132837	25.138004	25.142654	25.146755	25.150305	25.153282	25.155680	25.157486	25.158691	25.159296	25.159298	25.158691	25.157484	25.155682	25.153282	25.150307	25.146757	25.142653	25.138004	25.132835	25.127159	25.121006	25.114388	25.107342	25.099884	25.092054	25.083870	25.075371	25.066584	25.057549	25.048294	25.038857	25.029270	25.019577	25.009808	
25.006561	25.013092	25.019577	25.025986	25.032297	25.038486	25.044533	25.050404	25.056091	25.061560	25.066803	25.071789	25.076502	25.080925	25.085045	25.088837	25.092297	25.095402	25.098148	25.100521	25.102512	25.104115	25.105322	25.106129	25.106533	25.106533	25.106129	25.105322	25.104115	25.102512	25.100521	25.098148	25.095402	25.092297	25.088837	25.085043	25.080925	25.076502	25.071785	25.066803	25.061563	25.056089	25.050407	25.044533	25.038485	25.032299	25.025986	25.019575	25.013090	25.006559	
25.003284	25.006559	25.009808	25.013018	25.016180	25.019279	25.022308	25.025251	25.028095	25.030838	25.033463	25.035963	25.038324	25.040539	25.042601	25.044504	25.046234	25.047791	25.049168	25.050356	25.051353	25.052155	25.052761	25.053165	25.053368	25.053368	25.053165	25.052761	25.052158	25.051353	25.050356	25.049168	25.047792	25.046234	25.044502	25.042603	25.040539	25.038322	25.035961	25.033464	25.030840	25.028099	25.025249	25.022308	25.019281	25.016178	25.013018	25.009806	25.006557	25.003284	
