25.000000	25.000000	25.000000	25.000000	25.000000	25.000000	25.000000	25.000000	25.000000	25.000000	25.000000	25.000000	25.000000	25.000000	25.000000	25.000000	25.000000	25.000000	25.000000	25.000000	25.000000	25.000000	25.000000	25.000000	25.000000	25.000000	25.000000	25.000000	25.000000	25.000000	25.000000	25.000000	25.000000	25.000000	25.000000	25.000000	25.000000	25.000000	25.000000	25.000000	25.000000	25.000000	25.000000	25.000000	25.000000	25.000000	25.000000	25.000000	25.000000	25.000000	
25.000000	25.000000	25.000000	25.000000	25.000000	25.000000	25.000000	25.000000	25.000000	25.000000	25.000000	25.000000	25.000000	25.000000	25.000000	25.000000	25.000000	25.000000	25.000000	25.000000	25.000000	25.000000	25.000000	25.000000	25.000000	25.000000	25.000000	25.000000	25.000000	25.000000	25.000000	25.000000	25.000000	25.000000	25.000000	25.000000	25.000000	25.000000	25.000000	25.000000	25.000000	25.000000	25.000000	25.000000	25.000000	25.000000	25.000000	25.000000	25.000000	25.000000	
25.000000	25.000000	25.000000	25.000000	25.000000	25.000000	25.000000	25.000000	25.000000	25.000000	25.000000	25.000000	25.000000	25.000000	25.000000	25.000000	25.000000	25.000000	25.000000	25.000000	25.000000	25.000000	25.000000	25.000000	25.000000	25.000000	25.000000	25.000000	25.000000	25.000000	25.000000	25.000000	25.000000	25.000000	25.000000	25.000000	25.000000	25.000000	25.000000	25.000000	25.000000	25.000000	25.000000	25.000000	25.000000	25.000000	25.000000	25.000000	25.000000	25.000000	
25.000000	25.000000	25.000000	25.000000	25.000000	25.000000	25.000000	25.000000	25.000000	25.000000	25.000000	25.000000	25.000000	25.000000	25.000000	25.000000	25.000000	25.000000	25.000000	25.000000	25.000000	25.000000	25.000000	25.000000	25.000000	25.000000	25.000000	25.000000	25.000000	25.000000	25.000000	25.000000	25.000000	25.000000	25.000000	25.000000	25.000000	25.000000	25.000000	25.000000	25.000000	25.000000	25.000000	25.000000	25.000000	25.000000	25.000000	25.000000	25.000000	25.000000	
25.000000	25.000000	25.000000	25.000000	25.000000	25.000000	25.000000	25.000000	25.000000	25.000000	25.000000	25.000000	25.000000	25.000000	25.000000	25.000000	25.000000	25.000000	25.000000	25.000000	25.000000	25.000000	25.000000	25.000000	25.000000	25.000000	25.000000	25.000000	25.000000	25.000000	25.000000	25.000000	25.000000	25.000000	25.000000	25.000000	25.000000	25.000000	25.000000	25.000000	25.000000	25.000000	25.000000	25.000000	25.000000	25.000000	25.000000	25.000000	25.000000	25.000000	
25.000000	25.000000	25.000000	25.000000	25.000000	25.000000	25.000000	25.000000	25.000000	25.000000	25.000000	25.000000	25.000000	25.000000	25.000000	25.000000	25.000000	25.000000	25.000000	25.000000	25.000000	25.000000	25.000000	25.000000	25.000000	25.000000	25.000000	25.000000	25.000000	25.000000	25.000000	25.000000	25.000000	25.000000	25.000000	25.000000	25.000000	25.000000	25.000000	25.000000	25.000000	25.000000	25.000000	25.000000	25.000000	25.000000	25.000000	25.000000	25.000000	25.000000	
25.000000	25.000000	25.000000	25.000000	25.000000	25.000000	25.000000	25.000000	25.000000	25.000000	25.000000	25.000000	25.000000	25.000000	25.000000	25.000000	25.000000	25.000000	25.000000	25.000000	25.000000	25.000000	25.000000	25.000000	25.000000	25.000000	25.000000	25.000000	25.000000	25.000000	25.000000	25.000000	25.000000	25.000000	25.000000	25.000000	25.000000	25.000000	25.000000	25.000000	25.000000	25.000000	25.000000	25.000000	25.000000	25.000000	25.000000	25.000000	25.000000	25.000000	
25.000000	25.000000	25.000000	25.000000	25.000000	25.000000	25.000000	25.000000	25.000000	25.000000	25.000000	25.000000	25.000000	25.000000	25.000000	25.000000	25.000000	25.000000	25.000000	25.000004	25.000004	25.000006	25.000006	25.000006	25.000006	25.000006	25.000006	25.000006	25.000006	25.000004	25.000004	25.000000	25.000000	25.000000	25.000000	25.000000	25.000000	25.000000	25.000000	25.000000	25.000000	25.000000	25.000000	25.000000	25.000000	25.000000	25.000000	25.000000	25.000000	25.000000	
25.000000	25.000000	25.000000	25.000000	25.000000	25.000000	25.000000	25.000000	25.000000	25.000000	25.000000	25.000000	25.000000	25.000000	25.000000	25.000000	25.000000	25.000000	25.000019	25.000023	25.000063	25.000067	25.000084	25.000084	25.000084	25.000084	25.000084	25.000084	25.000065	25.000061	25.000023	25.000019	25.000000	25.000000	25.000000	25.000000	25.000000	25.000000	25.000000	25.000000	25.000000	25.000000	25.000000	25.000000	25.000000	25.000000	25.000000	25.000000	25.000000	25.000000	
25.000000	25.000000	25.000000	25.000000	25.000000	25.000000	25.000000	25.000000	25.000000	25.000000	25.000000	25.000000	25.000000	25.000000	25.000000	25.000000	25.000000	25.000074	25.000093	25.000357	25.000399	25.000662	25.000681	25.000755	25.000755	25.000755	25.000755	25.000683	25.000662	25.000397	25.000359	25.000093	25.000076	25.000000	25.000000	25.000000	25.000000	25.000000	25.000000	25.000000	25.000000	25.000000	25.000000	25.000000	25.000000	25.000000	25.000000	25.000000	25.000000	25.000000	
25.000000	25.000000	25.000000	25.000000	25.000000	25.000000	25.000000	25.000000	25.000000	25.000000	25.000000	25.000000	25.000000	25.000000	25.000000	25.000000	25.000206	25.000280	25.001343	25.001608	25.003345	25.003609	25.004673	25.004745	25.004951	25.004951	25.004745	25.004671	25.003609	25.003345	25.001606	25.001345	25.000278	25.000206	25.000000	25.000000	25.000000	25.000000	25.000000	25.000000	25.000000	25.000000	25.000000	25.000000	25.000000	25.000000	25.000000	25.000000	25.000000	25.000000	
25.000000	25.000000	25.000000	25.000000	25.000000	25.000000	25.000000	25.000000	25.000000	25.000000	25.000000	25.000000	25.000000	25.000000	25.000000	25.000410	25.000614	25.003563	25.004623	25.011677	25.013412	25.020462	25.021524	25.024473	25.024677	25.024677	25.024471	25.021526	25.020462	25.013412	25.011677	25.004623	25.003561	25.000614	25.000410	25.000000	25.000000	25.000000	25.000000	25.000000	25.000000	25.000000	25.000000	25.000000	25.000000	25.000000	25.000000	25.000000	25.000000	25.000000	
25.000000	25.000000	25.000000	25.000000	25.000000	25.000000	25.000000	25.000000	25.000000	25.000000	25.000000	25.000000	25.000000	25.000000	25.000614	25.001024	25.006973	25.009918	25.029646	25.036697	25.065580	25.072632	25.092358	25.095304	25.100636	25.100636	25.095304	25.092358	25.072632	25.065580	25.036697	25.029646	25.009920	25.006971	25.001026	25.000614	25.000000	25.000000	25.000000	25.000000	25.000000	25.000000	25.000000	25.000000	25.000000	25.000000	25.000000	25.000000	25.000000	25.000000	
25.000000	25.000000	25.000000	25.000000	25.000000	25.000000	25.000000	25.000000	25.000000	25.000000	25.000000	25.000000	25.000000	25.000702	25.001316	25.010342	25.016291	25.056564	25.076290	25.157997	25.186882	25.268585	25.288311	25.327881	25.333214	25.333214	25.327883	25.288311	25.268587	25.186882	25.157997	25.076290	25.056564	25.016289	25.010342	25.001318	25.000702	25.000000	25.000000	25.000000	25.000000	25.000000	25.000000	25.000000	25.000000	25.000000	25.000000	25.000000	25.000000	25.000000	
25.000000	25.000000	25.000000	25.000000	25.000000	25.000000	25.000000	25.000000	25.000000	25.000000	25.000000	25.000000	25.000614	25.001316	25.011778	25.020802	25.082741	25.123014	25.292049	25.373758	25.607941	25.689650	25.858067	25.897640	25.949118	25.949116	25.897638	25.858067	25.689650	25.607941	25.373758	25.292053	25.123014	25.082743	25.020802	25.011778	25.001318	25.000614	25.000000	25.000000	25.000000	25.000000	25.000000	25.000000	25.000000	25.000000	25.000000	25.000000	25.000000	25.000000	
25.000000	25.000000	25.000000	25.000000	25.000000	25.000000	25.000000	25.000000	25.000000	25.000000	25.000000	25.000410	25.001026	25.010342	25.020802	25.093817	25.155756	25.419994	25.589029	26.081337	26.315523	26.807419	26.975843	27.230762	27.282240	27.282240	27.230761	26.975842	26.807419	26.315523	26.081339	25.589029	25.419994	25.155756	25.093817	25.020802	25.010342	25.001026	25.000410	25.000000	25.000000	25.000000	25.000000	25.000000	25.000000	25.000000	25.000000	25.000000	25.000000	25.000000	
25.000000	25.000000	25.000000	25.000000	25.000000	25.000000	25.000000	25.000000	25.000000	25.000000	25.000204	25.000616	25.006975	25.016293	25.082741	25.155754	25.473656	25.737892	26.522831	27.015139	28.070324	28.562220	29.340801	29.595722	29.847170	29.847168	29.595722	29.340801	28.562222	28.070324	27.015139	26.522831	25.737892	25.473656	25.155756	25.082743	25.016289	25.006975	25.000614	25.000206	25.000000	25.000000	25.000000	25.000000	25.000000	25.000000	25.000000	25.000000	25.000000	25.000000	
25.000000	25.000000	25.000000	25.000000	25.000000	25.000000	25.000000	25.000000	25.000000	25.000072	25.000278	25.003559	25.009918	25.056564	25.123014	25.419994	25.737892	26.706020	27.490957	29.214996	30.270178	31.991005	32.769588	33.691071	33.942516	33.942516	33.691071	32.769588	31.991005	30.270178	29.214994	27.490959	26.706020	25.737892	25.419994	25.123014	25.056564	25.009918	25.003561	25.000278	25.000074	25.000000	25.000000	25.000000	25.000000	25.000000	25.000000	25.000000	25.000000	25.000000	
25.000000	25.000000	25.000000	25.000000	25.000000	25.000000	25.000000	25.000000	25.000019	25.000093	25.001343	25.004623	25.029648	25.076290	25.292053	25.589027	26.522831	27.490957	29.683640	31.407673	34.309479	36.030312	38.197983	39.119469	39.837509	39.837509	39.119469	38.197990	36.030312	34.309483	31.407675	29.683640	27.490959	26.522831	25.589029	25.292049	25.076290	25.029648	25.004623	25.001343	25.000093	25.000019	25.000000	25.000000	25.000000	25.000000	25.000000	25.000000	25.000000	25.000000	
25.000000	25.000000	25.000000	25.000000	25.000000	25.000000	25.000000	25.000002	25.000023	25.000357	25.001606	25.011675	25.036695	25.157997	25.373755	26.081337	27.015139	29.214993	31.407673	35.242855	38.144661	41.970108	44.137787	46.216343	46.934383	46.934387	46.216347	44.137787	41.970112	38.144665	35.242855	31.407675	29.214996	27.015139	26.081337	25.373756	25.157993	25.036697	25.011677	25.001606	25.000359	25.000021	25.000004	25.000000	25.000000	25.000000	25.000000	25.000000	25.000000	25.000000	
25.000000	25.000000	25.000000	25.000000	25.000000	25.000000	25.000000	25.000004	25.000061	25.000401	25.003342	25.013409	25.065582	25.186878	25.607944	26.315523	28.070324	30.270178	34.309479	38.144661	43.456409	47.281860	51.269051	53.347614	54.681351	54.681351	53.347610	51.269054	47.281860	43.456409	38.144665	34.309483	30.270178	28.070320	26.315523	25.607941	25.186882	25.065582	25.013412	25.003345	25.000397	25.000061	25.000004	25.000000	25.000000	25.000000	25.000000	25.000000	25.000000	25.000000	
25.000000	25.000000	25.000000	25.000000	25.000000	25.000000	25.000000	25.000006	25.000065	25.000662	25.003609	25.020462	25.072630	25.268585	25.689648	26.807423	28.562222	31.991005	36.030308	41.970108	47.281860	53.205402	57.192596	60.425430	61.759171	61.759171	60.425434	57.192596	53.205399	47.281860	41.970108	36.030312	31.991005	28.562222	26.807419	25.689648	25.268585	25.072632	25.020462	25.003609	25.000662	25.000065	25.000006	25.000000	25.000000	25.000000	25.000000	25.000000	25.000000	25.000000	
25.000000	25.000000	25.000000	25.000000	25.000000	25.000000	25.000000	25.000006	25.000084	25.000683	25.004669	25.021524	25.092360	25.288313	25.858070	26.975842	29.340801	32.769588	38.197987	44.137787	51.269054	57.192593	62.550240	65.783081	67.578278	67.578278	65.783081	62.550240	57.192596	51.269051	44.137787	38.197987	32.769588	29.340801	26.975842	25.858068	25.288313	25.092358	25.021526	25.004671	25.000681	25.000084	25.000006	25.000000	25.000000	25.000000	25.000000	25.000000	25.000000	25.000000	
25.000000	25.000000	25.000000	25.000000	25.000000	25.000000	25.000000	25.000006	25.000084	25.000755	25.004745	25.024471	25.095303	25.327881	25.897638	27.230762	29.595722	33.691071	39.119469	46.216343	53.347610	60.425430	65.783073	69.645851	71.441055	71.441055	69.645851	65.783073	60.425430	53.347610	46.216347	39.119469	33.691071	29.595720	27.230761	25.897638	25.327881	25.095303	25.024471	25.004745	25.000755	25.000084	25.000006	25.000000	25.000000	25.000000	25.000000	25.000000	25.000000	25.000000	
25.000000	25.000000	25.000000	25.000000	25.000000	25.000000	25.000000	25.000006	25.000084	25.000755	25.004950	25.024677	25.100636	25.333216	25.949116	27.282242	29.847170	33.942520	39.837509	46.934387	54.681351	61.759171	67.578278	71.441055	73.390076	73.390076	71.441055	67.578278	61.759171	54.681347	46.934387	39.837509	33.942516	29.847168	27.282240	25.949118	25.333214	25.100636	25.024675	25.004951	25.000755	25.000084	25.000006	25.000000	25.000000	25.000000	25.000000	25.000000	25.000000	25.000000	
25.000000	25.000000	25.000000	25.000000	25.000000	25.000000	25.000000	25.000006	25.000084	25.000755	25.004950	25.024677	25.100636	25.333216	25.949116	27.282242	29.847170	33.942520	39.837509	46.934387	54.681351	61.759171	67.578278	71.441055	73.390076	73.390076	71.441055	67.578278	61.759171	54.681347	46.934387	39.837509	33.942516	29.847168	27.282240	25.949118	25.333214	25.100636	25.024675	25.004951	25.000755	25.000084	25.000006	25.000000	25.000000	25.000000	25.000000	25.000000	25.000000	25.000000	
25.000000	25.000000	25.000000	25.000000	25.000000	25.000000	25.000000	25.000006	25.000084	25.000755	25.004745	25.024471	25.095303	25.327881	25.897638	27.230762	29.595722	33.691071	39.119469	46.216343	53.347610	60.425430	65.783073	69.645851	71.441055	71.441055	69.645851	65.783073	60.425430	53.347610	46.216347	39.119469	33.691071	29.595720	27.230761	25.897638	25.327881	25.095303	25.024471	25.004745	25.000755	25.000084	25.000006	25.000000	25.000000	25.000000	25.000000	25.000000	25.000000	25.000000	
25.000000	25.000000	25.000000	25.000000	25.000000	25.000000	25.000000	25.000006	25.000084	25.000683	25.004669	25.021524	25.092360	25.288313	25.858070	26.975842	29.340801	32.769588	38.197987	44.137787	51.269054	57.192593	62.550240	65.783081	67.578278	67.578278	65.783081	62.550240	57.192596	51.269051	44.137787	38.197987	32.769588	29.340801	26.975842	25.858068	25.288313	25.092358	25.021526	25.004671	25.000681	25.000084	25.000006	25.000000	25.000000	25.000000	25.000000	25.000000	25.000000	25.000000	
25.000000	25.000000	25.000000	25.000000	25.000000	25.000000	25.000000	25.000006	25.000065	25.000662	25.003609	25.020462	25.072630	25.268585	25.689648	26.807423	28.562222	31.991005	36.030308	41.970108	47.281860	53.205402	57.192596	60.425430	61.759171	61.759171	60.425434	57.192596	53.205399	47.281860	41.970108	36.030312	31.991005	28.562222	26.807419	25.689648	25.268585	25.072632	25.020462	25.003609	25.000662	25.000065	25.000006	25.000000	25.000000	25.000000	25.000000	25.000000	25.000000	25.000000	
25.000000	25.000000	25.000000	25.000000	25.000000	25.000000	25.000000	25.000004	25.000061	25.000401	25.003342	25.013409	25.065582	25.186878	25.607944	26.315523	28.070324	30.270178	34.309479	38.144661	43.456409	47.281860	51.269051	53.347614	54.681351	54.681351	53.347610	51.269054	47.281860	43.456409	38.144665	34.309483	30.270178	28.070320	26.315523	25.607941	25.186882	25.065582	25.013412	25.003345	25.000397	25.000061	25.000004	25.000000	25.000000	25.000000	25.000000	25.000000	25.000000	25.000000	
25.000000	25.000000	25.000000	25.000000	25.000000	25.000000	25.000000	25.000002	25.000023	25.000357	25.001606	25.011675	25.036695	25.157997	25.373755	26.081337	27.015139	29.214993	31.407673	35.242855	38.144661	41.970108	44.137787	46.216343	46.934383	46.934387	46.216347	44.137787	41.970112	38.144665	35.242855	31.407675	29.214996	27.015139	26.081337	25.373756	25.157993	25.036697	25.011677	25.001606	25.000359	25.000021	25.000004	25.000000	25.000000	25.000000	25.000000	25.000000	25.000000	25.000000	
25.000000	25.000000	25.000000	25.000000	25.000000	25.000000	25.000000	25.000000	25.000019	25.000093	25.001343	25.004623	25.029648	25.076290	25.292053	25.589027	26.522831	27.490957	29.683640	31.407673	34.309479	36.030312	38.197983	39.119469	39.837509	39.837509	39.119469	38.197990	36.030312	34.309483	31.407675	29.683640	27.490959	26.522831	25.589029	25.292049	25.076290	25.029648	25.004623	25.001343	25.000093	25.000019	25.000000	25.000000	25.000000	25.000000	25.000000	25.000000	25.000000	25.000000	
25.000000	25.000000	25.000000	25.000000	25.000000	25.000000	25.000000	25.000000	25.000000	25.000072	25.000278	25.003559	25.009918	25.056564	25.123014	25.419994	25.737892	26.706020	27.490957	29.214996	30.270178	31.991005	32.769588	33.691071	33.942516	33.942516	33.691071	32.769588	31.991005	30.270178	29.214994	27.490959	26.706020	25.737892	25.419994	25.123014	25.056564	25.009918	25.003561	25.000278	25.000074	25.000000	25.000000	25.000000	25.000000	25.000000	25.000000	25.000000	25.000000	25.000000	
25.000000	25.000000	25.000000	25.000000	25.000000	25.000000	25.000000	25.000000	25.000000	25.000000	25.000204	25.000616	25.006975	25.016293	25.082741	25.155754	25.473656	25.737892	26.522831	27.015139	28.070324	28.562220	29.340801	29.595722	29.847170	29.847168	29.595722	29.340801	28.562222	28.070324	27.015139	26.522831	25.737892	25.473656	25.155756	25.082743	25.016289	25.006975	25.000614	25.000206	25.000000	25.000000	25.000000	25.000000	25.000000	25.000000	25.000000	25.000000	25.000000	25.000000	
25.000000	25.000000	25.000000	25.000000	25.000000	25.000000	25.000000	25.000000	25.000000	25.000000	25.000000	25.000410	25.001026	25.010342	25.020802	25.093817	25.155756	25.419994	25.589029	26.081337	26.315523	26.807419	26.975843	27.230762	27.282240	27.282240	27.230761	26.975842	26.807419	26.315523	26.081339	25.589029	25.419994	25.155756	25.093817	25.020802	25.010342	25.001026	25.000410	25.000000	25.000000	25.000000	25.000000	25.000000	25.000000	25.000000	25.000000	25.000000	25.000000	25.000000	
25.000000	25.000000	25.000000	25.000000	25.000000	25.000000	25.000000	25.000000	25.000000	25.000000	25.000000	25.000000	25.000614	25.001316	25.011778	25.020802	25.082741	25.123014	25.292049	25.373758	25.607941	25.689650	25.858067	25.897640	25.949118	25.949116	25.897638	25.858067	25.689650	25.607941	25.373758	25.292053	25.123014	25.082743	25.020802	25.011778	25.001318	25.000614	25.000000	25.000000	25.000000	25.000000	25.000000	25.000000	25.000000	25.000000	25.000000	25.000000	25.000000	25.000000	
25.000000	25.000000	25.000000	25.000000	25.000000	25.000000	25.000000	25.000000	25.000000	25.000000	25.000000	25.000000	25.000000	25.000702	25.001316	25.010342	25.016291	25.056564	25.076290	25.157997	25.186882	25.268585	25.288311	25.327881	25.333214	25.333214	25.327883	25.288311	25.268587	25.186882	25.157997	25.076290	25.056564	25.016289	25.010342	25.001318	25.000702	25.000000	25.000000	25.000000	25.000000	25.000000	25.000000	25.000000	25.000000	25.000000	25.000000	25.000000	25.000000	25.000000	
25.000000	25.000000	25.000000	25.000000	25.000000	25.000000	25.000000	25.000000	25.000000	25.000000	25.000000	25.000000	25.000000	25.000000	25.000614	25.001024	25.006973	25.009918	25.029646	25.036697	25.065580	25.072632	25.092358	25.095304	25.100636	25.100636	25.095304	25.092358	25.072632	25.065580	25.036697	25.029646	25.009920	25.006971	25.001026	25.000614	25.000000	25.000000	25.000000	25.000000	25.000000	25.000000	25.000000	25.000000	25.000000	25.000000	25.000000	25.000000	25.000000	25.000000	
25.000000	25.000000	25.000000	25.000000	25.000000	25.000000	25.000000	25.000000	25.000000	25.000000	25.000000	25.000000	25.000000	25.000000	25.000000	25.000410	25.000614	25.003563	25.004623	25.011677	25.013412	25.020462	25.021524	25.024473	25.024677	25.024677	25.024471	25.021526	25.020462	25.013412	25.011677	25.004623	25.003561	25.000614	25.000410	25.000000	25.000000	25.000000	25.000000	25.000000	25.000000	25.000000	25.000000	25.000000	25.000000	25.000000	25.000000	25.000000	25.000000	25.000000	
25.000000	25.000000	25.000000	25.000000	25.000000	25.000000	25.000000	25.000000	25.000000	25.000000	25.000000	25.000000	25.000000	25.000000	25.000000	25.000000	25.000206	25.000280	25.001343	25.001608	25.003345	25.003609	25.004673	25.004745	25.004951	25.004951	25.004745	25.004671	25.003609	25.003345	25.001606	25.001345	25.000278	25.000206	25.000000	25.000000	25.000000	25.000000	25.000000	25.000000	25.000000	25.000000	25.000000	25.000000	25.000000	25.000000	25.000000	25.000000	25.000000	25.000000	
25.000000	25.000000	25.000000	25.000000	25.000000	25.000000	25.000000	25.000000	25.000000	25.000000	25.000000	25.000000	25.000000	25.000000	25.000000	25.000000	25.000000	25.000074	25.000093	25.000357	25.000399	25.000662	25.000681	25.000755	25.000755	25.000755	25.000755	25.000683	25.000662	25.000397	25.000359	25.000093	25.000076	25.000000	25.000000	25.000000	25.000000	25.000000	25.000000	25.000000	25.000000	25.000000	25.000000	25.000000	25.000000	25.000000	25.000000	25.000000	25.000000	25.000000	
25.000000	25.000000	25.000000	25.000000	25.000000	25.000000	25.000000	25.000000	25.000000	25.000000	25.000000	25.000000	25.000000	25.000000	25.000000	25.000000	25.000000	25.000000	25.000019	25.000023	25.000063	25.000067	25.000084	25.000084	25.000084	25.000084	25.000084	25.000084	25.000065	25.000061	25.000023	25.000019	25.000000	25.000000	25.000000	25.000000	25.000000	25.000000	25.000000	25.000000	25.000000	25.000000	25.000000	25.000000	25.000000	25.000000	25.000000	25.000000	25.000000	25.000000	
25.000000	25.000000	25.000000	25.000000	25.000000	25.000000	25.000000	25.000000	25.000000	25.000000	25.000000	25.000000	25.000000	25.000000	25.000000	25.000000	25.000000	25.000000	25.000000	25.000004	25.000004	25.000006	25.000006	25.000006	25.000006	25.000006	25.000006	25.000006	25.000006	25.000004	25.000004	25.000000	25.000000	25.000000	25.000000	25.000000	25.000000	25.000000	25.000000	25.000000	25.000000	25.000000	25.000000	25.000000	25.000000	25.000000	25.000000	25.000000	25.000000	25.000000	
25.000000	25.000000	25.000000	25.000000	25.000000	25.000000	25.000000	25.000000	25.000000	25.000000	25.000000	25.000000	25.000000	25.000000	25.000000	25.000000	25.000000	25.000000	25.000000	25.000000	25.000000	25.000000	25.000000	25.000000	25.000000	25.000000	25.000000	25.000000	25.000000	25.000000	25.000000	25.000000	25.000000	25.000000	25.000000	25.000000	25.000000	25.000000	25.000000	25.000000	25.000000	25.000000	25.000000	25.000000	25.000000	25.000000	25.000000	25.000000	25.000000	25.000000	
25.000000	25.000000	25.000000	25.000000	25.000000	25.000000	25.000000	25.000000	25.000000	25.000000	25.000000	25.000000	25.000000	25.000000	25.000000	25.000000	25.000000	25.000000	25.000000	25.000000	25.000000	25.000000	25.000000	25.000000	25.000000	25.000000	25.000000	25.000000	25.000000	25.000000	25.000000	25.000000	25.000000	25.000000	25.000000	25.000000	25.000000	25.000000	25.000000	25.000000	25.000000	25.000000	25.000000	25.000000	25.000000	25.000000	25.000000	25.000000	25.000000	25.000000	
25.000000	25.000000	25.000000	25.000000	25.000000	25.000000	25.000000	25.000000	25.000000	25.000000	25.000000	25.000000	25.000000	25.000000	25.000000	25.000000	25.000000	25.000000	25.000000	25.000000	25.000000	25.000000	25.000000	25.000000	25.000000	25.000000	25.000000	25.000000	25.000000	25.000000	25.000000	25.000000	25.000000	25.000000	25.000000	25.000000	25.000000	25.000000	25.000000	25.000000	25.000000	25.000000	25.000000	25.000000	25.000000	25.000000	25.000000	25.000000	25.000000	25.000000	
25.000000	25.000000	25.000000	25.000000	25.000000	25.000000	25.000000	25.000000	25.000000	25.000000	25.000000	25.000000	25.000000	25.000000	25.000000	25.000000	25.000000	25.000000	25.000000	25.000000	25.000000	25.000000	25.000000	25.000000	25.000000	25.000000	25.000000	25.000000	25.000000	25.000000	25.000000	25.000000	25.000000	25.000000	25.000000	25.000000	25.000000	25.000000	25.000000	25.000000	25.000000	25.000000	25.000000	25.000000	25.000000	25.000000	25.000000	25.000000	25.000000	25.000000	
25.000000	25.000000	25.000000	25.000000	25.000000	25.000000	25.000000	25.000000	25.000000	25.000000	25.000000	25.000000	25.000000	25.000000	25.000000	25.000000	25.000000	25.000000	25.000000	25.000000	25.000000	25.000000	25.000000	25.000000	25.000000	25.000000	25.000000	25.000000	25.000000	25.000000	25.000000	25.000000	25.000000	25.000000	25.000000	25.000000	25.000000	25.000000	25.000000	25.000000	25.000000	25.000000	25.000000	25.000000	25.000000	25.000000	25.000000	25.000000	25.000000	25.000000	
25.000000	25.000000	25.000000	25.000000	25.000000	25.000000	25.000000	25.000000	25.000000	25.000000	25.000000	25.000000	25.000000	25.000000	25.000000	25.000000	25.000000	25.000000	25.000000	25.000000	25.000000	25.000000	25.000000	25.000000	25.000000	25.000000	25.000000	25.000000	25.000000	25.000000	25.000000	25.000000	25.000000	25.000000	25.000000	25.000000	25.000000	25.000000	25.000000	25.000000	25.000000	25.000000	25.000000	25.000000	25.000000	25.000000	25.000000	25.000000	25.000000	25.000000	
25.000000	25.000000	25.000000	25.000000	25.000000	25.000000	25.000000	25.000000	25.000000	25.000000	25.000000	25.000000	25.000000	25.000000	25.000000	25.000000	25.000000	25.000000	25.000000	25.000000	25.000000	25.000000	25.000000	25.000000	25.000000	25.000000	25.000000	25.000000	25.000000	25.000000	25.000000	25.000000	25.000000	25.000000	25.000000	25.000000	25.000000	25.000000	25.000000	25.000000	25.000000	25.000000	25.000000	25.000000	25.000000	25.000000	25.000000	25.000000	25.000000	25.000000	
