25.001011	25.002018	25.003017	25.004007	25.004982	25.005936	25.006866	25.007771	25.008648	25.009491	25.010300	25.011066	25.011793	25.012474	25.013109	25.013695	25.014227	25.014706	25.015125	25.015493	25.015800	25.016048	25.016233	25.016357	25.016418	25.016418	25.016357	25.016233	25.016047	25.015800	25.015493	25.015127	25.014706	25.014225	25.013695	25.013107	25.012476	25.011793	25.011066	25.010300	25.009491	25.008648	25.007772	25.006865	25.005936	25.004980	25.004005	25.003019	25.002020	25.001013	
25.002022	25.004028	25.006027	25.007999	25.009941	25.011847	25.013704	25.015512	25.017262	25.018948	25.020557	25.022091	25.023540	25.024902	25.026169	25.027336	25.028399	25.029354	25.030197	25.030926	25.031540	25.032036	25.032402	25.032652	25.032776	25.032776	25.032654	25.032402	25.032032	25.031540	25.030928	25.030199	25.029354	25.028397	25.027334	25.026169	25.024902	25.023542	25.022091	25.020559	25.018948	25.017262	25.015511	25.013706	25.011845	25.009941	25.007999	25.006027	25.004032	25.002020	
25.003017	25.006027	25.009007	25.011961	25.014866	25.017712	25.020493	25.023197	25.025810	25.028328	25.030739	25.033031	25.035202	25.037235	25.039131	25.040874	25.042465	25.043892	25.045153	25.046246	25.047161	25.047897	25.048454	25.048822	25.049009	25.049007	25.048822	25.048452	25.047897	25.047161	25.046246	25.045155	25.043892	25.042465	25.040871	25.039127	25.037237	25.035202	25.033035	25.030739	25.028332	25.025810	25.023197	25.020493	25.017714	25.014862	25.011961	25.009010	25.006027	25.003021	
25.004009	25.007996	25.011961	25.015875	25.019730	25.023510	25.027203	25.030792	25.034262	25.037605	25.040802	25.043850	25.046726	25.049429	25.051941	25.054256	25.056366	25.058264	25.059940	25.061386	25.062601	25.063580	25.064316	25.064812	25.065054	25.065056	25.064808	25.064316	25.063580	25.062603	25.061388	25.059938	25.058262	25.056366	25.054256	25.051941	25.049427	25.046726	25.043850	25.040806	25.037605	25.034264	25.030792	25.027206	25.023512	25.019732	25.015873	25.011959	25.007999	25.004007	
25.004978	25.009941	25.014864	25.019730	25.024525	25.029221	25.033810	25.038269	25.042583	25.046738	25.050714	25.054497	25.058075	25.061432	25.064556	25.067432	25.070057	25.072412	25.074495	25.076298	25.077808	25.079020	25.079937	25.080547	25.080856	25.080853	25.080547	25.079935	25.079021	25.077808	25.076296	25.074495	25.072414	25.070057	25.067434	25.064554	25.061432	25.058075	25.054501	25.050716	25.046738	25.042585	25.038269	25.033813	25.029224	25.024523	25.019733	25.014866	25.009941	25.004982	
25.005936	25.011845	25.017712	25.023514	25.029221	25.034822	25.040287	25.045605	25.050743	25.055695	25.060431	25.064941	25.069202	25.073204	25.076923	25.080355	25.083481	25.086288	25.088770	25.090916	25.092716	25.094164	25.095253	25.095985	25.096348	25.096350	25.095984	25.095253	25.094162	25.092714	25.090916	25.088772	25.086288	25.083481	25.080355	25.076927	25.073204	25.069206	25.064941	25.060434	25.055695	25.050745	25.045605	25.040291	25.034824	25.029224	25.023512	25.017714	25.011848	25.005934	
25.006863	25.013706	25.020493	25.027203	25.033812	25.040287	25.046616	25.052763	25.058714	25.064438	25.069921	25.075134	25.080067	25.084696	25.089003	25.092972	25.096588	25.099838	25.102711	25.105188	25.107273	25.108948	25.110210	25.111053	25.111477	25.111477	25.111053	25.110209	25.108948	25.107273	25.105190	25.102709	25.099838	25.096586	25.092972	25.089001	25.084698	25.080069	25.075138	25.069920	25.064440	25.058712	25.052765	25.046616	25.040291	25.033810	25.027205	25.020493	25.013706	25.006866	
25.007772	25.015511	25.023197	25.030792	25.038269	25.045605	25.052763	25.059727	25.066456	25.072941	25.079144	25.085049	25.090630	25.095867	25.100742	25.105234	25.109329	25.113008	25.116257	25.119066	25.121422	25.123318	25.124746	25.125702	25.126181	25.126183	25.125702	25.124748	25.123318	25.121422	25.119066	25.116257	25.113007	25.109329	25.105236	25.100742	25.095867	25.090631	25.085047	25.079147	25.072939	25.066458	25.059723	25.052763	25.045605	25.038271	25.030792	25.023197	25.015514	25.007771	
25.008646	25.017262	25.025810	25.034262	25.042583	25.050743	25.058712	25.066456	25.073952	25.081161	25.088068	25.094639	25.100847	25.106676	25.112101	25.117100	25.121655	25.125748	25.129366	25.132488	25.135113	25.137222	25.138813	25.139874	25.140408	25.140408	25.139875	25.138811	25.137222	25.135113	25.132488	25.129364	25.125748	25.121655	25.117100	25.112101	25.106678	25.100849	25.094639	25.088066	25.081165	25.073950	25.066458	25.058712	25.050743	25.042587	25.034264	25.025812	25.017262	25.008648	
25.009491	25.018944	25.028328	25.037605	25.046738	25.055695	25.064436	25.072941	25.081161	25.089079	25.096655	25.103868	25.110683	25.117081	25.123035	25.128521	25.133518	25.138012	25.141979	25.145412	25.148289	25.150606	25.152348	25.153517	25.154099	25.154100	25.153517	25.152351	25.150604	25.148289	25.145411	25.141981	25.138012	25.133518	25.128521	25.123034	25.117081	25.110683	25.103867	25.096657	25.089077	25.081165	25.072937	25.064438	25.055695	25.046738	25.037605	25.028330	25.018948	25.009491	
25.010300	25.020557	25.030739	25.040802	25.050713	25.060429	25.069920	25.079142	25.088066	25.096653	25.104881	25.112701	25.120100	25.127041	25.133501	25.139454	25.144878	25.149752	25.154058	25.157780	25.160904	25.163414	25.165310	25.166574	25.167210	25.167210	25.166576	25.165310	25.163416	25.160904	25.157780	25.154060	25.149750	25.144878	25.139452	25.133501	25.127041	25.120098	25.112703	25.104877	25.096657	25.088066	25.079144	25.069920	25.060432	25.050713	25.040804	25.030739	25.020557	25.010300	
25.011066	25.022091	25.033031	25.043850	25.054497	25.064941	25.075134	25.085049	25.094635	25.103867	25.112701	25.121113	25.129059	25.136520	25.143459	25.149858	25.155687	25.160923	25.165554	25.169552	25.172909	25.175608	25.177643	25.179003	25.179684	25.179684	25.179001	25.177643	25.175610	25.172909	25.169552	25.165550	25.160925	25.155684	25.149857	25.143459	25.136517	25.129059	25.121109	25.112701	25.103867	25.094635	25.085047	25.075136	25.064941	25.054497	25.043848	25.033031	25.022091	25.011066	
25.011795	25.023540	25.035200	25.046724	25.058075	25.069199	25.080067	25.090628	25.100847	25.110680	25.120100	25.129057	25.137531	25.145477	25.152876	25.159691	25.165905	25.171486	25.176416	25.180681	25.184254	25.187134	25.189301	25.190750	25.191477	25.191479	25.190754	25.189302	25.187136	25.184258	25.180679	25.176418	25.171488	25.165905	25.159693	25.152876	25.145481	25.137527	25.129059	25.120098	25.110683	25.100849	25.090630	25.080069	25.069202	25.058075	25.046726	25.035202	25.023540	25.011793	
25.012474	25.024902	25.037231	25.049427	25.061428	25.073202	25.084692	25.095867	25.106674	25.117081	25.127037	25.136520	25.145475	25.153889	25.161709	25.168922	25.175491	25.181396	25.186615	25.191122	25.194906	25.197948	25.200241	25.201775	25.202543	25.202545	25.201775	25.200243	25.197952	25.194904	25.191124	25.186615	25.181398	25.175493	25.168922	25.161713	25.153885	25.145477	25.136517	25.127039	25.117081	25.106678	25.095867	25.084696	25.073202	25.061432	25.049427	25.037235	25.024902	25.012474	
25.013111	25.026165	25.039129	25.051937	25.064556	25.076923	25.089001	25.100740	25.112101	25.123030	25.133501	25.143459	25.152876	25.161709	25.169935	25.177509	25.184418	25.190620	25.196102	25.200840	25.204815	25.208014	25.210424	25.212032	25.212843	25.212841	25.212036	25.210424	25.208015	25.204815	25.200840	25.196102	25.190620	25.184416	25.177511	25.169933	25.161713	25.152874	25.143459	25.133499	25.123032	25.112099	25.100742	25.089003	25.076923	25.064556	25.051941	25.039129	25.026169	25.013111	
25.013691	25.027336	25.040871	25.054256	25.067429	25.080355	25.092968	25.105236	25.117096	25.128519	25.139450	25.149857	25.159691	25.168922	25.177509	25.185429	25.192635	25.199121	25.204844	25.209797	25.213947	25.217289	25.219807	25.221491	25.222332	25.222332	25.221489	25.219809	25.217289	25.213947	25.209793	25.204845	25.199121	25.192638	25.185427	25.177511	25.168922	25.159695	25.149857	25.139452	25.128521	25.117100	25.105234	25.092970	25.080357	25.067432	25.054256	25.040871	25.027336	25.013693	
25.014229	25.028397	25.042463	25.056362	25.070057	25.083477	25.096588	25.109324	25.121655	25.133516	25.144878	25.155682	25.165905	25.175489	25.184418	25.192635	25.200134	25.206863	25.212814	25.217953	25.222273	25.225740	25.228355	25.230103	25.230982	25.230982	25.230104	25.228355	25.225742	25.222271	25.217955	25.212814	25.206863	25.200130	25.192638	25.184416	25.175495	25.165905	25.155685	25.144878	25.133518	25.121655	25.109327	25.096588	25.083477	25.070057	25.056364	25.042465	25.028397	25.014229	
25.014702	25.029354	25.043890	25.058262	25.072411	25.086288	25.099834	25.113005	25.125744	25.138012	25.149750	25.160925	25.171484	25.181396	25.190617	25.199123	25.206863	25.213829	25.219973	25.225290	25.229748	25.233337	25.236038	25.237846	25.238754	25.238752	25.237848	25.236038	25.233335	25.229748	25.225288	25.219975	25.213825	25.206863	25.199120	25.190620	25.181396	25.171486	25.160923	25.149750	25.138010	25.125746	25.113007	25.099834	25.086288	25.072411	25.058264	25.043888	25.029356	25.014704	
25.015129	25.030197	25.045153	25.059937	25.074493	25.088766	25.102707	25.116253	25.129362	25.141977	25.154057	25.165548	25.176418	25.186611	25.196102	25.204842	25.212818	25.219971	25.226303	25.231766	25.236357	25.240046	25.242828	25.244686	25.245619	25.245621	25.244686	25.242828	25.240047	25.236355	25.231766	25.226299	25.219975	25.212811	25.204845	25.196102	25.186615	25.176418	25.165552	25.154058	25.141977	25.129364	25.116257	25.102711	25.088768	25.074495	25.059935	25.045155	25.030197	25.015129	
25.015491	25.030928	25.046244	25.061386	25.076290	25.090914	25.105185	25.119064	25.132484	25.145411	25.157776	25.169552	25.180677	25.191120	25.200836	25.209797	25.217953	25.225290	25.231764	25.237366	25.242062	25.245848	25.248693	25.250599	25.251553	25.251553	25.250601	25.248695	25.245846	25.242064	25.237366	25.231766	25.225286	25.217955	25.209793	25.200840	25.191120	25.180679	25.169552	25.157778	25.145409	25.132488	25.119064	25.105186	25.090916	25.076292	25.061386	25.046242	25.030930	25.015491	
25.015800	25.031538	25.047161	25.062599	25.077805	25.092709	25.107269	25.121418	25.135109	25.148285	25.160904	25.172905	25.184256	25.194902	25.204815	25.213947	25.222271	25.229744	25.236355	25.242064	25.246859	25.250711	25.253616	25.255558	25.256533	25.256535	25.255558	25.253616	25.250713	25.246857	25.242065	25.236355	25.229748	25.222269	25.213949	25.204815	25.194904	25.184258	25.172907	25.160904	25.148285	25.135111	25.121418	25.107273	25.092710	25.077806	25.062599	25.047161	25.031536	25.015800	
25.016045	25.032032	25.047895	25.063578	25.079018	25.094158	25.108944	25.123316	25.137218	25.150604	25.163414	25.175606	25.187130	25.197948	25.208012	25.217289	25.225740	25.233335	25.240044	25.245846	25.250710	25.254629	25.257576	25.259552	25.260540	25.260540	25.259552	25.257580	25.254627	25.250713	25.245846	25.240047	25.233334	25.225740	25.217289	25.208015	25.197948	25.187132	25.175610	25.163414	25.150604	25.137218	25.123318	25.108944	25.094162	25.079018	25.063580	25.047894	25.032036	25.016045	
25.016232	25.032402	25.048450	25.064314	25.079933	25.095249	25.110207	25.124743	25.138809	25.152346	25.165310	25.177639	25.189301	25.200241	25.210423	25.219807	25.228355	25.236038	25.242828	25.248693	25.253620	25.257576	25.260563	25.262558	25.263559	25.263557	25.262558	25.260563	25.257578	25.253618	25.248695	25.242826	25.236038	25.228355	25.219807	25.210423	25.200241	25.189301	25.177639	25.165310	25.152349	25.138811	25.124744	25.110209	25.095251	25.079935	25.064312	25.048450	25.032402	25.016233	
25.016357	25.032650	25.048820	25.064808	25.080547	25.095982	25.111050	25.125700	25.139874	25.153515	25.166573	25.179001	25.190750	25.201775	25.212034	25.221489	25.230106	25.237846	25.244688	25.250599	25.255558	25.259552	25.262558	25.264568	25.265575	25.265575	25.264572	25.262558	25.259552	25.255560	25.250599	25.244686	25.237846	25.230106	25.221491	25.212034	25.201775	25.190750	25.179003	25.166576	25.153515	25.139874	25.125702	25.111053	25.095982	25.080547	25.064808	25.048820	25.032652	25.016356	
25.016418	25.032776	25.049007	25.065054	25.080853	25.096346	25.111475	25.126179	25.140404	25.154099	25.167210	25.179682	25.191475	25.202541	25.212841	25.222334	25.230984	25.238754	25.245619	25.251553	25.256533	25.260536	25.263557	25.265575	25.266586	25.266588	25.265577	25.263557	25.260540	25.256535	25.251553	25.245617	25.238750	25.230980	25.222332	25.212841	25.202543	25.191475	25.179684	25.167210	25.154099	25.140408	25.126181	25.111473	25.096348	25.080854	25.065052	25.049007	25.032774	25.016418	
25.016418	25.032776	25.049007	25.065054	25.080853	25.096346	25.111475	25.126179	25.140404	25.154099	25.167210	25.179682	25.191475	25.202541	25.212841	25.222334	25.230984	25.238754	25.245619	25.251553	25.256533	25.260536	25.263557	25.265575	25.266586	25.266588	25.265577	25.263557	25.260540	25.256535	25.251553	25.245617	25.238750	25.230980	25.222332	25.212841	25.202543	25.191475	25.179684	25.167210	25.154099	25.140408	25.126181	25.111473	25.096348	25.080854	25.065052	25.049007	25.032774	25.016418	
25.016357	25.032650	25.048820	25.064808	25.080547	25.095982	25.111050	25.125700	25.139874	25.153515	25.166573	25.179001	25.190750	25.201775	25.212034	25.221489	25.230106	25.237846	25.244688	25.250599	25.255558	25.259552	25.262558	25.264568	25.265575	25.265575	25.264572	25.262558	25.259552	25.255560	25.250599	25.244686	25.237846	25.230106	25.221491	25.212034	25.201775	25.190750	25.179003	25.166576	25.153515	25.139874	25.125702	25.111053	25.095982	25.080547	25.064808	25.048820	25.032652	25.016356	
25.016232	25.032402	25.048450	25.064314	25.079933	25.095249	25.110207	25.124743	25.138809	25.152346	25.165310	25.177639	25.189301	25.200241	25.210423	25.219807	25.228355	25.236038	25.242828	25.248693	25.253620	25.257576	25.260563	25.262558	25.263559	25.263557	25.262558	25.260563	25.257578	25.253618	25.248695	25.242826	25.236038	25.228355	25.219807	25.210423	25.200241	25.189301	25.177639	25.165310	25.152349	25.138811	25.124744	25.110209	25.095251	25.079935	25.064312	25.048450	25.032402	25.016233	
25.016045	25.032032	25.047895	25.063578	25.079018	25.094158	25.108944	25.123316	25.137218	25.150604	25.163414	25.175606	25.187130	25.197948	25.208012	25.217289	25.225740	25.233335	25.240044	25.245846	25.250710	25.254629	25.257576	25.259552	25.260540	25.260540	25.259552	25.257580	25.254627	25.250713	25.245846	25.240047	25.233334	25.225740	25.217289	25.208015	25.197948	25.187132	25.175610	25.163414	25.150604	25.137218	25.123318	25.108944	25.094162	25.079018	25.063580	25.047894	25.032036	25.016045	
25.015800	25.031538	25.047161	25.062599	25.077805	25.092709	25.107269	25.121418	25.135109	25.148285	25.160904	25.172905	25.184256	25.194902	25.204815	25.213947	25.222271	25.229744	25.236355	25.242064	25.246859	25.250711	25.253616	25.255558	25.256533	25.256535	25.255558	25.253616	25.250713	25.246857	25.242065	25.236355	25.229748	25.222269	25.213949	25.204815	25.194904	25.184258	25.172907	25.160904	25.148285	25.135111	25.121418	25.107273	25.092710	25.077806	25.062599	25.047161	25.031536	25.015800	
25.015491	25.030928	25.046244	25.061386	25.076290	25.090914	25.105185	25.119064	25.132484	25.145411	25.157776	25.169552	25.180677	25.191120	25.200836	25.209797	25.217953	25.225290	25.231764	25.237366	25.242062	25.245848	25.248693	25.250599	25.251553	25.251553	25.250601	25.248695	25.245846	25.242064	25.237366	25.231766	25.225286	25.217955	25.209793	25.200840	25.191120	25.180679	25.169552	25.157778	25.145409	25.132488	25.119064	25.105186	25.090916	25.076292	25.061386	25.046242	25.030930	25.015491	
25.015129	25.030197	25.045153	25.059937	25.074493	25.088766	25.102707	25.116253	25.129362	25.141977	25.154057	25.165548	25.176418	25.186611	25.196102	25.204842	25.212818	25.219971	25.226303	25.231766	25.236357	25.240046	25.242828	25.244686	25.245619	25.245621	25.244686	25.242828	25.240047	25.236355	25.231766	25.226299	25.219975	25.212811	25.204845	25.196102	25.186615	25.176418	25.165552	25.154058	25.141977	25.129364	25.116257	25.102711	25.088768	25.074495	25.059935	25.045155	25.030197	25.015129	
25.014702	25.029354	25.043890	25.058262	25.072411	25.086288	25.099834	25.113005	25.125744	25.138012	25.149750	25.160925	25.171484	25.181396	25.190617	25.199123	25.206863	25.213829	25.219973	25.225290	25.229748	25.233337	25.236038	25.237846	25.238754	25.238752	25.237848	25.236038	25.233335	25.229748	25.225288	25.219975	25.213825	25.206863	25.199120	25.190620	25.181396	25.171486	25.160923	25.149750	25.138010	25.125746	25.113007	25.099834	25.086288	25.072411	25.058264	25.043888	25.029356	25.014704	
25.014229	25.028397	25.042463	25.056362	25.070057	25.083477	25.096588	25.109324	25.121655	25.133516	25.144878	25.155682	25.165905	25.175489	25.184418	25.192635	25.200134	25.206863	25.212814	25.217953	25.222273	25.225740	25.228355	25.230103	25.230982	25.230982	25.230104	25.228355	25.225742	25.222271	25.217955	25.212814	25.206863	25.200130	25.192638	25.184416	25.175495	25.165905	25.155685	25.144878	25.133518	25.121655	25.109327	25.096588	25.083477	25.070057	25.056364	25.042465	25.028397	25.014229	
25.013691	25.027336	25.040871	25.054256	25.067429	25.080355	25.092968	25.105236	25.117096	25.128519	25.139450	25.149857	25.159691	25.168922	25.177509	25.185429	25.192635	25.199121	25.204844	25.209797	25.213947	25.217289	25.219807	25.221491	25.222332	25.222332	25.221489	25.219809	25.217289	25.213947	25.209793	25.204845	25.199121	25.192638	25.185427	25.177511	25.168922	25.159695	25.149857	25.139452	25.128521	25.117100	25.105234	25.092970	25.080357	25.067432	25.054256	25.040871	25.027336	25.013693	
25.013111	25.026165	25.039129	25.051937	25.064556	25.076923	25.089001	25.100740	25.112101	25.123030	25.133501	25.143459	25.152876	25.161709	25.169935	25.177509	25.184418	25.190620	25.196102	25.200840	25.204815	25.208014	25.210424	25.212032	25.212843	25.212841	25.212036	25.210424	25.208015	25.204815	25.200840	25.196102	25.190620	25.184416	25.177511	25.169933	25.161713	25.152874	25.143459	25.133499	25.123032	25.112099	25.100742	25.089003	25.076923	25.064556	25.051941	25.039129	25.026169	25.013111	
25.012474	25.024902	25.037231	25.049427	25.061428	25.073202	25.084692	25.095867	25.106674	25.117081	25.127037	25.136520	25.145475	25.153889	25.161709	25.168922	25.175491	25.181396	25.186615	25.191122	25.194906	25.197948	25.200241	25.201775	25.202543	25.202545	25.201775	25.200243	25.197952	25.194904	25.191124	25.186615	25.181398	25.175493	25.168922	25.161713	25.153885	25.145477	25.136517	25.127039	25.117081	25.106678	25.095867	25.084696	25.073202	25.061432	25.049427	25.037235	25.024902	25.012474	
25.011795	25.023540	25.035200	25.046724	25.058075	25.069199	25.080067	25.090628	25.100847	25.110680	25.120100	25.129057	25.137531	25.145477	25.152876	25.159691	25.165905	25.171486	25.176416	25.180681	25.184254	25.187134	25.189301	25.190750	25.191477	25.191479	25.190754	25.189302	25.187136	25.184258	25.180679	25.176418	25.171488	25.165905	25.159693	25.152876	25.145481	25.137527	25.129059	25.120098	25.110683	25.100849	25.090630	25.080069	25.069202	25.058075	25.046726	25.035202	25.023540	25.011793	
25.011066	25.022091	25.033031	25.043850	25.054497	25.064941	25.075134	25.085049	25.094635	25.103867	25.112701	25.121113	25.129059	25.136520	25.143459	25.149858	25.155687	25.160923	25.165554	25.169552	25.172909	25.175608	25.177643	25.179003	25.179684	25.179684	25.179001	25.177643	25.175610	25.172909	25.169552	25.165550	25.160925	25.155684	25.149857	25.143459	25.136517	25.129059	25.121109	25.112701	25.103867	25.094635	25.085047	25.075136	25.064941	25.054497	25.043848	25.033031	25.022091	25.011066	
25.010300	25.020557	25.030739	25.040802	25.050713	25.060429	25.069920	25.079142	25.088066	25.096653	25.104881	25.112701	25.120100	25.127041	25.133501	25.139454	25.144878	25.149752	25.154058	25.157780	25.160904	25.163414	25.165310	25.166574	25.167210	25.167210	25.166576	25.165310	25.163416	25.160904	25.157780	25.154060	25.149750	25.144878	25.139452	25.133501	25.127041	25.120098	25.112703	25.104877	25.096657	25.088066	25.079144	25.069920	25.060432	25.050713	25.040804	25.030739	25.020557	25.010300	
25.009491	25.018944	25.028328	25.037605	25.046738	25.055695	25.064436	25.072941	25.081161	25.089079	25.096655	25.103868	25.110683	25.117081	25.123035	25.128521	25.133518	25.138012	25.141979	25.145412	25.148289	25.150606	25.152348	25.153517	25.154099	25.154100	25.153517	25.152351	25.150604	25.148289	25.145411	25.141981	25.138012	25.133518	25.128521	25.123034	25.117081	25.110683	25.103867	25.096657	25.089077	25.081165	25.072937	25.064438	25.055695	25.046738	25.037605	25.028330	25.018948	25.009491	
25.008646	25.017262	25.025810	25.034262	25.042583	25.050743	25.058712	25.066456	25.073952	25.081161	25.088068	25.094639	25.100847	25.106676	25.112101	25.117100	25.121655	25.125748	25.129366	25.132488	25.135113	25.137222	25.138813	25.139874	25.140408	25.140408	25.139875	25.138811	25.137222	25.135113	25.132488	25.129364	25.125748	25.121655	25.117100	25.112101	25.106678	25.100849	25.094639	25.088066	25.081165	25.073950	25.066458	25.058712	25.050743	25.042587	25.034264	25.025812	25.017262	25.008648	
25.007772	25.015511	25.023197	25.030792	25.038269	25.045605	25.052763	25.059727	25.066456	25.072941	25.079144	25.085049	25.090630	25.095867	25.100742	25.105234	25.109329	25.113008	25.116257	25.119066	25.121422	25.123318	25.124746	25.125702	25.126181	25.126183	25.125702	25.124748	25.123318	25.121422	25.119066	25.116257	25.113007	25.109329	25.105236	25.100742	25.095867	25.090631	25.085047	25.079147	25.072939	25.066458	25.059723	25.052763	25.045605	25.038271	25.030792	25.023197	25.015514	25.007771	
25.006863	25.013706	25.020493	25.027203	25.033812	25.040287	25.046616	25.052763	25.058714	25.064438	25.069921	25.075134	25.080067	25.084696	25.089003	25.092972	25.096588	25.099838	25.102711	25.105188	25.107273	25.108948	25.110210	25.111053	25.111477	25.111477	25.111053	25.110209	25.108948	25.107273	25.105190	25.102709	25.099838	25.096586	25.092972	25.089001	25.084698	25.080069	25.075138	25.069920	25.064440	25.058712	25.052765	25.046616	25.040291	25.033810	25.027205	25.020493	25.013706	25.006866	
25.005936	25.011845	25.017712	25.023514	25.029221	25.034822	25.040287	25.045605	25.050743	25.055695	25.060431	25.064941	25.069202	25.073204	25.076923	25.080355	25.083481	25.086288	25.088770	25.090916	25.092716	25.094164	25.095253	25.095985	25.096348	25.096350	25.095984	25.095253	25.094162	25.092714	25.090916	25.088772	25.086288	25.083481	25.080355	25.076927	25.073204	25.069206	25.064941	25.060434	25.055695	25.050745	25.045605	25.040291	25.034824	25.029224	25.023512	25.017714	25.011848	25.005934	
25.004978	25.009941	25.014864	25.019730	25.024525	25.029221	25.033810	25.038269	25.042583	25.046738	25.050714	25.054497	25.058075	25.061432	25.064556	25.067432	25.070057	25.072412	25.074495	25.076298	25.077808	25.079020	25.079937	25.080547	25.080856	25.080853	25.080547	25.079935	25.079021	25.077808	25.076296	25.074495	25.072414	25.070057	25.067434	25.064554	25.061432	25.058075	25.054501	25.050716	25.046738	25.042585	25.038269	25.033813	25.029224	25.024523	25.019733	25.014866	25.009941	25.004982	
25.004009	25.007996	25.011961	25.015875	25.019730	25.023510	25.027203	25.030792	25.034262	25.037605	25.040802	25.043850	25.046726	25.049429	25.051941	25.054256	25.056366	25.058264	25.059940	25.061386	25.062601	25.063580	25.064316	25.064812	25.065054	25.065056	25.064808	25.064316	25.063580	25.062603	25.061388	25.059938	25.058262	25.056366	25.054256	25.051941	25.049427	25.046726	25.043850	25.040806	25.037605	25.034264	25.030792	25.027206	25.023512	25.019732	25.015873	25.011959	25.007999	25.004007	
25.003017	25.006027	25.009007	25.011961	25.014866	25.017712	25.020493	25.023197	25.025810	25.028328	25.030739	25.033031	25.035202	25.037235	25.039131	25.040874	25.042465	25.043892	25.045153	25.046246	25.047161	25.047897	25.048454	25.048822	25.049009	25.049007	25.048822	25.048452	25.047897	25.047161	25.046246	25.045155	25.043892	25.042465	25.040871	25.039127	25.037237	25.035202	25.033035	25.030739	25.028332	25.025810	25.023197	25.020493	25.017714	25.014862	25.011961	25.009010	25.006027	25.003021	
25.002022	25.004028	25.006027	25.007999	25.009941	25.011847	25.013704	25.015512	25.017262	25.018948	25.020557	25.022091	25.023540	25.024902	25.026169	25.027336	25.028399	25.029354	25.030197	25.030926	25.031540	25.032036	25.032402	25.032652	25.032776	25.032776	25.032654	25.032402	25.032032	25.031540	25.030928	25.030199	25.029354	25.028397	25.027334	25.026169	25.024902	25.023542	25.022091	25.020559	25.018948	25.017262	25.015511	25.013706	25.011845	25.009941	25.007999	25.006027	25.004032	25.002020	
25.001011	25.002018	25.003017	25.004007	25.004982	25.005936	25.006866	25.007771	25.008648	25.009491	25.010300	25.011066	25.011793	25.012474	25.013109	25.013695	25.014227	25.014706	25.015125	25.015493	25.015800	25.016048	25.016233	25.016357	25.016418	25.016418	25.016357	25.016233	25.016047	25.015800	25.015493	25.015127	25.014706	25.014225	25.013695	25.013107	25.012476	25.011793	25.011066	25.010300	25.009491	25.008648	25.007772	25.006865	25.005936	25.004980	25.004005	25.003019	25.002020	25.001013	
