25.000351	25.000704	25.001053	25.001396	25.001736	25.002068	25.002396	25.002708	25.003014	25.003311	25.003592	25.003859	25.004112	25.004349	25.004572	25.004776	25.004963	25.005129	25.005276	25.005402	25.005510	25.005594	25.005661	25.005703	25.005726	25.005726	25.005703	25.005659	25.005596	25.005508	25.005402	25.005274	25.005127	25.004959	25.004774	25.004570	25.004349	25.004112	25.003860	25.003590	25.003309	25.003016	25.002708	25.002392	25.002069	25.001736	25.001396	25.001053	25.000706	25.000353	
25.000706	25.001406	25.002102	25.002789	25.003466	25.004131	25.004778	25.005409	25.006020	25.006607	25.007168	25.007702	25.008209	25.008686	25.009125	25.009535	25.009903	25.010237	25.010529	25.010784	25.010998	25.011169	25.011297	25.011385	25.011429	25.011429	25.011383	25.011299	25.011168	25.010998	25.010784	25.010529	25.010235	25.009903	25.009529	25.009123	25.008682	25.008209	25.007702	25.007168	25.006607	25.006020	25.005409	25.004780	25.004129	25.003468	25.002789	25.002104	25.001404	25.000706	
25.001053	25.002104	25.003143	25.004169	25.005182	25.006176	25.007145	25.008087	25.009001	25.009880	25.010719	25.011518	25.012276	25.012981	25.013645	25.014252	25.014809	25.015305	25.015743	25.016123	25.016443	25.016701	25.016895	25.017021	25.017086	25.017090	25.017021	25.016893	25.016701	25.016441	25.016125	25.015743	25.015305	25.014805	25.014252	25.013643	25.012981	25.012272	25.011517	25.010717	25.009878	25.008999	25.008089	25.007145	25.006178	25.005184	25.004171	25.003143	25.002102	25.001053	
25.001396	25.002789	25.004171	25.005535	25.006878	25.008198	25.009487	25.010738	25.011948	25.013111	25.014229	25.015289	25.016293	25.017235	25.018110	25.018919	25.019653	25.020313	25.020899	25.021404	25.021828	25.022169	25.022423	25.022598	25.022682	25.022682	25.022594	25.022427	25.022167	25.021830	25.021404	25.020901	25.020315	25.019653	25.018917	25.018110	25.017235	25.016293	25.015287	25.014227	25.013111	25.011948	25.010735	25.009487	25.008198	25.006882	25.005535	25.004169	25.002789	25.001400	
25.001738	25.003468	25.005184	25.006880	25.008553	25.010189	25.011787	25.013344	25.014849	25.016296	25.017685	25.019003	25.020250	25.021420	25.022511	25.023512	25.024426	25.025249	25.025974	25.026600	25.027128	25.027552	25.027872	25.028084	25.028191	25.028191	25.028086	25.027870	25.027554	25.027126	25.026604	25.025974	25.025249	25.024426	25.023514	25.022507	25.021420	25.020247	25.019001	25.017681	25.016296	25.014847	25.013344	25.011787	25.010189	25.008553	25.006878	25.005182	25.003468	25.001736	
25.002069	25.004131	25.006176	25.008198	25.010189	25.012144	25.014050	25.015900	25.017693	25.019419	25.021072	25.022644	25.024128	25.025524	25.026821	25.028019	25.029106	25.030087	25.030949	25.031698	25.032326	25.032833	25.033213	25.033466	25.033592	25.033594	25.033466	25.033215	25.032831	25.032328	25.031700	25.030951	25.030087	25.029108	25.028015	25.026823	25.025520	25.024128	25.022642	25.021070	25.019417	25.017693	25.015900	25.014046	25.012140	25.010189	25.008198	25.006176	25.004131	25.002071	
25.002396	25.004780	25.007145	25.009485	25.011791	25.014046	25.016254	25.018396	25.020470	25.022469	25.024380	25.026197	25.027918	25.029530	25.031033	25.032413	25.033680	25.034809	25.035810	25.036674	25.037401	25.037985	25.038427	25.038719	25.038868	25.038868	25.038723	25.038425	25.037987	25.037403	25.036674	25.035810	25.034809	25.033676	25.032417	25.031031	25.029530	25.027916	25.026199	25.024380	25.022469	25.020470	25.018396	25.016251	25.014048	25.011787	25.009483	25.007145	25.004780	25.002392	
25.002708	25.005409	25.008089	25.010738	25.013344	25.015900	25.018398	25.020823	25.023170	25.025433	25.027596	25.029654	25.031601	25.033428	25.035126	25.036694	25.038116	25.039402	25.040535	25.041515	25.042334	25.042995	25.043495	25.043831	25.043995	25.043995	25.043829	25.043495	25.042995	25.042337	25.041513	25.040533	25.039402	25.038120	25.036690	25.035126	25.033424	25.031601	25.029654	25.027596	25.025429	25.023174	25.020821	25.018398	25.015900	25.013344	25.010735	25.008087	25.005409	25.002710	
25.003014	25.006020	25.008999	25.011948	25.014849	25.017693	25.020470	25.023172	25.025784	25.028297	25.030706	25.032997	25.035164	25.037193	25.039087	25.040827	25.042416	25.043842	25.045105	25.046192	25.047108	25.047844	25.048401	25.048769	25.048956	25.048954	25.048771	25.048399	25.047844	25.047108	25.046194	25.045105	25.043842	25.042416	25.040831	25.039085	25.037197	25.035160	25.032997	25.030704	25.028301	25.025782	25.023170	25.020470	25.017693	25.014849	25.011948	25.008999	25.006020	25.003014	
25.003311	25.006605	25.009878	25.013111	25.016296	25.019417	25.022469	25.025429	25.028299	25.031059	25.033701	25.036215	25.038591	25.040825	25.042896	25.044811	25.046553	25.048120	25.049503	25.050701	25.051701	25.052511	25.053118	25.053528	25.053730	25.053732	25.053524	25.053120	25.052509	25.051704	25.050699	25.049503	25.048119	25.046555	25.044809	25.042898	25.040821	25.038593	25.036213	25.033701	25.031055	25.028301	25.025429	25.022469	25.019419	25.016296	25.013111	25.009880	25.006607	25.003309	
25.003590	25.007168	25.010717	25.014229	25.017681	25.021072	25.024376	25.027596	25.030704	25.033701	25.036568	25.039297	25.041876	25.044292	25.046549	25.048622	25.050514	25.052214	25.053715	25.055012	25.056103	25.056976	25.057638	25.058079	25.058304	25.058298	25.058081	25.057636	25.056980	25.056099	25.055014	25.053715	25.052216	25.050512	25.048622	25.046547	25.044294	25.041872	25.039295	25.036566	25.033703	25.030703	25.027596	25.024376	25.021072	25.017681	25.014229	25.010717	25.007168	25.003590	
25.003860	25.007702	25.011518	25.015287	25.019003	25.022640	25.026199	25.029652	25.032997	25.036217	25.039295	25.042227	25.045000	25.047600	25.050018	25.052250	25.054283	25.056108	25.057722	25.059116	25.060287	25.061230	25.061935	25.062412	25.062649	25.062653	25.062412	25.061941	25.061228	25.060287	25.059114	25.057724	25.056107	25.054283	25.052250	25.050020	25.047598	25.044998	25.042225	25.039295	25.036211	25.032997	25.029652	25.026199	25.022644	25.019005	25.015289	25.011517	25.007702	25.003859	
25.004112	25.008209	25.012276	25.016293	25.020248	25.024132	25.027916	25.031601	25.035164	25.038591	25.041874	25.045000	25.047951	25.050724	25.053305	25.055677	25.057846	25.059792	25.061512	25.062996	25.064243	25.065247	25.066004	25.066507	25.066765	25.066761	25.066511	25.066002	25.065250	25.064240	25.062998	25.061508	25.059792	25.057842	25.055679	25.053301	25.050724	25.047949	25.044998	25.041874	25.038593	25.035160	25.031601	25.027916	25.024132	25.020248	25.016293	25.012272	25.008207	25.004110	
25.004349	25.008682	25.012983	25.017231	25.021420	25.025522	25.029533	25.033424	25.037195	25.040821	25.044296	25.047598	25.050724	25.053658	25.056381	25.058899	25.061188	25.063248	25.065065	25.066639	25.067959	25.069019	25.069818	25.070353	25.070620	25.070621	25.070351	25.069818	25.069016	25.067957	25.066635	25.065067	25.063244	25.061188	25.058895	25.056381	25.053654	25.050724	25.047596	25.044296	25.040819	25.037197	25.033424	25.029531	25.025524	25.021421	25.017231	25.012981	25.008680	25.004349	
25.004570	25.009125	25.013641	25.018110	25.022507	25.026821	25.031033	25.035128	25.039083	25.042898	25.046543	25.050018	25.053303	25.056381	25.059250	25.061890	25.064301	25.066463	25.068375	25.070026	25.071411	25.072527	25.073368	25.073929	25.074211	25.074211	25.073929	25.073366	25.072529	25.071411	25.070026	25.068371	25.066463	25.064295	25.061890	25.059248	25.056383	25.053299	25.050022	25.046545	25.042898	25.039082	25.035126	25.031033	25.026821	25.022507	25.018112	25.013641	25.009123	25.004570	
25.004774	25.009527	25.014252	25.018917	25.023512	25.028017	25.032417	25.036690	25.040829	25.044809	25.048622	25.052250	25.055677	25.058899	25.061890	25.064651	25.067165	25.069427	25.071423	25.073149	25.074596	25.075762	25.076639	25.077227	25.077518	25.077522	25.077225	25.076639	25.075760	25.074596	25.073147	25.071423	25.069424	25.067165	25.064648	25.061890	25.058895	25.055681	25.052248	25.048622	25.044807	25.040829	25.036692	25.032415	25.028019	25.023510	25.018917	25.014252	25.009531	25.004776	
25.004959	25.009903	25.014805	25.019653	25.024426	25.029106	25.033676	25.038118	25.042414	25.046555	25.050514	25.054281	25.057844	25.061188	25.064301	25.067165	25.069778	25.072126	25.074203	25.075994	25.077499	25.078709	25.079620	25.080231	25.080536	25.080536	25.080231	25.079617	25.078707	25.077499	25.075993	25.074200	25.072126	25.069777	25.067165	25.064297	25.061188	25.057842	25.054283	25.050512	25.046555	25.042416	25.038120	25.033676	25.029106	25.024427	25.019653	25.014805	25.009903	25.004959	
25.005127	25.010235	25.015305	25.020313	25.025248	25.030085	25.034809	25.039402	25.043842	25.048119	25.052214	25.056110	25.059792	25.063248	25.066462	25.069427	25.072124	25.074554	25.076698	25.078552	25.080105	25.081356	25.082298	25.082928	25.083244	25.083244	25.082926	25.082298	25.081356	25.080103	25.078548	25.076698	25.074551	25.072126	25.069424	25.066463	25.063244	25.059792	25.056107	25.052214	25.048119	25.043844	25.039400	25.034809	25.030087	25.025246	25.020313	25.015305	25.010233	25.005129	
25.005272	25.010529	25.015743	25.020899	25.025974	25.030949	25.035810	25.040533	25.045103	25.049503	25.053715	25.057724	25.061512	25.065065	25.068373	25.071421	25.074200	25.076694	25.078903	25.080809	25.082409	25.083694	25.084667	25.085314	25.085638	25.085638	25.085312	25.084663	25.083694	25.082409	25.080811	25.078899	25.076698	25.074198	25.071423	25.068371	25.065067	25.061508	25.057724	25.053711	25.049503	25.045103	25.040535	25.035809	25.030951	25.025974	25.020897	25.015743	25.010530	25.005276	
25.005402	25.010780	25.016125	25.021404	25.026600	25.031700	25.036674	25.041513	25.046192	25.050697	25.055012	25.059116	25.062998	25.066639	25.070023	25.073147	25.075991	25.078552	25.080807	25.082764	25.084400	25.085718	25.086712	25.087376	25.087708	25.087708	25.087372	25.086708	25.085714	25.084400	25.082760	25.080811	25.078547	25.075993	25.073147	25.070028	25.066635	25.063000	25.059116	25.055014	25.050697	25.046196	25.041513	25.036674	25.031700	25.026600	25.021404	25.016125	25.010784	25.005404	
25.005508	25.010998	25.016441	25.021828	25.027128	25.032326	25.037403	25.042336	25.047108	25.051702	25.056101	25.060287	25.064243	25.067955	25.071411	25.074594	25.077499	25.080103	25.082409	25.084398	25.086071	25.087414	25.088427	25.089104	25.089443	25.089443	25.089104	25.088425	25.087414	25.086069	25.084400	25.082407	25.080107	25.077496	25.074596	25.071411	25.067961	25.064241	25.060287	25.056099	25.051704	25.047108	25.042336	25.037401	25.032326	25.027126	25.021826	25.016443	25.010998	25.005508	
25.005594	25.011168	25.016701	25.022167	25.027554	25.032833	25.037985	25.042997	25.047844	25.052509	25.056976	25.061226	25.065247	25.069016	25.072527	25.075760	25.078705	25.081356	25.083694	25.085720	25.087414	25.088779	25.089809	25.090494	25.090841	25.090839	25.090496	25.089806	25.088778	25.087414	25.085716	25.083696	25.081356	25.078709	25.075760	25.072531	25.069016	25.065250	25.061226	25.056980	25.052509	25.047844	25.042995	25.037985	25.032829	25.027552	25.022167	25.016701	25.011169	25.005594	
25.005661	25.011299	25.016893	25.022423	25.027870	25.033211	25.038427	25.043495	25.048401	25.053118	25.057636	25.061939	25.066002	25.069817	25.073368	25.076637	25.079620	25.082298	25.084665	25.086710	25.088428	25.089809	25.090847	25.091545	25.091892	25.091892	25.091543	25.090847	25.089809	25.088427	25.086712	25.084667	25.082300	25.079620	25.076641	25.073368	25.069820	25.066002	25.061939	25.057636	25.053120	25.048397	25.043495	25.038424	25.033211	25.027870	25.022423	25.016891	25.011297	25.005659	
25.005701	25.011383	25.017023	25.022594	25.028084	25.033466	25.038719	25.043827	25.048769	25.053526	25.058079	25.062412	25.066507	25.070351	25.073929	25.077225	25.080231	25.082928	25.085314	25.087374	25.089104	25.090496	25.091545	25.092245	25.092596	25.092598	25.092247	25.091545	25.090494	25.089104	25.087376	25.085316	25.082928	25.080231	25.077225	25.073931	25.070353	25.066509	25.062410	25.058081	25.053524	25.048767	25.043827	25.038721	25.033466	25.028084	25.022594	25.017023	25.011385	25.005703	
25.005722	25.011427	25.017086	25.022682	25.028191	25.033592	25.038868	25.043995	25.048954	25.053728	25.058298	25.062649	25.066761	25.070620	25.074211	25.077520	25.080536	25.083244	25.085640	25.087708	25.089443	25.090839	25.091892	25.092596	25.092949	25.092949	25.092598	25.091892	25.090839	25.089443	25.087708	25.085640	25.083244	25.080536	25.077522	25.074211	25.070621	25.066763	25.062651	25.058300	25.053730	25.048954	25.043995	25.038868	25.033592	25.028191	25.022682	25.017088	25.011429	25.005724	
25.005722	25.011427	25.017086	25.022682	25.028191	25.033592	25.038868	25.043995	25.048954	25.053728	25.058298	25.062649	25.066761	25.070620	25.074211	25.077520	25.080536	25.083244	25.085640	25.087708	25.089443	25.090839	25.091892	25.092596	25.092949	25.092949	25.092598	25.091892	25.090839	25.089443	25.087708	25.085640	25.083244	25.080536	25.077522	25.074211	25.070621	25.066763	25.062651	25.058300	25.053730	25.048954	25.043995	25.038868	25.033592	25.028191	25.022682	25.017088	25.011429	25.005724	
25.005701	25.011383	25.017023	25.022594	25.028084	25.033466	25.038719	25.043827	25.048769	25.053526	25.058079	25.062412	25.066507	25.070351	25.073929	25.077225	25.080231	25.082928	25.085314	25.087374	25.089104	25.090496	25.091545	25.092245	25.092596	25.092598	25.092247	25.091545	25.090494	25.089104	25.087376	25.085316	25.082928	25.080231	25.077225	25.073931	25.070353	25.066509	25.062410	25.058081	25.053524	25.048767	25.043827	25.038721	25.033466	25.028084	25.022594	25.017023	25.011385	25.005703	
25.005661	25.011299	25.016893	25.022423	25.027870	25.033211	25.038427	25.043495	25.048401	25.053118	25.057636	25.061939	25.066002	25.069817	25.073368	25.076637	25.079620	25.082298	25.084665	25.086710	25.088428	25.089809	25.090847	25.091545	25.091892	25.091892	25.091543	25.090847	25.089809	25.088427	25.086712	25.084667	25.082300	25.079620	25.076641	25.073368	25.069820	25.066002	25.061939	25.057636	25.053120	25.048397	25.043495	25.038424	25.033211	25.027870	25.022423	25.016891	25.011297	25.005659	
25.005594	25.011168	25.016701	25.022167	25.027554	25.032833	25.037985	25.042997	25.047844	25.052509	25.056976	25.061226	25.065247	25.069016	25.072527	25.075760	25.078705	25.081356	25.083694	25.085720	25.087414	25.088779	25.089809	25.090494	25.090841	25.090839	25.090496	25.089806	25.088778	25.087414	25.085716	25.083696	25.081356	25.078709	25.075760	25.072531	25.069016	25.065250	25.061226	25.056980	25.052509	25.047844	25.042995	25.037985	25.032829	25.027552	25.022167	25.016701	25.011169	25.005594	
25.005508	25.010998	25.016441	25.021828	25.027128	25.032326	25.037403	25.042336	25.047108	25.051702	25.056101	25.060287	25.064243	25.067955	25.071411	25.074594	25.077499	25.080103	25.082409	25.084398	25.086071	25.087414	25.088427	25.089104	25.089443	25.089443	25.089104	25.088425	25.087414	25.086069	25.084400	25.082407	25.080107	25.077496	25.074596	25.071411	25.067961	25.064241	25.060287	25.056099	25.051704	25.047108	25.042336	25.037401	25.032326	25.027126	25.021826	25.016443	25.010998	25.005508	
25.005402	25.010780	25.016125	25.021404	25.026600	25.031700	25.036674	25.041513	25.046192	25.050697	25.055012	25.059116	25.062998	25.066639	25.070023	25.073147	25.075991	25.078552	25.080807	25.082764	25.084400	25.085718	25.086712	25.087376	25.087708	25.087708	25.087372	25.086708	25.085714	25.084400	25.082760	25.080811	25.078547	25.075993	25.073147	25.070028	25.066635	25.063000	25.059116	25.055014	25.050697	25.046196	25.041513	25.036674	25.031700	25.026600	25.021404	25.016125	25.010784	25.005404	
25.005272	25.010529	25.015743	25.020899	25.025974	25.030949	25.035810	25.040533	25.045103	25.049503	25.053715	25.057724	25.061512	25.065065	25.068373	25.071421	25.074200	25.076694	25.078903	25.080809	25.082409	25.083694	25.084667	25.085314	25.085638	25.085638	25.085312	25.084663	25.083694	25.082409	25.080811	25.078899	25.076698	25.074198	25.071423	25.068371	25.065067	25.061508	25.057724	25.053711	25.049503	25.045103	25.040535	25.035809	25.030951	25.025974	25.020897	25.015743	25.010530	25.005276	
25.005127	25.010235	25.015305	25.020313	25.025248	25.030085	25.034809	25.039402	25.043842	25.048119	25.052214	25.056110	25.059792	25.063248	25.066462	25.069427	25.072124	25.074554	25.076698	25.078552	25.080105	25.081356	25.082298	25.082928	25.083244	25.083244	25.082926	25.082298	25.081356	25.080103	25.078548	25.076698	25.074551	25.072126	25.069424	25.066463	25.063244	25.059792	25.056107	25.052214	25.048119	25.043844	25.039400	25.034809	25.030087	25.025246	25.020313	25.015305	25.010233	25.005129	
25.004959	25.009903	25.014805	25.019653	25.024426	25.029106	25.033676	25.038118	25.042414	25.046555	25.050514	25.054281	25.057844	25.061188	25.064301	25.067165	25.069778	25.072126	25.074203	25.075994	25.077499	25.078709	25.079620	25.080231	25.080536	25.080536	25.080231	25.079617	25.078707	25.077499	25.075993	25.074200	25.072126	25.069777	25.067165	25.064297	25.061188	25.057842	25.054283	25.050512	25.046555	25.042416	25.038120	25.033676	25.029106	25.024427	25.019653	25.014805	25.009903	25.004959	
25.004774	25.009527	25.014252	25.018917	25.023512	25.028017	25.032417	25.036690	25.040829	25.044809	25.048622	25.052250	25.055677	25.058899	25.061890	25.064651	25.067165	25.069427	25.071423	25.073149	25.074596	25.075762	25.076639	25.077227	25.077518	25.077522	25.077225	25.076639	25.075760	25.074596	25.073147	25.071423	25.069424	25.067165	25.064648	25.061890	25.058895	25.055681	25.052248	25.048622	25.044807	25.040829	25.036692	25.032415	25.028019	25.023510	25.018917	25.014252	25.009531	25.004776	
25.004570	25.009125	25.013641	25.018110	25.022507	25.026821	25.031033	25.035128	25.039083	25.042898	25.046543	25.050018	25.053303	25.056381	25.059250	25.061890	25.064301	25.066463	25.068375	25.070026	25.071411	25.072527	25.073368	25.073929	25.074211	25.074211	25.073929	25.073366	25.072529	25.071411	25.070026	25.068371	25.066463	25.064295	25.061890	25.059248	25.056383	25.053299	25.050022	25.046545	25.042898	25.039082	25.035126	25.031033	25.026821	25.022507	25.018112	25.013641	25.009123	25.004570	
25.004349	25.008682	25.012983	25.017231	25.021420	25.025522	25.029533	25.033424	25.037195	25.040821	25.044296	25.047598	25.050724	25.053658	25.056381	25.058899	25.061188	25.063248	25.065065	25.066639	25.067959	25.069019	25.069818	25.070353	25.070620	25.070621	25.070351	25.069818	25.069016	25.067957	25.066635	25.065067	25.063244	25.061188	25.058895	25.056381	25.053654	25.050724	25.047596	25.044296	25.040819	25.037197	25.033424	25.029531	25.025524	25.021421	25.017231	25.012981	25.008680	25.004349	
25.004112	25.008209	25.012276	25.016293	25.020248	25.024132	25.027916	25.031601	25.035164	25.038591	25.041874	25.045000	25.047951	25.050724	25.053305	25.055677	25.057846	25.059792	25.061512	25.062996	25.064243	25.065247	25.066004	25.066507	25.066765	25.066761	25.066511	25.066002	25.065250	25.064240	25.062998	25.061508	25.059792	25.057842	25.055679	25.053301	25.050724	25.047949	25.044998	25.041874	25.038593	25.035160	25.031601	25.027916	25.024132	25.020248	25.016293	25.012272	25.008207	25.004110	
25.003860	25.007702	25.011518	25.015287	25.019003	25.022640	25.026199	25.029652	25.032997	25.036217	25.039295	25.042227	25.045000	25.047600	25.050018	25.052250	25.054283	25.056108	25.057722	25.059116	25.060287	25.061230	25.061935	25.062412	25.062649	25.062653	25.062412	25.061941	25.061228	25.060287	25.059114	25.057724	25.056107	25.054283	25.052250	25.050020	25.047598	25.044998	25.042225	25.039295	25.036211	25.032997	25.029652	25.026199	25.022644	25.019005	25.015289	25.011517	25.007702	25.003859	
25.003590	25.007168	25.010717	25.014229	25.017681	25.021072	25.024376	25.027596	25.030704	25.033701	25.036568	25.039297	25.041876	25.044292	25.046549	25.048622	25.050514	25.052214	25.053715	25.055012	25.056103	25.056976	25.057638	25.058079	25.058304	25.058298	25.058081	25.057636	25.056980	25.056099	25.055014	25.053715	25.052216	25.050512	25.048622	25.046547	25.044294	25.041872	25.039295	25.036566	25.033703	25.030703	25.027596	25.024376	25.021072	25.017681	25.014229	25.010717	25.007168	25.003590	
25.003311	25.006605	25.009878	25.013111	25.016296	25.019417	25.022469	25.025429	25.028299	25.031059	25.033701	25.036215	25.038591	25.040825	25.042896	25.044811	25.046553	25.048120	25.049503	25.050701	25.051701	25.052511	25.053118	25.053528	25.053730	25.053732	25.053524	25.053120	25.052509	25.051704	25.050699	25.049503	25.048119	25.046555	25.044809	25.042898	25.040821	25.038593	25.036213	25.033701	25.031055	25.028301	25.025429	25.022469	25.019419	25.016296	25.013111	25.009880	25.006607	25.003309	
25.003014	25.006020	25.008999	25.011948	25.014849	25.017693	25.020470	25.023172	25.025784	25.028297	25.030706	25.032997	25.035164	25.037193	25.039087	25.040827	25.042416	25.043842	25.045105	25.046192	25.047108	25.047844	25.048401	25.048769	25.048956	25.048954	25.048771	25.048399	25.047844	25.047108	25.046194	25.045105	25.043842	25.042416	25.040831	25.039085	25.037197	25.035160	25.032997	25.030704	25.028301	25.025782	25.023170	25.020470	25.017693	25.014849	25.011948	25.008999	25.006020	25.003014	
25.002708	25.005409	25.008089	25.010738	25.013344	25.015900	25.018398	25.020823	25.023170	25.025433	25.027596	25.029654	25.031601	25.033428	25.035126	25.036694	25.038116	25.039402	25.040535	25.041515	25.042334	25.042995	25.043495	25.043831	25.043995	25.043995	25.043829	25.043495	25.042995	25.042337	25.041513	25.040533	25.039402	25.038120	25.036690	25.035126	25.033424	25.031601	25.029654	25.027596	25.025429	25.023174	25.020821	25.018398	25.015900	25.013344	25.010735	25.008087	25.005409	25.002710	
25.002396	25.004780	25.007145	25.009485	25.011791	25.014046	25.016254	25.018396	25.020470	25.022469	25.024380	25.026197	25.027918	25.029530	25.031033	25.032413	25.033680	25.034809	25.035810	25.036674	25.037401	25.037985	25.038427	25.038719	25.038868	25.038868	25.038723	25.038425	25.037987	25.037403	25.036674	25.035810	25.034809	25.033676	25.032417	25.031031	25.029530	25.027916	25.026199	25.024380	25.022469	25.020470	25.018396	25.016251	25.014048	25.011787	25.009483	25.007145	25.004780	25.002392	
25.002069	25.004131	25.006176	25.008198	25.010189	25.012144	25.014050	25.015900	25.017693	25.019419	25.021072	25.022644	25.024128	25.025524	25.026821	25.028019	25.029106	25.030087	25.030949	25.031698	25.032326	25.032833	25.033213	25.033466	25.033592	25.033594	25.033466	25.033215	25.032831	25.032328	25.031700	25.030951	25.030087	25.029108	25.028015	25.026823	25.025520	25.024128	25.022642	25.021070	25.019417	25.017693	25.015900	25.014046	25.012140	25.010189	25.008198	25.006176	25.004131	25.002071	
25.001738	25.003468	25.005184	25.006880	25.008553	25.010189	25.011787	25.013344	25.014849	25.016296	25.017685	25.019003	25.020250	25.021420	25.022511	25.023512	25.024426	25.025249	25.025974	25.026600	25.027128	25.027552	25.027872	25.028084	25.028191	25.028191	25.028086	25.027870	25.027554	25.027126	25.026604	25.025974	25.025249	25.024426	25.023514	25.022507	25.021420	25.020247	25.019001	25.017681	25.016296	25.014847	25.013344	25.011787	25.010189	25.008553	25.006878	25.005182	25.003468	25.001736	
25.001396	25.002789	25.004171	25.005535	25.006878	25.008198	25.009487	25.010738	25.011948	25.013111	25.014229	25.015289	25.016293	25.017235	25.018110	25.018919	25.019653	25.020313	25.020899	25.021404	25.021828	25.022169	25.022423	25.022598	25.022682	25.022682	25.022594	25.022427	25.022167	25.021830	25.021404	25.020901	25.020315	25.019653	25.018917	25.018110	25.017235	25.016293	25.015287	25.014227	25.013111	25.011948	25.010735	25.009487	25.008198	25.006882	25.005535	25.004169	25.002789	25.001400	
25.001053	25.002104	25.003143	25.004169	25.005182	25.006176	25.007145	25.008087	25.009001	25.009880	25.010719	25.011518	25.012276	25.012981	25.013645	25.014252	25.014809	25.015305	25.015743	25.016123	25.016443	25.016701	25.016895	25.017021	25.017086	25.017090	25.017021	25.016893	25.016701	25.016441	25.016125	25.015743	25.015305	25.014805	25.014252	25.013643	25.012981	25.012272	25.011517	25.010717	25.009878	25.008999	25.008089	25.007145	25.006178	25.005184	25.004171	25.003143	25.002102	25.001053	
25.000706	25.001406	25.002102	25.002789	25.003466	25.004131	25.004778	25.005409	25.006020	25.006607	25.007168	25.007702	25.008209	25.008686	25.009125	25.009535	25.009903	25.010237	25.010529	25.010784	25.010998	25.011169	25.011297	25.011385	25.011429	25.011429	25.011383	25.011299	25.011168	25.010998	25.010784	25.010529	25.010235	25.009903	25.009529	25.009123	25.008682	25.008209	25.007702	25.007168	25.006607	25.006020	25.005409	25.004780	25.004129	25.003468	25.002789	25.002104	25.001404	25.000706	
25.000351	25.000704	25.001053	25.001396	25.001736	25.002068	25.002396	25.002708	25.003014	25.003311	25.003592	25.003859	25.004112	25.004349	25.004572	25.004776	25.004963	25.005129	25.005276	25.005402	25.005510	25.005594	25.005661	25.005703	25.005726	25.005726	25.005703	25.005659	25.005596	25.005508	25.005402	25.005274	25.005127	25.004959	25.004774	25.004570	25.004349	25.004112	25.003860	25.003590	25.003309	25.003016	25.002708	25.002392	25.002069	25.001736	25.001396	25.001053	25.000706	25.000353	
