49.998547	69.762436	79.057022	84.145386	87.281586	89.390831	90.902527	92.038284	92.922897	93.631676	94.212738	94.698196	95.110367	95.465187	95.774391	96.046768	96.289055	96.506546	96.703392	96.882935	97.047913	97.200539	97.342682	97.475861	97.601402	97.720421	97.833855	97.942513	98.047104	98.148224	98.246414	98.342133	98.435776	98.527672	98.618134	98.707436	98.795792	98.883385	98.970390	99.056946	99.143166	99.229141	99.314957	99.400665	99.486298	99.571907	99.657516	99.743118	99.828743	99.914368	
30.231762	49.994213	62.320297	70.242966	75.590210	79.379288	82.181061	84.327820	86.021698	87.391174	88.521156	89.469818	90.278214	90.976166	91.585747	92.123749	92.603088	93.033897	93.424248	93.780640	94.108353	94.411758	94.694466	94.959534	95.209518	95.446594	95.672653	95.889267	96.097832	96.299553	96.495476	96.686508	96.873428	97.056923	97.237602	97.415962	97.592468	97.767487	97.941353	98.114342	98.286682	98.458549	98.630104	98.801453	98.972694	99.143890	99.315079	99.486267	99.657494	99.828743	
20.934307	37.662392	49.987061	58.916054	65.457100	70.355164	74.114761	77.070389	79.445122	81.390373	83.011139	84.381920	85.556786	86.575729	87.468979	88.259689	88.965942	89.602036	90.179398	90.707336	91.193436	91.644012	92.064270	92.458649	92.830879	93.184174	93.521225	93.844414	94.155762	94.457031	94.749779	95.035316	95.314827	95.589317	95.859665	96.126648	96.390900	96.653008	96.913452	97.172623	97.430870	97.688454	97.945618	98.202515	98.459274	98.715973	98.972702	99.229462	99.486267	99.743118	
15.843108	29.734064	41.049603	49.977200	56.967148	62.469704	66.852646	70.394089	73.298325	75.714371	77.751419	79.490318	80.991638	82.301437	83.455177	84.480537	85.399445	86.229347	86.984482	87.676376	88.314590	88.907066	89.460480	89.980438	90.471764	90.938492	91.384216	91.811935	92.224289	92.623566	93.011780	93.390663	93.761734	94.126312	94.485550	94.840454	95.191895	95.540573	95.887161	96.232162	96.576012	96.919090	97.261642	97.603928	97.946075	98.288223	98.630417	98.972702	99.315071	99.657516	
12.704103	24.381241	34.500210	42.976189	49.964783	55.704124	60.432327	64.355347	67.640076	70.417755	72.790314	74.836761	76.618538	78.183731	79.570297	80.808472	81.922501	82.932129	83.853432	84.699768	85.482155	86.209915	86.890831	87.531601	88.137878	88.714584	89.265900	89.795502	90.306564	90.801849	91.283783	91.754471	92.215759	92.669266	93.116371	93.558319	93.996155	94.430771	94.862946	95.293289	95.722374	96.150581	96.578308	97.005768	97.433174	97.860626	98.288223	98.715973	99.143890	99.571915	
10.592121	20.586693	29.593962	37.462769	44.211945	49.949997	54.817562	58.955307	62.489357	65.526772	68.155876	70.448471	72.462654	74.245331	75.834541	77.261230	78.550751	79.723969	80.798203	81.787903	82.705231	83.560417	84.362228	85.118103	85.834496	86.516914	87.170204	87.798492	88.405479	88.994339	89.567848	90.128479	90.678352	91.219345	91.753090	92.280998	92.804306	93.324051	93.841125	94.356270	94.870071	95.383080	95.895630	96.408043	96.920517	97.433167	97.946083	98.459267	98.972702	99.486298	
9.077753	17.779575	25.826382	33.069218	39.470566	45.066719	49.933056	54.159458	57.835815	61.044712	63.858582	66.339325	68.539017	70.501198	72.262131	73.852058	75.296211	76.615753	77.828468	78.949432	79.991409	80.965347	81.880569	82.745163	83.566101	84.349457	85.100494	85.823845	86.523560	87.203163	87.865814	88.514206	89.150772	89.777596	90.396515	91.009140	91.616829	92.220749	92.821953	93.421204	94.019226	94.616547	95.213600	95.810692	96.408043	97.005768	97.603935	98.202515	98.801453	99.400658	
7.939390	15.627625	22.862986	29.517469	35.534733	40.913712	45.688995	49.914234	53.650372	56.958374	59.895199	62.512024	64.853760	66.959221	68.861710	70.589661	72.167336	73.615417	74.951614	76.191071	77.346848	78.430153	79.450745	80.417084	81.336517	82.215508	83.059700	83.874046	84.662910	85.430153	86.179153	86.912895	87.634003	88.344803	89.047264	89.743179	90.434013	91.121109	91.805496	92.488144	93.169754	93.850922	94.532089	95.213600	95.895630	96.578308	97.261658	97.945625	98.630104	99.314957	
7.052268	13.928710	20.480736	26.603264	32.237606	37.364895	41.995552	46.158749	49.893803	53.244007	56.252666	58.960754	61.405762	63.621269	65.636917	67.478706	69.169243	70.728226	72.172760	73.517715	74.776031	75.959030	77.076546	78.137260	79.148758	80.117744	81.050110	81.951080	82.825241	83.676697	84.509048	85.325493	86.128815	86.921509	87.705734	88.483353	89.256027	90.025101	90.791763	91.556976	92.321526	93.086021	93.850922	94.616547	95.383080	96.150597	96.919098	97.688461	98.458557	99.229141	
6.341065	12.554406	18.528257	24.177624	29.448002	34.313263	38.770210	42.832130	46.522873	49.872078	52.911667	55.673588	58.188374	60.484325	62.587234	64.520248	66.304024	67.956848	69.494896	70.932434	72.282059	73.554863	74.760681	75.908180	77.005051	78.058121	79.073456	80.056412	81.011787	81.943817	82.856316	83.752594	84.635628	85.508018	86.372063	87.229744	88.082764	88.932610	89.780495	90.627441	91.474243	92.321526	93.169754	94.019218	94.870087	95.722374	96.576019	97.430878	98.286682	99.143173	
5.757691	11.419795	16.900574	22.131378	27.064022	31.670555	35.940594	39.877487	43.494385	46.810715	49.849380	52.634708	55.191013	57.541710	59.708767	61.712444	63.571209	65.301758	66.919090	68.436661	69.866493	71.219345	72.504776	73.731392	74.906830	76.037941	77.130829	78.190987	79.223289	80.232117	81.221359	82.194489	83.154579	84.104340	85.046158	85.982109	86.913971	87.843292	88.771317	89.699097	90.627441	91.556976	92.488144	93.421204	94.356262	95.293304	96.232170	97.172638	98.114349	99.056953	
5.270015	10.466734	15.523199	20.383739	25.006708	29.365005	33.444878	37.243698	40.767429	44.028080	47.041588	49.826069	52.400574	54.784119	56.995132	59.051071	60.968197	62.761505	64.444717	66.030342	67.529686	68.952988	70.309517	71.607597	72.854767	74.057785	75.222778	76.355225	77.460068	78.541756	79.604256	80.651108	81.685486	82.710175	83.727638	84.740005	85.749130	86.756561	87.763611	88.771317	89.780502	90.791756	91.805511	92.821938	93.841125	94.862946	95.887169	96.913452	97.941368	98.970398	
4.855757	9.654165	14.342112	18.874149	23.214661	27.338587	31.231014	34.885933	38.304573	41.493721	44.464035	47.228745	49.802490	52.200542	54.438148	56.530151	58.490696	60.333099	62.069759	63.712143	65.270790	66.755341	68.174629	69.536674	70.848793	72.117630	73.349197	74.548981	75.721916	76.872459	78.004623	79.122009	80.227837	81.324944	82.415848	83.502731	84.587463	85.671638	86.756561	87.843292	88.932610	90.025101	91.121094	92.220764	93.324051	94.430786	95.540581	96.653015	97.767494	98.883392	
4.498974	8.952318	13.317314	17.556599	21.639824	25.544418	29.255543	32.765423	36.072334	39.179386	42.093399	44.823765	47.381607	49.778999	52.028446	54.142426	56.133144	58.012299	59.791000	61.479660	63.087986	64.625015	66.099045	67.517761	68.888199	70.216812	71.509514	72.771667	74.008202	75.223557	76.421738	77.606400	78.780762	79.947723	81.109818	82.269257	83.427940	84.587463	85.749130	86.913986	88.082771	89.256020	90.434029	91.616821	92.804321	93.996155	95.191902	96.390900	97.592484	98.795792	
4.187957	8.339090	12.418633	16.395643	20.244286	23.944519	27.482235	30.848936	34.041100	37.059387	39.907787	42.592812	45.122749	47.507088	49.755959	51.879807	53.889061	55.793941	57.604313	59.329575	60.978622	62.559814	64.080963	65.549316	66.971626	68.354126	69.702545	71.022171	72.317825	73.593918	74.854477	76.103104	77.343079	78.577286	79.808289	81.038315	82.269257	83.502731	84.740005	85.982109	87.229721	88.483368	89.743164	91.009140	92.280998	93.558334	94.840454	96.126648	97.415962	98.707443	
3.913907	7.797740	11.622911	15.363623	18.997858	22.507973	25.880909	29.108078	32.184963	35.110607	37.887009	40.518501	43.011177	45.372391	47.610352	49.733711	51.751358	53.672173	55.504868	57.257889	58.939350	60.556931	62.117950	63.629227	65.097198	66.527832	67.926697	69.298920	70.649277	71.982071	73.301323	74.610626	75.913239	77.212059	78.509666	79.808281	81.109818	82.415840	83.727638	85.046150	86.372063	87.705719	89.047272	90.396515	91.753090	93.116364	94.485558	95.859657	97.237602	98.618141	
3.670079	7.315348	10.912093	14.438672	17.876286	21.209476	24.426373	27.518650	30.481342	33.312481	36.012669	38.584641	41.032791	43.362808	45.581264	47.695351	49.712593	51.640694	53.487331	55.260071	56.966263	58.613003	60.207062	61.754871	63.262520	64.735748	66.179886	67.599968	69.000610	70.386116	71.760406	73.127060	74.489349	75.850159	77.212059	78.577286	79.947723	81.324936	82.710167	84.104332	85.508003	86.921509	88.344780	89.777588	91.219337	92.669258	94.126305	95.589317	97.056931	98.527672	
3.451216	6.881791	10.271904	13.603301	16.859896	20.028191	23.097500	26.059998	28.910599	31.646751	34.268124	36.776287	39.174362	41.466690	43.658562	45.755917	47.765156	49.692928	51.546013	53.331169	55.055065	56.724213	58.344906	59.923180	61.464802	62.975243	64.459671	65.922928	67.369568	68.803787	70.229477	71.650208	73.069191	74.489349	75.913239	77.343079	78.780762	80.227821	81.685478	83.154572	84.635620	86.128807	87.634018	89.150757	90.678360	92.215744	93.761734	95.314819	96.873428	98.435760	
3.253155	6.489015	9.690907	12.843366	15.932596	18.946831	21.876534	24.714470	27.455679	30.097305	32.638424	35.079777	37.423534	39.673012	41.832447	43.906776	45.901428	47.822186	49.675011	51.465973	53.201118	54.886421	56.527740	58.130730	59.700863	61.243362	62.763199	64.265091	65.753479	67.232491	68.705978	70.177475	71.650200	73.127060	74.610626	76.103111	77.606392	79.122009	80.651100	82.194489	83.752586	85.325478	86.912888	88.514206	90.128464	91.754463	93.390656	95.035324	96.686508	98.342133	
3.072556	6.130532	9.159839	12.147310	15.081104	17.950970	20.748446	23.466942	26.101746	28.649916	31.110161	33.482674	35.768909	37.971405	40.093578	42.139538	44.113922	46.021767	47.868347	49.659122	51.399582	53.095245	54.751545	56.373806	57.967228	59.536804	61.087345	62.623421	64.149384	65.669296	67.186996	68.705978	70.229477	71.760406	73.301315	74.854469	76.421738	78.004608	79.604240	81.221359	82.856308	84.509048	86.179146	87.865807	89.567848	91.283768	93.011780	94.749779	96.495483	98.246414	
2.906703	5.801060	8.671104	11.505606	14.294369	17.028486	19.700478	22.304413	24.835890	27.292028	29.671358	31.973696	34.199997	36.352211	38.433113	40.446159	42.395332	44.285057	46.120033	47.905163	49.645493	51.346107	53.012085	54.648468	56.260181	57.852036	59.428673	60.994579	62.553993	64.110977	65.669296	67.232491	68.803787	70.386108	71.982071	73.593918	75.223541	76.872452	78.541748	80.232109	81.943817	83.676689	85.430145	87.203163	88.994339	90.801842	92.623566	94.457031	96.299561	98.148224	
2.753369	5.496242	8.218429	10.910316	13.563135	16.169132	18.721743	21.215652	23.646845	26.012569	28.311300	30.542629	32.707176	34.806446	36.842735	38.818970	40.738628	42.605602	44.424118	46.198643	47.933804	49.634327	51.305004	52.950577	54.575790	56.185272	57.783539	59.374977	60.963799	62.554001	64.149384	65.753479	67.369568	69.000618	70.649269	72.317825	74.008202	75.721909	77.460068	79.223289	81.011780	82.825241	84.662903	86.523560	88.405472	90.306564	92.224274	94.155762	96.097824	98.047096	
2.610704	5.212462	7.796570	10.354795	12.879576	15.364196	17.802891	20.190956	22.524757	24.801746	27.020420	29.180265	31.281664	33.325829	35.314671	37.250732	39.137062	40.977150	42.774818	44.534164	46.259480	47.955193	49.625809	51.275894	52.909966	54.532551	56.148056	57.760811	59.374977	60.994579	62.623425	64.265091	65.922935	67.599968	69.298927	71.022171	72.771667	74.548988	76.355209	78.190987	80.056404	81.951065	83.874039	85.823837	87.798492	89.795494	91.811935	93.844398	95.889252	97.942505	
2.477162	4.946684	7.401123	9.833416	12.237056	14.606215	16.935875	19.221880	21.460993	23.650894	25.790171	27.878269	29.915455	31.902704	33.841682	35.734612	37.584229	39.393677	41.166485	42.906425	44.617519	46.303944	47.970001	49.620056	51.258518	52.889774	54.518200	56.148056	57.783539	59.428680	61.087341	62.763199	64.459671	66.179893	67.926697	69.702545	71.509506	73.349205	75.222763	77.130836	79.073456	81.050110	83.059692	85.100494	87.170181	89.265900	91.384209	93.521225	95.672638	97.833847	
2.351438	4.696345	7.028350	9.341399	11.629887	13.888784	16.113720	18.301067	20.447962	22.552340	24.612911	26.629150	28.601246	30.530064	32.417049	34.264221	36.074051	37.849457	39.593674	41.310265	43.003010	44.675896	46.333046	47.978699	49.617157	51.252743	52.889774	54.532551	56.185265	57.852036	59.536808	61.243362	62.975243	64.735748	66.527840	68.354126	70.216812	72.117622	74.057785	76.037933	78.058121	80.117744	82.215508	84.349449	86.516914	88.714569	90.938492	93.184158	95.446594	97.720413	
2.232424	4.459264	6.675070	8.874649	11.053191	13.206357	15.330373	17.422077	19.478981	21.499266	23.481808	25.426125	27.332417	29.201443	31.034554	32.833580	34.600838	36.339012	38.051178	39.740688	41.411160	43.066414	44.710464	46.347435	47.981575	49.617149	51.258514	52.909962	54.575790	56.260178	57.967232	59.700859	61.464806	63.262527	65.097198	66.971626	68.888191	70.848793	72.854759	74.906837	77.005051	79.148766	81.336517	83.566101	85.834488	88.137878	90.471741	92.830887	95.209511	97.601402	
2.119173	4.233576	6.338547	8.429647	10.502750	12.554133	14.580544	16.579268	18.548145	20.485626	22.390728	24.263100	26.102921	27.910954	29.688446	31.437143	33.159199	34.857189	36.534012	38.192890	39.837311	41.470982	43.097828	44.721912	46.347435	47.978699	49.620049	51.275890	52.950577	54.648472	56.373810	58.130733	59.923180	61.754875	63.629230	65.549316	67.517761	69.536667	71.607605	73.731400	75.908188	78.137260	80.417084	82.745155	85.118103	87.531586	89.980438	92.458641	94.959534	97.475861	
2.010871	4.017673	6.016429	8.003348	9.974909	11.927921	13.859617	15.767665	17.650240	19.506020	21.334217	23.134560	24.907307	26.653194	28.373459	30.069748	31.744150	33.399117	35.037460	36.662281	38.276989	39.885208	41.490807	43.097824	44.710464	46.333038	47.969994	49.625809	51.305004	53.012089	54.751541	56.527740	58.344906	60.207062	62.117943	64.080963	66.099037	68.174629	70.309517	72.504791	74.760681	77.076553	79.450745	81.880569	84.362213	86.890839	89.460464	92.064270	94.694466	97.342674	
1.906815	3.810168	5.706675	7.593112	9.466478	11.324072	13.163532	14.982900	16.780636	18.555660	20.307346	22.035561	23.740601	25.423256	27.084723	28.726639	30.351015	31.960251	33.557060	35.144508	36.725906	38.304863	39.885208	41.470982	43.066410	44.675896	46.303936	47.955189	49.634331	51.346107	53.095245	54.886429	56.724220	58.613003	60.556938	62.559811	64.625008	66.755341	68.953003	71.219337	73.554871	75.959030	78.430161	80.965340	83.560410	86.209900	88.907074	91.643997	94.411758	97.200546	
1.806396	3.609856	5.407514	7.196635	8.974684	10.739376	12.488730	14.221105	15.935242	17.630268	19.305742	20.961628	22.598331	24.216650	25.817814	27.403431	28.975492	30.536335	32.088657	33.635445	35.180004	36.725906	38.276985	39.837303	41.411156	43.003006	44.617516	46.259476	47.933804	49.645493	51.399590	53.201122	55.055069	56.966270	58.939346	60.978622	63.087986	65.270798	67.529678	69.866501	72.282059	74.776047	77.346848	79.991417	82.705231	85.482155	88.314598	91.193436	94.108360	97.047913	
1.709085	3.415691	5.117402	6.811913	8.497092	10.171029	11.832071	13.478876	15.110422	16.726051	18.325470	19.908775	21.476437	23.029327	24.568676	26.096111	27.613592	29.123455	30.628345	32.131248	33.635441	35.144505	36.662285	38.192890	39.740685	41.310265	42.906425	44.534164	46.198647	47.905163	49.659122	51.465977	53.331169	55.260075	57.257893	59.329575	61.479656	63.712143	66.030350	68.436661	70.932449	73.517723	76.191086	78.949440	81.787903	84.699768	87.676376	90.707352	93.780632	96.882950	
1.614420	3.226759	4.834992	6.437190	8.031576	9.616564	11.190802	12.753198	14.302965	15.839622	17.363037	18.873404	20.371296	21.857616	23.333652	24.801020	26.261700	27.717993	29.172556	30.628345	32.088654	33.557060	35.037460	36.534012	38.051178	39.593674	41.166481	42.774815	44.424118	46.120029	47.868355	49.675014	51.546013	53.487328	55.504871	57.604317	59.791000	62.069767	64.444725	66.919098	69.494904	72.172768	74.951622	77.828476	80.798218	83.853439	86.984489	90.179398	93.424255	96.703392	
1.521999	3.042264	4.559108	6.070933	7.576267	9.073818	10.562485	12.041418	13.510021	14.967991	16.415318	17.852320	19.279633	20.698236	22.109426	23.514858	24.916496	26.316666	27.717993	29.123457	30.536335	31.960251	33.399117	34.857193	36.339012	37.849457	39.393677	40.977146	42.605598	44.285057	46.021767	47.822189	49.692932	51.640701	53.672176	55.793945	58.012306	60.333107	62.761513	65.301758	67.956863	70.728226	73.615433	76.615753	79.723969	82.932121	86.229355	89.602036	93.033897	96.506546	
1.431471	2.861509	4.288724	5.711798	7.129537	8.540888	9.944994	11.341196	12.729085	14.108497	15.479557	16.842670	18.198557	19.548233	20.893044	22.234644	23.575027	24.916496	26.261700	27.613594	28.975491	30.351017	31.744150	33.159203	34.600834	36.074051	37.584221	39.137058	40.738625	42.395336	44.113922	45.901428	47.765156	49.712597	51.751366	53.889061	56.133152	58.490700	60.968204	63.571220	66.304031	69.169250	72.167343	75.296219	78.550751	81.922493	85.399429	88.965942	92.603088	96.289055	
1.342530	2.683889	4.022939	5.358614	6.689949	8.016119	9.336453	10.650484	11.957943	13.258814	14.553315	15.841950	17.125492	18.405010	19.681873	20.957756	22.234646	23.514858	24.801022	26.096115	27.403431	28.726643	30.069748	31.437141	32.833580	34.264217	35.734608	37.250729	38.818966	40.446156	42.139534	43.906776	45.755920	47.695351	49.733711	51.879814	54.142429	56.530163	59.051079	61.712456	64.520264	67.478706	70.589668	73.852058	77.261230	80.808456	84.480545	88.259689	92.123741	96.046768	
1.254911	2.508874	3.760975	5.010359	6.256267	7.498055	8.735235	9.967481	11.194673	12.416891	13.634464	14.847950	16.058193	17.266281	18.473616	19.681871	20.893044	22.109428	23.333656	24.568678	25.817816	27.084724	28.373459	29.688446	31.034550	32.417046	33.841679	35.314667	36.842731	38.433109	40.093582	41.832451	43.658566	45.581268	47.610352	49.755959	52.028450	54.438160	56.995148	59.708778	62.587242	65.636932	68.861710	72.262131	75.834541	79.570297	83.455177	87.468979	91.585747	95.774391	
1.168380	2.336007	3.502152	4.666147	5.827402	6.985441	8.139914	9.290636	10.437589	11.580960	12.721142	13.858768	14.994699	16.130074	17.266281	18.405010	19.548233	20.698236	21.857620	23.029331	24.216648	25.423256	26.653196	27.910955	29.201441	30.530058	31.902704	33.325825	34.806446	36.352211	37.971409	39.673016	41.466694	43.362812	45.372398	47.507088	49.779007	52.200554	54.784126	57.541718	60.484333	63.621269	66.959229	70.501190	74.245331	78.183739	82.301437	86.575745	90.976151	95.465195	
1.082741	2.164891	3.245887	4.325211	5.402425	6.477185	7.549271	8.618598	9.685253	10.749487	11.811769	12.872754	13.933355	14.994698	16.058191	17.125492	18.198557	19.279634	20.371296	21.476439	22.598330	23.740601	24.907305	26.102924	27.332415	28.601246	29.915451	31.281662	32.707172	34.199993	35.768913	37.423534	39.174362	41.032795	43.011181	45.122757	47.381611	49.802498	52.400578	55.191021	58.188377	61.405769	64.853760	68.539017	72.462646	76.618546	80.991638	85.556786	90.278214	95.110367	
0.997820	1.995188	2.991673	3.986895	4.980532	5.972360	6.962254	7.950226	8.936427	9.921183	10.904985	11.888544	12.872755	13.858768	14.847951	15.841950	16.842670	17.852322	18.873405	19.908775	20.961630	22.035557	23.134562	24.263100	25.426125	26.629150	27.878269	29.180260	30.542629	31.973694	33.482677	35.079781	36.776291	38.584641	40.518505	42.592815	44.823772	47.228741	49.826080	52.634712	55.673599	58.960754	62.512032	66.339310	70.448471	74.836761	79.490318	84.381920	89.469818	94.698196	
0.913471	1.826605	2.739087	3.650638	4.561046	5.470171	6.377979	7.284545	8.190084	9.094953	9.999685	10.904986	11.811769	12.721142	13.634463	14.553313	15.479557	16.415318	17.363037	18.325470	19.305742	20.307348	21.334213	22.390732	23.481804	24.612911	25.790171	27.020420	28.311298	29.671358	31.110165	32.638428	34.268127	36.012672	37.887016	39.907795	42.093399	44.464043	47.041588	49.849388	52.911667	56.252670	59.895191	63.858589	68.155869	72.790314	77.751419	83.011139	88.521164	94.212723	
0.829571	1.658900	2.487762	3.315971	4.143391	4.969961	5.795705	6.620757	7.445363	8.269917	9.094953	9.921183	10.749488	11.580961	12.416889	13.258813	14.108496	14.967990	15.839622	16.726051	17.630268	18.555656	19.506020	20.485622	21.499268	22.552338	23.650894	24.801743	26.012569	27.292030	28.649918	30.097309	31.646755	33.312481	35.110615	37.059391	39.179394	41.493721	44.028084	46.810722	49.872078	53.244007	56.958378	61.044704	65.526779	70.417747	75.714363	81.390366	87.391174	93.631668	
0.746017	1.491867	2.237402	2.982501	3.727097	4.471180	5.214828	5.958202	6.701582	7.445363	8.190083	8.936428	9.685253	10.437588	11.194674	11.957942	12.729084	13.510021	14.302965	15.110420	15.935240	16.780636	17.650238	18.548145	19.478981	20.447962	21.460991	22.524755	23.646843	24.835890	26.101746	27.455681	28.910601	30.481346	32.184967	34.041100	36.072334	38.304581	40.767433	43.494392	46.522877	49.893803	53.650372	57.835815	62.489349	67.640076	73.298317	79.445129	86.021706	92.922897	
0.662723	1.325339	1.987756	2.649909	3.311775	3.973391	4.634859	5.296369	5.958202	6.620755	7.284545	7.950225	8.618599	9.290636	9.967481	10.650484	11.341196	12.041418	12.753198	13.478874	14.221104	14.982898	15.767665	16.579266	17.422077	18.301065	19.221878	20.190956	21.215651	22.304411	23.466946	24.714474	26.059999	27.518652	29.108080	30.848938	32.765427	34.885933	37.243702	39.877487	42.832134	46.158745	49.914234	54.159454	58.955307	64.355347	70.394089	77.070389	84.327812	92.038284	
0.579621	1.159179	1.738626	2.317936	2.897123	3.476244	4.055426	4.634859	5.214828	5.795705	6.377979	6.962254	7.549271	8.139914	8.735235	9.336453	9.944994	10.562485	11.190802	11.832071	12.488729	13.163530	13.859615	14.580544	15.330371	16.113720	16.935875	17.802891	18.721745	19.700478	20.748447	21.876534	23.097504	24.426373	25.880913	27.482235	29.255543	31.231018	33.444870	35.940594	38.770206	41.995552	45.688992	49.933060	54.817558	60.432327	66.852646	74.114754	82.181061	90.902527	
0.496655	0.993280	1.489857	1.986386	2.482901	2.979478	3.476244	3.973391	4.471181	4.969961	5.470172	5.972360	6.477185	6.985441	7.498055	8.016119	8.540889	9.073817	9.616564	10.171028	10.739374	11.324070	11.927921	12.554132	13.206356	13.888783	14.606214	15.364197	16.169132	17.028486	17.950970	18.946831	20.028193	21.209478	22.507973	23.944515	25.544418	27.338585	29.365005	31.670555	34.313267	37.364895	40.913712	45.066719	49.949993	55.704117	62.469704	70.355164	79.379288	89.390839	
0.413784	0.827559	1.241327	1.655104	2.068936	2.482901	2.897123	3.311775	3.727097	4.143391	4.561046	4.980533	5.402425	5.827402	6.256267	6.689949	7.129536	7.576268	8.031576	8.497091	8.974684	9.466476	9.974907	10.502749	11.053192	11.629887	12.237056	12.879576	13.563135	14.294369	15.081104	15.932597	16.859898	17.876286	18.997858	20.244284	21.639820	23.214659	25.006704	27.064024	29.448002	32.237610	35.534733	39.470566	44.211945	49.964783	56.967144	65.457100	75.590210	87.281593	
0.330975	0.661954	0.992949	1.323983	1.655104	1.986386	2.317937	2.649909	2.982501	3.315971	3.650638	3.986895	4.325211	4.666147	5.010358	5.358614	5.711798	6.070932	6.437190	6.811913	7.196634	7.593111	8.003347	8.429647	8.874649	9.341399	9.833415	10.354795	10.910317	11.505607	12.147312	12.843366	13.603301	14.438673	15.363623	16.395641	17.556599	18.874147	20.383739	22.131378	24.177624	26.603264	29.517469	33.069221	37.462769	42.976185	49.977203	58.916054	70.242966	84.145386	
0.248206	0.496421	0.744660	0.992949	1.241327	1.489857	1.738626	1.987756	2.237402	2.487762	2.739087	2.991674	3.245886	3.502152	3.760974	4.022938	4.288723	4.559108	4.834992	5.117401	5.407514	5.706675	6.016429	6.338547	6.675070	7.028350	7.401123	7.796569	8.218429	8.671104	9.159839	9.690907	10.271904	10.912093	11.622911	12.418633	13.317313	14.342112	15.523199	16.900574	18.528255	20.480736	22.862988	25.826382	29.593964	34.500210	41.049603	49.987064	62.320305	79.057022	
0.165460	0.330930	0.496421	0.661954	0.827559	0.993280	1.159179	1.325339	1.491867	1.658900	1.826605	1.995188	2.164891	2.336007	2.508874	2.683889	2.861509	3.042264	3.226759	3.415691	3.609856	3.810167	4.017672	4.233575	4.459264	4.696345	4.946683	5.212462	5.496242	5.801060	6.130533	6.489015	6.881792	7.315349	7.797740	8.339091	8.952318	9.654165	10.466734	11.419794	12.554406	13.928711	15.627624	17.779575	20.586693	24.381241	29.734066	37.662395	49.994213	69.762444	
0.082727	0.165460	0.248206	0.330975	0.413784	0.496655	0.579621	0.662723	0.746017	0.829571	0.913471	0.997820	1.082741	1.168381	1.254911	1.342530	1.431471	1.521998	1.614420	1.709084	1.806396	1.906815	2.010871	2.119173	2.232424	2.351438	2.477162	2.610704	2.753369	2.906703	3.072556	3.253156	3.451216	3.670079	3.913907	4.187957	4.498974	4.855757	5.270015	5.757691	6.341065	7.052269	7.939390	9.077753	10.592121	12.704104	15.843108	20.934309	30.231760	49.998550	
