49.993851	69.753067	79.043007	84.126785	87.258469	89.363281	90.870644	92.002197	92.882736	93.587601	94.164886	94.646790	95.055573	95.407227	95.713470	95.983109	96.222916	96.438171	96.633057	96.810883	96.974419	97.125877	97.267136	97.399727	97.524963	97.643967	97.757675	97.866905	97.972343	98.074608	98.174217	98.271622	98.367218	98.461334	98.554283	98.646294	98.737595	98.828369	98.918762	99.008896	99.098885	99.188789	99.278687	99.368614	99.458603	99.548668	99.638809	99.729034	99.819313	99.909645	
30.222389	49.975506	62.292324	70.205826	75.544052	79.324280	82.117416	84.255768	85.941528	87.303177	88.425674	89.367172	90.168831	90.860435	91.464119	91.996689	92.471062	92.897415	93.283813	93.636803	93.961624	94.262718	94.543686	94.807556	95.056938	95.293983	95.520599	95.738327	95.948608	96.152603	96.351364	96.545753	96.736595	96.924515	97.110130	97.293915	97.476318	97.657677	97.838287	98.018433	98.198265	98.377998	98.557693	98.737488	98.917404	99.097488	99.277740	99.458130	99.638687	99.819313	
20.920296	37.634422	49.945232	58.860527	65.388084	70.272919	74.019600	76.962662	79.325256	81.258789	82.868347	84.228462	85.393227	86.402710	87.287132	88.069702	88.768547	89.397957	89.969437	90.492249	90.974060	91.421158	91.838791	92.231415	92.602737	92.955986	93.293861	93.618744	93.932632	94.237312	94.534271	94.824875	95.110222	95.391350	95.669067	95.944168	96.217232	96.488800	96.759338	97.029190	97.298683	97.567993	97.837364	98.106850	98.376595	98.646591	98.916862	99.187408	99.458130	99.729034	
15.824508	29.696934	40.994080	49.903500	56.875542	62.360542	66.726334	70.251099	73.139198	75.539711	77.561882	79.286613	80.774544	82.071762	83.213791	84.228363	85.137405	85.958481	86.705765	87.390884	88.023392	88.611267	89.161194	89.678802	90.168922	90.635612	91.082428	91.512375	91.928116	92.331894	92.725723	93.111305	93.490143	93.863525	94.232574	94.598244	94.961365	95.322624	95.682602	96.041786	96.400543	96.759201	97.117935	97.476959	97.836342	98.196121	98.556320	98.916870	99.277733	99.638809	
12.680988	24.335094	34.431206	42.884586	49.850937	55.568451	60.275345	64.177643	67.442322	70.200691	72.554756	74.583603	76.348732	77.898293	79.270309	80.495049	81.596855	82.595459	83.507050	84.344940	85.120239	85.842285	86.518875	87.156731	87.761520	88.338150	88.890839	89.423233	89.938477	90.439377	90.928268	91.407288	91.878220	92.342667	92.801956	93.257294	93.709648	94.159882	94.608704	95.056686	95.504295	95.951866	96.399704	96.847961	97.296776	97.746162	98.196121	98.646591	99.097481	99.548660	
10.564577	20.531708	29.511744	37.353622	44.076290	49.788330	54.630508	58.743561	62.253719	65.268127	67.875198	70.146820	72.141159	73.905212	75.477081	76.887787	78.162720	79.322830	80.385452	81.365120	82.273994	83.122368	83.919029	84.671432	85.386040	86.068390	86.723297	87.354904	87.966904	88.562424	89.144264	89.714798	90.276176	90.830185	91.378456	91.922310	92.462921	93.001282	93.538193	94.074333	94.610214	95.146294	95.682816	96.220016	96.757980	97.296768	97.836349	98.376595	98.917397	99.458603	
9.045887	17.715961	25.731260	32.942947	39.313618	44.879696	49.716648	53.914490	57.563198	60.745480	63.533859	65.990326	68.167068	70.107697	71.848579	73.420006	74.847290	76.151649	77.350952	78.460297	79.492508	80.458557	81.367813	82.228401	83.047272	83.830536	84.583450	85.310654	86.016144	86.703484	87.375732	88.035622	88.685471	89.327385	89.963089	90.594154	91.221870	91.847336	92.471474	93.095032	93.718590	94.342590	94.967392	95.593155	96.220009	96.847969	97.476959	98.106857	98.737480	99.368607	
7.903323	15.555626	22.755329	29.374554	35.357101	40.702030	45.444061	49.636971	53.341827	56.619698	59.527672	62.117027	64.432793	66.513863	68.393646	70.100655	71.659241	73.090149	74.411148	75.637466	76.782166	77.856560	78.870415	79.832191	80.749298	81.628189	82.474503	83.293190	84.088623	84.864586	85.624481	86.371201	87.107391	87.835220	88.556709	89.273483	89.986992	90.698456	91.408844	92.118980	92.829498	93.540871	94.253426	94.967392	95.682816	96.399704	97.117950	97.837357	98.557701	99.278687	
7.012138	13.848602	20.360950	26.444252	32.039967	37.129368	41.723026	45.850250	49.550491	52.867180	55.843739	58.521267	60.937374	63.125744	65.116135	66.934616	68.603905	70.143784	71.571411	72.901733	74.147766	75.320831	76.430832	77.486496	78.495392	79.464264	80.398987	81.304794	82.186249	83.047432	83.891891	84.722794	85.542862	86.354553	87.159912	87.960770	88.758636	89.554840	90.350418	91.146225	91.942932	92.741043	93.540871	94.342590	95.146294	95.951874	96.759201	97.568008	98.377991	99.188789	
6.297026	12.466494	18.396801	24.003120	29.231106	34.054794	38.471130	42.493580	46.146122	49.458534	52.462898	55.191296	57.674355	59.940529	62.015709	63.923153	65.683609	67.315460	68.834961	70.256439	71.592567	72.854485	74.052063	75.194008	76.288040	77.340981	78.358902	79.347168	80.310547	81.253250	82.179031	83.091171	83.992592	84.885818	85.773071	86.656235	87.536934	88.416542	89.296158	90.176666	91.058762	91.942940	92.829491	93.718590	94.610222	95.504295	96.400558	97.298676	98.198273	99.098877	
5.709911	11.324415	16.757952	21.942051	26.828701	31.390125	35.616108	39.510174	43.085629	46.362049	49.362495	52.111431	54.633331	56.951717	59.088692	61.064621	62.898090	64.605881	66.203087	67.703239	69.118423	70.459457	71.735962	72.956558	74.128891	75.259872	76.355576	77.421494	78.462479	79.482880	80.486542	81.476883	82.456909	83.429283	84.396278	85.359886	86.321785	87.283379	88.245827	89.210022	90.176666	91.146225	92.118973	93.095032	94.074326	95.056694	96.041786	97.029205	98.018417	99.008896	
5.218677	10.364248	15.369955	20.180309	24.753859	29.063686	33.096222	36.849026	40.328220	43.545990	46.518433	49.263821	51.801350	54.150177	56.328876	58.355003	60.244942	62.013798	63.675392	65.242294	66.725906	68.136505	69.483429	70.775040	72.018890	73.221756	74.389778	75.528404	76.642586	77.736710	78.814697	79.880051	80.935867	81.984848	83.029358	84.071449	85.112831	86.154953	87.198982	88.245827	89.296150	90.350418	91.408836	92.471466	93.538193	94.608711	95.682617	96.759338	97.838303	98.918762	
4.801055	9.544968	14.178828	18.657394	22.945248	27.017530	30.859526	34.465408	37.836605	40.980053	43.906612	46.629662	49.164017	51.525082	53.728245	55.788483	57.720062	59.536415	61.250034	62.872482	64.414352	65.885384	67.294434	68.649582	69.958160	71.226845	72.461639	73.668022	74.850883	76.014679	77.163353	78.300453	79.429108	80.552101	81.671829	82.790367	83.909485	85.030617	86.154953	87.283379	88.416534	89.554840	90.698448	91.847343	93.001282	94.159897	95.322617	96.488815	97.657669	98.828377	
4.441118	8.836824	13.144615	17.327347	21.354877	25.204853	28.862635	32.320656	35.577374	38.636108	41.503834	44.190151	46.706314	49.064590	51.277611	53.357986	55.318081	57.169678	58.924011	60.591568	62.182171	63.704880	65.168091	66.579514	67.946213	69.274666	70.570770	71.839905	73.086952	74.316315	75.531967	76.737465	77.935989	79.130325	80.322899	81.515823	82.710861	83.909485	85.112831	86.321777	87.536949	88.758644	89.987000	91.221863	92.462936	93.709648	94.961365	96.217224	97.476318	98.737595	
4.127168	8.217740	12.237179	16.154766	19.944893	23.587734	27.069408	30.381613	33.521046	36.488560	39.288334	41.927067	44.413231	46.756454	48.967049	51.055603	53.032669	54.908600	56.693359	58.396469	60.026878	61.593040	63.102810	64.563507	65.981888	67.364212	68.716209	70.043167	71.349869	72.640686	73.919586	75.190125	76.455475	77.718445	78.981468	80.246674	81.515823	82.790367	84.071442	85.359886	86.656235	87.960770	89.273483	90.594154	91.922318	93.257294	94.598236	95.944160	97.293922	98.646301	
3.850416	7.670997	11.433392	15.112042	18.685158	22.135336	25.449734	28.619989	31.641798	34.514412	37.240028	39.823166	42.270115	44.588402	46.786385	48.872871	50.856911	52.747482	54.553436	56.283314	57.945305	59.547195	61.096336	62.599606	64.063477	65.493927	66.896538	68.276413	69.638290	70.986473	72.324883	73.657066	74.986191	76.315048	77.646103	78.981468	80.322891	81.671822	83.029358	84.396271	85.773071	87.159912	88.556709	89.963089	91.378456	92.801956	94.232574	95.669067	97.110138	98.554283	
3.604128	7.183695	10.715233	14.177344	17.551474	20.822403	23.978497	27.011652	29.917137	32.693184	35.340622	37.862370	40.263023	42.548439	44.725376	46.801163	48.783485	50.680183	52.499039	54.247734	55.933720	57.564148	59.145866	60.685368	62.188751	63.661789	65.109818	66.537849	67.950470	69.351944	70.746140	72.136566	73.526390	74.918396	76.315048	77.718445	79.130310	80.552094	81.984833	83.429283	84.885818	86.354546	87.835236	89.327377	90.830200	92.342667	93.863518	95.391342	96.924515	98.461342	
3.383057	6.745729	10.068451	13.333223	16.524208	19.628159	22.634626	25.536026	28.327497	31.006721	33.573570	36.029831	38.378815	40.625057	42.774010	44.831791	46.804939	48.700253	50.524628	52.284935	53.987942	55.640236	57.248180	58.817860	60.355080	61.865322	63.353771	64.825249	66.284264	67.734993	69.181259	70.626541	72.073990	73.526382	74.986191	76.455475	77.935989	79.429100	80.935860	82.456909	83.992592	85.542862	87.107391	88.685471	90.276176	91.878220	93.490143	95.110222	96.736588	98.367210	
3.183048	6.349062	9.481638	12.565565	15.587311	18.535358	21.400425	24.175514	26.855909	29.438971	31.924015	34.311981	36.605247	38.807316	40.922607	42.956230	44.913761	46.801128	48.624420	50.389828	52.103481	53.771461	55.399651	56.993809	58.559406	60.101707	61.625679	63.136024	64.637146	66.133141	67.627785	69.124542	70.626541	72.136574	73.657066	75.190125	76.737465	78.300446	79.880035	81.476883	83.091164	84.722786	86.371201	88.035622	89.714798	91.407288	93.111305	94.824867	96.545746	98.271622	
3.000766	5.987224	8.945548	11.862846	14.727535	17.529627	20.260912	22.915060	25.487581	27.975792	30.378613	32.696461	34.930988	37.084946	39.161907	41.166187	43.102562	44.976212	46.792557	48.557152	50.275620	51.953526	53.596405	55.209610	56.798397	58.367764	59.922535	61.467262	63.006268	64.543579	66.082932	67.627785	69.181259	70.746140	72.324890	73.919586	75.531967	77.163345	78.814697	80.486526	82.179031	83.891876	85.624481	87.375725	89.144257	90.928261	92.725723	94.534271	96.351357	98.174210	
2.833505	5.654938	8.452609	11.215558	13.933863	16.598873	19.203379	21.741693	24.209675	26.604671	28.925453	31.172047	33.345631	35.448341	37.483162	39.453697	41.364120	43.218983	45.023125	46.781570	48.499458	50.181984	51.834270	53.461430	55.068405	56.660053	58.241001	59.815735	61.388451	62.963158	64.543579	66.133141	67.734993	69.351944	70.986473	72.640686	74.316299	76.014679	77.736694	79.482880	81.253235	83.047432	84.864578	86.703476	88.562416	90.439362	92.331894	94.237305	96.152603	98.074600	
2.679039	5.347864	7.996558	10.615791	13.197058	15.732885	18.216965	20.644245	23.010954	25.314598	27.553871	29.728601	31.839607	33.888622	35.878105	37.811188	39.691486	41.523060	43.310268	45.057693	46.770073	48.452225	50.108997	51.745197	53.365608	54.974869	56.577526	58.177917	59.780243	61.388451	63.006268	64.637146	66.284264	67.950470	69.638290	71.349861	73.086952	74.850883	76.642593	78.462463	80.310547	82.186234	84.088615	86.016136	87.966888	89.938477	91.928108	93.932632	95.948608	97.972336	
2.535527	5.062390	7.572168	10.056908	12.509325	14.922970	17.292355	19.613026	21.881615	24.095806	26.254351	28.356941	30.404205	32.397522	34.339043	36.231445	38.077972	39.882256	41.648258	43.380196	45.082466	46.759598	48.416145	50.056755	51.685974	53.308346	54.928280	56.550095	58.177917	59.815731	61.467258	63.136028	64.825241	66.537842	68.276413	70.043167	71.839905	73.668015	75.528404	77.421494	79.347153	81.304794	83.293182	85.310646	87.354904	89.423218	91.512375	93.618736	95.738327	97.866898	
2.401423	4.795489	7.175042	9.533300	11.864031	14.161690	16.421516	18.639629	20.813036	22.939678	25.018366	27.048798	29.031422	30.967464	32.858749	34.707703	36.517212	38.290596	40.031490	41.743824	43.431702	45.099396	46.751293	48.391796	50.025368	51.656403	53.289295	54.928276	56.577526	58.241005	59.922535	61.625679	63.353767	65.109818	66.896530	68.716217	70.570770	72.461639	74.389771	76.355576	78.358902	80.398979	82.474495	84.583443	86.723274	88.890831	91.082420	93.293861	95.520584	97.757675	
2.275424	4.544601	6.801449	9.040193	11.255509	13.442642	15.597497	17.716700	19.797657	21.838539	23.838310	25.796661	27.714016	29.591419	31.430553	33.233578	35.003170	36.742367	38.454571	40.143436	41.812889	43.466972	45.109909	46.745983	48.379524	50.014900	51.656403	53.308346	54.974869	56.660053	58.367764	60.101707	61.865326	63.661789	65.493935	67.364212	69.274673	71.226845	73.221764	75.259865	77.340973	79.464264	81.628174	83.830536	86.068382	88.338142	90.635612	92.955986	95.293983	97.643967	
2.156423	4.307548	6.448209	8.573497	10.678879	12.760296	14.814238	16.837816	18.828789	20.785595	22.707336	24.593790	26.445335	28.262978	30.048223	31.803131	33.530136	35.232124	36.912270	38.574074	40.221241	41.857712	43.487541	45.114937	46.744160	48.379528	50.025368	51.685974	53.365608	55.068405	56.798389	58.559410	60.355080	62.188759	64.063477	65.981888	67.946228	69.958160	72.018890	74.128899	76.288040	78.495392	80.749306	83.047272	85.386032	87.761520	90.168915	92.602745	95.056931	97.524963	
2.043474	4.082461	6.112587	8.129690	10.129925	12.109842	14.066462	15.997323	17.900537	19.774782	21.619343	23.434061	25.219372	26.976206	28.706043	30.410772	32.092758	33.754688	35.399628	37.030899	38.652122	40.267075	41.879765	43.494301	45.114944	46.745983	48.391800	50.056759	51.745197	53.461422	55.209614	56.993809	58.817863	60.685364	62.599613	64.563507	66.579514	68.649590	70.775040	72.956558	75.194008	77.486496	79.832184	82.228394	84.671432	87.156731	89.678810	92.231415	94.807556	97.399727	
1.935760	3.867733	5.792225	7.705725	9.604980	11.487087	13.349529	15.190248	17.007664	18.800709	20.568819	22.311974	24.030617	25.725723	27.398682	29.051369	30.685993	32.305195	33.911888	35.509338	37.101009	38.690666	40.282215	41.879768	43.487549	45.109917	46.751293	48.416153	50.108994	51.834270	53.596397	55.399658	57.248180	59.145866	61.096333	63.102810	65.168098	67.294434	69.483437	71.735962	74.052063	76.430832	78.870407	81.367813	83.919022	86.518867	89.161194	91.838791	94.543678	97.267128	
1.832577	3.661971	5.485078	7.298946	9.100853	10.888359	12.659375	14.412191	16.145531	17.858541	19.550854	21.222527	22.874109	24.506556	26.121288	27.720089	29.305168	30.879036	32.444588	34.004955	35.563610	37.124207	38.690666	40.267082	41.857716	43.466980	45.099403	46.759594	48.452225	50.181976	51.953526	53.771458	55.640240	57.564148	59.547195	61.593040	63.704880	65.885384	68.136505	70.459457	72.854485	75.320824	77.856560	80.458557	83.122368	85.842278	88.611267	91.421158	94.262711	97.125885	
1.733313	3.463964	5.189362	6.907044	8.614742	10.310439	11.992411	13.659274	15.310007	16.943995	18.561007	20.161243	21.745304	23.314209	24.869352	26.412537	27.945894	29.471939	30.993467	32.513618	34.035770	35.563610	37.101013	38.652126	40.221249	41.812893	43.431705	45.082474	46.770073	48.499466	50.275616	52.103485	53.987946	55.933716	57.945309	60.026882	62.182171	64.414352	66.725899	69.118431	71.592560	74.147766	76.782166	79.492508	82.273987	85.120239	88.023392	90.974060	93.961624	96.974411	
1.637432	3.272656	4.903521	6.527991	8.144198	9.750490	11.345471	12.928041	14.497433	16.053209	17.595316	19.124056	20.640118	22.144550	23.638790	25.124611	26.604160	28.079895	29.554607	31.031382	32.513618	34.004959	35.509338	37.030907	38.574078	40.143448	41.743828	43.380199	45.057697	46.781570	48.557156	50.389828	52.284935	54.247742	56.283314	58.396461	60.591568	62.872475	65.242294	67.703239	70.256447	72.901733	75.637459	78.460297	81.365112	84.344940	87.390869	90.492249	93.636787	96.810875	
1.544469	3.087121	4.626191	6.160013	7.687064	9.206015	10.715755	12.215448	13.704532	15.182764	16.650221	18.107325	19.554834	20.993858	22.425848	23.852600	25.276237	26.699221	28.124313	29.554605	30.993469	32.444588	33.911896	35.399635	36.912277	38.454575	40.031498	41.648262	43.310272	45.023125	46.792557	48.624428	50.524628	52.499039	54.553436	56.693359	58.924011	61.250034	63.675396	66.203094	68.834961	71.571411	74.411148	77.350945	80.385452	83.507034	86.705757	89.969421	93.283813	96.633041	
1.454014	2.906551	4.356177	5.801546	7.241441	8.674807	10.100796	11.518783	12.928413	14.329593	15.722542	17.107773	18.486126	19.858753	21.227140	22.593094	23.958740	25.326527	26.699219	28.079893	29.471939	30.879038	32.305195	33.754692	35.232128	36.742371	38.290604	39.882259	41.523067	43.218987	44.976219	46.801128	48.700256	50.680183	52.747482	54.908604	57.169678	59.536415	62.013802	64.605881	67.315460	70.143784	73.090149	76.151642	79.322815	82.595459	85.958466	89.397949	92.897415	96.438171	
1.365710	2.730235	4.092428	5.451221	6.805657	8.154928	9.498400	10.835655	12.166492	13.490979	14.809433	16.122475	17.430994	18.736204	20.039608	21.343025	22.648586	23.958742	25.276237	26.604162	27.945896	29.305166	30.685997	32.092758	33.530136	35.003174	36.517216	38.077976	39.691490	41.364128	43.102562	44.913765	46.804947	48.783493	50.856911	53.032669	55.318077	57.720062	60.244942	62.898094	65.683609	68.603905	71.659225	74.847282	78.162720	81.596848	85.137405	88.768539	92.471062	96.222923	
1.279241	2.557548	3.834022	5.107831	6.378244	7.644663	8.906647	10.163940	11.416500	12.664502	13.908381	15.148818	16.386780	17.623497	18.860512	20.099644	21.343025	22.593092	23.852600	25.124613	26.412535	27.720093	29.051365	30.410778	31.803127	33.233582	34.707703	36.231449	37.811188	39.453705	41.166183	42.956226	44.831791	46.801163	48.872879	51.055603	53.357994	55.788486	58.355003	61.064629	63.923157	66.934608	70.100662	73.419998	76.887787	80.495049	84.228363	88.069710	91.996689	95.983109	
1.194331	2.387944	3.580148	4.770316	5.957910	7.142509	8.323833	9.501778	10.676414	11.848035	13.017147	14.184506	15.351112	16.518242	17.687431	18.860512	20.039608	21.227142	22.425848	23.638790	24.869354	26.121288	27.398685	28.706039	30.048229	31.430550	32.858749	34.339039	35.878109	37.483162	39.161911	40.922611	42.774017	44.725376	46.786385	48.967052	51.277611	53.728249	56.328880	59.088692	62.015709	65.116135	68.393646	71.848587	75.477081	79.270317	83.213791	87.287140	91.464127	95.713470	
1.110741	2.220943	3.330099	4.437749	5.543522	6.647142	7.748475	8.847525	9.944477	11.039701	12.133780	13.227508	14.321929	15.418322	16.518242	17.623501	18.736204	19.858753	20.993858	22.144550	23.314209	24.506557	25.725723	26.976210	28.262974	29.591423	30.967464	32.397530	33.888622	35.448345	37.084942	38.807316	40.625057	42.548450	44.588406	46.756458	49.064594	51.525089	54.150185	56.951721	59.940533	63.125748	66.513870	70.107712	73.905228	77.898300	82.071777	86.402710	90.860435	95.407227	
1.028257	2.056129	3.083255	4.109322	5.134090	6.157415	7.179266	8.199755	9.219143	10.237872	11.256568	12.276069	13.297424	14.321929	15.351114	16.386780	17.430996	18.486126	19.554834	20.640116	21.745304	22.874107	24.030619	25.219370	26.445335	27.714016	29.031427	30.404205	31.839613	33.345631	34.930992	36.605247	38.378822	40.263027	42.270123	44.413231	46.706329	49.164024	51.801357	54.633331	57.674355	60.937378	64.432793	68.167084	72.141159	76.348740	80.774544	85.393234	90.168839	95.055573	
0.946698	1.893137	2.839078	3.784327	4.728756	5.672319	6.615081	7.557226	8.499081	9.441133	10.384048	11.328672	12.276068	13.227509	14.184506	15.148820	16.122475	17.107775	18.107327	19.124058	20.161243	21.222530	22.311972	23.434063	24.593788	25.796663	27.048796	28.356947	29.728603	31.172047	32.696461	34.311989	36.029839	37.862381	39.823174	41.927074	44.190151	46.629669	49.263824	52.111439	55.191292	58.521271	62.117039	65.990326	70.146828	74.583603	79.286629	84.228470	89.367188	94.646790	
0.865904	1.731651	2.597101	3.462156	4.326775	5.190995	6.054946	6.918872	7.783146	8.648285	9.514968	10.384047	11.256569	12.133778	13.017147	13.908381	14.809437	15.722543	16.650225	17.595318	18.561008	19.550854	20.568823	21.619343	22.707342	23.838306	25.018372	26.254351	27.553873	28.925455	30.378616	31.924019	33.573582	35.340630	37.240036	39.288338	41.503841	43.906609	46.518433	49.362495	52.462906	55.843742	59.527668	63.533867	67.875198	72.554771	77.561890	82.868347	88.425667	94.164886	
0.785738	1.571399	2.356923	3.142283	3.927511	4.712698	5.498030	6.283786	7.070369	7.858310	8.648285	9.441134	10.237871	11.039701	11.848034	12.664503	13.490978	14.329597	15.182766	16.053213	16.943996	17.858545	18.800707	19.774784	20.785597	21.838543	22.939678	24.095812	25.314598	26.604675	27.975796	29.438980	31.006725	32.693195	34.514416	36.488564	38.636108	40.980057	43.545990	46.362053	49.458534	52.867184	56.619698	60.745476	65.268135	70.200691	75.539719	81.258797	87.303177	93.587585	
0.706083	1.412150	2.118200	2.824264	3.530418	4.236803	4.943629	5.651207	6.359943	7.070369	7.783146	8.499081	9.219144	9.944475	10.676415	11.416498	12.166495	12.928413	13.704535	14.497434	15.310011	16.145531	17.007664	17.900537	18.828793	19.797657	20.813040	21.881615	23.010958	24.209677	25.487587	26.855911	28.327507	29.917137	31.641804	33.521042	35.577377	37.836601	40.328224	43.085625	46.146126	49.550488	53.341820	57.563202	62.253719	67.442322	73.139206	79.325256	85.941528	92.882729	
0.626838	1.253705	1.880641	2.507716	3.135041	3.762778	4.391161	5.020502	5.651206	6.283786	6.918871	7.557226	8.199754	8.847525	9.501776	10.163940	10.835654	11.518785	12.215449	12.928043	13.659274	14.412194	15.190248	15.997325	16.837818	17.716702	18.639629	19.613029	20.644247	21.741693	22.915060	24.175520	25.536026	27.011658	28.619987	30.381615	32.320652	34.465408	36.849022	39.510174	42.493576	45.850250	49.636963	53.914482	58.743561	64.177643	70.251106	76.962662	84.255775	92.002197	
0.547920	1.095898	1.644002	2.192325	2.740996	3.290191	3.840144	4.391161	4.943629	5.498029	6.054945	6.615081	7.179266	7.748473	8.323834	8.906647	9.498402	10.100796	10.715757	11.345472	11.992413	12.659376	13.349530	14.066462	14.814240	15.597498	16.421520	17.292356	18.216965	19.203381	20.260914	21.400425	22.634632	23.978497	25.449739	27.069403	28.862637	30.859524	33.096222	35.616104	38.471138	41.723026	45.444061	49.716644	54.630508	60.275341	66.726326	74.019600	82.117416	90.870644	
0.469259	0.938590	1.408079	1.877827	2.347971	2.818683	3.290191	3.762778	4.236802	4.712698	5.190994	5.672319	6.157413	6.647143	7.142508	7.644664	8.154927	8.674809	9.206014	9.750490	10.310440	10.888360	11.487087	12.109842	12.760297	13.442643	14.161692	14.922972	15.732887	16.598873	17.529627	18.535362	19.628159	20.822407	22.135336	23.587738	25.204849	27.017532	29.063684	31.390129	34.054794	37.129372	40.702030	44.879696	49.788330	55.568451	62.360538	70.272919	79.324280	89.363281	
0.390794	0.781666	1.172703	1.564008	1.955710	2.347971	2.740996	3.135041	3.530417	3.927510	4.326775	4.728755	5.134089	5.543520	5.957910	6.378244	6.805657	7.241441	7.687065	8.144198	8.614743	9.100853	9.604981	10.129926	10.678881	11.255510	11.864033	12.509327	13.197060	13.933865	14.727536	15.587313	16.524212	17.551476	18.685162	19.944891	21.354877	22.945246	24.753860	26.828699	29.231108	32.039967	35.357101	39.313614	44.076290	49.850929	56.875534	65.388084	75.544052	87.258476	
0.312479	0.625031	0.937737	1.250692	1.564008	1.877827	2.192325	2.507716	2.824264	3.142283	3.462156	3.784327	4.109321	4.437749	4.770315	5.107831	5.451221	5.801547	6.160012	6.527992	6.907044	7.298947	7.705725	8.129691	8.573499	9.040194	9.533302	10.056910	10.615792	11.215560	11.862847	12.565568	13.333224	14.177347	15.112042	16.154768	17.327343	18.657394	20.180309	21.942051	24.003120	26.444254	29.374554	32.942951	37.353622	42.884590	49.903496	58.860523	70.205826	84.126785	
0.234272	0.468607	0.703069	0.937737	1.172703	1.408079	1.644002	1.880641	2.118199	2.356922	2.597100	2.839077	3.083254	3.330098	3.580148	3.834021	4.092428	4.356177	4.626192	4.903521	5.189363	5.485078	5.792226	6.112588	6.448210	6.801450	7.175043	7.572170	7.996559	8.452610	8.945549	9.481640	10.068453	10.715234	11.433394	12.237179	13.144615	14.178827	15.369953	16.757950	18.396801	20.360950	22.755331	25.731258	29.511745	34.431206	40.994080	49.945232	62.292328	79.043015	
0.156142	0.312328	0.468607	0.625031	0.781666	0.938590	1.095898	1.253705	1.412150	1.571399	1.731650	1.893137	2.056129	2.220943	2.387944	2.557548	2.730234	2.906551	3.087121	3.272656	3.463964	3.661972	3.867734	4.082462	4.307549	4.544602	4.795490	5.062391	5.347865	5.654939	5.987224	6.349064	6.745730	7.183696	7.670997	8.217741	8.836824	9.544968	10.364248	11.324414	12.466494	13.848603	15.555626	17.715961	20.531708	24.335094	29.696934	37.634422	49.975502	69.753067	
0.078060	0.156142	0.234272	0.312479	0.390794	0.469259	0.547920	0.626838	0.706083	0.785738	0.865904	0.946698	1.028257	1.110741	1.194331	1.279241	1.365710	1.454014	1.544469	1.637432	1.733313	1.832577	1.935760	2.043474	2.156424	2.275424	2.401423	2.535527	2.679040	2.833505	3.000766	3.183048	3.383058	3.604129	3.850416	4.127168	4.441118	4.801055	5.218676	5.709910	6.297027	7.012138	7.903323	9.045887	10.564577	12.680988	15.824508	20.920296	30.222391	49.993851	
