25.000195	25.000385	25.000576	25.000765	25.000950	25.001133	25.001310	25.001484	25.001652	25.001812	25.001968	25.002113	25.002253	25.002382	25.002506	25.002615	25.002718	25.002808	25.002888	25.002960	25.003017	25.003063	25.003099	25.003124	25.003136	25.003136	25.003124	25.003101	25.003067	25.003017	25.002960	25.002890	25.002810	25.002720	25.002615	25.002504	25.002384	25.002254	25.002113	25.001966	25.001814	25.001652	25.001484	25.001312	25.001135	25.000950	25.000767	25.000578	25.000385	25.000195	
25.000387	25.000769	25.001148	25.001530	25.001898	25.002262	25.002615	25.002962	25.003296	25.003620	25.003925	25.004219	25.004498	25.004757	25.004997	25.005222	25.005424	25.005606	25.005768	25.005905	25.006023	25.006119	25.006187	25.006235	25.006260	25.006260	25.006239	25.006191	25.006119	25.006025	25.005909	25.005768	25.005608	25.005424	25.005222	25.004997	25.004757	25.004498	25.004219	25.003927	25.003618	25.003296	25.002964	25.002621	25.002262	25.001902	25.001530	25.001152	25.000771	25.000385	
25.000576	25.001152	25.001720	25.002283	25.002838	25.003380	25.003914	25.004427	25.004929	25.005409	25.005873	25.006310	25.006723	25.007114	25.007475	25.007807	25.008112	25.008385	25.008625	25.008833	25.009007	25.009148	25.009254	25.009327	25.009359	25.009363	25.009327	25.009254	25.009150	25.009007	25.008831	25.008625	25.008383	25.008114	25.007805	25.007475	25.007113	25.006725	25.006310	25.005871	25.005409	25.004930	25.004433	25.003914	25.003386	25.002840	25.002287	25.001722	25.001152	25.000576	
25.000767	25.001526	25.002283	25.003031	25.003769	25.004490	25.005194	25.005878	25.006542	25.007183	25.007793	25.008377	25.008926	25.009441	25.009922	25.010365	25.010769	25.011131	25.011448	25.011723	25.011957	25.012144	25.012285	25.012379	25.012428	25.012424	25.012383	25.012283	25.012146	25.011955	25.011726	25.011448	25.011131	25.010767	25.010365	25.009918	25.009441	25.008924	25.008373	25.007793	25.007183	25.006542	25.005882	25.005199	25.004492	25.003769	25.003033	25.002287	25.001526	25.000767	
25.000950	25.001896	25.002838	25.003767	25.004683	25.005581	25.006458	25.007309	25.008133	25.008926	25.009686	25.010410	25.011093	25.011734	25.012333	25.012882	25.013382	25.013832	25.014229	25.014572	25.014860	25.015093	25.015266	25.015385	25.015444	25.015446	25.015385	25.015270	25.015095	25.014862	25.014572	25.014231	25.013830	25.013382	25.012878	25.012331	25.011730	25.011093	25.010408	25.009686	25.008926	25.008133	25.007309	25.006458	25.005583	25.004684	25.003771	25.002838	25.001900	25.000952	
25.001133	25.002260	25.003384	25.004488	25.005579	25.006649	25.007694	25.008711	25.009689	25.010635	25.011541	25.012403	25.013218	25.013985	25.014694	25.015348	25.015945	25.016479	25.016956	25.017365	25.017708	25.017984	25.018192	25.018333	25.018404	25.018402	25.018333	25.018194	25.017986	25.017708	25.017365	25.016956	25.016483	25.015945	25.015350	25.014692	25.013981	25.013218	25.012402	25.011541	25.010637	25.009691	25.008709	25.007698	25.006651	25.005583	25.004490	25.003384	25.002262	25.001135	
25.001308	25.002617	25.003912	25.005196	25.006454	25.007694	25.008904	25.010075	25.011215	25.012306	25.013355	25.014351	25.015293	25.016178	25.016998	25.017759	25.018448	25.019070	25.019615	25.020092	25.020489	25.020809	25.021049	25.021212	25.021294	25.021294	25.021214	25.021051	25.020811	25.020489	25.020092	25.019617	25.019070	25.018450	25.017757	25.016998	25.016176	25.015293	25.014351	25.013353	25.012306	25.011215	25.010078	25.008904	25.007696	25.006458	25.005198	25.003914	25.002621	25.001312	
25.001484	25.002960	25.004429	25.005878	25.007309	25.008709	25.010077	25.011408	25.012691	25.013931	25.015114	25.016245	25.017311	25.018311	25.019241	25.020100	25.020882	25.021584	25.022205	25.022743	25.023191	25.023554	25.023827	25.024010	25.024099	25.024101	25.024010	25.023827	25.023556	25.023193	25.022743	25.022205	25.021587	25.020882	25.020102	25.019241	25.018311	25.017309	25.016243	25.015114	25.013929	25.012691	25.011410	25.010078	25.008709	25.007309	25.005880	25.004433	25.002964	25.001486	
25.001648	25.003296	25.004927	25.006544	25.008133	25.009689	25.011213	25.012693	25.014126	25.015499	25.016821	25.018074	25.019264	25.020376	25.021410	25.022369	25.023235	25.024019	25.024708	25.025305	25.025806	25.026211	25.026512	25.026714	25.026817	25.026817	25.026714	25.026512	25.026209	25.025806	25.025307	25.024712	25.024017	25.023237	25.022367	25.021412	25.020374	25.019260	25.018074	25.016819	25.015501	25.014124	25.012693	25.011215	25.009693	25.008133	25.006546	25.004929	25.003298	25.001652	
25.001812	25.003616	25.005411	25.007183	25.008926	25.010637	25.012306	25.013931	25.015499	25.017014	25.018459	25.019840	25.021141	25.022362	25.023500	25.024548	25.025505	25.026360	25.027119	25.027771	25.028324	25.028765	25.029099	25.029320	25.029432	25.029434	25.029322	25.029099	25.028767	25.028322	25.027775	25.027119	25.026361	25.025505	25.024548	25.023499	25.022362	25.021139	25.019836	25.018459	25.017014	25.015503	25.013931	25.012308	25.010635	25.008926	25.007183	25.005411	25.003620	25.001812	
25.001968	25.003925	25.005871	25.007793	25.009687	25.011543	25.013355	25.015114	25.016819	25.018459	25.020033	25.021526	25.022942	25.024265	25.025497	25.026638	25.027672	25.028603	25.029425	25.030136	25.030731	25.031212	25.031574	25.031816	25.031937	25.031937	25.031815	25.031574	25.031212	25.030735	25.030136	25.029427	25.028605	25.027672	25.026634	25.025497	25.024263	25.022938	25.021524	25.020031	25.018459	25.016821	25.015118	25.013355	25.011543	25.009686	25.007793	25.005871	25.003925	25.001968	
25.002113	25.004219	25.006310	25.008375	25.010408	25.012402	25.014351	25.016243	25.018074	25.019836	25.021526	25.023130	25.024651	25.026075	25.027401	25.028624	25.029736	25.030735	25.031622	25.032385	25.033024	25.033539	25.033928	25.034189	25.034321	25.034321	25.034191	25.033930	25.033543	25.033026	25.032383	25.031620	25.030737	25.029737	25.028622	25.027401	25.026073	25.024651	25.023130	25.021524	25.019840	25.018076	25.016243	25.014351	25.012403	25.010410	25.008377	25.006310	25.004219	25.002113	
25.002254	25.004498	25.006723	25.008926	25.011093	25.013218	25.015293	25.017311	25.019260	25.021141	25.022938	25.024651	25.026268	25.027786	25.029198	25.030502	25.031687	25.032755	25.033695	25.034512	25.035191	25.035742	25.036156	25.036434	25.036572	25.036572	25.036434	25.036156	25.035744	25.035194	25.034510	25.033695	25.032755	25.031689	25.030502	25.029200	25.027784	25.026268	25.024649	25.022938	25.021141	25.019264	25.017311	25.015293	25.013218	25.011093	25.008924	25.006725	25.004498	25.002254	
25.002384	25.004757	25.007114	25.009441	25.011734	25.013981	25.016178	25.018311	25.020374	25.022362	25.024265	25.026075	25.027786	25.029392	25.030888	25.032265	25.033520	25.034645	25.035645	25.036503	25.037228	25.037807	25.038246	25.038540	25.038685	25.038685	25.038540	25.038246	25.037809	25.037228	25.036507	25.035645	25.034645	25.033520	25.032265	25.030888	25.029392	25.027786	25.026073	25.024261	25.022364	25.020374	25.018311	25.016178	25.013983	25.011734	25.009441	25.007113	25.004757	25.002384	
25.002502	25.005001	25.007475	25.009922	25.012329	25.014694	25.017000	25.019241	25.021410	25.023499	25.025497	25.027401	25.029198	25.030888	25.032455	25.033905	25.035221	25.036409	25.037453	25.038361	25.039120	25.039730	25.040192	25.040497	25.040653	25.040653	25.040499	25.040192	25.039730	25.039120	25.038363	25.037455	25.036407	25.035225	25.033905	25.032457	25.030888	25.029198	25.027399	25.025499	25.023499	25.021412	25.019241	25.017002	25.014694	25.012331	25.009922	25.007473	25.004999	25.002504	
25.002617	25.005222	25.007811	25.010363	25.012882	25.015347	25.017757	25.020098	25.022366	25.024548	25.026636	25.028622	25.030502	25.032263	25.033905	25.035416	25.036797	25.038031	25.039125	25.040070	25.040863	25.041502	25.041981	25.042305	25.042465	25.042465	25.042305	25.041985	25.041504	25.040863	25.040073	25.039127	25.038033	25.036795	25.035416	25.033905	25.032265	25.030502	25.028622	25.026632	25.024548	25.022366	25.020102	25.017757	25.015350	25.012882	25.010363	25.007809	25.005222	25.002617	
25.002716	25.005428	25.008110	25.010769	25.013378	25.015945	25.018446	25.020882	25.023235	25.025503	25.027672	25.029736	25.031685	25.033520	25.035221	25.036795	25.038223	25.039513	25.040648	25.041630	25.042454	25.043118	25.043617	25.043949	25.044117	25.044117	25.043949	25.043617	25.043116	25.042456	25.041630	25.040648	25.039513	25.038227	25.036793	25.035225	25.033520	25.031687	25.029736	25.027672	25.025501	25.023235	25.020882	25.018448	25.015945	25.013382	25.010769	25.008110	25.005426	25.002716	
25.002811	25.005608	25.008385	25.011127	25.013832	25.016479	25.019070	25.021584	25.024017	25.026360	25.028603	25.030735	25.032753	25.034645	25.036407	25.038029	25.039511	25.040840	25.042015	25.043030	25.043880	25.044567	25.045082	25.045429	25.045601	25.045601	25.045429	25.045082	25.044569	25.043882	25.043030	25.042015	25.040842	25.039509	25.038033	25.036409	25.034645	25.032753	25.030735	25.028603	25.026360	25.024017	25.021585	25.019070	25.016483	25.013834	25.011129	25.008385	25.005608	25.002810	
25.002892	25.005770	25.008623	25.011450	25.014229	25.016956	25.019615	25.022205	25.024706	25.027119	25.029423	25.031622	25.033695	25.035645	25.037453	25.039127	25.040648	25.042015	25.043222	25.044266	25.045143	25.045849	25.046381	25.046734	25.046913	25.046911	25.046734	25.046379	25.045849	25.045145	25.044270	25.043224	25.042015	25.040648	25.039125	25.037453	25.035643	25.033695	25.031620	25.029425	25.027115	25.024708	25.022205	25.019615	25.016956	25.014229	25.011452	25.008625	25.005772	25.002890	
25.002960	25.005905	25.008835	25.011723	25.014572	25.017365	25.020090	25.022739	25.025303	25.027771	25.030136	25.032383	25.034512	25.036501	25.038361	25.040070	25.041630	25.043030	25.044266	25.045338	25.046234	25.046957	25.047499	25.047867	25.048044	25.048046	25.047863	25.047501	25.046955	25.046234	25.045336	25.044266	25.043030	25.041628	25.040070	25.038361	25.036503	25.034510	25.032387	25.030134	25.027773	25.025303	25.022739	25.020094	25.017365	25.014576	25.011726	25.008835	25.005909	25.002960	
25.003017	25.006025	25.009007	25.011959	25.014858	25.017708	25.020487	25.023191	25.025805	25.028322	25.030731	25.033024	25.035191	25.037226	25.039116	25.040863	25.042454	25.043880	25.045143	25.046234	25.047150	25.047884	25.048441	25.048809	25.049000	25.048996	25.048813	25.048439	25.047886	25.047150	25.046234	25.045143	25.043880	25.042454	25.040863	25.039120	25.037224	25.035192	25.033024	25.030731	25.028322	25.025806	25.023193	25.020487	25.017712	25.014862	25.011959	25.009010	25.006027	25.003021	
25.003067	25.006119	25.009150	25.012142	25.015095	25.017982	25.020807	25.023552	25.026207	25.028765	25.031212	25.033539	25.035742	25.037806	25.039728	25.041500	25.043114	25.044567	25.045847	25.046955	25.047882	25.048634	25.049196	25.049574	25.049763	25.049763	25.049572	25.049198	25.048634	25.047886	25.046957	25.045849	25.044567	25.043114	25.041500	25.039726	25.037807	25.035740	25.033539	25.031212	25.028763	25.026209	25.023552	25.020811	25.017984	25.015097	25.012146	25.009151	25.006121	25.003067	
25.003098	25.006191	25.009253	25.012285	25.015266	25.018192	25.021049	25.023827	25.026512	25.029099	25.031574	25.033930	25.036156	25.038246	25.040190	25.041981	25.043613	25.045082	25.046379	25.047499	25.048441	25.049194	25.049767	25.050148	25.050341	25.050339	25.050148	25.049767	25.049198	25.048441	25.047501	25.046379	25.045082	25.043615	25.041981	25.040188	25.038242	25.036156	25.033928	25.031572	25.029099	25.026512	25.023827	25.021049	25.018196	25.015270	25.012287	25.009256	25.006191	25.003101	
25.003122	25.006233	25.009327	25.012377	25.015383	25.018330	25.021210	25.024010	25.026714	25.029320	25.031815	25.034187	25.036432	25.038536	25.040497	25.042305	25.043949	25.045427	25.046734	25.047863	25.048809	25.049576	25.050148	25.050533	25.050726	25.050726	25.050533	25.050148	25.049574	25.048813	25.047863	25.046734	25.045429	25.043947	25.042303	25.040497	25.038536	25.036430	25.034189	25.031815	25.029320	25.026716	25.024010	25.021214	25.018333	25.015388	25.012381	25.009327	25.006237	25.003126	
25.003136	25.006258	25.009361	25.012424	25.015442	25.018400	25.021292	25.024101	25.026817	25.029434	25.031937	25.034321	25.036572	25.038685	25.040649	25.042465	25.044117	25.045601	25.046913	25.048046	25.048998	25.049763	25.050339	25.050726	25.050920	25.050919	25.050724	25.050339	25.049763	25.049000	25.048046	25.046913	25.045601	25.044117	25.042465	25.040651	25.038685	25.036572	25.034321	25.031937	25.029434	25.026817	25.024101	25.021294	25.018404	25.015446	25.012428	25.009361	25.006264	25.003138	
25.003136	25.006258	25.009361	25.012424	25.015442	25.018400	25.021292	25.024101	25.026817	25.029434	25.031937	25.034321	25.036572	25.038685	25.040649	25.042465	25.044117	25.045601	25.046913	25.048046	25.048998	25.049763	25.050339	25.050726	25.050920	25.050919	25.050724	25.050339	25.049763	25.049000	25.048046	25.046913	25.045601	25.044117	25.042465	25.040651	25.038685	25.036572	25.034321	25.031937	25.029434	25.026817	25.024101	25.021294	25.018404	25.015446	25.012428	25.009361	25.006264	25.003138	
25.003122	25.006233	25.009327	25.012377	25.015383	25.018330	25.021210	25.024010	25.026714	25.029320	25.031815	25.034187	25.036432	25.038536	25.040497	25.042305	25.043949	25.045427	25.046734	25.047863	25.048809	25.049576	25.050148	25.050533	25.050726	25.050726	25.050533	25.050148	25.049574	25.048813	25.047863	25.046734	25.045429	25.043947	25.042303	25.040497	25.038536	25.036430	25.034189	25.031815	25.029320	25.026716	25.024010	25.021214	25.018333	25.015388	25.012381	25.009327	25.006237	25.003126	
25.003098	25.006191	25.009253	25.012285	25.015266	25.018192	25.021049	25.023827	25.026512	25.029099	25.031574	25.033930	25.036156	25.038246	25.040190	25.041981	25.043613	25.045082	25.046379	25.047499	25.048441	25.049194	25.049767	25.050148	25.050341	25.050339	25.050148	25.049767	25.049198	25.048441	25.047501	25.046379	25.045082	25.043615	25.041981	25.040188	25.038242	25.036156	25.033928	25.031572	25.029099	25.026512	25.023827	25.021049	25.018196	25.015270	25.012287	25.009256	25.006191	25.003101	
25.003067	25.006119	25.009150	25.012142	25.015095	25.017982	25.020807	25.023552	25.026207	25.028765	25.031212	25.033539	25.035742	25.037806	25.039728	25.041500	25.043114	25.044567	25.045847	25.046955	25.047882	25.048634	25.049196	25.049574	25.049763	25.049763	25.049572	25.049198	25.048634	25.047886	25.046957	25.045849	25.044567	25.043114	25.041500	25.039726	25.037807	25.035740	25.033539	25.031212	25.028763	25.026209	25.023552	25.020811	25.017984	25.015097	25.012146	25.009151	25.006121	25.003067	
25.003017	25.006025	25.009007	25.011959	25.014858	25.017708	25.020487	25.023191	25.025805	25.028322	25.030731	25.033024	25.035191	25.037226	25.039116	25.040863	25.042454	25.043880	25.045143	25.046234	25.047150	25.047884	25.048441	25.048809	25.049000	25.048996	25.048813	25.048439	25.047886	25.047150	25.046234	25.045143	25.043880	25.042454	25.040863	25.039120	25.037224	25.035192	25.033024	25.030731	25.028322	25.025806	25.023193	25.020487	25.017712	25.014862	25.011959	25.009010	25.006027	25.003021	
25.002960	25.005905	25.008835	25.011723	25.014572	25.017365	25.020090	25.022739	25.025303	25.027771	25.030136	25.032383	25.034512	25.036501	25.038361	25.040070	25.041630	25.043030	25.044266	25.045338	25.046234	25.046957	25.047499	25.047867	25.048044	25.048046	25.047863	25.047501	25.046955	25.046234	25.045336	25.044266	25.043030	25.041628	25.040070	25.038361	25.036503	25.034510	25.032387	25.030134	25.027773	25.025303	25.022739	25.020094	25.017365	25.014576	25.011726	25.008835	25.005909	25.002960	
25.002892	25.005770	25.008623	25.011450	25.014229	25.016956	25.019615	25.022205	25.024706	25.027119	25.029423	25.031622	25.033695	25.035645	25.037453	25.039127	25.040648	25.042015	25.043222	25.044266	25.045143	25.045849	25.046381	25.046734	25.046913	25.046911	25.046734	25.046379	25.045849	25.045145	25.044270	25.043224	25.042015	25.040648	25.039125	25.037453	25.035643	25.033695	25.031620	25.029425	25.027115	25.024708	25.022205	25.019615	25.016956	25.014229	25.011452	25.008625	25.005772	25.002890	
25.002811	25.005608	25.008385	25.011127	25.013832	25.016479	25.019070	25.021584	25.024017	25.026360	25.028603	25.030735	25.032753	25.034645	25.036407	25.038029	25.039511	25.040840	25.042015	25.043030	25.043880	25.044567	25.045082	25.045429	25.045601	25.045601	25.045429	25.045082	25.044569	25.043882	25.043030	25.042015	25.040842	25.039509	25.038033	25.036409	25.034645	25.032753	25.030735	25.028603	25.026360	25.024017	25.021585	25.019070	25.016483	25.013834	25.011129	25.008385	25.005608	25.002810	
25.002716	25.005428	25.008110	25.010769	25.013378	25.015945	25.018446	25.020882	25.023235	25.025503	25.027672	25.029736	25.031685	25.033520	25.035221	25.036795	25.038223	25.039513	25.040648	25.041630	25.042454	25.043118	25.043617	25.043949	25.044117	25.044117	25.043949	25.043617	25.043116	25.042456	25.041630	25.040648	25.039513	25.038227	25.036793	25.035225	25.033520	25.031687	25.029736	25.027672	25.025501	25.023235	25.020882	25.018448	25.015945	25.013382	25.010769	25.008110	25.005426	25.002716	
25.002617	25.005222	25.007811	25.010363	25.012882	25.015347	25.017757	25.020098	25.022366	25.024548	25.026636	25.028622	25.030502	25.032263	25.033905	25.035416	25.036797	25.038031	25.039125	25.040070	25.040863	25.041502	25.041981	25.042305	25.042465	25.042465	25.042305	25.041985	25.041504	25.040863	25.040073	25.039127	25.038033	25.036795	25.035416	25.033905	25.032265	25.030502	25.028622	25.026632	25.024548	25.022366	25.020102	25.017757	25.015350	25.012882	25.010363	25.007809	25.005222	25.002617	
25.002502	25.005001	25.007475	25.009922	25.012329	25.014694	25.017000	25.019241	25.021410	25.023499	25.025497	25.027401	25.029198	25.030888	25.032455	25.033905	25.035221	25.036409	25.037453	25.038361	25.039120	25.039730	25.040192	25.040497	25.040653	25.040653	25.040499	25.040192	25.039730	25.039120	25.038363	25.037455	25.036407	25.035225	25.033905	25.032457	25.030888	25.029198	25.027399	25.025499	25.023499	25.021412	25.019241	25.017002	25.014694	25.012331	25.009922	25.007473	25.004999	25.002504	
25.002384	25.004757	25.007114	25.009441	25.011734	25.013981	25.016178	25.018311	25.020374	25.022362	25.024265	25.026075	25.027786	25.029392	25.030888	25.032265	25.033520	25.034645	25.035645	25.036503	25.037228	25.037807	25.038246	25.038540	25.038685	25.038685	25.038540	25.038246	25.037809	25.037228	25.036507	25.035645	25.034645	25.033520	25.032265	25.030888	25.029392	25.027786	25.026073	25.024261	25.022364	25.020374	25.018311	25.016178	25.013983	25.011734	25.009441	25.007113	25.004757	25.002384	
25.002254	25.004498	25.006723	25.008926	25.011093	25.013218	25.015293	25.017311	25.019260	25.021141	25.022938	25.024651	25.026268	25.027786	25.029198	25.030502	25.031687	25.032755	25.033695	25.034512	25.035191	25.035742	25.036156	25.036434	25.036572	25.036572	25.036434	25.036156	25.035744	25.035194	25.034510	25.033695	25.032755	25.031689	25.030502	25.029200	25.027784	25.026268	25.024649	25.022938	25.021141	25.019264	25.017311	25.015293	25.013218	25.011093	25.008924	25.006725	25.004498	25.002254	
25.002113	25.004219	25.006310	25.008375	25.010408	25.012402	25.014351	25.016243	25.018074	25.019836	25.021526	25.023130	25.024651	25.026075	25.027401	25.028624	25.029736	25.030735	25.031622	25.032385	25.033024	25.033539	25.033928	25.034189	25.034321	25.034321	25.034191	25.033930	25.033543	25.033026	25.032383	25.031620	25.030737	25.029737	25.028622	25.027401	25.026073	25.024651	25.023130	25.021524	25.019840	25.018076	25.016243	25.014351	25.012403	25.010410	25.008377	25.006310	25.004219	25.002113	
25.001968	25.003925	25.005871	25.007793	25.009687	25.011543	25.013355	25.015114	25.016819	25.018459	25.020033	25.021526	25.022942	25.024265	25.025497	25.026638	25.027672	25.028603	25.029425	25.030136	25.030731	25.031212	25.031574	25.031816	25.031937	25.031937	25.031815	25.031574	25.031212	25.030735	25.030136	25.029427	25.028605	25.027672	25.026634	25.025497	25.024263	25.022938	25.021524	25.020031	25.018459	25.016821	25.015118	25.013355	25.011543	25.009686	25.007793	25.005871	25.003925	25.001968	
25.001812	25.003616	25.005411	25.007183	25.008926	25.010637	25.012306	25.013931	25.015499	25.017014	25.018459	25.019840	25.021141	25.022362	25.023500	25.024548	25.025505	25.026360	25.027119	25.027771	25.028324	25.028765	25.029099	25.029320	25.029432	25.029434	25.029322	25.029099	25.028767	25.028322	25.027775	25.027119	25.026361	25.025505	25.024548	25.023499	25.022362	25.021139	25.019836	25.018459	25.017014	25.015503	25.013931	25.012308	25.010635	25.008926	25.007183	25.005411	25.003620	25.001812	
25.001648	25.003296	25.004927	25.006544	25.008133	25.009689	25.011213	25.012693	25.014126	25.015499	25.016821	25.018074	25.019264	25.020376	25.021410	25.022369	25.023235	25.024019	25.024708	25.025305	25.025806	25.026211	25.026512	25.026714	25.026817	25.026817	25.026714	25.026512	25.026209	25.025806	25.025307	25.024712	25.024017	25.023237	25.022367	25.021412	25.020374	25.019260	25.018074	25.016819	25.015501	25.014124	25.012693	25.011215	25.009693	25.008133	25.006546	25.004929	25.003298	25.001652	
25.001484	25.002960	25.004429	25.005878	25.007309	25.008709	25.010077	25.011408	25.012691	25.013931	25.015114	25.016245	25.017311	25.018311	25.019241	25.020100	25.020882	25.021584	25.022205	25.022743	25.023191	25.023554	25.023827	25.024010	25.024099	25.024101	25.024010	25.023827	25.023556	25.023193	25.022743	25.022205	25.021587	25.020882	25.020102	25.019241	25.018311	25.017309	25.016243	25.015114	25.013929	25.012691	25.011410	25.010078	25.008709	25.007309	25.005880	25.004433	25.002964	25.001486	
25.001308	25.002617	25.003912	25.005196	25.006454	25.007694	25.008904	25.010075	25.011215	25.012306	25.013355	25.014351	25.015293	25.016178	25.016998	25.017759	25.018448	25.019070	25.019615	25.020092	25.020489	25.020809	25.021049	25.021212	25.021294	25.021294	25.021214	25.021051	25.020811	25.020489	25.020092	25.019617	25.019070	25.018450	25.017757	25.016998	25.016176	25.015293	25.014351	25.013353	25.012306	25.011215	25.010078	25.008904	25.007696	25.006458	25.005198	25.003914	25.002621	25.001312	
25.001133	25.002260	25.003384	25.004488	25.005579	25.006649	25.007694	25.008711	25.009689	25.010635	25.011541	25.012403	25.013218	25.013985	25.014694	25.015348	25.015945	25.016479	25.016956	25.017365	25.017708	25.017984	25.018192	25.018333	25.018404	25.018402	25.018333	25.018194	25.017986	25.017708	25.017365	25.016956	25.016483	25.015945	25.015350	25.014692	25.013981	25.013218	25.012402	25.011541	25.010637	25.009691	25.008709	25.007698	25.006651	25.005583	25.004490	25.003384	25.002262	25.001135	
25.000950	25.001896	25.002838	25.003767	25.004683	25.005581	25.006458	25.007309	25.008133	25.008926	25.009686	25.010410	25.011093	25.011734	25.012333	25.012882	25.013382	25.013832	25.014229	25.014572	25.014860	25.015093	25.015266	25.015385	25.015444	25.015446	25.015385	25.015270	25.015095	25.014862	25.014572	25.014231	25.013830	25.013382	25.012878	25.012331	25.011730	25.011093	25.010408	25.009686	25.008926	25.008133	25.007309	25.006458	25.005583	25.004684	25.003771	25.002838	25.001900	25.000952	
25.000767	25.001526	25.002283	25.003031	25.003769	25.004490	25.005194	25.005878	25.006542	25.007183	25.007793	25.008377	25.008926	25.009441	25.009922	25.010365	25.010769	25.011131	25.011448	25.011723	25.011957	25.012144	25.012285	25.012379	25.012428	25.012424	25.012383	25.012283	25.012146	25.011955	25.011726	25.011448	25.011131	25.010767	25.010365	25.009918	25.009441	25.008924	25.008373	25.007793	25.007183	25.006542	25.005882	25.005199	25.004492	25.003769	25.003033	25.002287	25.001526	25.000767	
25.000576	25.001152	25.001720	25.002283	25.002838	25.003380	25.003914	25.004427	25.004929	25.005409	25.005873	25.006310	25.006723	25.007114	25.007475	25.007807	25.008112	25.008385	25.008625	25.008833	25.009007	25.009148	25.009254	25.009327	25.009359	25.009363	25.009327	25.009254	25.009150	25.009007	25.008831	25.008625	25.008383	25.008114	25.007805	25.007475	25.007113	25.006725	25.006310	25.005871	25.005409	25.004930	25.004433	25.003914	25.003386	25.002840	25.002287	25.001722	25.001152	25.000576	
25.000387	25.000769	25.001148	25.001530	25.001898	25.002262	25.002615	25.002962	25.003296	25.003620	25.003925	25.004219	25.004498	25.004757	25.004997	25.005222	25.005424	25.005606	25.005768	25.005905	25.006023	25.006119	25.006187	25.006235	25.006260	25.006260	25.006239	25.006191	25.006119	25.006025	25.005909	25.005768	25.005608	25.005424	25.005222	25.004997	25.004757	25.004498	25.004219	25.003927	25.003618	25.003296	25.002964	25.002621	25.002262	25.001902	25.001530	25.001152	25.000771	25.000385	
25.000195	25.000385	25.000576	25.000765	25.000950	25.001133	25.001310	25.001484	25.001652	25.001812	25.001968	25.002113	25.002253	25.002382	25.002506	25.002615	25.002718	25.002808	25.002888	25.002960	25.003017	25.003063	25.003099	25.003124	25.003136	25.003136	25.003124	25.003101	25.003067	25.003017	25.002960	25.002890	25.002810	25.002720	25.002615	25.002504	25.002384	25.002254	25.002113	25.001966	25.001814	25.001652	25.001484	25.001312	25.001135	25.000950	25.000767	25.000578	25.000385	25.000195	
