25.003006	25.006001	25.008972	25.011909	25.014801	25.017637	25.020409	25.023098	25.025705	25.028212	25.030613	25.032898	25.035057	25.037083	25.038969	25.040709	25.042292	25.043716	25.044973	25.046059	25.046972	25.047707	25.048260	25.048630	25.048813	25.048815	25.048630	25.048262	25.047707	25.046974	25.046061	25.044975	25.043716	25.042294	25.040707	25.038971	25.037083	25.035057	25.032896	25.030613	25.028214	25.025703	25.023098	25.020409	25.017637	25.014801	25.011909	25.008972	25.006001	25.003006	
25.006001	25.011978	25.017910	25.023773	25.029545	25.035210	25.040735	25.046112	25.051311	25.056318	25.061108	25.065670	25.069979	25.074028	25.077793	25.081261	25.084423	25.087265	25.089775	25.091946	25.093769	25.095232	25.096336	25.097076	25.097446	25.097445	25.097076	25.096336	25.095236	25.093769	25.091949	25.089777	25.087269	25.084423	25.081264	25.077791	25.074028	25.069981	25.065668	25.061108	25.056316	25.051310	25.046112	25.040737	25.035210	25.029545	25.023775	25.017908	25.011978	25.006001	
25.008972	25.017910	25.026779	25.035545	25.044182	25.052645	25.060913	25.068947	25.076725	25.084206	25.091373	25.098190	25.104639	25.110687	25.116318	25.121508	25.126236	25.130486	25.134241	25.137486	25.140209	25.142401	25.144051	25.145153	25.145706	25.145708	25.145153	25.144051	25.142399	25.140211	25.137486	25.134243	25.130484	25.126240	25.121506	25.116322	25.110689	25.104641	25.098190	25.091373	25.084208	25.076725	25.068947	25.060913	25.052647	25.044182	25.035545	25.026779	25.017910	25.008972	
25.011909	25.023773	25.035545	25.047188	25.058645	25.069883	25.080856	25.091526	25.101845	25.111782	25.121288	25.130341	25.138899	25.146933	25.154406	25.161297	25.167568	25.173212	25.178196	25.182503	25.186117	25.189028	25.191219	25.192684	25.193419	25.193415	25.192684	25.191217	25.189030	25.186117	25.182505	25.178194	25.173214	25.167568	25.161297	25.154404	25.146935	25.138901	25.130342	25.121292	25.111782	25.101843	25.091526	25.080856	25.069885	25.058643	25.047188	25.035545	25.023775	25.011909	
25.014801	25.029549	25.044182	25.058645	25.072889	25.086855	25.100494	25.113750	25.126583	25.138927	25.150751	25.162001	25.172638	25.182617	25.191910	25.200470	25.208271	25.215281	25.221478	25.226830	25.231323	25.234936	25.237661	25.239483	25.240391	25.240396	25.239479	25.237659	25.234936	25.231325	25.226830	25.221478	25.215279	25.208273	25.200468	25.191912	25.182617	25.172638	25.162001	25.150753	25.138927	25.126583	25.113752	25.100498	25.086857	25.072891	25.058641	25.044182	25.029545	25.014801	
25.017639	25.035210	25.052645	25.069883	25.086857	25.103500	25.119751	25.135555	25.150837	25.165554	25.179638	25.193047	25.205717	25.217615	25.228683	25.238888	25.248180	25.256536	25.263914	25.270298	25.275648	25.279957	25.283203	25.285374	25.286461	25.286459	25.285374	25.283203	25.279959	25.275650	25.270298	25.263914	25.256538	25.248180	25.238888	25.228682	25.217617	25.205717	25.193047	25.179638	25.165554	25.150839	25.135555	25.119751	25.103504	25.086855	25.069885	25.052643	25.035210	25.017637	
25.020409	25.040735	25.060913	25.080854	25.100494	25.119751	25.138557	25.156837	25.174526	25.191545	25.207848	25.223354	25.238022	25.251781	25.264593	25.276394	25.287151	25.296818	25.305357	25.312737	25.318933	25.323917	25.327673	25.330185	25.331442	25.331444	25.330183	25.327675	25.323919	25.318935	25.312740	25.305361	25.296816	25.287155	25.276394	25.264597	25.251781	25.238026	25.223354	25.207848	25.191547	25.174526	25.156837	25.138559	25.119753	25.100494	25.080856	25.060913	25.040737	25.020409	
25.023098	25.046112	25.068943	25.091524	25.113750	25.135551	25.156836	25.177528	25.197544	25.216820	25.235264	25.252825	25.269421	25.285000	25.299496	25.312860	25.325031	25.335976	25.345640	25.353998	25.361008	25.366653	25.370899	25.373745	25.375168	25.375168	25.373745	25.370901	25.366653	25.361010	25.354000	25.345640	25.335979	25.325031	25.312864	25.299496	25.285007	25.269421	25.252827	25.235264	25.216820	25.197546	25.177528	25.156837	25.135551	25.113752	25.091522	25.068947	25.046112	25.023098	
25.025703	25.051308	25.076725	25.101841	25.126579	25.150833	25.174522	25.197544	25.219822	25.241264	25.261797	25.281330	25.299805	25.317135	25.333271	25.348133	25.361687	25.373857	25.384617	25.393913	25.401718	25.407993	25.412725	25.415888	25.417473	25.417473	25.415890	25.412727	25.407997	25.401720	25.393913	25.384621	25.373856	25.361689	25.348135	25.333275	25.317135	25.299807	25.281330	25.261799	25.241264	25.219826	25.197548	25.174522	25.150837	25.126579	25.101843	25.076721	25.051310	25.025703	
25.028210	25.056316	25.084202	25.111780	25.138924	25.165550	25.191544	25.216816	25.241264	25.264801	25.287331	25.308775	25.329044	25.348072	25.365776	25.382097	25.396961	25.410328	25.422132	25.432341	25.440901	25.447792	25.452982	25.456457	25.458195	25.458195	25.456459	25.452984	25.447796	25.440903	25.432343	25.422131	25.410332	25.396963	25.382099	25.365776	25.348080	25.329044	25.308779	25.287331	25.264805	25.241264	25.216816	25.191545	25.165550	25.138927	25.111778	25.084206	25.056313	25.028210	
25.030613	25.061104	25.091372	25.121284	25.150749	25.179634	25.207844	25.235260	25.261793	25.287329	25.311779	25.335043	25.357044	25.377686	25.396902	25.414602	25.430740	25.445240	25.458054	25.469124	25.478418	25.485893	25.491528	25.495293	25.497181	25.497183	25.495293	25.491528	25.485893	25.478420	25.469124	25.458055	25.445238	25.430744	25.414604	25.396906	25.377687	25.357050	25.335045	25.311783	25.287329	25.261795	25.235264	25.207844	25.179634	25.150749	25.121288	25.091370	25.061108	25.030611	
25.032896	25.065666	25.098186	25.130341	25.161995	25.193041	25.223351	25.252819	25.281326	25.308773	25.335045	25.360050	25.383684	25.405874	25.426514	25.445549	25.462879	25.478468	25.492231	25.504135	25.514118	25.522154	25.528204	25.532253	25.534283	25.534283	25.532257	25.528206	25.522156	25.514116	25.504135	25.492229	25.478470	25.462881	25.445549	25.426517	25.405878	25.383686	25.360052	25.335045	25.308777	25.281330	25.252821	25.223352	25.193043	25.161999	25.130341	25.098190	25.065666	25.032894	
25.035055	25.069977	25.104635	25.138895	25.172634	25.205711	25.238018	25.269417	25.299801	25.329042	25.357044	25.383684	25.408880	25.432514	25.454521	25.474792	25.493275	25.509876	25.524551	25.537228	25.547871	25.556431	25.562883	25.567196	25.569359	25.569359	25.567196	25.562885	25.556431	25.547873	25.537228	25.524551	25.509876	25.493275	25.474796	25.454525	25.432518	25.408882	25.383686	25.357046	25.329044	25.299801	25.269417	25.238018	25.205715	25.172634	25.138897	25.104637	25.069981	25.035057	
25.037081	25.074024	25.110683	25.146929	25.182611	25.217609	25.251778	25.284996	25.317129	25.348068	25.377682	25.405872	25.432514	25.457525	25.480791	25.502247	25.521786	25.539358	25.554874	25.568291	25.579544	25.588604	25.595425	25.599991	25.602276	25.602276	25.599991	25.595427	25.588604	25.579544	25.568291	25.554874	25.539360	25.521790	25.502249	25.480797	25.457529	25.432516	25.405872	25.377682	25.348072	25.317131	25.284996	25.251778	25.217607	25.182615	25.146927	25.110687	25.074024	25.037083	
25.038967	25.077785	25.116314	25.154400	25.191902	25.228674	25.264584	25.299488	25.333263	25.365768	25.396896	25.426510	25.454517	25.480793	25.505253	25.527788	25.548332	25.566788	25.583099	25.597191	25.609024	25.618540	25.625713	25.630505	25.632912	25.632910	25.630507	25.625713	25.618542	25.609024	25.597193	25.583103	25.566788	25.548334	25.527792	25.505257	25.480797	25.454517	25.426514	25.396898	25.365768	25.333267	25.299488	25.264584	25.228676	25.191902	25.154402	25.116314	25.077789	25.038967	
25.040705	25.081257	25.121502	25.161287	25.200460	25.238876	25.276386	25.312853	25.348125	25.382090	25.414595	25.445539	25.474785	25.502243	25.527786	25.551338	25.572788	25.592073	25.609108	25.623837	25.636190	25.646135	25.653622	25.658634	25.661140	25.661144	25.658634	25.653624	25.646137	25.636189	25.623835	25.609108	25.592075	25.572792	25.551338	25.527790	25.502247	25.474792	25.445541	25.414598	25.382092	25.348125	25.312851	25.276386	25.238878	25.200462	25.161289	25.121504	25.081257	25.040707	
25.042290	25.084419	25.126228	25.167562	25.208261	25.248169	25.287140	25.325022	25.361675	25.396954	25.430731	25.462872	25.493267	25.521782	25.548326	25.572786	25.595079	25.615110	25.632811	25.648106	25.660946	25.671274	25.679058	25.684259	25.686871	25.686869	25.684261	25.679060	25.671276	25.660946	25.648108	25.632811	25.615108	25.595081	25.572790	25.548330	25.521786	25.493271	25.462875	25.430735	25.396954	25.361675	25.325024	25.287142	25.248171	25.208263	25.167564	25.126230	25.084419	25.042290	
25.043713	25.087261	25.130478	25.173203	25.215271	25.256525	25.296804	25.335964	25.373846	25.410316	25.445227	25.478458	25.509865	25.539351	25.566782	25.592070	25.615108	25.635818	25.654108	25.669922	25.683193	25.693871	25.701912	25.707294	25.709988	25.709988	25.707294	25.701914	25.693872	25.683193	25.669926	25.654110	25.635818	25.615108	25.592072	25.566784	25.539352	25.509869	25.478458	25.445230	25.410320	25.373848	25.335966	25.296806	25.256527	25.215271	25.173204	25.130478	25.087261	25.043713	
25.044971	25.089771	25.134232	25.178186	25.221466	25.263905	25.305344	25.345627	25.384605	25.422119	25.458040	25.492218	25.524540	25.554863	25.583092	25.609100	25.632809	25.654106	25.672930	25.689196	25.702850	25.713833	25.722109	25.727642	25.730415	25.730415	25.727642	25.722111	25.713833	25.702850	25.689198	25.672932	25.654106	25.632809	25.609102	25.583092	25.554867	25.524544	25.492222	25.458042	25.422119	25.384605	25.345629	25.305347	25.263905	25.221466	25.178188	25.134235	25.089771	25.044971	
25.046059	25.091942	25.137478	25.182493	25.226818	25.270287	25.312725	25.353985	25.393900	25.432327	25.469109	25.504120	25.537212	25.568277	25.597181	25.623825	25.648102	25.669920	25.689194	25.705856	25.719835	25.731087	25.739563	25.745232	25.748070	25.748070	25.745232	25.739563	25.731091	25.719837	25.705856	25.689194	25.669922	25.648102	25.623829	25.597185	25.568283	25.537216	25.504124	25.469112	25.432327	25.393902	25.353985	25.312727	25.270287	25.226818	25.182495	25.137478	25.091942	25.046059	
25.046970	25.093765	25.140202	25.186108	25.231310	25.275637	25.318920	25.360994	25.401703	25.440887	25.478401	25.514101	25.547857	25.579531	25.609013	25.636179	25.660938	25.683186	25.702847	25.719833	25.734095	25.745567	25.754213	25.759989	25.762890	25.762888	25.759991	25.754211	25.745567	25.734097	25.719837	25.702847	25.683187	25.660942	25.636181	25.609016	25.579535	25.547861	25.514107	25.478405	25.440889	25.401705	25.360996	25.318922	25.275639	25.231312	25.186111	25.140203	25.093763	25.046970	
25.047703	25.095228	25.142391	25.189014	25.234924	25.279945	25.323904	25.366634	25.407978	25.447777	25.485878	25.522137	25.556416	25.588589	25.618526	25.646122	25.671265	25.693865	25.713825	25.731085	25.745565	25.757219	25.765995	25.771870	25.774809	25.774811	25.771870	25.765999	25.757219	25.745565	25.731087	25.713829	25.693867	25.671268	25.646126	25.618530	25.588593	25.556419	25.522141	25.485880	25.447781	25.407982	25.366640	25.323908	25.279947	25.234928	25.189018	25.142395	25.095232	25.047705	
25.048256	25.096333	25.144043	25.191208	25.237648	25.283188	25.327658	25.370884	25.412708	25.452969	25.491508	25.528191	25.562866	25.595411	25.625700	25.653610	25.679047	25.701906	25.722103	25.739559	25.754208	25.765995	25.774878	25.780815	25.783791	25.783791	25.780815	25.774876	25.765995	25.754210	25.739559	25.722107	25.701906	25.679050	25.653614	25.625702	25.595413	25.562872	25.528193	25.491512	25.452972	25.412712	25.370890	25.327662	25.283192	25.237650	25.191210	25.144045	25.096333	25.048260	
25.048626	25.097071	25.145145	25.192673	25.239468	25.285358	25.330166	25.373726	25.415871	25.456436	25.495277	25.532238	25.567181	25.599976	25.630495	25.658623	25.684250	25.707283	25.727634	25.745226	25.759987	25.771866	25.780815	25.786798	25.789797	25.789799	25.786800	25.780815	25.771866	25.759989	25.745228	25.727638	25.707289	25.684252	25.658623	25.630497	25.599977	25.567184	25.532238	25.495281	25.456442	25.415876	25.373734	25.330173	25.285362	25.239471	25.192675	25.145149	25.097073	25.048626	
25.048813	25.097443	25.145699	25.193407	25.240379	25.286446	25.331427	25.375149	25.417454	25.458176	25.497162	25.534264	25.569342	25.602261	25.632896	25.661131	25.686857	25.709980	25.730408	25.748066	25.762886	25.774807	25.783789	25.789795	25.792805	25.792807	25.789799	25.783791	25.774807	25.762884	25.748066	25.730412	25.709982	25.686861	25.661133	25.632898	25.602264	25.569344	25.534267	25.497168	25.458181	25.417459	25.375156	25.331430	25.286451	25.240385	25.193409	25.145700	25.097441	25.048813	
25.048813	25.097443	25.145699	25.193407	25.240379	25.286446	25.331427	25.375149	25.417454	25.458176	25.497162	25.534264	25.569342	25.602261	25.632896	25.661131	25.686857	25.709980	25.730408	25.748066	25.762886	25.774807	25.783789	25.789795	25.792805	25.792807	25.789799	25.783791	25.774807	25.762884	25.748066	25.730412	25.709982	25.686861	25.661133	25.632898	25.602264	25.569344	25.534267	25.497168	25.458181	25.417459	25.375156	25.331430	25.286451	25.240385	25.193409	25.145700	25.097441	25.048813	
25.048626	25.097071	25.145145	25.192673	25.239468	25.285358	25.330166	25.373726	25.415871	25.456436	25.495277	25.532238	25.567181	25.599976	25.630495	25.658623	25.684250	25.707283	25.727634	25.745226	25.759987	25.771866	25.780815	25.786798	25.789797	25.789799	25.786800	25.780815	25.771866	25.759989	25.745228	25.727638	25.707289	25.684252	25.658623	25.630497	25.599977	25.567184	25.532238	25.495281	25.456442	25.415876	25.373734	25.330173	25.285362	25.239471	25.192675	25.145149	25.097073	25.048626	
25.048256	25.096333	25.144043	25.191208	25.237648	25.283188	25.327658	25.370884	25.412708	25.452969	25.491508	25.528191	25.562866	25.595411	25.625700	25.653610	25.679047	25.701906	25.722103	25.739559	25.754208	25.765995	25.774878	25.780815	25.783791	25.783791	25.780815	25.774876	25.765995	25.754210	25.739559	25.722107	25.701906	25.679050	25.653614	25.625702	25.595413	25.562872	25.528193	25.491512	25.452972	25.412712	25.370890	25.327662	25.283192	25.237650	25.191210	25.144045	25.096333	25.048260	
25.047703	25.095228	25.142391	25.189014	25.234924	25.279945	25.323904	25.366634	25.407978	25.447777	25.485878	25.522137	25.556416	25.588589	25.618526	25.646122	25.671265	25.693865	25.713825	25.731085	25.745565	25.757219	25.765995	25.771870	25.774809	25.774811	25.771870	25.765999	25.757219	25.745565	25.731087	25.713829	25.693867	25.671268	25.646126	25.618530	25.588593	25.556419	25.522141	25.485880	25.447781	25.407982	25.366640	25.323908	25.279947	25.234928	25.189018	25.142395	25.095232	25.047705	
25.046970	25.093765	25.140202	25.186108	25.231310	25.275637	25.318920	25.360994	25.401703	25.440887	25.478401	25.514101	25.547857	25.579531	25.609013	25.636179	25.660938	25.683186	25.702847	25.719833	25.734095	25.745567	25.754213	25.759989	25.762890	25.762888	25.759991	25.754211	25.745567	25.734097	25.719837	25.702847	25.683187	25.660942	25.636181	25.609016	25.579535	25.547861	25.514107	25.478405	25.440889	25.401705	25.360996	25.318922	25.275639	25.231312	25.186111	25.140203	25.093763	25.046970	
25.046059	25.091942	25.137478	25.182493	25.226818	25.270287	25.312725	25.353985	25.393900	25.432327	25.469109	25.504120	25.537212	25.568277	25.597181	25.623825	25.648102	25.669920	25.689194	25.705856	25.719835	25.731087	25.739563	25.745232	25.748070	25.748070	25.745232	25.739563	25.731091	25.719837	25.705856	25.689194	25.669922	25.648102	25.623829	25.597185	25.568283	25.537216	25.504124	25.469112	25.432327	25.393902	25.353985	25.312727	25.270287	25.226818	25.182495	25.137478	25.091942	25.046059	
25.044971	25.089771	25.134232	25.178186	25.221466	25.263905	25.305344	25.345627	25.384605	25.422119	25.458040	25.492218	25.524540	25.554863	25.583092	25.609100	25.632809	25.654106	25.672930	25.689196	25.702850	25.713833	25.722109	25.727642	25.730415	25.730415	25.727642	25.722111	25.713833	25.702850	25.689198	25.672932	25.654106	25.632809	25.609102	25.583092	25.554867	25.524544	25.492222	25.458042	25.422119	25.384605	25.345629	25.305347	25.263905	25.221466	25.178188	25.134235	25.089771	25.044971	
25.043713	25.087261	25.130478	25.173203	25.215271	25.256525	25.296804	25.335964	25.373846	25.410316	25.445227	25.478458	25.509865	25.539351	25.566782	25.592070	25.615108	25.635818	25.654108	25.669922	25.683193	25.693871	25.701912	25.707294	25.709988	25.709988	25.707294	25.701914	25.693872	25.683193	25.669926	25.654110	25.635818	25.615108	25.592072	25.566784	25.539352	25.509869	25.478458	25.445230	25.410320	25.373848	25.335966	25.296806	25.256527	25.215271	25.173204	25.130478	25.087261	25.043713	
25.042290	25.084419	25.126228	25.167562	25.208261	25.248169	25.287140	25.325022	25.361675	25.396954	25.430731	25.462872	25.493267	25.521782	25.548326	25.572786	25.595079	25.615110	25.632811	25.648106	25.660946	25.671274	25.679058	25.684259	25.686871	25.686869	25.684261	25.679060	25.671276	25.660946	25.648108	25.632811	25.615108	25.595081	25.572790	25.548330	25.521786	25.493271	25.462875	25.430735	25.396954	25.361675	25.325024	25.287142	25.248171	25.208263	25.167564	25.126230	25.084419	25.042290	
25.040705	25.081257	25.121502	25.161287	25.200460	25.238876	25.276386	25.312853	25.348125	25.382090	25.414595	25.445539	25.474785	25.502243	25.527786	25.551338	25.572788	25.592073	25.609108	25.623837	25.636190	25.646135	25.653622	25.658634	25.661140	25.661144	25.658634	25.653624	25.646137	25.636189	25.623835	25.609108	25.592075	25.572792	25.551338	25.527790	25.502247	25.474792	25.445541	25.414598	25.382092	25.348125	25.312851	25.276386	25.238878	25.200462	25.161289	25.121504	25.081257	25.040707	
25.038967	25.077785	25.116314	25.154400	25.191902	25.228674	25.264584	25.299488	25.333263	25.365768	25.396896	25.426510	25.454517	25.480793	25.505253	25.527788	25.548332	25.566788	25.583099	25.597191	25.609024	25.618540	25.625713	25.630505	25.632912	25.632910	25.630507	25.625713	25.618542	25.609024	25.597193	25.583103	25.566788	25.548334	25.527792	25.505257	25.480797	25.454517	25.426514	25.396898	25.365768	25.333267	25.299488	25.264584	25.228676	25.191902	25.154402	25.116314	25.077789	25.038967	
25.037081	25.074024	25.110683	25.146929	25.182611	25.217609	25.251778	25.284996	25.317129	25.348068	25.377682	25.405872	25.432514	25.457525	25.480791	25.502247	25.521786	25.539358	25.554874	25.568291	25.579544	25.588604	25.595425	25.599991	25.602276	25.602276	25.599991	25.595427	25.588604	25.579544	25.568291	25.554874	25.539360	25.521790	25.502249	25.480797	25.457529	25.432516	25.405872	25.377682	25.348072	25.317131	25.284996	25.251778	25.217607	25.182615	25.146927	25.110687	25.074024	25.037083	
25.035055	25.069977	25.104635	25.138895	25.172634	25.205711	25.238018	25.269417	25.299801	25.329042	25.357044	25.383684	25.408880	25.432514	25.454521	25.474792	25.493275	25.509876	25.524551	25.537228	25.547871	25.556431	25.562883	25.567196	25.569359	25.569359	25.567196	25.562885	25.556431	25.547873	25.537228	25.524551	25.509876	25.493275	25.474796	25.454525	25.432518	25.408882	25.383686	25.357046	25.329044	25.299801	25.269417	25.238018	25.205715	25.172634	25.138897	25.104637	25.069981	25.035057	
25.032896	25.065666	25.098186	25.130341	25.161995	25.193041	25.223351	25.252819	25.281326	25.308773	25.335045	25.360050	25.383684	25.405874	25.426514	25.445549	25.462879	25.478468	25.492231	25.504135	25.514118	25.522154	25.528204	25.532253	25.534283	25.534283	25.532257	25.528206	25.522156	25.514116	25.504135	25.492229	25.478470	25.462881	25.445549	25.426517	25.405878	25.383686	25.360052	25.335045	25.308777	25.281330	25.252821	25.223352	25.193043	25.161999	25.130341	25.098190	25.065666	25.032894	
25.030613	25.061104	25.091372	25.121284	25.150749	25.179634	25.207844	25.235260	25.261793	25.287329	25.311779	25.335043	25.357044	25.377686	25.396902	25.414602	25.430740	25.445240	25.458054	25.469124	25.478418	25.485893	25.491528	25.495293	25.497181	25.497183	25.495293	25.491528	25.485893	25.478420	25.469124	25.458055	25.445238	25.430744	25.414604	25.396906	25.377687	25.357050	25.335045	25.311783	25.287329	25.261795	25.235264	25.207844	25.179634	25.150749	25.121288	25.091370	25.061108	25.030611	
25.028210	25.056316	25.084202	25.111780	25.138924	25.165550	25.191544	25.216816	25.241264	25.264801	25.287331	25.308775	25.329044	25.348072	25.365776	25.382097	25.396961	25.410328	25.422132	25.432341	25.440901	25.447792	25.452982	25.456457	25.458195	25.458195	25.456459	25.452984	25.447796	25.440903	25.432343	25.422131	25.410332	25.396963	25.382099	25.365776	25.348080	25.329044	25.308779	25.287331	25.264805	25.241264	25.216816	25.191545	25.165550	25.138927	25.111778	25.084206	25.056313	25.028210	
25.025703	25.051308	25.076725	25.101841	25.126579	25.150833	25.174522	25.197544	25.219822	25.241264	25.261797	25.281330	25.299805	25.317135	25.333271	25.348133	25.361687	25.373857	25.384617	25.393913	25.401718	25.407993	25.412725	25.415888	25.417473	25.417473	25.415890	25.412727	25.407997	25.401720	25.393913	25.384621	25.373856	25.361689	25.348135	25.333275	25.317135	25.299807	25.281330	25.261799	25.241264	25.219826	25.197548	25.174522	25.150837	25.126579	25.101843	25.076721	25.051310	25.025703	
25.023098	25.046112	25.068943	25.091524	25.113750	25.135551	25.156836	25.177528	25.197544	25.216820	25.235264	25.252825	25.269421	25.285000	25.299496	25.312860	25.325031	25.335976	25.345640	25.353998	25.361008	25.366653	25.370899	25.373745	25.375168	25.375168	25.373745	25.370901	25.366653	25.361010	25.354000	25.345640	25.335979	25.325031	25.312864	25.299496	25.285007	25.269421	25.252827	25.235264	25.216820	25.197546	25.177528	25.156837	25.135551	25.113752	25.091522	25.068947	25.046112	25.023098	
25.020409	25.040735	25.060913	25.080854	25.100494	25.119751	25.138557	25.156837	25.174526	25.191545	25.207848	25.223354	25.238022	25.251781	25.264593	25.276394	25.287151	25.296818	25.305357	25.312737	25.318933	25.323917	25.327673	25.330185	25.331442	25.331444	25.330183	25.327675	25.323919	25.318935	25.312740	25.305361	25.296816	25.287155	25.276394	25.264597	25.251781	25.238026	25.223354	25.207848	25.191547	25.174526	25.156837	25.138559	25.119753	25.100494	25.080856	25.060913	25.040737	25.020409	
25.017639	25.035210	25.052645	25.069883	25.086857	25.103500	25.119751	25.135555	25.150837	25.165554	25.179638	25.193047	25.205717	25.217615	25.228683	25.238888	25.248180	25.256536	25.263914	25.270298	25.275648	25.279957	25.283203	25.285374	25.286461	25.286459	25.285374	25.283203	25.279959	25.275650	25.270298	25.263914	25.256538	25.248180	25.238888	25.228682	25.217617	25.205717	25.193047	25.179638	25.165554	25.150839	25.135555	25.119751	25.103504	25.086855	25.069885	25.052643	25.035210	25.017637	
25.014801	25.029549	25.044182	25.058645	25.072889	25.086855	25.100494	25.113750	25.126583	25.138927	25.150751	25.162001	25.172638	25.182617	25.191910	25.200470	25.208271	25.215281	25.221478	25.226830	25.231323	25.234936	25.237661	25.239483	25.240391	25.240396	25.239479	25.237659	25.234936	25.231325	25.226830	25.221478	25.215279	25.208273	25.200468	25.191912	25.182617	25.172638	25.162001	25.150753	25.138927	25.126583	25.113752	25.100498	25.086857	25.072891	25.058641	25.044182	25.029545	25.014801	
25.011909	25.023773	25.035545	25.047188	25.058645	25.069883	25.080856	25.091526	25.101845	25.111782	25.121288	25.130341	25.138899	25.146933	25.154406	25.161297	25.167568	25.173212	25.178196	25.182503	25.186117	25.189028	25.191219	25.192684	25.193419	25.193415	25.192684	25.191217	25.189030	25.186117	25.182505	25.178194	25.173214	25.167568	25.161297	25.154404	25.146935	25.138901	25.130342	25.121292	25.111782	25.101843	25.091526	25.080856	25.069885	25.058643	25.047188	25.035545	25.023775	25.011909	
25.008972	25.017910	25.026779	25.035545	25.044182	25.052645	25.060913	25.068947	25.076725	25.084206	25.091373	25.098190	25.104639	25.110687	25.116318	25.121508	25.126236	25.130486	25.134241	25.137486	25.140209	25.142401	25.144051	25.145153	25.145706	25.145708	25.145153	25.144051	25.142399	25.140211	25.137486	25.134243	25.130484	25.126240	25.121506	25.116322	25.110689	25.104641	25.098190	25.091373	25.084208	25.076725	25.068947	25.060913	25.052647	25.044182	25.035545	25.026779	25.017910	25.008972	
25.006001	25.011978	25.017910	25.023773	25.029545	25.035210	25.040735	25.046112	25.051311	25.056318	25.061108	25.065670	25.069979	25.074028	25.077793	25.081261	25.084423	25.087265	25.089775	25.091946	25.093769	25.095232	25.096336	25.097076	25.097446	25.097445	25.097076	25.096336	25.095236	25.093769	25.091949	25.089777	25.087269	25.084423	25.081264	25.077791	25.074028	25.069981	25.065668	25.061108	25.056316	25.051310	25.046112	25.040737	25.035210	25.029545	25.023775	25.017908	25.011978	25.006001	
25.003006	25.006001	25.008972	25.011909	25.014801	25.017637	25.020409	25.023098	25.025705	25.028212	25.030613	25.032898	25.035057	25.037083	25.038969	25.040709	25.042292	25.043716	25.044973	25.046059	25.046972	25.047707	25.048260	25.048630	25.048813	25.048815	25.048630	25.048262	25.047707	25.046974	25.046061	25.044975	25.043716	25.042294	25.040707	25.038971	25.037083	25.035057	25.032896	25.030613	25.028214	25.025703	25.023098	25.020409	25.017637	25.014801	25.011909	25.008972	25.006001	25.003006	
