25.000942	25.001884	25.002817	25.003742	25.004650	25.005543	25.006413	25.007259	25.008076	25.008863	25.009619	25.010334	25.011013	25.011650	25.012245	25.012789	25.013287	25.013733	25.014128	25.014469	25.014755	25.014986	25.015160	25.015274	25.015335	25.015335	25.015276	25.015160	25.014988	25.014755	25.014469	25.014130	25.013735	25.013287	25.012791	25.012243	25.011650	25.011013	25.010336	25.009617	25.008862	25.008076	25.007257	25.006413	25.005543	25.004650	25.003742	25.002819	25.001884	25.000944	
25.001884	25.003761	25.005627	25.007467	25.009285	25.011063	25.012800	25.014488	25.016121	25.017696	25.019199	25.020632	25.021988	25.023258	25.024441	25.025530	25.026524	25.027412	25.028204	25.028883	25.029453	25.029917	25.030262	25.030495	25.030609	25.030609	25.030495	25.030262	25.029915	25.029455	25.028885	25.028204	25.027416	25.026524	25.025532	25.024441	25.023256	25.021988	25.020632	25.019199	25.017694	25.016121	25.014488	25.012800	25.011063	25.009287	25.007469	25.005627	25.003761	25.001884	
25.002817	25.005627	25.008411	25.011169	25.013882	25.016544	25.019140	25.021664	25.024105	25.026457	25.028708	25.030853	25.032875	25.034777	25.036545	25.038174	25.039658	25.040993	25.042171	25.043190	25.044044	25.044731	25.045250	25.045597	25.045769	25.045769	25.045597	25.045250	25.044731	25.044044	25.043190	25.042170	25.040993	25.039658	25.038174	25.036545	25.034775	25.032875	25.030851	25.028709	25.026459	25.024107	25.021666	25.019138	25.016544	25.013882	25.011171	25.008413	25.005627	25.002819	
25.003740	25.007469	25.011169	25.014824	25.018429	25.021957	25.025406	25.028759	25.032000	25.035122	25.038109	25.040953	25.043640	25.046162	25.048508	25.050673	25.052643	25.054413	25.055977	25.057331	25.058466	25.059380	25.060066	25.060528	25.060757	25.060757	25.060528	25.060066	25.059380	25.058464	25.057331	25.055977	25.054415	25.052643	25.050674	25.048510	25.046164	25.043640	25.040951	25.038109	25.035120	25.032003	25.028755	25.025410	25.021957	25.018433	25.014824	25.011171	25.007467	25.003742	
25.004650	25.009283	25.013882	25.018429	25.022900	25.027292	25.031576	25.035742	25.039772	25.043650	25.047363	25.050900	25.054237	25.057373	25.060291	25.062981	25.065428	25.067631	25.069572	25.071255	25.072666	25.073799	25.074656	25.075226	25.075512	25.075514	25.075226	25.074657	25.073799	25.072666	25.071255	25.069574	25.067629	25.065430	25.062977	25.060291	25.057375	25.054237	25.050900	25.047363	25.043653	25.039772	25.035744	25.031576	25.027294	25.022903	25.018429	25.013880	25.009285	25.004650	
25.005541	25.011063	25.016544	25.021957	25.027290	25.032518	25.037626	25.042591	25.047390	25.052013	25.056440	25.060650	25.064632	25.068367	25.071842	25.075047	25.077965	25.080587	25.082905	25.084908	25.086590	25.087940	25.088963	25.089642	25.089981	25.089981	25.089642	25.088959	25.087942	25.086590	25.084909	25.082905	25.080589	25.077965	25.075047	25.071842	25.068367	25.064632	25.060650	25.056440	25.052013	25.047394	25.042589	25.037628	25.032520	25.027294	25.021957	25.016542	25.011063	25.005543	
25.006414	25.012802	25.019138	25.025408	25.031574	25.037626	25.043533	25.049278	25.054832	25.060181	25.065302	25.070175	25.074780	25.079102	25.083122	25.086830	25.090206	25.093239	25.095922	25.098240	25.100185	25.101751	25.102928	25.103718	25.104111	25.104111	25.103714	25.102928	25.101749	25.100185	25.098240	25.095924	25.093241	25.090206	25.086830	25.083122	25.079102	25.074778	25.070175	25.065300	25.060183	25.054832	25.049278	25.043533	25.037628	25.031574	25.025406	25.019138	25.012800	25.006413	
25.007259	25.014490	25.021664	25.028755	25.035742	25.042589	25.049278	25.055779	25.062065	25.068121	25.073915	25.079430	25.084644	25.089535	25.094086	25.098282	25.102104	25.105541	25.108576	25.111200	25.113401	25.115173	25.116508	25.117397	25.117844	25.117846	25.117397	25.116505	25.115171	25.113401	25.111198	25.108574	25.105541	25.102104	25.098282	25.094088	25.089535	25.084644	25.079430	25.073915	25.068121	25.062069	25.055779	25.049278	25.042591	25.035744	25.028757	25.021666	25.014488	25.007257	
25.008080	25.016125	25.024105	25.032000	25.039772	25.047392	25.054834	25.062065	25.069063	25.075800	25.082249	25.088387	25.094185	25.099628	25.104696	25.109364	25.113617	25.117439	25.120819	25.123737	25.126186	25.128159	25.129642	25.130634	25.131130	25.131130	25.130634	25.129642	25.128157	25.126184	25.123735	25.120817	25.117439	25.113617	25.109364	25.104694	25.099630	25.094187	25.088387	25.082249	25.075802	25.069065	25.062067	25.054832	25.047394	25.039772	25.032001	25.024105	25.016121	25.008076	
25.008865	25.017694	25.026457	25.035120	25.043652	25.052013	25.060181	25.068119	25.075800	25.083191	25.090271	25.097006	25.103371	25.109344	25.114906	25.120029	25.124699	25.128895	25.132601	25.135805	25.138493	25.140656	25.142284	25.143375	25.143921	25.143921	25.143375	25.142284	25.140656	25.138493	25.135803	25.132599	25.128895	25.124699	25.120029	25.114906	25.109346	25.103373	25.097004	25.090271	25.083191	25.075802	25.068119	25.060183	25.052013	25.043652	25.035118	25.026459	25.017693	25.008863	
25.009617	25.019199	25.028709	25.038109	25.047363	25.056438	25.065300	25.073914	25.082249	25.090271	25.097950	25.105259	25.112165	25.118647	25.124683	25.130241	25.135309	25.139858	25.143883	25.147356	25.150272	25.152618	25.154388	25.155571	25.156166	25.156162	25.155571	25.154388	25.152622	25.150274	25.147354	25.143879	25.139858	25.135305	25.130239	25.124680	25.118649	25.112164	25.105257	25.097950	25.090271	25.082245	25.073914	25.065300	25.056442	25.047363	25.038109	25.028708	25.019199	25.009617	
25.010336	25.020632	25.030849	25.040951	25.050896	25.060648	25.070173	25.079430	25.088385	25.097004	25.105255	25.113110	25.120533	25.127501	25.133984	25.139957	25.145403	25.150295	25.154613	25.158352	25.161484	25.164007	25.165907	25.167179	25.167812	25.167814	25.167177	25.165909	25.164005	25.161484	25.158350	25.154613	25.150293	25.145399	25.139957	25.133980	25.127499	25.120533	25.113110	25.105257	25.097004	25.088385	25.079428	25.070173	25.060650	25.050900	25.040951	25.030849	25.020630	25.010336	
25.011013	25.021986	25.032875	25.043636	25.054235	25.064629	25.074778	25.084641	25.094185	25.103371	25.112164	25.120533	25.128445	25.135868	25.142776	25.149143	25.154945	25.160158	25.164764	25.168743	25.172083	25.174770	25.176796	25.178150	25.178829	25.178827	25.178150	25.176796	25.174774	25.172085	25.168743	25.164764	25.160154	25.154945	25.149139	25.142776	25.135864	25.128445	25.120533	25.112164	25.103371	25.094183	25.084644	25.074778	25.064632	25.054237	25.043640	25.032873	25.021988	25.011013	
25.011650	25.023258	25.034775	25.046160	25.057371	25.068367	25.079098	25.089535	25.099627	25.109346	25.118649	25.127499	25.135868	25.143723	25.151028	25.157764	25.163898	25.169413	25.174286	25.178495	25.182030	25.184872	25.187014	25.188450	25.189163	25.189165	25.188446	25.187016	25.184872	25.182030	25.178497	25.174286	25.169415	25.163897	25.157763	25.151024	25.143721	25.135864	25.127499	25.118649	25.109344	25.099628	25.089535	25.079102	25.068363	25.057373	25.046162	25.034775	25.023256	25.011652	
25.012245	25.024439	25.036543	25.048508	25.060287	25.071842	25.083122	25.094084	25.104694	25.114902	25.124681	25.133984	25.142776	25.151028	25.158709	25.165783	25.172234	25.178026	25.183147	25.187572	25.191284	25.194271	25.196526	25.198029	25.198784	25.198780	25.198029	25.196522	25.194271	25.191284	25.187571	25.183147	25.178028	25.172234	25.165781	25.158707	25.151024	25.142776	25.133980	25.124680	25.114906	25.104694	25.094086	25.083122	25.071842	25.060287	25.048510	25.036545	25.024441	25.012243	
25.012791	25.025530	25.038170	25.050671	25.062977	25.075047	25.086826	25.098282	25.109360	25.120029	25.130238	25.139957	25.149143	25.157764	25.165783	25.173180	25.179911	25.185966	25.191311	25.195936	25.199814	25.202934	25.205286	25.206860	25.207645	25.207645	25.206856	25.205288	25.202934	25.199814	25.195938	25.191313	25.185966	25.179913	25.173176	25.165781	25.157764	25.149139	25.139957	25.130238	25.120029	25.109364	25.098282	25.086828	25.075045	25.062977	25.050671	25.038174	25.025532	25.012791	
25.013287	25.026524	25.039658	25.052641	25.065426	25.077965	25.090206	25.102102	25.113617	25.124695	25.135307	25.145399	25.154945	25.163898	25.172234	25.179911	25.186913	25.193195	25.198757	25.203556	25.207588	25.210829	25.213272	25.214905	25.215723	25.215721	25.214905	25.213270	25.210827	25.207588	25.203556	25.198755	25.193197	25.186909	25.179913	25.172234	25.163897	25.154943	25.145397	25.135307	25.124699	25.113617	25.102104	25.090206	25.077965	25.065428	25.052643	25.039658	25.026524	25.013287	
25.013733	25.027414	25.040989	25.054413	25.067627	25.080585	25.093239	25.105539	25.117437	25.128891	25.139854	25.150293	25.160154	25.169415	25.178024	25.185966	25.193195	25.199701	25.205441	25.210407	25.214569	25.217926	25.220446	25.222136	25.222980	25.222980	25.222134	25.220448	25.217922	25.214569	25.210405	25.205441	25.199699	25.193197	25.185963	25.178028	25.169415	25.160156	25.150291	25.139858	25.128895	25.117439	25.105541	25.093241	25.080589	25.067631	25.054415	25.040993	25.027414	25.013735	
25.014130	25.028202	25.042170	25.055977	25.069572	25.082903	25.095921	25.108574	25.120815	25.132599	25.143879	25.154613	25.164764	25.174284	25.183147	25.191311	25.198755	25.205441	25.211351	25.216454	25.220743	25.224186	25.226788	25.228523	25.229393	25.229393	25.228523	25.226784	25.224190	25.220739	25.216454	25.211349	25.205441	25.198757	25.191313	25.183147	25.174282	25.164762	25.154613	25.143881	25.132599	25.120817	25.108574	25.095922	25.082905	25.069574	25.055977	25.042171	25.028206	25.014126	
25.014469	25.028885	25.043186	25.057329	25.071255	25.084908	25.098236	25.111197	25.123734	25.135803	25.147354	25.158348	25.168741	25.178495	25.187569	25.195938	25.203556	25.210407	25.216454	25.221687	25.226072	25.229607	25.232265	25.234045	25.234934	25.234936	25.234043	25.232265	25.229603	25.226074	25.221684	25.216454	25.210407	25.203556	25.195936	25.187571	25.178497	25.168743	25.158350	25.147354	25.135803	25.123734	25.111198	25.098238	25.084908	25.071255	25.057331	25.043190	25.028883	25.014469	
25.014755	25.029453	25.044044	25.058464	25.072664	25.086588	25.100182	25.113400	25.126184	25.138489	25.150272	25.161484	25.172083	25.182030	25.191284	25.199814	25.207588	25.214569	25.220741	25.226070	25.230551	25.234150	25.236866	25.238678	25.239588	25.239584	25.238678	25.236862	25.234154	25.230549	25.226074	25.220741	25.214569	25.207588	25.199814	25.191284	25.182028	25.172085	25.161484	25.150274	25.138493	25.126186	25.113400	25.100183	25.086590	25.072666	25.058464	25.044044	25.029457	25.014755	
25.014984	25.029915	25.044731	25.059378	25.073799	25.087940	25.101749	25.115170	25.128155	25.140656	25.152618	25.164005	25.174770	25.184872	25.194271	25.202934	25.210827	25.217922	25.224186	25.229605	25.234150	25.237808	25.240562	25.242405	25.243328	25.243328	25.242405	25.240566	25.237808	25.234152	25.229607	25.224190	25.217922	25.210827	25.202936	25.194271	25.184872	25.174770	25.164007	25.152620	25.140656	25.128155	25.115170	25.101749	25.087942	25.073799	25.059380	25.044733	25.029915	25.014988	
25.015160	25.030262	25.045250	25.060066	25.074654	25.088959	25.102928	25.116505	25.129641	25.142284	25.154387	25.165905	25.176796	25.187016	25.196522	25.205286	25.213272	25.220444	25.226786	25.232264	25.236862	25.240562	25.243351	25.245213	25.246147	25.246147	25.245214	25.243349	25.240562	25.236866	25.232265	25.226788	25.220448	25.213272	25.205284	25.196524	25.187012	25.176796	25.165905	25.154388	25.142284	25.129642	25.116505	25.102928	25.088961	25.074657	25.060066	25.045252	25.030264	25.015160	
25.015274	25.030495	25.045597	25.060526	25.075226	25.089640	25.103714	25.117393	25.130630	25.143372	25.155567	25.167177	25.178148	25.188446	25.198027	25.206860	25.214905	25.222136	25.228521	25.234043	25.238678	25.242405	25.245213	25.247089	25.248032	25.248032	25.247089	25.245214	25.242405	25.238678	25.234045	25.228523	25.222137	25.214905	25.206858	25.198027	25.188446	25.178150	25.167179	25.155571	25.143375	25.130634	25.117397	25.103716	25.089642	25.075226	25.060528	25.045599	25.030495	25.015278	
25.015335	25.030609	25.045769	25.060757	25.075512	25.089981	25.104109	25.117842	25.131126	25.143917	25.156162	25.167812	25.178827	25.189163	25.198780	25.207645	25.215723	25.222980	25.229393	25.234936	25.239586	25.243328	25.246147	25.248032	25.248978	25.248978	25.248032	25.246147	25.243328	25.239586	25.234936	25.229393	25.222980	25.215721	25.207644	25.198780	25.189163	25.178829	25.167816	25.156164	25.143921	25.131130	25.117844	25.104111	25.089981	25.075514	25.060759	25.045773	25.030613	25.015335	
25.015335	25.030609	25.045769	25.060757	25.075512	25.089981	25.104109	25.117842	25.131126	25.143917	25.156162	25.167812	25.178827	25.189163	25.198780	25.207645	25.215723	25.222980	25.229393	25.234936	25.239586	25.243328	25.246147	25.248032	25.248978	25.248978	25.248032	25.246147	25.243328	25.239586	25.234936	25.229393	25.222980	25.215721	25.207644	25.198780	25.189163	25.178829	25.167816	25.156164	25.143921	25.131130	25.117844	25.104111	25.089981	25.075514	25.060759	25.045773	25.030613	25.015335	
25.015274	25.030495	25.045597	25.060526	25.075226	25.089640	25.103714	25.117393	25.130630	25.143372	25.155567	25.167177	25.178148	25.188446	25.198027	25.206860	25.214905	25.222136	25.228521	25.234043	25.238678	25.242405	25.245213	25.247089	25.248032	25.248032	25.247089	25.245214	25.242405	25.238678	25.234045	25.228523	25.222137	25.214905	25.206858	25.198027	25.188446	25.178150	25.167179	25.155571	25.143375	25.130634	25.117397	25.103716	25.089642	25.075226	25.060528	25.045599	25.030495	25.015278	
25.015160	25.030262	25.045250	25.060066	25.074654	25.088959	25.102928	25.116505	25.129641	25.142284	25.154387	25.165905	25.176796	25.187016	25.196522	25.205286	25.213272	25.220444	25.226786	25.232264	25.236862	25.240562	25.243351	25.245213	25.246147	25.246147	25.245214	25.243349	25.240562	25.236866	25.232265	25.226788	25.220448	25.213272	25.205284	25.196524	25.187012	25.176796	25.165905	25.154388	25.142284	25.129642	25.116505	25.102928	25.088961	25.074657	25.060066	25.045252	25.030264	25.015160	
25.014984	25.029915	25.044731	25.059378	25.073799	25.087940	25.101749	25.115170	25.128155	25.140656	25.152618	25.164005	25.174770	25.184872	25.194271	25.202934	25.210827	25.217922	25.224186	25.229605	25.234150	25.237808	25.240562	25.242405	25.243328	25.243328	25.242405	25.240566	25.237808	25.234152	25.229607	25.224190	25.217922	25.210827	25.202936	25.194271	25.184872	25.174770	25.164007	25.152620	25.140656	25.128155	25.115170	25.101749	25.087942	25.073799	25.059380	25.044733	25.029915	25.014988	
25.014755	25.029453	25.044044	25.058464	25.072664	25.086588	25.100182	25.113400	25.126184	25.138489	25.150272	25.161484	25.172083	25.182030	25.191284	25.199814	25.207588	25.214569	25.220741	25.226070	25.230551	25.234150	25.236866	25.238678	25.239588	25.239584	25.238678	25.236862	25.234154	25.230549	25.226074	25.220741	25.214569	25.207588	25.199814	25.191284	25.182028	25.172085	25.161484	25.150274	25.138493	25.126186	25.113400	25.100183	25.086590	25.072666	25.058464	25.044044	25.029457	25.014755	
25.014469	25.028885	25.043186	25.057329	25.071255	25.084908	25.098236	25.111197	25.123734	25.135803	25.147354	25.158348	25.168741	25.178495	25.187569	25.195938	25.203556	25.210407	25.216454	25.221687	25.226072	25.229607	25.232265	25.234045	25.234934	25.234936	25.234043	25.232265	25.229603	25.226074	25.221684	25.216454	25.210407	25.203556	25.195936	25.187571	25.178497	25.168743	25.158350	25.147354	25.135803	25.123734	25.111198	25.098238	25.084908	25.071255	25.057331	25.043190	25.028883	25.014469	
25.014130	25.028202	25.042170	25.055977	25.069572	25.082903	25.095921	25.108574	25.120815	25.132599	25.143879	25.154613	25.164764	25.174284	25.183147	25.191311	25.198755	25.205441	25.211351	25.216454	25.220743	25.224186	25.226788	25.228523	25.229393	25.229393	25.228523	25.226784	25.224190	25.220739	25.216454	25.211349	25.205441	25.198757	25.191313	25.183147	25.174282	25.164762	25.154613	25.143881	25.132599	25.120817	25.108574	25.095922	25.082905	25.069574	25.055977	25.042171	25.028206	25.014126	
25.013733	25.027414	25.040989	25.054413	25.067627	25.080585	25.093239	25.105539	25.117437	25.128891	25.139854	25.150293	25.160154	25.169415	25.178024	25.185966	25.193195	25.199701	25.205441	25.210407	25.214569	25.217926	25.220446	25.222136	25.222980	25.222980	25.222134	25.220448	25.217922	25.214569	25.210405	25.205441	25.199699	25.193197	25.185963	25.178028	25.169415	25.160156	25.150291	25.139858	25.128895	25.117439	25.105541	25.093241	25.080589	25.067631	25.054415	25.040993	25.027414	25.013735	
25.013287	25.026524	25.039658	25.052641	25.065426	25.077965	25.090206	25.102102	25.113617	25.124695	25.135307	25.145399	25.154945	25.163898	25.172234	25.179911	25.186913	25.193195	25.198757	25.203556	25.207588	25.210829	25.213272	25.214905	25.215723	25.215721	25.214905	25.213270	25.210827	25.207588	25.203556	25.198755	25.193197	25.186909	25.179913	25.172234	25.163897	25.154943	25.145397	25.135307	25.124699	25.113617	25.102104	25.090206	25.077965	25.065428	25.052643	25.039658	25.026524	25.013287	
25.012791	25.025530	25.038170	25.050671	25.062977	25.075047	25.086826	25.098282	25.109360	25.120029	25.130238	25.139957	25.149143	25.157764	25.165783	25.173180	25.179911	25.185966	25.191311	25.195936	25.199814	25.202934	25.205286	25.206860	25.207645	25.207645	25.206856	25.205288	25.202934	25.199814	25.195938	25.191313	25.185966	25.179913	25.173176	25.165781	25.157764	25.149139	25.139957	25.130238	25.120029	25.109364	25.098282	25.086828	25.075045	25.062977	25.050671	25.038174	25.025532	25.012791	
25.012245	25.024439	25.036543	25.048508	25.060287	25.071842	25.083122	25.094084	25.104694	25.114902	25.124681	25.133984	25.142776	25.151028	25.158709	25.165783	25.172234	25.178026	25.183147	25.187572	25.191284	25.194271	25.196526	25.198029	25.198784	25.198780	25.198029	25.196522	25.194271	25.191284	25.187571	25.183147	25.178028	25.172234	25.165781	25.158707	25.151024	25.142776	25.133980	25.124680	25.114906	25.104694	25.094086	25.083122	25.071842	25.060287	25.048510	25.036545	25.024441	25.012243	
25.011650	25.023258	25.034775	25.046160	25.057371	25.068367	25.079098	25.089535	25.099627	25.109346	25.118649	25.127499	25.135868	25.143723	25.151028	25.157764	25.163898	25.169413	25.174286	25.178495	25.182030	25.184872	25.187014	25.188450	25.189163	25.189165	25.188446	25.187016	25.184872	25.182030	25.178497	25.174286	25.169415	25.163897	25.157763	25.151024	25.143721	25.135864	25.127499	25.118649	25.109344	25.099628	25.089535	25.079102	25.068363	25.057373	25.046162	25.034775	25.023256	25.011652	
25.011013	25.021986	25.032875	25.043636	25.054235	25.064629	25.074778	25.084641	25.094185	25.103371	25.112164	25.120533	25.128445	25.135868	25.142776	25.149143	25.154945	25.160158	25.164764	25.168743	25.172083	25.174770	25.176796	25.178150	25.178829	25.178827	25.178150	25.176796	25.174774	25.172085	25.168743	25.164764	25.160154	25.154945	25.149139	25.142776	25.135864	25.128445	25.120533	25.112164	25.103371	25.094183	25.084644	25.074778	25.064632	25.054237	25.043640	25.032873	25.021988	25.011013	
25.010336	25.020632	25.030849	25.040951	25.050896	25.060648	25.070173	25.079430	25.088385	25.097004	25.105255	25.113110	25.120533	25.127501	25.133984	25.139957	25.145403	25.150295	25.154613	25.158352	25.161484	25.164007	25.165907	25.167179	25.167812	25.167814	25.167177	25.165909	25.164005	25.161484	25.158350	25.154613	25.150293	25.145399	25.139957	25.133980	25.127499	25.120533	25.113110	25.105257	25.097004	25.088385	25.079428	25.070173	25.060650	25.050900	25.040951	25.030849	25.020630	25.010336	
25.009617	25.019199	25.028709	25.038109	25.047363	25.056438	25.065300	25.073914	25.082249	25.090271	25.097950	25.105259	25.112165	25.118647	25.124683	25.130241	25.135309	25.139858	25.143883	25.147356	25.150272	25.152618	25.154388	25.155571	25.156166	25.156162	25.155571	25.154388	25.152622	25.150274	25.147354	25.143879	25.139858	25.135305	25.130239	25.124680	25.118649	25.112164	25.105257	25.097950	25.090271	25.082245	25.073914	25.065300	25.056442	25.047363	25.038109	25.028708	25.019199	25.009617	
25.008865	25.017694	25.026457	25.035120	25.043652	25.052013	25.060181	25.068119	25.075800	25.083191	25.090271	25.097006	25.103371	25.109344	25.114906	25.120029	25.124699	25.128895	25.132601	25.135805	25.138493	25.140656	25.142284	25.143375	25.143921	25.143921	25.143375	25.142284	25.140656	25.138493	25.135803	25.132599	25.128895	25.124699	25.120029	25.114906	25.109346	25.103373	25.097004	25.090271	25.083191	25.075802	25.068119	25.060183	25.052013	25.043652	25.035118	25.026459	25.017693	25.008863	
25.008080	25.016125	25.024105	25.032000	25.039772	25.047392	25.054834	25.062065	25.069063	25.075800	25.082249	25.088387	25.094185	25.099628	25.104696	25.109364	25.113617	25.117439	25.120819	25.123737	25.126186	25.128159	25.129642	25.130634	25.131130	25.131130	25.130634	25.129642	25.128157	25.126184	25.123735	25.120817	25.117439	25.113617	25.109364	25.104694	25.099630	25.094187	25.088387	25.082249	25.075802	25.069065	25.062067	25.054832	25.047394	25.039772	25.032001	25.024105	25.016121	25.008076	
25.007259	25.014490	25.021664	25.028755	25.035742	25.042589	25.049278	25.055779	25.062065	25.068121	25.073915	25.079430	25.084644	25.089535	25.094086	25.098282	25.102104	25.105541	25.108576	25.111200	25.113401	25.115173	25.116508	25.117397	25.117844	25.117846	25.117397	25.116505	25.115171	25.113401	25.111198	25.108574	25.105541	25.102104	25.098282	25.094088	25.089535	25.084644	25.079430	25.073915	25.068121	25.062069	25.055779	25.049278	25.042591	25.035744	25.028757	25.021666	25.014488	25.007257	
25.006414	25.012802	25.019138	25.025408	25.031574	25.037626	25.043533	25.049278	25.054832	25.060181	25.065302	25.070175	25.074780	25.079102	25.083122	25.086830	25.090206	25.093239	25.095922	25.098240	25.100185	25.101751	25.102928	25.103718	25.104111	25.104111	25.103714	25.102928	25.101749	25.100185	25.098240	25.095924	25.093241	25.090206	25.086830	25.083122	25.079102	25.074778	25.070175	25.065300	25.060183	25.054832	25.049278	25.043533	25.037628	25.031574	25.025406	25.019138	25.012800	25.006413	
25.005541	25.011063	25.016544	25.021957	25.027290	25.032518	25.037626	25.042591	25.047390	25.052013	25.056440	25.060650	25.064632	25.068367	25.071842	25.075047	25.077965	25.080587	25.082905	25.084908	25.086590	25.087940	25.088963	25.089642	25.089981	25.089981	25.089642	25.088959	25.087942	25.086590	25.084909	25.082905	25.080589	25.077965	25.075047	25.071842	25.068367	25.064632	25.060650	25.056440	25.052013	25.047394	25.042589	25.037628	25.032520	25.027294	25.021957	25.016542	25.011063	25.005543	
25.004650	25.009283	25.013882	25.018429	25.022900	25.027292	25.031576	25.035742	25.039772	25.043650	25.047363	25.050900	25.054237	25.057373	25.060291	25.062981	25.065428	25.067631	25.069572	25.071255	25.072666	25.073799	25.074656	25.075226	25.075512	25.075514	25.075226	25.074657	25.073799	25.072666	25.071255	25.069574	25.067629	25.065430	25.062977	25.060291	25.057375	25.054237	25.050900	25.047363	25.043653	25.039772	25.035744	25.031576	25.027294	25.022903	25.018429	25.013880	25.009285	25.004650	
25.003740	25.007469	25.011169	25.014824	25.018429	25.021957	25.025406	25.028759	25.032000	25.035122	25.038109	25.040953	25.043640	25.046162	25.048508	25.050673	25.052643	25.054413	25.055977	25.057331	25.058466	25.059380	25.060066	25.060528	25.060757	25.060757	25.060528	25.060066	25.059380	25.058464	25.057331	25.055977	25.054415	25.052643	25.050674	25.048510	25.046164	25.043640	25.040951	25.038109	25.035120	25.032003	25.028755	25.025410	25.021957	25.018433	25.014824	25.011171	25.007467	25.003742	
25.002817	25.005627	25.008411	25.011169	25.013882	25.016544	25.019140	25.021664	25.024105	25.026457	25.028708	25.030853	25.032875	25.034777	25.036545	25.038174	25.039658	25.040993	25.042171	25.043190	25.044044	25.044731	25.045250	25.045597	25.045769	25.045769	25.045597	25.045250	25.044731	25.044044	25.043190	25.042170	25.040993	25.039658	25.038174	25.036545	25.034775	25.032875	25.030851	25.028709	25.026459	25.024107	25.021666	25.019138	25.016544	25.013882	25.011171	25.008413	25.005627	25.002819	
25.001884	25.003761	25.005627	25.007467	25.009285	25.011063	25.012800	25.014488	25.016121	25.017696	25.019199	25.020632	25.021988	25.023258	25.024441	25.025530	25.026524	25.027412	25.028204	25.028883	25.029453	25.029917	25.030262	25.030495	25.030609	25.030609	25.030495	25.030262	25.029915	25.029455	25.028885	25.028204	25.027416	25.026524	25.025532	25.024441	25.023256	25.021988	25.020632	25.019199	25.017694	25.016121	25.014488	25.012800	25.011063	25.009287	25.007469	25.005627	25.003761	25.001884	
25.000942	25.001884	25.002817	25.003742	25.004650	25.005543	25.006413	25.007259	25.008076	25.008863	25.009619	25.010334	25.011013	25.011650	25.012245	25.012789	25.013287	25.013733	25.014128	25.014469	25.014755	25.014986	25.015160	25.015274	25.015335	25.015335	25.015276	25.015160	25.014988	25.014755	25.014469	25.014130	25.013735	25.013287	25.012791	25.012243	25.011650	25.011013	25.010336	25.009617	25.008862	25.008076	25.007257	25.006413	25.005543	25.004650	25.003742	25.002819	25.001884	25.000944	
