25.006229	25.012430	25.018591	25.024677	25.030682	25.036560	25.042324	25.047909	25.053337	25.058546	25.063560	25.068316	25.072836	25.077061	25.081018	25.084648	25.087982	25.090958	25.093609	25.095886	25.097811	25.099350	25.100517	25.101294	25.101685	25.101685	25.101295	25.100517	25.099350	25.097813	25.095886	25.093609	25.090958	25.087982	25.084648	25.081020	25.077063	25.072838	25.068316	25.063560	25.058548	25.053337	25.047909	25.042322	25.036562	25.030682	25.024677	25.018589	25.012430	25.006227	
25.012432	25.024818	25.037107	25.049274	25.061237	25.073008	25.084471	25.095661	25.106459	25.116899	25.126865	25.136402	25.145382	25.153864	25.161720	25.169010	25.175621	25.181602	25.186859	25.191437	25.195251	25.198345	25.200661	25.202219	25.202997	25.202997	25.202221	25.200661	25.198345	25.195251	25.191435	25.186859	25.181604	25.175619	25.169014	25.161720	25.153866	25.145382	25.136402	25.126865	25.116899	25.106459	25.095661	25.084473	25.073004	25.061239	25.049274	25.037106	25.024818	25.012432	
25.018593	25.037106	25.055500	25.073668	25.091599	25.109150	25.126347	25.143026	25.159231	25.174784	25.189751	25.203945	25.217443	25.230057	25.241875	25.252710	25.262657	25.271545	25.279457	25.286253	25.292000	25.296595	25.300081	25.302401	25.303568	25.303570	25.302399	25.300083	25.296597	25.292002	25.286255	25.279457	25.271547	25.262661	25.252712	25.241875	25.230059	25.217445	25.203945	25.189751	25.174784	25.159229	25.143024	25.126347	25.109150	25.091599	25.073669	25.055500	25.037107	25.018591	
25.024677	25.049274	25.073669	25.097824	25.121582	25.144939	25.167706	25.189922	25.211357	25.232090	25.251875	25.270805	25.288637	25.305475	25.321075	25.335550	25.348671	25.360548	25.370983	25.380066	25.387644	25.393785	25.398384	25.401482	25.403023	25.403019	25.401482	25.398382	25.393787	25.387644	25.380068	25.370983	25.360550	25.348671	25.335550	25.321075	25.305475	25.288637	25.270809	25.251875	25.232090	25.211357	25.189919	25.167706	25.144939	25.121580	25.097824	25.073669	25.049273	25.024677	
25.030682	25.061241	25.091595	25.121582	25.151169	25.180138	25.208519	25.236044	25.262789	25.288460	25.313160	25.336586	25.358862	25.379684	25.399183	25.417072	25.433481	25.448156	25.461208	25.472427	25.481911	25.489492	25.495247	25.499073	25.500999	25.501001	25.499071	25.495251	25.489494	25.481913	25.472427	25.461208	25.448153	25.433483	25.417072	25.399185	25.379683	25.358864	25.336588	25.313164	25.288460	25.262787	25.236046	25.208517	25.180138	25.151165	25.121580	25.091595	25.061239	25.030682	
25.036560	25.073006	25.109150	25.144939	25.180138	25.214746	25.248482	25.281391	25.313156	25.343872	25.373188	25.401239	25.427658	25.452602	25.475719	25.497162	25.516605	25.534199	25.549664	25.563120	25.574348	25.583448	25.590260	25.594847	25.597134	25.597130	25.594851	25.590260	25.583448	25.574348	25.563122	25.549660	25.534199	25.516603	25.497162	25.475719	25.452604	25.427658	25.401239	25.373188	25.343872	25.313156	25.281389	25.248478	25.214745	25.180138	25.144939	25.109150	25.073004	25.036562	
25.042320	25.084473	25.126343	25.167706	25.208517	25.248480	25.287624	25.325596	25.362482	25.397898	25.431969	25.464283	25.495007	25.523729	25.550621	25.575302	25.597933	25.618179	25.636181	25.651657	25.664738	25.675200	25.683134	25.688412	25.691069	25.691072	25.688408	25.683136	25.675196	25.664740	25.651655	25.636181	25.618174	25.597935	25.575300	25.550625	25.523729	25.495007	25.464285	25.431967	25.397898	25.362482	25.325596	25.287621	25.248478	25.208515	25.167706	25.126343	25.084471	25.042320	
25.047907	25.095661	25.143024	25.189920	25.236044	25.281391	25.325596	25.368717	25.410343	25.450590	25.489010	25.525759	25.560383	25.593061	25.623356	25.651447	25.676933	25.699986	25.720247	25.737881	25.752598	25.764517	25.773445	25.779455	25.782452	25.782448	25.779457	25.773443	25.764519	25.752594	25.737881	25.720245	25.699982	25.676931	25.651447	25.623358	25.593063	25.560383	25.525759	25.489006	25.450588	25.410343	25.368715	25.325596	25.281391	25.236044	25.189919	25.143023	25.095661	25.047909	
25.053337	25.106459	25.159229	25.211357	25.262787	25.313156	25.362484	25.410345	25.456827	25.501465	25.544394	25.585129	25.623840	25.660048	25.693933	25.725042	25.753561	25.779076	25.801764	25.821272	25.837753	25.850941	25.860939	25.867590	25.870937	25.870941	25.867586	25.860939	25.850939	25.837753	25.821270	25.801762	25.779072	25.753561	25.725040	25.693935	25.660048	25.623842	25.585129	25.544395	25.501461	25.456825	25.410345	25.362484	25.313156	25.262787	25.211355	25.159229	25.106457	25.053337	
25.058548	25.116901	25.174786	25.232090	25.288462	25.343872	25.397900	25.450588	25.501465	25.550636	25.597597	25.642498	25.684820	25.724749	25.761778	25.796101	25.827248	25.855413	25.880180	25.901722	25.919712	25.934277	25.945190	25.952534	25.956194	25.956188	25.952534	25.945189	25.934275	25.919712	25.901722	25.880180	25.855410	25.827248	25.796099	25.761776	25.724751	25.684818	25.642498	25.597595	25.550638	25.501463	25.450588	25.397896	25.343872	25.288458	25.232090	25.174784	25.116901	25.058546	
25.063560	25.126867	25.189753	25.251877	25.313162	25.373190	25.431967	25.489008	25.544395	25.597597	25.648748	25.697302	25.743427	25.786581	25.826956	25.864033	25.898012	25.928425	25.955452	25.978710	25.998344	26.014065	26.025974	26.033905	26.037895	26.037897	26.033901	26.025978	26.014063	25.998343	25.978708	25.955452	25.928423	25.898012	25.864033	25.826954	25.786579	25.743427	25.697300	25.648748	25.597597	25.544395	25.489010	25.431965	25.373188	25.313162	25.251875	25.189751	25.126867	25.063560	
25.068316	25.136404	25.203945	25.270809	25.336586	25.401241	25.464283	25.525757	25.585129	25.642498	25.697300	25.749683	25.799076	25.845657	25.888870	25.928913	25.965265	25.998119	26.027029	26.052158	26.073154	26.090143	26.102882	26.111446	26.115719	26.115717	26.111448	26.102880	26.090145	26.073153	26.052158	26.027027	25.998119	25.965263	25.928911	25.888870	25.845655	25.799076	25.749683	25.697300	25.642498	25.585129	25.525757	25.464283	25.401237	25.336588	25.270809	25.203945	25.136406	25.068316	
25.072836	25.145384	25.217445	25.288637	25.358866	25.427660	25.495008	25.560383	25.623844	25.684820	25.743427	25.799078	25.851923	25.901386	25.947643	25.990143	26.029072	26.063932	26.094896	26.121555	26.144047	26.162069	26.175716	26.184803	26.189375	26.189377	26.184799	26.175714	26.162066	26.144049	26.121552	26.094898	26.063929	26.029068	25.990143	25.947641	25.901386	25.851925	25.799076	25.743425	25.684820	25.623842	25.560385	25.495007	25.427658	25.358864	25.288637	25.217445	25.145384	25.072838	
25.077063	25.153866	25.230059	25.305477	25.379684	25.452604	25.523729	25.593065	25.660048	25.724751	25.786581	25.845657	25.901386	25.953918	26.002678	26.047832	26.088852	26.125900	26.158522	26.186857	26.210550	26.229708	26.244083	26.253742	26.258560	26.258558	26.253742	26.244080	26.229708	26.210548	26.186859	26.158520	26.125900	26.088852	26.047831	26.002678	25.953918	25.901386	25.845657	25.786581	25.724749	25.660048	25.593063	25.523729	25.452602	25.379683	25.305475	25.230059	25.153866	25.077063	
25.081020	25.161722	25.241875	25.321075	25.399185	25.475718	25.550625	25.623356	25.693935	25.761778	25.826954	25.888870	25.947641	26.002676	26.054119	26.101408	26.144695	26.183487	26.217918	26.247583	26.272593	26.292646	26.307823	26.317934	26.323017	26.323021	26.317930	26.307821	26.292643	26.272594	26.247581	26.217918	26.183485	26.144695	26.101408	26.054117	26.002678	25.947643	25.888872	25.826954	25.761776	25.693933	25.623356	25.550623	25.475716	25.399181	25.321075	25.241875	25.161722	25.081022	
25.084650	25.169014	25.252712	25.335552	25.417072	25.497162	25.575300	25.651451	25.725042	25.796101	25.864033	25.928911	25.990143	26.047832	26.101410	26.150993	26.196064	26.236750	26.272593	26.303709	26.329742	26.350780	26.366573	26.377180	26.382477	26.382473	26.377184	26.366571	26.350780	26.329741	26.303707	26.272593	26.236748	26.196064	26.150993	26.101406	26.047832	25.990143	25.928911	25.864033	25.796099	25.725040	25.651447	25.575300	25.497160	25.417072	25.335548	25.252712	25.169014	25.084650	
25.087984	25.175621	25.262657	25.348669	25.433483	25.516603	25.597935	25.676933	25.753561	25.827246	25.898010	25.965263	26.029070	26.088852	26.144697	26.196064	26.243057	26.285196	26.322577	26.354797	26.381948	26.403732	26.420206	26.431190	26.436710	26.436712	26.431187	26.420206	26.403730	26.381948	26.354797	26.322573	26.285194	26.243057	26.196064	26.144695	26.088850	26.029068	25.965263	25.898008	25.827248	25.753559	25.676931	25.597931	25.516605	25.433483	25.348671	25.262659	25.175621	25.087982	
25.090961	25.181604	25.271549	25.360546	25.448153	25.534203	25.618176	25.699986	25.779076	25.855412	25.928421	25.998119	26.063931	26.125900	26.183485	26.236748	26.285194	26.328896	26.367422	26.400848	26.428829	26.451427	26.468403	26.479795	26.485487	26.485487	26.479797	26.468403	26.451424	26.428829	26.400845	26.367424	26.328892	26.285194	26.236748	26.183485	26.125900	26.063931	25.998119	25.928421	25.855412	25.779074	25.699982	25.618174	25.534199	25.448154	25.360546	25.271547	25.181606	25.090960	
25.093609	25.186859	25.279457	25.370983	25.461208	25.549660	25.636181	25.720249	25.801764	25.880180	25.955452	26.027025	26.094894	26.158520	26.217918	26.272593	26.322575	26.367424	26.407181	26.441475	26.470356	26.493540	26.511063	26.522751	26.528624	26.528625	26.522751	26.511063	26.493540	26.470356	26.441475	26.407175	26.367422	26.322571	26.272593	26.217918	26.158520	26.094896	26.027027	25.955452	25.880180	25.801760	25.720247	25.636181	25.549662	25.461208	25.370983	25.279457	25.186859	25.093609	
25.095886	25.191435	25.286255	25.380068	25.472427	25.563122	25.651659	25.737881	25.821270	25.901724	25.978706	26.052158	26.121552	26.186859	26.247581	26.303711	26.354797	26.400848	26.441477	26.476700	26.506207	26.530018	26.547920	26.559929	26.565929	26.565929	26.559925	26.547924	26.530018	26.506207	26.476698	26.441475	26.400846	26.354797	26.303709	26.247581	26.186857	26.121553	26.052158	25.978710	25.901726	25.821272	25.737879	25.651659	25.563122	25.472429	25.380066	25.286255	25.191437	25.095886	
25.097813	25.195251	25.292004	25.387646	25.481913	25.574348	25.664738	25.752596	25.837753	25.919712	25.998344	26.073151	26.144049	26.210548	26.272594	26.329742	26.381950	26.428829	26.470356	26.506207	26.536371	26.560606	26.578907	26.591125	26.597263	26.597261	26.591129	26.578907	26.560608	26.536369	26.506207	26.470352	26.428829	26.381950	26.329742	26.272594	26.210548	26.144049	26.073153	25.998344	25.919710	25.837753	25.752598	25.664738	25.574348	25.481913	25.387646	25.292004	25.195251	25.097811	
25.099350	25.198345	25.296595	25.393789	25.489494	25.583450	25.675201	25.764519	25.850941	25.934277	26.014063	26.090145	26.162064	26.229710	26.292645	26.350780	26.403732	26.451427	26.493538	26.530018	26.560604	26.585266	26.603825	26.616257	26.622478	26.622480	26.616257	26.603825	26.585266	26.560608	26.530018	26.493540	26.451427	26.403732	26.350780	26.292646	26.229710	26.162067	26.090145	26.014061	25.934278	25.850941	25.764519	25.675201	25.583448	25.489496	25.393787	25.296597	25.198345	25.099350	
25.100519	25.200663	25.300085	25.398384	25.495251	25.590261	25.683136	25.773447	25.860939	25.945190	26.025978	26.102879	26.175716	26.244081	26.307823	26.366573	26.420208	26.468403	26.511063	26.547924	26.578907	26.603825	26.622625	26.635187	26.641491	26.641489	26.635189	26.622623	26.603825	26.578907	26.547920	26.511063	26.468403	26.420208	26.366575	26.307823	26.244083	26.175718	26.102882	26.025978	25.945190	25.860943	25.773445	25.683138	25.590263	25.495251	25.398386	25.300083	25.200661	25.100517	
25.101294	25.202223	25.302401	25.401484	25.499073	25.594851	25.688412	25.779457	25.867588	25.952536	26.033901	26.111446	26.184799	26.253742	26.317932	26.377180	26.431190	26.479797	26.522753	26.559929	26.591125	26.616261	26.635187	26.647861	26.654205	26.654205	26.647861	26.635189	26.616257	26.591125	26.559929	26.522755	26.479797	26.431190	26.377186	26.317932	26.253744	26.184801	26.111450	26.033903	25.952536	25.867590	25.779457	25.688412	25.594849	25.499075	25.401482	25.302401	25.202221	25.101294	
25.101685	25.202999	25.303572	25.403025	25.501003	25.597134	25.691074	25.782450	25.870941	25.956190	26.037895	26.115715	26.189375	26.258560	26.323021	26.382477	26.436712	26.485489	26.528625	26.565929	26.597261	26.622478	26.641491	26.654205	26.660580	26.660578	26.654207	26.641489	26.622478	26.597260	26.565928	26.528625	26.485489	26.436714	26.382477	26.323021	26.258560	26.189377	26.115719	26.037897	25.956192	25.870941	25.782452	25.691072	25.597134	25.501003	25.403023	25.303570	25.202997	25.101685	
25.101685	25.202999	25.303572	25.403025	25.501003	25.597134	25.691074	25.782450	25.870941	25.956190	26.037895	26.115715	26.189375	26.258560	26.323021	26.382477	26.436712	26.485489	26.528625	26.565929	26.597261	26.622478	26.641491	26.654205	26.660580	26.660578	26.654207	26.641489	26.622478	26.597260	26.565928	26.528625	26.485489	26.436714	26.382477	26.323021	26.258560	26.189377	26.115719	26.037897	25.956192	25.870941	25.782452	25.691072	25.597134	25.501003	25.403023	25.303570	25.202997	25.101685	
25.101294	25.202223	25.302401	25.401484	25.499073	25.594851	25.688412	25.779457	25.867588	25.952536	26.033901	26.111446	26.184799	26.253742	26.317932	26.377180	26.431190	26.479797	26.522753	26.559929	26.591125	26.616261	26.635187	26.647861	26.654205	26.654205	26.647861	26.635189	26.616257	26.591125	26.559929	26.522755	26.479797	26.431190	26.377186	26.317932	26.253744	26.184801	26.111450	26.033903	25.952536	25.867590	25.779457	25.688412	25.594849	25.499075	25.401482	25.302401	25.202221	25.101294	
25.100519	25.200663	25.300085	25.398384	25.495251	25.590261	25.683136	25.773447	25.860939	25.945190	26.025978	26.102879	26.175716	26.244081	26.307823	26.366573	26.420208	26.468403	26.511063	26.547924	26.578907	26.603825	26.622625	26.635187	26.641491	26.641489	26.635189	26.622623	26.603825	26.578907	26.547920	26.511063	26.468403	26.420208	26.366575	26.307823	26.244083	26.175718	26.102882	26.025978	25.945190	25.860943	25.773445	25.683138	25.590263	25.495251	25.398386	25.300083	25.200661	25.100517	
25.099350	25.198345	25.296595	25.393789	25.489494	25.583450	25.675201	25.764519	25.850941	25.934277	26.014063	26.090145	26.162064	26.229710	26.292645	26.350780	26.403732	26.451427	26.493538	26.530018	26.560604	26.585266	26.603825	26.616257	26.622478	26.622480	26.616257	26.603825	26.585266	26.560608	26.530018	26.493540	26.451427	26.403732	26.350780	26.292646	26.229710	26.162067	26.090145	26.014061	25.934278	25.850941	25.764519	25.675201	25.583448	25.489496	25.393787	25.296597	25.198345	25.099350	
25.097813	25.195251	25.292004	25.387646	25.481913	25.574348	25.664738	25.752596	25.837753	25.919712	25.998344	26.073151	26.144049	26.210548	26.272594	26.329742	26.381950	26.428829	26.470356	26.506207	26.536371	26.560606	26.578907	26.591125	26.597263	26.597261	26.591129	26.578907	26.560608	26.536369	26.506207	26.470352	26.428829	26.381950	26.329742	26.272594	26.210548	26.144049	26.073153	25.998344	25.919710	25.837753	25.752598	25.664738	25.574348	25.481913	25.387646	25.292004	25.195251	25.097811	
25.095886	25.191435	25.286255	25.380068	25.472427	25.563122	25.651659	25.737881	25.821270	25.901724	25.978706	26.052158	26.121552	26.186859	26.247581	26.303711	26.354797	26.400848	26.441477	26.476700	26.506207	26.530018	26.547920	26.559929	26.565929	26.565929	26.559925	26.547924	26.530018	26.506207	26.476698	26.441475	26.400846	26.354797	26.303709	26.247581	26.186857	26.121553	26.052158	25.978710	25.901726	25.821272	25.737879	25.651659	25.563122	25.472429	25.380066	25.286255	25.191437	25.095886	
25.093609	25.186859	25.279457	25.370983	25.461208	25.549660	25.636181	25.720249	25.801764	25.880180	25.955452	26.027025	26.094894	26.158520	26.217918	26.272593	26.322575	26.367424	26.407181	26.441475	26.470356	26.493540	26.511063	26.522751	26.528624	26.528625	26.522751	26.511063	26.493540	26.470356	26.441475	26.407175	26.367422	26.322571	26.272593	26.217918	26.158520	26.094896	26.027027	25.955452	25.880180	25.801760	25.720247	25.636181	25.549662	25.461208	25.370983	25.279457	25.186859	25.093609	
25.090961	25.181604	25.271549	25.360546	25.448153	25.534203	25.618176	25.699986	25.779076	25.855412	25.928421	25.998119	26.063931	26.125900	26.183485	26.236748	26.285194	26.328896	26.367422	26.400848	26.428829	26.451427	26.468403	26.479795	26.485487	26.485487	26.479797	26.468403	26.451424	26.428829	26.400845	26.367424	26.328892	26.285194	26.236748	26.183485	26.125900	26.063931	25.998119	25.928421	25.855412	25.779074	25.699982	25.618174	25.534199	25.448154	25.360546	25.271547	25.181606	25.090960	
25.087984	25.175621	25.262657	25.348669	25.433483	25.516603	25.597935	25.676933	25.753561	25.827246	25.898010	25.965263	26.029070	26.088852	26.144697	26.196064	26.243057	26.285196	26.322577	26.354797	26.381948	26.403732	26.420206	26.431190	26.436710	26.436712	26.431187	26.420206	26.403730	26.381948	26.354797	26.322573	26.285194	26.243057	26.196064	26.144695	26.088850	26.029068	25.965263	25.898008	25.827248	25.753559	25.676931	25.597931	25.516605	25.433483	25.348671	25.262659	25.175621	25.087982	
25.084650	25.169014	25.252712	25.335552	25.417072	25.497162	25.575300	25.651451	25.725042	25.796101	25.864033	25.928911	25.990143	26.047832	26.101410	26.150993	26.196064	26.236750	26.272593	26.303709	26.329742	26.350780	26.366573	26.377180	26.382477	26.382473	26.377184	26.366571	26.350780	26.329741	26.303707	26.272593	26.236748	26.196064	26.150993	26.101406	26.047832	25.990143	25.928911	25.864033	25.796099	25.725040	25.651447	25.575300	25.497160	25.417072	25.335548	25.252712	25.169014	25.084650	
25.081020	25.161722	25.241875	25.321075	25.399185	25.475718	25.550625	25.623356	25.693935	25.761778	25.826954	25.888870	25.947641	26.002676	26.054119	26.101408	26.144695	26.183487	26.217918	26.247583	26.272593	26.292646	26.307823	26.317934	26.323017	26.323021	26.317930	26.307821	26.292643	26.272594	26.247581	26.217918	26.183485	26.144695	26.101408	26.054117	26.002678	25.947643	25.888872	25.826954	25.761776	25.693933	25.623356	25.550623	25.475716	25.399181	25.321075	25.241875	25.161722	25.081022	
25.077063	25.153866	25.230059	25.305477	25.379684	25.452604	25.523729	25.593065	25.660048	25.724751	25.786581	25.845657	25.901386	25.953918	26.002678	26.047832	26.088852	26.125900	26.158522	26.186857	26.210550	26.229708	26.244083	26.253742	26.258560	26.258558	26.253742	26.244080	26.229708	26.210548	26.186859	26.158520	26.125900	26.088852	26.047831	26.002678	25.953918	25.901386	25.845657	25.786581	25.724749	25.660048	25.593063	25.523729	25.452602	25.379683	25.305475	25.230059	25.153866	25.077063	
25.072836	25.145384	25.217445	25.288637	25.358866	25.427660	25.495008	25.560383	25.623844	25.684820	25.743427	25.799078	25.851923	25.901386	25.947643	25.990143	26.029072	26.063932	26.094896	26.121555	26.144047	26.162069	26.175716	26.184803	26.189375	26.189377	26.184799	26.175714	26.162066	26.144049	26.121552	26.094898	26.063929	26.029068	25.990143	25.947641	25.901386	25.851925	25.799076	25.743425	25.684820	25.623842	25.560385	25.495007	25.427658	25.358864	25.288637	25.217445	25.145384	25.072838	
25.068316	25.136404	25.203945	25.270809	25.336586	25.401241	25.464283	25.525757	25.585129	25.642498	25.697300	25.749683	25.799076	25.845657	25.888870	25.928913	25.965265	25.998119	26.027029	26.052158	26.073154	26.090143	26.102882	26.111446	26.115719	26.115717	26.111448	26.102880	26.090145	26.073153	26.052158	26.027027	25.998119	25.965263	25.928911	25.888870	25.845655	25.799076	25.749683	25.697300	25.642498	25.585129	25.525757	25.464283	25.401237	25.336588	25.270809	25.203945	25.136406	25.068316	
25.063560	25.126867	25.189753	25.251877	25.313162	25.373190	25.431967	25.489008	25.544395	25.597597	25.648748	25.697302	25.743427	25.786581	25.826956	25.864033	25.898012	25.928425	25.955452	25.978710	25.998344	26.014065	26.025974	26.033905	26.037895	26.037897	26.033901	26.025978	26.014063	25.998343	25.978708	25.955452	25.928423	25.898012	25.864033	25.826954	25.786579	25.743427	25.697300	25.648748	25.597597	25.544395	25.489010	25.431965	25.373188	25.313162	25.251875	25.189751	25.126867	25.063560	
25.058548	25.116901	25.174786	25.232090	25.288462	25.343872	25.397900	25.450588	25.501465	25.550636	25.597597	25.642498	25.684820	25.724749	25.761778	25.796101	25.827248	25.855413	25.880180	25.901722	25.919712	25.934277	25.945190	25.952534	25.956194	25.956188	25.952534	25.945189	25.934275	25.919712	25.901722	25.880180	25.855410	25.827248	25.796099	25.761776	25.724751	25.684818	25.642498	25.597595	25.550638	25.501463	25.450588	25.397896	25.343872	25.288458	25.232090	25.174784	25.116901	25.058546	
25.053337	25.106459	25.159229	25.211357	25.262787	25.313156	25.362484	25.410345	25.456827	25.501465	25.544394	25.585129	25.623840	25.660048	25.693933	25.725042	25.753561	25.779076	25.801764	25.821272	25.837753	25.850941	25.860939	25.867590	25.870937	25.870941	25.867586	25.860939	25.850939	25.837753	25.821270	25.801762	25.779072	25.753561	25.725040	25.693935	25.660048	25.623842	25.585129	25.544395	25.501461	25.456825	25.410345	25.362484	25.313156	25.262787	25.211355	25.159229	25.106457	25.053337	
25.047907	25.095661	25.143024	25.189920	25.236044	25.281391	25.325596	25.368717	25.410343	25.450590	25.489010	25.525759	25.560383	25.593061	25.623356	25.651447	25.676933	25.699986	25.720247	25.737881	25.752598	25.764517	25.773445	25.779455	25.782452	25.782448	25.779457	25.773443	25.764519	25.752594	25.737881	25.720245	25.699982	25.676931	25.651447	25.623358	25.593063	25.560383	25.525759	25.489006	25.450588	25.410343	25.368715	25.325596	25.281391	25.236044	25.189919	25.143023	25.095661	25.047909	
25.042320	25.084473	25.126343	25.167706	25.208517	25.248480	25.287624	25.325596	25.362482	25.397898	25.431969	25.464283	25.495007	25.523729	25.550621	25.575302	25.597933	25.618179	25.636181	25.651657	25.664738	25.675200	25.683134	25.688412	25.691069	25.691072	25.688408	25.683136	25.675196	25.664740	25.651655	25.636181	25.618174	25.597935	25.575300	25.550625	25.523729	25.495007	25.464285	25.431967	25.397898	25.362482	25.325596	25.287621	25.248478	25.208515	25.167706	25.126343	25.084471	25.042320	
25.036560	25.073006	25.109150	25.144939	25.180138	25.214746	25.248482	25.281391	25.313156	25.343872	25.373188	25.401239	25.427658	25.452602	25.475719	25.497162	25.516605	25.534199	25.549664	25.563120	25.574348	25.583448	25.590260	25.594847	25.597134	25.597130	25.594851	25.590260	25.583448	25.574348	25.563122	25.549660	25.534199	25.516603	25.497162	25.475719	25.452604	25.427658	25.401239	25.373188	25.343872	25.313156	25.281389	25.248478	25.214745	25.180138	25.144939	25.109150	25.073004	25.036562	
25.030682	25.061241	25.091595	25.121582	25.151169	25.180138	25.208519	25.236044	25.262789	25.288460	25.313160	25.336586	25.358862	25.379684	25.399183	25.417072	25.433481	25.448156	25.461208	25.472427	25.481911	25.489492	25.495247	25.499073	25.500999	25.501001	25.499071	25.495251	25.489494	25.481913	25.472427	25.461208	25.448153	25.433483	25.417072	25.399185	25.379683	25.358864	25.336588	25.313164	25.288460	25.262787	25.236046	25.208517	25.180138	25.151165	25.121580	25.091595	25.061239	25.030682	
25.024677	25.049274	25.073669	25.097824	25.121582	25.144939	25.167706	25.189922	25.211357	25.232090	25.251875	25.270805	25.288637	25.305475	25.321075	25.335550	25.348671	25.360548	25.370983	25.380066	25.387644	25.393785	25.398384	25.401482	25.403023	25.403019	25.401482	25.398382	25.393787	25.387644	25.380068	25.370983	25.360550	25.348671	25.335550	25.321075	25.305475	25.288637	25.270809	25.251875	25.232090	25.211357	25.189919	25.167706	25.144939	25.121580	25.097824	25.073669	25.049273	25.024677	
25.018593	25.037106	25.055500	25.073668	25.091599	25.109150	25.126347	25.143026	25.159231	25.174784	25.189751	25.203945	25.217443	25.230057	25.241875	25.252710	25.262657	25.271545	25.279457	25.286253	25.292000	25.296595	25.300081	25.302401	25.303568	25.303570	25.302399	25.300083	25.296597	25.292002	25.286255	25.279457	25.271547	25.262661	25.252712	25.241875	25.230059	25.217445	25.203945	25.189751	25.174784	25.159229	25.143024	25.126347	25.109150	25.091599	25.073669	25.055500	25.037107	25.018591	
25.012432	25.024818	25.037107	25.049274	25.061237	25.073008	25.084471	25.095661	25.106459	25.116899	25.126865	25.136402	25.145382	25.153864	25.161720	25.169010	25.175621	25.181602	25.186859	25.191437	25.195251	25.198345	25.200661	25.202219	25.202997	25.202997	25.202221	25.200661	25.198345	25.195251	25.191435	25.186859	25.181604	25.175619	25.169014	25.161720	25.153866	25.145382	25.136402	25.126865	25.116899	25.106459	25.095661	25.084473	25.073004	25.061239	25.049274	25.037106	25.024818	25.012432	
25.006229	25.012430	25.018591	25.024677	25.030682	25.036560	25.042324	25.047909	25.053337	25.058546	25.063560	25.068316	25.072836	25.077061	25.081018	25.084648	25.087982	25.090958	25.093609	25.095886	25.097811	25.099350	25.100517	25.101294	25.101685	25.101685	25.101295	25.100517	25.099350	25.097813	25.095886	25.093609	25.090958	25.087982	25.084648	25.081020	25.077063	25.072838	25.068316	25.063560	25.058548	25.053337	25.047909	25.042322	25.036562	25.030682	25.024677	25.018589	25.012430	25.006227	
