25.003433	25.006849	25.010242	25.013596	25.016901	25.020138	25.023300	25.026375	25.029350	25.032211	25.034956	25.037563	25.040031	25.042343	25.044498	25.046486	25.048296	25.049919	25.051357	25.052601	25.053642	25.054482	25.055113	25.055536	25.055746	25.055748	25.055534	25.055111	25.054482	25.053642	25.052601	25.051357	25.049921	25.048294	25.046486	25.044500	25.042345	25.040031	25.037563	25.034954	25.032211	25.029350	25.026375	25.023300	25.020138	25.016899	25.013597	25.010242	25.006847	25.003431	
25.006851	25.013674	25.020447	25.027142	25.033733	25.040203	25.046513	25.052650	25.058586	25.064308	25.069777	25.074987	25.079906	25.084534	25.088829	25.092796	25.096405	25.099653	25.102522	25.105001	25.107084	25.108757	25.110016	25.110863	25.111282	25.111282	25.110863	25.110018	25.108757	25.107082	25.105003	25.102524	25.099655	25.096407	25.092796	25.088833	25.084534	25.079908	25.074989	25.069775	25.064306	25.058586	25.052650	25.046515	25.040199	25.033733	25.027142	25.020447	25.013676	25.006849	
25.010244	25.020445	25.030575	25.040585	25.050444	25.060108	25.069553	25.078724	25.087608	25.096151	25.104340	25.112122	25.119490	25.126392	25.132828	25.138752	25.144157	25.149010	25.153299	25.157007	25.160118	25.162621	25.164507	25.165768	25.166397	25.166399	25.165766	25.164505	25.162621	25.160118	25.157005	25.153301	25.149010	25.144157	25.138754	25.132830	25.126396	25.119488	25.112122	25.104338	25.096149	25.087608	25.078728	25.069550	25.060110	25.050442	25.040586	25.030573	25.020447	25.010242	
25.013596	25.027142	25.040585	25.053873	25.066957	25.079792	25.092319	25.104507	25.116289	25.127644	25.138496	25.148842	25.158607	25.167788	25.176315	25.184193	25.191355	25.197803	25.203495	25.208416	25.212547	25.215870	25.218372	25.220047	25.220884	25.220882	25.220047	25.218370	25.215870	25.212547	25.208418	25.203495	25.197803	25.191357	25.184191	25.176317	25.167786	25.158609	25.148842	25.138496	25.127640	25.116287	25.104507	25.092323	25.079792	25.066961	25.053875	25.040585	25.027142	25.013596	
25.016899	25.033733	25.050442	25.066956	25.083225	25.099171	25.114748	25.129887	25.144541	25.158636	25.172146	25.184986	25.197140	25.208532	25.219149	25.228924	25.237839	25.245842	25.252924	25.259037	25.264172	25.268299	25.271412	25.273491	25.274534	25.274536	25.273491	25.271414	25.268299	25.264172	25.259037	25.252924	25.245846	25.237841	25.228924	25.219151	25.208534	25.197138	25.184986	25.172144	25.158634	25.144543	25.129887	25.114750	25.099173	25.083223	25.066959	25.050442	25.033733	25.016899	
25.020136	25.040199	25.060108	25.079792	25.099171	25.118179	25.136734	25.154781	25.172234	25.189045	25.205124	25.220444	25.234909	25.248505	25.261139	25.272800	25.283411	25.292961	25.301390	25.308680	25.314795	25.319715	25.323423	25.325903	25.327147	25.327145	25.325905	25.323425	25.319721	25.314796	25.308681	25.301392	25.292963	25.283417	25.272800	25.261141	25.248505	25.234913	25.220444	25.205124	25.189045	25.172234	25.154783	25.136736	25.118179	25.099173	25.079792	25.060108	25.040201	25.020138	
25.023304	25.046511	25.069550	25.092319	25.114746	25.136736	25.158213	25.179081	25.199287	25.218721	25.237347	25.255053	25.271809	25.287518	25.302156	25.315632	25.327927	25.338961	25.348724	25.357151	25.364231	25.369923	25.374214	25.377083	25.378517	25.378519	25.377083	25.374214	25.369925	25.364231	25.357151	25.348724	25.338964	25.327927	25.315634	25.302158	25.287521	25.271811	25.255051	25.237347	25.218723	25.199287	25.179085	25.158215	25.136738	25.114748	25.092321	25.069550	25.046513	25.023302	
25.026375	25.052650	25.078724	25.104506	25.129883	25.154781	25.179083	25.202717	25.225571	25.247589	25.268652	25.288712	25.307663	25.325462	25.342014	25.357283	25.371181	25.383690	25.394726	25.404278	25.412281	25.418732	25.423584	25.426834	25.428459	25.428459	25.426834	25.423586	25.418732	25.412285	25.404278	25.394730	25.383690	25.371185	25.357286	25.342016	25.325464	25.307663	25.288712	25.268650	25.247589	25.225573	25.202717	25.179085	25.154779	25.129885	25.104504	25.078724	25.052650	25.026375	
25.029350	25.058586	25.087605	25.116287	25.144535	25.172234	25.199284	25.225573	25.251019	25.275501	25.298956	25.321262	25.342367	25.362156	25.380592	25.397566	25.413052	25.426952	25.439249	25.449862	25.458782	25.465950	25.471355	25.474968	25.476778	25.476780	25.474968	25.471355	25.465950	25.458780	25.449865	25.439249	25.426956	25.413052	25.397570	25.380594	25.362156	25.342369	25.321260	25.298956	25.275501	25.251020	25.225574	25.199286	25.172232	25.144535	25.116287	25.087605	25.058586	25.029350	
25.032211	25.064304	25.096148	25.127634	25.158634	25.189037	25.218719	25.247585	25.275497	25.302387	25.328112	25.352612	25.375759	25.397499	25.417713	25.436361	25.453339	25.468613	25.482094	25.493757	25.503532	25.511410	25.517338	25.521309	25.523291	25.523293	25.521305	25.517338	25.511414	25.503536	25.493757	25.482096	25.468613	25.453342	25.436363	25.417713	25.397499	25.375757	25.352613	25.328114	25.302387	25.275501	25.247589	25.218719	25.189039	25.158634	25.127636	25.096149	25.064304	25.032211	
25.034954	25.069771	25.104336	25.138493	25.172136	25.205122	25.237339	25.268646	25.298952	25.328110	25.356043	25.382610	25.407745	25.431313	25.453270	25.473486	25.491928	25.508482	25.523125	25.535767	25.546391	25.554928	25.561365	25.565668	25.567825	25.567823	25.565668	25.561365	25.554930	25.546391	25.535770	25.523129	25.508486	25.491928	25.473490	25.453270	25.431316	25.407745	25.382608	25.356045	25.328112	25.298954	25.268646	25.237343	25.205122	25.172138	25.138496	25.104334	25.069775	25.034954	
25.037560	25.074986	25.112118	25.148834	25.184980	25.220436	25.255047	25.288704	25.321259	25.352608	25.382608	25.411175	25.438168	25.463516	25.487091	25.508835	25.528633	25.546444	25.562162	25.575764	25.587166	25.596352	25.603264	25.607889	25.610205	25.610207	25.607891	25.603264	25.596352	25.587168	25.575766	25.562166	25.546444	25.528637	25.508839	25.487091	25.463516	25.438168	25.411177	25.382608	25.352610	25.321259	25.288708	25.255047	25.220436	25.184982	25.148834	25.112120	25.074986	25.037561	
25.040031	25.079905	25.119484	25.158604	25.197134	25.234905	25.271801	25.307655	25.342361	25.375755	25.407742	25.438166	25.466949	25.493946	25.519085	25.542238	25.563353	25.582317	25.599085	25.613564	25.625729	25.635508	25.642881	25.647806	25.650278	25.650278	25.647808	25.642881	25.635508	25.625731	25.613567	25.599087	25.582321	25.563356	25.542240	25.519085	25.493944	25.466949	25.438164	25.407742	25.375755	25.342363	25.307655	25.271805	25.234907	25.197134	25.158604	25.119486	25.079906	25.040031	
25.042343	25.084530	25.126389	25.167782	25.208527	25.248495	25.287514	25.325455	25.362152	25.397491	25.431313	25.463514	25.493942	25.522518	25.549093	25.573605	25.595924	25.615997	25.633724	25.649054	25.661909	25.672262	25.680054	25.685272	25.687881	25.687881	25.685272	25.680058	25.672264	25.661911	25.649055	25.633724	25.616001	25.595928	25.573606	25.549093	25.522518	25.493942	25.463516	25.431309	25.397495	25.362152	25.325459	25.287514	25.248499	25.208527	25.167782	25.126392	25.084532	25.042343	
25.044500	25.088825	25.132824	25.176311	25.219141	25.261135	25.302147	25.342007	25.380587	25.417709	25.453264	25.487087	25.519081	25.549095	25.577038	25.602779	25.626251	25.647335	25.665970	25.682070	25.695591	25.706461	25.714657	25.720135	25.722881	25.722879	25.720135	25.714659	25.706463	25.695593	25.682072	25.665974	25.647333	25.626253	25.602779	25.577040	25.549091	25.519083	25.487087	25.453266	25.417707	25.380589	25.342009	25.302151	25.261135	25.219143	25.176311	25.132826	25.088829	25.044498	
25.046484	25.092794	25.138744	25.184183	25.228916	25.272789	25.315626	25.357275	25.397560	25.436356	25.473482	25.508831	25.542236	25.573601	25.602779	25.629684	25.654190	25.676224	25.695683	25.712509	25.726625	25.737988	25.746544	25.752270	25.755138	25.755136	25.752270	25.746546	25.737991	25.726625	25.712513	25.695683	25.676226	25.654190	25.629684	25.602777	25.573605	25.542234	25.508831	25.473480	25.436357	25.397562	25.357277	25.315624	25.272793	25.228918	25.184183	25.138748	25.092793	25.046482	
25.048294	25.096401	25.144150	25.191347	25.237831	25.283405	25.327915	25.371174	25.413042	25.453331	25.491920	25.528629	25.563351	25.595922	25.626247	25.654188	25.679659	25.702541	25.722767	25.740238	25.754913	25.766710	25.775604	25.781549	25.784531	25.784529	25.781549	25.775606	25.766712	25.754913	25.740238	25.722767	25.702539	25.679661	25.654186	25.626249	25.595921	25.563351	25.528627	25.491920	25.453331	25.413044	25.371178	25.327919	25.283405	25.237831	25.191349	25.144152	25.096405	25.048294	
25.049919	25.099651	25.149002	25.197796	25.245832	25.292953	25.338951	25.383682	25.426945	25.468607	25.508476	25.546436	25.582310	25.615995	25.647331	25.676222	25.702539	25.726200	25.747097	25.765167	25.780327	25.792530	25.801720	25.807869	25.810947	25.810947	25.807867	25.801720	25.792532	25.780327	25.765171	25.747097	25.726202	25.702538	25.676224	25.647327	25.615995	25.582310	25.546436	25.508476	25.468605	25.426945	25.383682	25.338953	25.292953	25.245834	25.197796	25.149004	25.099651	25.049919	
25.051355	25.102516	25.153294	25.203484	25.252914	25.301378	25.348715	25.394718	25.439241	25.482084	25.523119	25.562157	25.599077	25.633717	25.665966	25.695679	25.722763	25.747095	25.768604	25.787186	25.802786	25.815338	25.824797	25.831120	25.834290	25.834286	25.831120	25.824797	25.815338	25.802790	25.787186	25.768604	25.747097	25.722763	25.695679	25.665966	25.633718	25.599079	25.562157	25.523117	25.482086	25.439240	25.394720	25.348713	25.301382	25.252914	25.203487	25.153296	25.102516	25.051357	
25.052597	25.104996	25.156998	25.208408	25.259026	25.308672	25.357140	25.404268	25.449852	25.493748	25.535759	25.575756	25.613556	25.649048	25.682064	25.712505	25.740234	25.765163	25.787186	25.806223	25.822197	25.835056	25.844738	25.851217	25.854460	25.854462	25.851215	25.844738	25.835056	25.822199	25.806227	25.787186	25.765167	25.740234	25.712505	25.682066	25.649048	25.613558	25.575756	25.535761	25.493748	25.449856	25.404268	25.357143	25.308674	25.259029	25.208412	25.157000	25.105000	25.052597	
25.053638	25.107075	25.160112	25.212536	25.264162	25.314785	25.364222	25.412273	25.458775	25.503527	25.546383	25.587160	25.625721	25.661901	25.695585	25.726620	25.754906	25.780323	25.802786	25.822197	25.838490	25.851601	25.861479	25.868080	25.871391	25.871393	25.868084	25.861481	25.851601	25.838493	25.822197	25.802788	25.780325	25.754908	25.726620	25.695583	25.661903	25.625723	25.587160	25.546383	25.503529	25.458775	25.412277	25.364223	25.314787	25.264166	25.212540	25.160114	25.107079	25.053642	
25.054478	25.108751	25.162613	25.215862	25.268290	25.319710	25.369911	25.418724	25.465942	25.511406	25.554920	25.596346	25.635500	25.672256	25.706453	25.737982	25.766705	25.792524	25.815332	25.835052	25.851597	25.864916	25.874945	25.881657	25.885017	25.885015	25.881655	25.874947	25.864918	25.851601	25.835054	25.815334	25.792526	25.766708	25.737982	25.706457	25.672255	25.635502	25.596344	25.554920	25.511402	25.465944	25.418724	25.369915	25.319712	25.268293	25.215864	25.162617	25.108753	25.054478	
25.055109	25.110012	25.164501	25.218361	25.271404	25.323414	25.374205	25.423576	25.471350	25.517330	25.561361	25.603256	25.642874	25.680046	25.714649	25.746536	25.775597	25.801712	25.824791	25.844734	25.861475	25.874943	25.885092	25.891878	25.895279	25.895281	25.891880	25.885094	25.874947	25.861477	25.844738	25.824791	25.801718	25.775600	25.746540	25.714651	25.680052	25.642874	25.603258	25.561361	25.517332	25.471348	25.423578	25.374207	25.323418	25.271406	25.218367	25.164501	25.110014	25.055111	
25.055531	25.110857	25.165760	25.220039	25.273483	25.325895	25.377073	25.426828	25.474958	25.521301	25.565659	25.607885	25.647800	25.685265	25.720127	25.752262	25.781542	25.807861	25.831112	25.851212	25.868080	25.881653	25.891876	25.898716	25.902143	25.902143	25.898720	25.891880	25.881657	25.868080	25.851215	25.831116	25.807861	25.781546	25.752262	25.720129	25.685265	25.647802	25.607887	25.565664	25.521303	25.474964	25.426826	25.377077	25.325899	25.273487	25.220041	25.165764	25.110859	25.055534	
25.055744	25.111279	25.166393	25.220877	25.274527	25.327137	25.378511	25.428452	25.476772	25.523285	25.567818	25.610199	25.650270	25.687874	25.722874	25.755127	25.784523	25.810940	25.834282	25.854458	25.871389	25.885012	25.895275	25.902142	25.905581	25.905582	25.902143	25.895279	25.885014	25.871391	25.854458	25.834282	25.810942	25.784525	25.755131	25.722876	25.687878	25.650272	25.610205	25.567822	25.523289	25.476774	25.428455	25.378513	25.327141	25.274529	25.220881	25.166393	25.111279	25.055744	
25.055744	25.111279	25.166393	25.220877	25.274527	25.327137	25.378511	25.428452	25.476772	25.523285	25.567818	25.610199	25.650270	25.687874	25.722874	25.755127	25.784523	25.810940	25.834282	25.854458	25.871389	25.885012	25.895275	25.902142	25.905581	25.905582	25.902143	25.895279	25.885014	25.871391	25.854458	25.834282	25.810942	25.784525	25.755131	25.722876	25.687878	25.650272	25.610205	25.567822	25.523289	25.476774	25.428455	25.378513	25.327141	25.274529	25.220881	25.166393	25.111279	25.055744	
25.055531	25.110857	25.165760	25.220039	25.273483	25.325895	25.377073	25.426828	25.474958	25.521301	25.565659	25.607885	25.647800	25.685265	25.720127	25.752262	25.781542	25.807861	25.831112	25.851212	25.868080	25.881653	25.891876	25.898716	25.902143	25.902143	25.898720	25.891880	25.881657	25.868080	25.851215	25.831116	25.807861	25.781546	25.752262	25.720129	25.685265	25.647802	25.607887	25.565664	25.521303	25.474964	25.426826	25.377077	25.325899	25.273487	25.220041	25.165764	25.110859	25.055534	
25.055109	25.110012	25.164501	25.218361	25.271404	25.323414	25.374205	25.423576	25.471350	25.517330	25.561361	25.603256	25.642874	25.680046	25.714649	25.746536	25.775597	25.801712	25.824791	25.844734	25.861475	25.874943	25.885092	25.891878	25.895279	25.895281	25.891880	25.885094	25.874947	25.861477	25.844738	25.824791	25.801718	25.775600	25.746540	25.714651	25.680052	25.642874	25.603258	25.561361	25.517332	25.471348	25.423578	25.374207	25.323418	25.271406	25.218367	25.164501	25.110014	25.055111	
25.054478	25.108751	25.162613	25.215862	25.268290	25.319710	25.369911	25.418724	25.465942	25.511406	25.554920	25.596346	25.635500	25.672256	25.706453	25.737982	25.766705	25.792524	25.815332	25.835052	25.851597	25.864916	25.874945	25.881657	25.885017	25.885015	25.881655	25.874947	25.864918	25.851601	25.835054	25.815334	25.792526	25.766708	25.737982	25.706457	25.672255	25.635502	25.596344	25.554920	25.511402	25.465944	25.418724	25.369915	25.319712	25.268293	25.215864	25.162617	25.108753	25.054478	
25.053638	25.107075	25.160112	25.212536	25.264162	25.314785	25.364222	25.412273	25.458775	25.503527	25.546383	25.587160	25.625721	25.661901	25.695585	25.726620	25.754906	25.780323	25.802786	25.822197	25.838490	25.851601	25.861479	25.868080	25.871391	25.871393	25.868084	25.861481	25.851601	25.838493	25.822197	25.802788	25.780325	25.754908	25.726620	25.695583	25.661903	25.625723	25.587160	25.546383	25.503529	25.458775	25.412277	25.364223	25.314787	25.264166	25.212540	25.160114	25.107079	25.053642	
25.052597	25.104996	25.156998	25.208408	25.259026	25.308672	25.357140	25.404268	25.449852	25.493748	25.535759	25.575756	25.613556	25.649048	25.682064	25.712505	25.740234	25.765163	25.787186	25.806223	25.822197	25.835056	25.844738	25.851217	25.854460	25.854462	25.851215	25.844738	25.835056	25.822199	25.806227	25.787186	25.765167	25.740234	25.712505	25.682066	25.649048	25.613558	25.575756	25.535761	25.493748	25.449856	25.404268	25.357143	25.308674	25.259029	25.208412	25.157000	25.105000	25.052597	
25.051355	25.102516	25.153294	25.203484	25.252914	25.301378	25.348715	25.394718	25.439241	25.482084	25.523119	25.562157	25.599077	25.633717	25.665966	25.695679	25.722763	25.747095	25.768604	25.787186	25.802786	25.815338	25.824797	25.831120	25.834290	25.834286	25.831120	25.824797	25.815338	25.802790	25.787186	25.768604	25.747097	25.722763	25.695679	25.665966	25.633718	25.599079	25.562157	25.523117	25.482086	25.439240	25.394720	25.348713	25.301382	25.252914	25.203487	25.153296	25.102516	25.051357	
25.049919	25.099651	25.149002	25.197796	25.245832	25.292953	25.338951	25.383682	25.426945	25.468607	25.508476	25.546436	25.582310	25.615995	25.647331	25.676222	25.702539	25.726200	25.747097	25.765167	25.780327	25.792530	25.801720	25.807869	25.810947	25.810947	25.807867	25.801720	25.792532	25.780327	25.765171	25.747097	25.726202	25.702538	25.676224	25.647327	25.615995	25.582310	25.546436	25.508476	25.468605	25.426945	25.383682	25.338953	25.292953	25.245834	25.197796	25.149004	25.099651	25.049919	
25.048294	25.096401	25.144150	25.191347	25.237831	25.283405	25.327915	25.371174	25.413042	25.453331	25.491920	25.528629	25.563351	25.595922	25.626247	25.654188	25.679659	25.702541	25.722767	25.740238	25.754913	25.766710	25.775604	25.781549	25.784531	25.784529	25.781549	25.775606	25.766712	25.754913	25.740238	25.722767	25.702539	25.679661	25.654186	25.626249	25.595921	25.563351	25.528627	25.491920	25.453331	25.413044	25.371178	25.327919	25.283405	25.237831	25.191349	25.144152	25.096405	25.048294	
25.046484	25.092794	25.138744	25.184183	25.228916	25.272789	25.315626	25.357275	25.397560	25.436356	25.473482	25.508831	25.542236	25.573601	25.602779	25.629684	25.654190	25.676224	25.695683	25.712509	25.726625	25.737988	25.746544	25.752270	25.755138	25.755136	25.752270	25.746546	25.737991	25.726625	25.712513	25.695683	25.676226	25.654190	25.629684	25.602777	25.573605	25.542234	25.508831	25.473480	25.436357	25.397562	25.357277	25.315624	25.272793	25.228918	25.184183	25.138748	25.092793	25.046482	
25.044500	25.088825	25.132824	25.176311	25.219141	25.261135	25.302147	25.342007	25.380587	25.417709	25.453264	25.487087	25.519081	25.549095	25.577038	25.602779	25.626251	25.647335	25.665970	25.682070	25.695591	25.706461	25.714657	25.720135	25.722881	25.722879	25.720135	25.714659	25.706463	25.695593	25.682072	25.665974	25.647333	25.626253	25.602779	25.577040	25.549091	25.519083	25.487087	25.453266	25.417707	25.380589	25.342009	25.302151	25.261135	25.219143	25.176311	25.132826	25.088829	25.044498	
25.042343	25.084530	25.126389	25.167782	25.208527	25.248495	25.287514	25.325455	25.362152	25.397491	25.431313	25.463514	25.493942	25.522518	25.549093	25.573605	25.595924	25.615997	25.633724	25.649054	25.661909	25.672262	25.680054	25.685272	25.687881	25.687881	25.685272	25.680058	25.672264	25.661911	25.649055	25.633724	25.616001	25.595928	25.573606	25.549093	25.522518	25.493942	25.463516	25.431309	25.397495	25.362152	25.325459	25.287514	25.248499	25.208527	25.167782	25.126392	25.084532	25.042343	
25.040031	25.079905	25.119484	25.158604	25.197134	25.234905	25.271801	25.307655	25.342361	25.375755	25.407742	25.438166	25.466949	25.493946	25.519085	25.542238	25.563353	25.582317	25.599085	25.613564	25.625729	25.635508	25.642881	25.647806	25.650278	25.650278	25.647808	25.642881	25.635508	25.625731	25.613567	25.599087	25.582321	25.563356	25.542240	25.519085	25.493944	25.466949	25.438164	25.407742	25.375755	25.342363	25.307655	25.271805	25.234907	25.197134	25.158604	25.119486	25.079906	25.040031	
25.037560	25.074986	25.112118	25.148834	25.184980	25.220436	25.255047	25.288704	25.321259	25.352608	25.382608	25.411175	25.438168	25.463516	25.487091	25.508835	25.528633	25.546444	25.562162	25.575764	25.587166	25.596352	25.603264	25.607889	25.610205	25.610207	25.607891	25.603264	25.596352	25.587168	25.575766	25.562166	25.546444	25.528637	25.508839	25.487091	25.463516	25.438168	25.411177	25.382608	25.352610	25.321259	25.288708	25.255047	25.220436	25.184982	25.148834	25.112120	25.074986	25.037561	
25.034954	25.069771	25.104336	25.138493	25.172136	25.205122	25.237339	25.268646	25.298952	25.328110	25.356043	25.382610	25.407745	25.431313	25.453270	25.473486	25.491928	25.508482	25.523125	25.535767	25.546391	25.554928	25.561365	25.565668	25.567825	25.567823	25.565668	25.561365	25.554930	25.546391	25.535770	25.523129	25.508486	25.491928	25.473490	25.453270	25.431316	25.407745	25.382608	25.356045	25.328112	25.298954	25.268646	25.237343	25.205122	25.172138	25.138496	25.104334	25.069775	25.034954	
25.032211	25.064304	25.096148	25.127634	25.158634	25.189037	25.218719	25.247585	25.275497	25.302387	25.328112	25.352612	25.375759	25.397499	25.417713	25.436361	25.453339	25.468613	25.482094	25.493757	25.503532	25.511410	25.517338	25.521309	25.523291	25.523293	25.521305	25.517338	25.511414	25.503536	25.493757	25.482096	25.468613	25.453342	25.436363	25.417713	25.397499	25.375757	25.352613	25.328114	25.302387	25.275501	25.247589	25.218719	25.189039	25.158634	25.127636	25.096149	25.064304	25.032211	
25.029350	25.058586	25.087605	25.116287	25.144535	25.172234	25.199284	25.225573	25.251019	25.275501	25.298956	25.321262	25.342367	25.362156	25.380592	25.397566	25.413052	25.426952	25.439249	25.449862	25.458782	25.465950	25.471355	25.474968	25.476778	25.476780	25.474968	25.471355	25.465950	25.458780	25.449865	25.439249	25.426956	25.413052	25.397570	25.380594	25.362156	25.342369	25.321260	25.298956	25.275501	25.251020	25.225574	25.199286	25.172232	25.144535	25.116287	25.087605	25.058586	25.029350	
25.026375	25.052650	25.078724	25.104506	25.129883	25.154781	25.179083	25.202717	25.225571	25.247589	25.268652	25.288712	25.307663	25.325462	25.342014	25.357283	25.371181	25.383690	25.394726	25.404278	25.412281	25.418732	25.423584	25.426834	25.428459	25.428459	25.426834	25.423586	25.418732	25.412285	25.404278	25.394730	25.383690	25.371185	25.357286	25.342016	25.325464	25.307663	25.288712	25.268650	25.247589	25.225573	25.202717	25.179085	25.154779	25.129885	25.104504	25.078724	25.052650	25.026375	
25.023304	25.046511	25.069550	25.092319	25.114746	25.136736	25.158213	25.179081	25.199287	25.218721	25.237347	25.255053	25.271809	25.287518	25.302156	25.315632	25.327927	25.338961	25.348724	25.357151	25.364231	25.369923	25.374214	25.377083	25.378517	25.378519	25.377083	25.374214	25.369925	25.364231	25.357151	25.348724	25.338964	25.327927	25.315634	25.302158	25.287521	25.271811	25.255051	25.237347	25.218723	25.199287	25.179085	25.158215	25.136738	25.114748	25.092321	25.069550	25.046513	25.023302	
25.020136	25.040199	25.060108	25.079792	25.099171	25.118179	25.136734	25.154781	25.172234	25.189045	25.205124	25.220444	25.234909	25.248505	25.261139	25.272800	25.283411	25.292961	25.301390	25.308680	25.314795	25.319715	25.323423	25.325903	25.327147	25.327145	25.325905	25.323425	25.319721	25.314796	25.308681	25.301392	25.292963	25.283417	25.272800	25.261141	25.248505	25.234913	25.220444	25.205124	25.189045	25.172234	25.154783	25.136736	25.118179	25.099173	25.079792	25.060108	25.040201	25.020138	
25.016899	25.033733	25.050442	25.066956	25.083225	25.099171	25.114748	25.129887	25.144541	25.158636	25.172146	25.184986	25.197140	25.208532	25.219149	25.228924	25.237839	25.245842	25.252924	25.259037	25.264172	25.268299	25.271412	25.273491	25.274534	25.274536	25.273491	25.271414	25.268299	25.264172	25.259037	25.252924	25.245846	25.237841	25.228924	25.219151	25.208534	25.197138	25.184986	25.172144	25.158634	25.144543	25.129887	25.114750	25.099173	25.083223	25.066959	25.050442	25.033733	25.016899	
25.013596	25.027142	25.040585	25.053873	25.066957	25.079792	25.092319	25.104507	25.116289	25.127644	25.138496	25.148842	25.158607	25.167788	25.176315	25.184193	25.191355	25.197803	25.203495	25.208416	25.212547	25.215870	25.218372	25.220047	25.220884	25.220882	25.220047	25.218370	25.215870	25.212547	25.208418	25.203495	25.197803	25.191357	25.184191	25.176317	25.167786	25.158609	25.148842	25.138496	25.127640	25.116287	25.104507	25.092323	25.079792	25.066961	25.053875	25.040585	25.027142	25.013596	
25.010244	25.020445	25.030575	25.040585	25.050444	25.060108	25.069553	25.078724	25.087608	25.096151	25.104340	25.112122	25.119490	25.126392	25.132828	25.138752	25.144157	25.149010	25.153299	25.157007	25.160118	25.162621	25.164507	25.165768	25.166397	25.166399	25.165766	25.164505	25.162621	25.160118	25.157005	25.153301	25.149010	25.144157	25.138754	25.132830	25.126396	25.119488	25.112122	25.104338	25.096149	25.087608	25.078728	25.069550	25.060110	25.050442	25.040586	25.030573	25.020447	25.010242	
25.006851	25.013674	25.020447	25.027142	25.033733	25.040203	25.046513	25.052650	25.058586	25.064308	25.069777	25.074987	25.079906	25.084534	25.088829	25.092796	25.096405	25.099653	25.102522	25.105001	25.107084	25.108757	25.110016	25.110863	25.111282	25.111282	25.110863	25.110018	25.108757	25.107082	25.105003	25.102524	25.099655	25.096407	25.092796	25.088833	25.084534	25.079908	25.074989	25.069775	25.064306	25.058586	25.052650	25.046515	25.040199	25.033733	25.027142	25.020447	25.013676	25.006849	
25.003433	25.006849	25.010242	25.013596	25.016901	25.020138	25.023300	25.026375	25.029350	25.032211	25.034956	25.037563	25.040031	25.042343	25.044498	25.046486	25.048296	25.049919	25.051357	25.052601	25.053642	25.054482	25.055113	25.055536	25.055746	25.055748	25.055534	25.055111	25.054482	25.053642	25.052601	25.051357	25.049921	25.048294	25.046486	25.044500	25.042345	25.040031	25.037563	25.034954	25.032211	25.029350	25.026375	25.023300	25.020138	25.016899	25.013597	25.010242	25.006847	25.003431	
