25.000801	25.001598	25.002390	25.003174	25.003944	25.004698	25.005436	25.006153	25.006845	25.007515	25.008152	25.008762	25.009336	25.009878	25.010380	25.010841	25.011265	25.011642	25.011978	25.012266	25.012508	25.012707	25.012852	25.012951	25.012999	25.013000	25.012951	25.012852	25.012705	25.012510	25.012268	25.011978	25.011642	25.011265	25.010841	25.010380	25.009876	25.009338	25.008762	25.008154	25.007513	25.006847	25.006153	25.005436	25.004698	25.003941	25.003174	25.002390	25.001598	25.000801	
25.001598	25.003189	25.004772	25.006334	25.007870	25.009380	25.010851	25.012280	25.013668	25.014997	25.016277	25.017490	25.018641	25.019716	25.020720	25.021643	25.022484	25.023241	25.023907	25.024487	25.024971	25.025364	25.025656	25.025852	25.025951	25.025949	25.025852	25.025658	25.025364	25.024971	25.024487	25.023911	25.023241	25.022484	25.021645	25.020720	25.019716	25.018639	25.017490	25.016277	25.015001	25.013668	25.012283	25.010849	25.009380	25.007870	25.006332	25.004770	25.003191	25.001598	
25.002392	25.004770	25.007133	25.009468	25.011770	25.014025	25.016224	25.018368	25.020433	25.022430	25.024338	25.026154	25.027870	25.029480	25.030979	25.032362	25.033619	25.034752	25.035751	25.036613	25.037338	25.037922	25.038363	25.038656	25.038803	25.038803	25.038656	25.038361	25.037922	25.037338	25.036615	25.035751	25.034752	25.033621	25.032364	25.030979	25.029480	25.027870	25.026154	25.024336	25.022430	25.020435	25.018364	25.016224	25.014023	25.011768	25.009468	25.007133	25.004770	25.002392	
25.003174	25.006332	25.009468	25.012569	25.015621	25.018616	25.021538	25.024378	25.027128	25.029774	25.032307	25.034716	25.036997	25.039135	25.041124	25.042957	25.044628	25.046129	25.047455	25.048603	25.049564	25.050339	25.050922	25.051311	25.051510	25.051506	25.051311	25.050922	25.050339	25.049564	25.048603	25.047457	25.046127	25.044628	25.042957	25.041124	25.039135	25.036995	25.034718	25.032307	25.029774	25.027130	25.024380	25.021536	25.018616	25.015621	25.012569	25.009468	25.006334	25.003174	
25.003944	25.007870	25.011768	25.015621	25.019417	25.023136	25.026770	25.030300	25.033714	25.037004	25.040152	25.043148	25.045979	25.048637	25.051111	25.053391	25.055466	25.057331	25.058979	25.060406	25.061602	25.062565	25.063290	25.063776	25.064016	25.064016	25.063774	25.063290	25.062565	25.061600	25.060406	25.058981	25.057335	25.055466	25.053391	25.051113	25.048637	25.045982	25.043148	25.040150	25.037006	25.033716	25.030300	25.026768	25.023136	25.019417	25.015621	25.011768	25.007870	25.003944	
25.004700	25.009380	25.014023	25.018616	25.023136	25.027571	25.031898	25.036106	25.040176	25.044094	25.047844	25.051414	25.054792	25.057957	25.060905	25.063622	25.066093	25.068317	25.070284	25.071980	25.073406	25.074553	25.075418	25.075996	25.076283	25.076283	25.075993	25.075417	25.074553	25.073406	25.071980	25.070284	25.068317	25.066097	25.063622	25.060905	25.057959	25.054790	25.051414	25.047848	25.044094	25.040180	25.036106	25.031897	25.027569	25.023136	25.018616	25.014023	25.009380	25.004698	
25.005436	25.010853	25.016228	25.021538	25.026770	25.031898	25.036907	25.041775	25.046486	25.051018	25.055359	25.059488	25.063393	25.067059	25.070465	25.073608	25.076473	25.079046	25.081318	25.083282	25.084930	25.086258	25.087257	25.087925	25.088261	25.088261	25.087927	25.087257	25.086258	25.084932	25.083284	25.081318	25.079044	25.076473	25.073608	25.070467	25.067059	25.063393	25.059490	25.055359	25.051022	25.046486	25.041775	25.036907	25.031897	25.026768	25.021538	25.016226	25.010851	25.005436	
25.006153	25.012283	25.018368	25.024380	25.030300	25.036106	25.041775	25.047287	25.052614	25.057747	25.062660	25.067333	25.071754	25.075901	25.079762	25.083319	25.086559	25.089470	25.092045	25.094269	25.096134	25.097637	25.098770	25.099525	25.099903	25.099903	25.099525	25.098766	25.097637	25.096134	25.094269	25.092045	25.089472	25.086559	25.083317	25.079763	25.075903	25.071754	25.067337	25.062662	25.057749	25.052616	25.047285	25.041775	25.036106	25.030300	25.024380	25.018366	25.012283	25.006153	
25.006847	25.013668	25.020435	25.027126	25.033716	25.040176	25.046486	25.052616	25.058548	25.064259	25.069723	25.074928	25.079845	25.084461	25.088755	25.092714	25.096317	25.099560	25.102423	25.104898	25.106974	25.108646	25.109901	25.110744	25.111168	25.111166	25.110744	25.109901	25.108643	25.106974	25.104897	25.102423	25.099560	25.096317	25.092712	25.088755	25.084461	25.079845	25.074928	25.069725	25.064260	25.058548	25.052616	25.046486	25.040176	25.033714	25.027126	25.020437	25.013666	25.006847	
25.007515	25.014999	25.022430	25.029774	25.037003	25.044094	25.051018	25.057747	25.064259	25.070526	25.076525	25.082233	25.087633	25.092697	25.097412	25.101753	25.105713	25.109268	25.112413	25.115128	25.117409	25.119240	25.120625	25.121544	25.122009	25.122009	25.121548	25.120623	25.119240	25.117405	25.115128	25.112410	25.109268	25.105713	25.101753	25.097410	25.092697	25.087633	25.082237	25.076527	25.070528	25.064259	25.057749	25.051018	25.044094	25.037004	25.029774	25.022429	25.015001	25.007515	
25.008156	25.016277	25.024338	25.032307	25.040152	25.047844	25.055359	25.062660	25.069723	25.076525	25.083035	25.089230	25.095085	25.100582	25.105696	25.110413	25.114704	25.118565	25.121975	25.124924	25.127396	25.129387	25.130882	25.131889	25.132389	25.132389	25.131886	25.130884	25.129383	25.127394	25.124922	25.121975	25.118563	25.114704	25.110411	25.105698	25.100582	25.095087	25.089230	25.083035	25.076527	25.069727	25.062660	25.055359	25.047846	25.040154	25.032307	25.024338	25.016277	25.008154	
25.008762	25.017490	25.026154	25.034716	25.043148	25.051414	25.059486	25.067337	25.074926	25.082233	25.089230	25.095886	25.102180	25.108086	25.113583	25.118649	25.123264	25.127411	25.131075	25.134243	25.136902	25.139038	25.140652	25.141724	25.142265	25.142265	25.141726	25.140648	25.139038	25.136900	25.134241	25.131077	25.127411	25.123262	25.118649	25.113583	25.108086	25.102180	25.095888	25.089233	25.082237	25.074930	25.067337	25.059490	25.051418	25.043148	25.034718	25.026154	25.017490	25.008762	
25.009338	25.018639	25.027870	25.036995	25.045979	25.054790	25.063393	25.071754	25.079845	25.087631	25.095085	25.102180	25.108887	25.115181	25.121040	25.126434	25.131355	25.135773	25.139679	25.143051	25.145885	25.148163	25.149879	25.151028	25.151604	25.151602	25.151028	25.149879	25.148163	25.145882	25.143051	25.139677	25.135773	25.131351	25.126434	25.121037	25.115179	25.108889	25.102180	25.095089	25.087635	25.079845	25.071756	25.063393	25.054790	25.045982	25.036995	25.027870	25.018639	25.009336	
25.009876	25.019718	25.029480	25.039133	25.048637	25.057957	25.067055	25.075903	25.084459	25.092697	25.100582	25.108086	25.115181	25.121838	25.128033	25.133743	25.138947	25.143621	25.147751	25.151321	25.154316	25.156727	25.158541	25.159756	25.160364	25.160366	25.159756	25.158541	25.156727	25.154316	25.151318	25.147751	25.143620	25.138947	25.133743	25.128033	25.121838	25.115181	25.108089	25.100582	25.092701	25.084461	25.075905	25.067057	25.057959	25.048637	25.039135	25.029484	25.019716	25.009876	
25.010380	25.020718	25.030979	25.041122	25.051109	25.060905	25.070465	25.079760	25.088753	25.097408	25.105698	25.113583	25.121037	25.128033	25.134544	25.140543	25.146011	25.150925	25.155262	25.159014	25.162163	25.164696	25.166603	25.167879	25.168518	25.168518	25.167877	25.166603	25.164694	25.162163	25.159014	25.155262	25.150923	25.146011	25.140543	25.134544	25.128033	25.121037	25.113583	25.105698	25.097408	25.088757	25.079762	25.070469	25.060904	25.051113	25.041122	25.030981	25.020720	25.010380	
25.010841	25.021643	25.032360	25.042957	25.053391	25.063618	25.073608	25.083319	25.092712	25.101753	25.110411	25.118649	25.126434	25.133743	25.140541	25.146812	25.152521	25.157654	25.162188	25.166105	25.169395	25.172039	25.174032	25.175365	25.176033	25.176033	25.175365	25.174030	25.172039	25.169392	25.166103	25.162186	25.157652	25.152519	25.146811	25.140541	25.133743	25.126434	25.118649	25.110409	25.101755	25.092712	25.083321	25.073608	25.063622	25.053391	25.042957	25.032362	25.021645	25.010841	
25.011265	25.022484	25.033619	25.044628	25.055466	25.066093	25.076471	25.086559	25.096317	25.105711	25.114704	25.123262	25.131351	25.138945	25.146011	25.152521	25.158455	25.163784	25.168495	25.172565	25.175982	25.178732	25.180801	25.182186	25.182880	25.182880	25.182186	25.180801	25.178730	25.175983	25.172564	25.168495	25.163784	25.158453	25.152519	25.146008	25.138943	25.131351	25.123262	25.114704	25.105709	25.096317	25.086559	25.076473	25.066093	25.055466	25.044630	25.033621	25.022484	25.011265	
25.011642	25.023239	25.034752	25.046129	25.057331	25.068317	25.079044	25.089472	25.099560	25.109268	25.118565	25.127411	25.135773	25.143620	25.150921	25.157654	25.163784	25.169294	25.174164	25.178371	25.181904	25.184744	25.186886	25.188316	25.189034	25.189034	25.188316	25.186886	25.184746	25.181900	25.178371	25.174164	25.169296	25.163784	25.157652	25.150921	25.143620	25.135773	25.127409	25.118563	25.109268	25.099560	25.089474	25.079044	25.068319	25.057333	25.046131	25.034752	25.023243	25.011642	
25.011978	25.023907	25.035749	25.047455	25.058979	25.070282	25.081318	25.092045	25.102421	25.112411	25.121973	25.131073	25.139677	25.147749	25.155262	25.162186	25.168495	25.174164	25.179173	25.183502	25.187134	25.190058	25.192259	25.193733	25.194469	25.194469	25.193733	25.192261	25.190056	25.187134	25.183500	25.179171	25.174164	25.168495	25.162186	25.155262	25.147747	25.139675	25.131073	25.121973	25.112411	25.102425	25.092045	25.081318	25.070282	25.058981	25.047457	25.035751	25.023909	25.011978	
25.012268	25.024487	25.036613	25.048599	25.060406	25.071981	25.083282	25.094269	25.104898	25.115128	25.124922	25.134239	25.143051	25.151321	25.159014	25.166107	25.172565	25.178371	25.183502	25.187935	25.191654	25.194649	25.196903	25.198412	25.199167	25.199169	25.198412	25.196907	25.194649	25.191654	25.187935	25.183500	25.178371	25.172565	25.166105	25.159012	25.151318	25.143051	25.134239	25.124920	25.115126	25.104897	25.094269	25.083282	25.071980	25.060406	25.048603	25.036613	25.024488	25.012268	
25.012510	25.024971	25.037338	25.049564	25.061600	25.073404	25.084930	25.096134	25.106972	25.117405	25.127392	25.136900	25.145884	25.154316	25.162163	25.169392	25.175983	25.181900	25.187134	25.191654	25.195450	25.198502	25.200802	25.202341	25.203112	25.203110	25.202343	25.200802	25.198502	25.195450	25.191654	25.187134	25.181904	25.175982	25.169392	25.162163	25.154316	25.145882	25.136898	25.127392	25.117405	25.106972	25.096134	25.084930	25.073406	25.061602	25.049564	25.037338	25.024973	25.012510	
25.012707	25.025360	25.037922	25.050339	25.062563	25.074551	25.086258	25.097635	25.108644	25.119240	25.129383	25.139036	25.148163	25.156727	25.164692	25.172039	25.178730	25.184746	25.190054	25.194649	25.198502	25.201603	25.203939	25.205502	25.206284	25.206284	25.205502	25.203939	25.201603	25.198502	25.194651	25.190058	25.184746	25.178730	25.172039	25.164692	25.156727	25.148163	25.139034	25.129383	25.119238	25.108644	25.097635	25.086258	25.074551	25.062563	25.050339	25.037922	25.025360	25.012705	
25.012854	25.025658	25.038361	25.050922	25.063290	25.075417	25.087257	25.098766	25.109901	25.120621	25.130882	25.140648	25.149879	25.158541	25.166603	25.174030	25.180801	25.186882	25.192257	25.196903	25.200800	25.203938	25.206303	25.207882	25.208673	25.208675	25.207882	25.206303	25.203941	25.200806	25.196903	25.192261	25.186884	25.180801	25.174030	25.166603	25.158539	25.149879	25.140648	25.130882	25.120621	25.109901	25.098766	25.087257	25.075415	25.063288	25.050922	25.038361	25.025656	25.012852	
25.012951	25.025852	25.038654	25.051311	25.063774	25.075993	25.087925	25.099524	25.110744	25.121544	25.131884	25.141724	25.151026	25.159756	25.167877	25.175365	25.182186	25.188316	25.193729	25.198410	25.202339	25.205500	25.207882	25.209475	25.210272	25.210274	25.209476	25.207884	25.205502	25.202343	25.198414	25.193733	25.188316	25.182186	25.175364	25.167877	25.159756	25.151026	25.141724	25.131884	25.121544	25.110744	25.099522	25.087925	25.075993	25.063774	25.051311	25.038654	25.025852	25.012951	
25.013000	25.025951	25.038803	25.051506	25.064014	25.076283	25.088259	25.099903	25.111166	25.122007	25.132385	25.142262	25.151600	25.160362	25.168516	25.176033	25.182880	25.189034	25.194468	25.199167	25.203110	25.206284	25.208672	25.210270	25.211071	25.211075	25.210274	25.208675	25.206285	25.203112	25.199169	25.194469	25.189034	25.182880	25.176033	25.168516	25.160362	25.151600	25.142263	25.132385	25.122005	25.111166	25.099903	25.088261	25.076284	25.064016	25.051506	25.038803	25.025949	25.013000	
25.013000	25.025951	25.038803	25.051506	25.064014	25.076283	25.088259	25.099903	25.111166	25.122007	25.132385	25.142262	25.151600	25.160362	25.168516	25.176033	25.182880	25.189034	25.194468	25.199167	25.203110	25.206284	25.208672	25.210270	25.211071	25.211075	25.210274	25.208675	25.206285	25.203112	25.199169	25.194469	25.189034	25.182880	25.176033	25.168516	25.160362	25.151600	25.142263	25.132385	25.122005	25.111166	25.099903	25.088261	25.076284	25.064016	25.051506	25.038803	25.025949	25.013000	
25.012951	25.025852	25.038654	25.051311	25.063774	25.075993	25.087925	25.099524	25.110744	25.121544	25.131884	25.141724	25.151026	25.159756	25.167877	25.175365	25.182186	25.188316	25.193729	25.198410	25.202339	25.205500	25.207882	25.209475	25.210272	25.210274	25.209476	25.207884	25.205502	25.202343	25.198414	25.193733	25.188316	25.182186	25.175364	25.167877	25.159756	25.151026	25.141724	25.131884	25.121544	25.110744	25.099522	25.087925	25.075993	25.063774	25.051311	25.038654	25.025852	25.012951	
25.012854	25.025658	25.038361	25.050922	25.063290	25.075417	25.087257	25.098766	25.109901	25.120621	25.130882	25.140648	25.149879	25.158541	25.166603	25.174030	25.180801	25.186882	25.192257	25.196903	25.200800	25.203938	25.206303	25.207882	25.208673	25.208675	25.207882	25.206303	25.203941	25.200806	25.196903	25.192261	25.186884	25.180801	25.174030	25.166603	25.158539	25.149879	25.140648	25.130882	25.120621	25.109901	25.098766	25.087257	25.075415	25.063288	25.050922	25.038361	25.025656	25.012852	
25.012707	25.025360	25.037922	25.050339	25.062563	25.074551	25.086258	25.097635	25.108644	25.119240	25.129383	25.139036	25.148163	25.156727	25.164692	25.172039	25.178730	25.184746	25.190054	25.194649	25.198502	25.201603	25.203939	25.205502	25.206284	25.206284	25.205502	25.203939	25.201603	25.198502	25.194651	25.190058	25.184746	25.178730	25.172039	25.164692	25.156727	25.148163	25.139034	25.129383	25.119238	25.108644	25.097635	25.086258	25.074551	25.062563	25.050339	25.037922	25.025360	25.012705	
25.012510	25.024971	25.037338	25.049564	25.061600	25.073404	25.084930	25.096134	25.106972	25.117405	25.127392	25.136900	25.145884	25.154316	25.162163	25.169392	25.175983	25.181900	25.187134	25.191654	25.195450	25.198502	25.200802	25.202341	25.203112	25.203110	25.202343	25.200802	25.198502	25.195450	25.191654	25.187134	25.181904	25.175982	25.169392	25.162163	25.154316	25.145882	25.136898	25.127392	25.117405	25.106972	25.096134	25.084930	25.073406	25.061602	25.049564	25.037338	25.024973	25.012510	
25.012268	25.024487	25.036613	25.048599	25.060406	25.071981	25.083282	25.094269	25.104898	25.115128	25.124922	25.134239	25.143051	25.151321	25.159014	25.166107	25.172565	25.178371	25.183502	25.187935	25.191654	25.194649	25.196903	25.198412	25.199167	25.199169	25.198412	25.196907	25.194649	25.191654	25.187935	25.183500	25.178371	25.172565	25.166105	25.159012	25.151318	25.143051	25.134239	25.124920	25.115126	25.104897	25.094269	25.083282	25.071980	25.060406	25.048603	25.036613	25.024488	25.012268	
25.011978	25.023907	25.035749	25.047455	25.058979	25.070282	25.081318	25.092045	25.102421	25.112411	25.121973	25.131073	25.139677	25.147749	25.155262	25.162186	25.168495	25.174164	25.179173	25.183502	25.187134	25.190058	25.192259	25.193733	25.194469	25.194469	25.193733	25.192261	25.190056	25.187134	25.183500	25.179171	25.174164	25.168495	25.162186	25.155262	25.147747	25.139675	25.131073	25.121973	25.112411	25.102425	25.092045	25.081318	25.070282	25.058981	25.047457	25.035751	25.023909	25.011978	
25.011642	25.023239	25.034752	25.046129	25.057331	25.068317	25.079044	25.089472	25.099560	25.109268	25.118565	25.127411	25.135773	25.143620	25.150921	25.157654	25.163784	25.169294	25.174164	25.178371	25.181904	25.184744	25.186886	25.188316	25.189034	25.189034	25.188316	25.186886	25.184746	25.181900	25.178371	25.174164	25.169296	25.163784	25.157652	25.150921	25.143620	25.135773	25.127409	25.118563	25.109268	25.099560	25.089474	25.079044	25.068319	25.057333	25.046131	25.034752	25.023243	25.011642	
25.011265	25.022484	25.033619	25.044628	25.055466	25.066093	25.076471	25.086559	25.096317	25.105711	25.114704	25.123262	25.131351	25.138945	25.146011	25.152521	25.158455	25.163784	25.168495	25.172565	25.175982	25.178732	25.180801	25.182186	25.182880	25.182880	25.182186	25.180801	25.178730	25.175983	25.172564	25.168495	25.163784	25.158453	25.152519	25.146008	25.138943	25.131351	25.123262	25.114704	25.105709	25.096317	25.086559	25.076473	25.066093	25.055466	25.044630	25.033621	25.022484	25.011265	
25.010841	25.021643	25.032360	25.042957	25.053391	25.063618	25.073608	25.083319	25.092712	25.101753	25.110411	25.118649	25.126434	25.133743	25.140541	25.146812	25.152521	25.157654	25.162188	25.166105	25.169395	25.172039	25.174032	25.175365	25.176033	25.176033	25.175365	25.174030	25.172039	25.169392	25.166103	25.162186	25.157652	25.152519	25.146811	25.140541	25.133743	25.126434	25.118649	25.110409	25.101755	25.092712	25.083321	25.073608	25.063622	25.053391	25.042957	25.032362	25.021645	25.010841	
25.010380	25.020718	25.030979	25.041122	25.051109	25.060905	25.070465	25.079760	25.088753	25.097408	25.105698	25.113583	25.121037	25.128033	25.134544	25.140543	25.146011	25.150925	25.155262	25.159014	25.162163	25.164696	25.166603	25.167879	25.168518	25.168518	25.167877	25.166603	25.164694	25.162163	25.159014	25.155262	25.150923	25.146011	25.140543	25.134544	25.128033	25.121037	25.113583	25.105698	25.097408	25.088757	25.079762	25.070469	25.060904	25.051113	25.041122	25.030981	25.020720	25.010380	
25.009876	25.019718	25.029480	25.039133	25.048637	25.057957	25.067055	25.075903	25.084459	25.092697	25.100582	25.108086	25.115181	25.121838	25.128033	25.133743	25.138947	25.143621	25.147751	25.151321	25.154316	25.156727	25.158541	25.159756	25.160364	25.160366	25.159756	25.158541	25.156727	25.154316	25.151318	25.147751	25.143620	25.138947	25.133743	25.128033	25.121838	25.115181	25.108089	25.100582	25.092701	25.084461	25.075905	25.067057	25.057959	25.048637	25.039135	25.029484	25.019716	25.009876	
25.009338	25.018639	25.027870	25.036995	25.045979	25.054790	25.063393	25.071754	25.079845	25.087631	25.095085	25.102180	25.108887	25.115181	25.121040	25.126434	25.131355	25.135773	25.139679	25.143051	25.145885	25.148163	25.149879	25.151028	25.151604	25.151602	25.151028	25.149879	25.148163	25.145882	25.143051	25.139677	25.135773	25.131351	25.126434	25.121037	25.115179	25.108889	25.102180	25.095089	25.087635	25.079845	25.071756	25.063393	25.054790	25.045982	25.036995	25.027870	25.018639	25.009336	
25.008762	25.017490	25.026154	25.034716	25.043148	25.051414	25.059486	25.067337	25.074926	25.082233	25.089230	25.095886	25.102180	25.108086	25.113583	25.118649	25.123264	25.127411	25.131075	25.134243	25.136902	25.139038	25.140652	25.141724	25.142265	25.142265	25.141726	25.140648	25.139038	25.136900	25.134241	25.131077	25.127411	25.123262	25.118649	25.113583	25.108086	25.102180	25.095888	25.089233	25.082237	25.074930	25.067337	25.059490	25.051418	25.043148	25.034718	25.026154	25.017490	25.008762	
25.008156	25.016277	25.024338	25.032307	25.040152	25.047844	25.055359	25.062660	25.069723	25.076525	25.083035	25.089230	25.095085	25.100582	25.105696	25.110413	25.114704	25.118565	25.121975	25.124924	25.127396	25.129387	25.130882	25.131889	25.132389	25.132389	25.131886	25.130884	25.129383	25.127394	25.124922	25.121975	25.118563	25.114704	25.110411	25.105698	25.100582	25.095087	25.089230	25.083035	25.076527	25.069727	25.062660	25.055359	25.047846	25.040154	25.032307	25.024338	25.016277	25.008154	
25.007515	25.014999	25.022430	25.029774	25.037003	25.044094	25.051018	25.057747	25.064259	25.070526	25.076525	25.082233	25.087633	25.092697	25.097412	25.101753	25.105713	25.109268	25.112413	25.115128	25.117409	25.119240	25.120625	25.121544	25.122009	25.122009	25.121548	25.120623	25.119240	25.117405	25.115128	25.112410	25.109268	25.105713	25.101753	25.097410	25.092697	25.087633	25.082237	25.076527	25.070528	25.064259	25.057749	25.051018	25.044094	25.037004	25.029774	25.022429	25.015001	25.007515	
25.006847	25.013668	25.020435	25.027126	25.033716	25.040176	25.046486	25.052616	25.058548	25.064259	25.069723	25.074928	25.079845	25.084461	25.088755	25.092714	25.096317	25.099560	25.102423	25.104898	25.106974	25.108646	25.109901	25.110744	25.111168	25.111166	25.110744	25.109901	25.108643	25.106974	25.104897	25.102423	25.099560	25.096317	25.092712	25.088755	25.084461	25.079845	25.074928	25.069725	25.064260	25.058548	25.052616	25.046486	25.040176	25.033714	25.027126	25.020437	25.013666	25.006847	
25.006153	25.012283	25.018368	25.024380	25.030300	25.036106	25.041775	25.047287	25.052614	25.057747	25.062660	25.067333	25.071754	25.075901	25.079762	25.083319	25.086559	25.089470	25.092045	25.094269	25.096134	25.097637	25.098770	25.099525	25.099903	25.099903	25.099525	25.098766	25.097637	25.096134	25.094269	25.092045	25.089472	25.086559	25.083317	25.079763	25.075903	25.071754	25.067337	25.062662	25.057749	25.052616	25.047285	25.041775	25.036106	25.030300	25.024380	25.018366	25.012283	25.006153	
25.005436	25.010853	25.016228	25.021538	25.026770	25.031898	25.036907	25.041775	25.046486	25.051018	25.055359	25.059488	25.063393	25.067059	25.070465	25.073608	25.076473	25.079046	25.081318	25.083282	25.084930	25.086258	25.087257	25.087925	25.088261	25.088261	25.087927	25.087257	25.086258	25.084932	25.083284	25.081318	25.079044	25.076473	25.073608	25.070467	25.067059	25.063393	25.059490	25.055359	25.051022	25.046486	25.041775	25.036907	25.031897	25.026768	25.021538	25.016226	25.010851	25.005436	
25.004700	25.009380	25.014023	25.018616	25.023136	25.027571	25.031898	25.036106	25.040176	25.044094	25.047844	25.051414	25.054792	25.057957	25.060905	25.063622	25.066093	25.068317	25.070284	25.071980	25.073406	25.074553	25.075418	25.075996	25.076283	25.076283	25.075993	25.075417	25.074553	25.073406	25.071980	25.070284	25.068317	25.066097	25.063622	25.060905	25.057959	25.054790	25.051414	25.047848	25.044094	25.040180	25.036106	25.031897	25.027569	25.023136	25.018616	25.014023	25.009380	25.004698	
25.003944	25.007870	25.011768	25.015621	25.019417	25.023136	25.026770	25.030300	25.033714	25.037004	25.040152	25.043148	25.045979	25.048637	25.051111	25.053391	25.055466	25.057331	25.058979	25.060406	25.061602	25.062565	25.063290	25.063776	25.064016	25.064016	25.063774	25.063290	25.062565	25.061600	25.060406	25.058981	25.057335	25.055466	25.053391	25.051113	25.048637	25.045982	25.043148	25.040150	25.037006	25.033716	25.030300	25.026768	25.023136	25.019417	25.015621	25.011768	25.007870	25.003944	
25.003174	25.006332	25.009468	25.012569	25.015621	25.018616	25.021538	25.024378	25.027128	25.029774	25.032307	25.034716	25.036997	25.039135	25.041124	25.042957	25.044628	25.046129	25.047455	25.048603	25.049564	25.050339	25.050922	25.051311	25.051510	25.051506	25.051311	25.050922	25.050339	25.049564	25.048603	25.047457	25.046127	25.044628	25.042957	25.041124	25.039135	25.036995	25.034718	25.032307	25.029774	25.027130	25.024380	25.021536	25.018616	25.015621	25.012569	25.009468	25.006334	25.003174	
25.002392	25.004770	25.007133	25.009468	25.011770	25.014025	25.016224	25.018368	25.020433	25.022430	25.024338	25.026154	25.027870	25.029480	25.030979	25.032362	25.033619	25.034752	25.035751	25.036613	25.037338	25.037922	25.038363	25.038656	25.038803	25.038803	25.038656	25.038361	25.037922	25.037338	25.036615	25.035751	25.034752	25.033621	25.032364	25.030979	25.029480	25.027870	25.026154	25.024336	25.022430	25.020435	25.018364	25.016224	25.014023	25.011768	25.009468	25.007133	25.004770	25.002392	
25.001598	25.003189	25.004772	25.006334	25.007870	25.009380	25.010851	25.012280	25.013668	25.014997	25.016277	25.017490	25.018641	25.019716	25.020720	25.021643	25.022484	25.023241	25.023907	25.024487	25.024971	25.025364	25.025656	25.025852	25.025951	25.025949	25.025852	25.025658	25.025364	25.024971	25.024487	25.023911	25.023241	25.022484	25.021645	25.020720	25.019716	25.018639	25.017490	25.016277	25.015001	25.013668	25.012283	25.010849	25.009380	25.007870	25.006332	25.004770	25.003191	25.001598	
25.000801	25.001598	25.002390	25.003174	25.003944	25.004698	25.005436	25.006153	25.006845	25.007515	25.008152	25.008762	25.009336	25.009878	25.010380	25.010841	25.011265	25.011642	25.011978	25.012266	25.012508	25.012707	25.012852	25.012951	25.012999	25.013000	25.012951	25.012852	25.012705	25.012510	25.012268	25.011978	25.011642	25.011265	25.010841	25.010380	25.009876	25.009338	25.008762	25.008154	25.007513	25.006847	25.006153	25.005436	25.004698	25.003941	25.003174	25.002390	25.001598	25.000801	
