25.001427	25.002831	25.004639	25.006371	25.008932	25.011314	25.014988	25.018301	25.023373	25.027809	25.034435	25.040041	25.048143	25.054762	25.063972	25.071201	25.080839	25.088058	25.097176	25.103607	25.111153	25.115997	25.120993	25.123600	25.125347	25.125349	25.123600	25.120993	25.116001	25.111153	25.103605	25.097178	25.088055	25.080837	25.071201	25.063971	25.054760	25.048141	25.040039	25.034431	25.027809	25.023369	25.018299	25.014986	25.011314	25.008930	25.006371	25.004639	25.002831	25.001425	
25.002831	25.006069	25.009224	25.013634	25.017805	25.024139	25.029963	25.038902	25.046879	25.058903	25.069290	25.084499	25.097202	25.115149	25.129589	25.149189	25.164303	25.183859	25.198166	25.215580	25.227421	25.240540	25.248377	25.255436	25.258179	25.258179	25.255436	25.248377	25.240540	25.227417	25.215578	25.198162	25.183859	25.164299	25.149191	25.129587	25.115149	25.097198	25.084499	25.069290	25.058899	25.046879	25.038900	25.029961	25.024137	25.017803	25.013630	25.009222	25.006069	25.002831	
25.004639	25.009224	25.015093	25.020754	25.029053	25.036844	25.048727	25.059555	25.075958	25.090452	25.111866	25.130171	25.156349	25.177952	25.207703	25.231297	25.262409	25.285959	25.315403	25.336374	25.360731	25.376534	25.392654	25.401159	25.406799	25.406803	25.401157	25.392653	25.376535	25.360733	25.336372	25.315407	25.285957	25.262413	25.231295	25.207701	25.177950	25.156349	25.130171	25.111860	25.090450	25.075956	25.059553	25.048725	25.036842	25.029053	25.020752	25.015091	25.009224	25.004639	
25.006371	25.013632	25.020756	25.030600	25.040035	25.054157	25.067318	25.087233	25.105244	25.132004	25.155453	25.189281	25.217932	25.257833	25.290390	25.333946	25.368002	25.411451	25.443684	25.482361	25.509027	25.538166	25.555813	25.571491	25.577667	25.577667	25.571491	25.555815	25.538168	25.509029	25.482361	25.443682	25.411453	25.368002	25.333948	25.290388	25.257832	25.217930	25.189278	25.155453	25.132000	25.105244	25.087227	25.067318	25.054153	25.040033	25.030598	25.020752	25.013630	25.006371	
25.008934	25.017807	25.029055	25.040035	25.055893	25.071011	25.093674	25.114677	25.145927	25.174019	25.214777	25.250235	25.300030	25.341843	25.398403	25.444046	25.503174	25.548706	25.604639	25.645172	25.691441	25.721979	25.752586	25.769016	25.779732	25.779728	25.769018	25.752586	25.721979	25.691441	25.645176	25.604641	25.548704	25.503174	25.444046	25.398403	25.341843	25.300032	25.250233	25.214775	25.174019	25.145924	25.114677	25.093670	25.071011	25.055889	25.040035	25.029051	25.017803	25.008930	
25.011316	25.024137	25.036844	25.054157	25.071014	25.095774	25.119287	25.154142	25.186298	25.233093	25.274918	25.334019	25.385082	25.454754	25.512741	25.588755	25.649374	25.725166	25.782513	25.849958	25.897394	25.948195	25.979576	26.006905	26.017887	26.017889	26.006905	25.979576	25.948195	25.897396	25.849960	25.782516	25.725166	25.649376	25.588757	25.512741	25.454754	25.385082	25.334021	25.274918	25.233089	25.186298	25.154139	25.119284	25.095770	25.071011	25.054153	25.036842	25.024137	25.011314	
25.014988	25.029963	25.048725	25.067318	25.093674	25.119289	25.156864	25.192427	25.244175	25.291697	25.359121	25.419052	25.501368	25.571987	25.665421	25.742462	25.840090	25.916904	26.009220	26.077579	26.153912	26.205400	26.255890	26.283587	26.301258	26.301258	26.283588	26.255888	26.205402	26.153910	26.077583	26.009220	25.916906	25.840090	25.742466	25.665421	25.571987	25.501366	25.419050	25.359119	25.291697	25.244171	25.192427	25.156860	25.119284	25.093670	25.067318	25.048725	25.029961	25.014986	
25.018301	25.038900	25.059555	25.087231	25.114681	25.154144	25.192429	25.247887	25.300203	25.374569	25.442558	25.536400	25.619339	25.729877	25.824001	25.944534	26.042875	26.162996	26.255989	26.362843	26.439735	26.520197	26.571058	26.614336	26.632135	26.632135	26.614334	26.571056	26.520199	26.439735	26.362843	26.255987	26.162996	26.042877	25.944536	25.824001	25.729877	25.619337	25.536396	25.442558	25.374565	25.300201	25.247887	25.192427	25.154140	25.114677	25.087229	25.059551	25.038902	25.018299	
25.023371	25.046879	25.075956	25.105244	25.145927	25.186300	25.244175	25.300205	25.379787	25.454596	25.558187	25.652456	25.778820	25.889818	26.033163	26.154181	26.303879	26.424480	26.565975	26.673258	26.790218	26.871002	26.948349	26.991798	27.018866	27.018867	26.991800	26.948347	26.871002	26.790218	26.673258	26.565973	26.424479	26.303879	26.154181	26.033163	25.889816	25.778818	25.652452	25.558186	25.454594	25.379786	25.300203	25.244171	25.186296	25.145927	25.105240	25.075954	25.046877	25.023373	
25.027809	25.058903	25.090452	25.132004	25.174021	25.233093	25.291698	25.374569	25.454597	25.565584	25.669510	25.809444	25.936125	26.100847	26.244518	26.424032	26.574059	26.752876	26.894682	27.053698	27.170914	27.290621	27.368137	27.432514	27.459641	27.459641	27.432516	27.368137	27.290621	27.170912	27.053696	26.894680	26.752874	26.574059	26.424032	26.244516	26.100845	25.936125	25.809444	25.669510	25.565582	25.454594	25.374567	25.291697	25.233093	25.174019	25.132002	25.090450	25.058901	25.027809	
25.034433	25.069292	25.111864	25.155453	25.214777	25.274921	25.359119	25.442560	25.558186	25.669512	25.819874	25.960052	26.143339	26.308287	26.516075	26.695810	26.912703	27.091736	27.296665	27.455872	27.625219	27.745070	27.857040	27.921494	27.960674	27.960674	27.921495	27.857040	27.745071	27.625219	27.455872	27.296663	27.091736	26.912701	26.695808	26.516071	26.308283	26.143337	25.960052	25.819874	25.669510	25.558186	25.442556	25.359119	25.274918	25.214777	25.155453	25.111864	25.069288	25.034433	
25.040043	25.084499	25.130173	25.189281	25.250233	25.334023	25.419056	25.536398	25.652454	25.809444	25.960052	26.157829	26.341291	26.573956	26.781898	27.035328	27.252369	27.504713	27.709778	27.934109	28.103569	28.272411	28.384453	28.475243	28.514444	28.514446	28.475243	28.384453	28.272411	28.103569	27.934107	27.709778	27.504711	27.252369	27.035328	26.781898	26.573954	26.341290	26.157829	25.960052	25.809444	25.652454	25.536398	25.419052	25.334023	25.250233	25.189281	25.130169	25.084499	25.040039	
25.048141	25.097202	25.156349	25.217934	25.300034	25.385086	25.501369	25.619339	25.778822	25.936125	26.143339	26.341290	26.593712	26.826500	27.112516	27.366047	27.664467	27.916904	28.198772	28.423187	28.656057	28.824959	28.978901	29.069721	29.123585	29.123585	29.069721	28.978901	28.824959	28.656054	28.423187	28.198772	27.916906	27.664467	27.366047	27.112514	26.826496	26.593708	26.341290	26.143339	25.936127	25.778820	25.619339	25.501366	25.385082	25.300034	25.217930	25.156349	25.097198	25.048141	
25.054760	25.115149	25.177954	25.257833	25.341845	25.454758	25.571989	25.729881	25.889818	26.100851	26.308285	26.573956	26.826496	27.138868	27.424965	27.765066	28.063549	28.402077	28.683998	28.984863	29.217781	29.444180	29.598150	29.719877	29.773746	29.773746	29.719875	29.598152	29.444176	29.217781	28.984861	28.683998	28.402075	28.063551	27.765064	27.424965	27.138866	26.826496	26.573957	26.308283	26.100849	25.889818	25.729877	25.571987	25.454754	25.341841	25.257833	25.177950	25.115149	25.054760	
25.063971	25.129593	25.207703	25.290394	25.398407	25.512745	25.665424	25.824005	26.033167	26.244520	26.516075	26.781898	27.112516	27.424965	27.799419	28.139568	28.530119	28.868683	29.237469	29.538361	29.842978	30.069399	30.270742	30.392479	30.462921	30.462919	30.392479	30.270741	30.069401	29.842974	29.538361	29.237465	28.868683	28.530117	28.139568	27.799417	27.424969	27.112514	26.781900	26.516075	26.244518	26.033165	25.824001	25.665421	25.512741	25.398403	25.290390	25.207705	25.129587	25.063972	
25.071205	25.149189	25.231297	25.333950	25.444046	25.588757	25.742468	25.944538	26.154184	26.424036	26.695808	27.035332	27.366049	27.765066	28.139568	28.573849	28.964430	29.396572	29.765379	30.149361	30.453991	30.742891	30.944241	31.099560	31.170002	31.170004	31.099556	30.944242	30.742889	30.453991	30.149357	29.765379	29.396572	28.964428	28.573849	28.139568	27.765066	27.366051	27.035332	26.695808	26.424032	26.154182	25.944536	25.742466	25.588757	25.444046	25.333950	25.231297	25.149193	25.071203	
25.080837	25.164303	25.262413	25.368004	25.503178	25.649378	25.840092	26.042877	26.303883	26.574059	26.912704	27.252367	27.664469	28.063551	28.530119	28.964428	29.450912	29.883074	30.342339	30.726330	31.105618	31.394524	31.645193	31.800514	31.888206	31.888205	31.800512	31.645195	31.394524	31.105616	30.726330	30.342337	29.883072	29.450912	28.964430	28.530119	28.063551	27.664469	27.252369	26.912703	26.574059	26.303879	26.042877	25.840092	25.649376	25.503176	25.368004	25.262413	25.164299	25.080837	
25.088058	25.183861	25.285961	25.411453	25.548706	25.725166	25.916906	26.162998	26.424479	26.752880	27.091734	27.504715	27.916908	28.402077	28.868685	29.396574	29.883072	30.408245	30.867517	31.334074	31.713367	32.064354	32.315025	32.503700	32.591396	32.591396	32.503700	32.315022	32.064354	31.713366	31.334074	30.867516	30.408245	29.883074	29.396576	28.868683	28.402077	27.916908	27.504715	27.091734	26.752876	26.424480	26.162996	25.916908	25.725166	25.548706	25.411453	25.285957	25.183859	25.088058	
25.097176	25.198164	25.315407	25.443686	25.604641	25.782513	26.009224	26.255989	26.565977	26.894680	27.296665	27.709778	28.198774	28.683998	29.237467	29.765379	30.342337	30.867516	31.412098	31.878660	32.328346	32.679329	32.976501	33.165180	33.269135	33.269135	33.165180	32.976501	32.679329	32.328346	31.878658	31.412098	30.867519	30.342339	29.765381	29.237469	28.683998	28.198774	27.709780	27.296665	26.894682	26.565975	26.255991	26.009220	25.782516	25.604641	25.443684	25.315405	25.198166	25.097178	
25.103607	25.215580	25.336374	25.482365	25.645174	25.849960	26.077579	26.362846	26.673258	27.053698	27.455870	27.934109	28.423185	28.984863	29.538363	30.149359	30.726330	31.334074	31.878658	32.418499	32.868187	33.274265	33.571434	33.789715	33.893673	33.893673	33.789719	33.571434	33.274265	32.868187	32.418499	31.878656	31.334076	30.726330	30.149361	29.538364	28.984865	28.423187	27.934111	27.455872	27.053698	26.673260	26.362844	26.077583	25.849958	25.645176	25.482363	25.336374	25.215580	25.103607	
25.111153	25.227421	25.360735	25.509029	25.691441	25.897396	26.153915	26.439735	26.790218	27.170914	27.625221	28.103569	28.656055	29.217779	29.842978	30.453991	31.105614	31.713366	32.328342	32.868187	33.375954	33.782036	34.117565	34.335846	34.453220	34.453220	34.335846	34.117565	33.782032	33.375954	32.868187	32.328346	31.713366	31.105618	30.453993	29.842976	29.217779	28.656059	28.103569	27.625221	27.170914	26.790220	26.439739	26.153913	25.897398	25.691441	25.509029	25.360733	25.227421	25.111153	
25.115999	25.240541	25.376535	25.538170	25.721979	25.948196	26.205400	26.520199	26.871002	27.290623	27.745071	28.272411	28.824959	29.444178	30.069399	30.742889	31.394524	32.064346	32.679333	33.274265	33.782036	34.229523	34.565056	34.805592	34.922966	34.922962	34.805595	34.565056	34.229523	33.782036	33.274265	32.679329	32.064350	31.394524	30.742893	30.069399	29.444180	28.824959	28.272411	27.745071	27.290627	26.871006	26.520199	26.205402	25.948193	25.721979	25.538168	25.376537	25.240541	25.116001	
25.120995	25.248379	25.392656	25.555815	25.752586	25.979576	26.255890	26.571058	26.948349	27.368135	27.857040	28.384453	28.978901	29.598152	30.270741	30.944244	31.645191	32.315025	32.976501	33.571434	34.117561	34.565060	34.925926	35.166466	35.292694	35.292694	35.166458	34.925926	34.565056	34.117569	33.571438	32.976501	32.315022	31.645193	30.944244	30.270742	29.598152	28.978903	28.384453	27.857042	27.368139	26.948351	26.571060	26.255890	25.979578	25.752588	25.555813	25.392658	25.248379	25.120995	
25.123600	25.255440	25.401157	25.571491	25.769016	26.006905	26.283587	26.614338	26.991798	27.432514	27.921494	28.475243	29.069725	29.719875	30.392481	31.099556	31.800514	32.503700	33.165180	33.789719	34.335846	34.805592	35.166462	35.418953	35.545185	35.545185	35.418953	35.166462	34.805595	34.335846	33.789719	33.165180	32.503700	31.800512	31.099558	30.392479	29.719877	29.069723	28.475243	27.921497	27.432518	26.991800	26.614338	26.283588	26.006905	25.769016	25.571491	25.401157	25.255440	25.123600	
25.125351	25.258183	25.406803	25.577669	25.779730	26.017887	26.301256	26.632135	27.018867	27.459641	27.960674	28.514446	29.123583	29.773746	30.462917	31.170000	31.888203	32.591393	33.269135	33.893673	34.453217	34.922966	35.292694	35.545185	35.674515	35.674515	35.545185	35.292694	34.922966	34.453220	33.893677	33.269135	32.591396	31.888203	31.170002	30.462917	29.773746	29.123583	28.514446	27.960674	27.459641	27.018866	26.632135	26.301256	26.017889	25.779730	25.577669	25.406799	25.258183	25.125349	
25.125351	25.258183	25.406803	25.577669	25.779730	26.017887	26.301256	26.632135	27.018867	27.459641	27.960674	28.514446	29.123583	29.773746	30.462917	31.170000	31.888203	32.591393	33.269135	33.893673	34.453217	34.922966	35.292694	35.545185	35.674515	35.674515	35.545185	35.292694	34.922966	34.453220	33.893677	33.269135	32.591396	31.888203	31.170002	30.462917	29.773746	29.123583	28.514446	27.960674	27.459641	27.018866	26.632135	26.301256	26.017889	25.779730	25.577669	25.406799	25.258183	25.125349	
25.123600	25.255440	25.401157	25.571491	25.769016	26.006905	26.283587	26.614338	26.991798	27.432514	27.921494	28.475243	29.069725	29.719875	30.392481	31.099556	31.800514	32.503700	33.165180	33.789719	34.335846	34.805592	35.166462	35.418953	35.545185	35.545185	35.418953	35.166462	34.805595	34.335846	33.789719	33.165180	32.503700	31.800512	31.099558	30.392479	29.719877	29.069723	28.475243	27.921497	27.432518	26.991800	26.614338	26.283588	26.006905	25.769016	25.571491	25.401157	25.255440	25.123600	
25.120995	25.248379	25.392656	25.555815	25.752586	25.979576	26.255890	26.571058	26.948349	27.368135	27.857040	28.384453	28.978901	29.598152	30.270741	30.944244	31.645191	32.315025	32.976501	33.571434	34.117561	34.565060	34.925926	35.166466	35.292694	35.292694	35.166458	34.925926	34.565056	34.117569	33.571438	32.976501	32.315022	31.645193	30.944244	30.270742	29.598152	28.978903	28.384453	27.857042	27.368139	26.948351	26.571060	26.255890	25.979578	25.752588	25.555813	25.392658	25.248379	25.120995	
25.115999	25.240541	25.376535	25.538170	25.721979	25.948196	26.205400	26.520199	26.871002	27.290623	27.745071	28.272411	28.824959	29.444178	30.069399	30.742889	31.394524	32.064346	32.679333	33.274265	33.782036	34.229523	34.565056	34.805592	34.922966	34.922962	34.805595	34.565056	34.229523	33.782036	33.274265	32.679329	32.064350	31.394524	30.742893	30.069399	29.444180	28.824959	28.272411	27.745071	27.290627	26.871006	26.520199	26.205402	25.948193	25.721979	25.538168	25.376537	25.240541	25.116001	
25.111153	25.227421	25.360735	25.509029	25.691441	25.897396	26.153915	26.439735	26.790218	27.170914	27.625221	28.103569	28.656055	29.217779	29.842978	30.453991	31.105614	31.713366	32.328342	32.868187	33.375954	33.782036	34.117565	34.335846	34.453220	34.453220	34.335846	34.117565	33.782032	33.375954	32.868187	32.328346	31.713366	31.105618	30.453993	29.842976	29.217779	28.656059	28.103569	27.625221	27.170914	26.790220	26.439739	26.153913	25.897398	25.691441	25.509029	25.360733	25.227421	25.111153	
25.103607	25.215580	25.336374	25.482365	25.645174	25.849960	26.077579	26.362846	26.673258	27.053698	27.455870	27.934109	28.423185	28.984863	29.538363	30.149359	30.726330	31.334074	31.878658	32.418499	32.868187	33.274265	33.571434	33.789715	33.893673	33.893673	33.789719	33.571434	33.274265	32.868187	32.418499	31.878656	31.334076	30.726330	30.149361	29.538364	28.984865	28.423187	27.934111	27.455872	27.053698	26.673260	26.362844	26.077583	25.849958	25.645176	25.482363	25.336374	25.215580	25.103607	
25.097176	25.198164	25.315407	25.443686	25.604641	25.782513	26.009224	26.255989	26.565977	26.894680	27.296665	27.709778	28.198774	28.683998	29.237467	29.765379	30.342337	30.867516	31.412098	31.878660	32.328346	32.679329	32.976501	33.165180	33.269135	33.269135	33.165180	32.976501	32.679329	32.328346	31.878658	31.412098	30.867519	30.342339	29.765381	29.237469	28.683998	28.198774	27.709780	27.296665	26.894682	26.565975	26.255991	26.009220	25.782516	25.604641	25.443684	25.315405	25.198166	25.097178	
25.088058	25.183861	25.285961	25.411453	25.548706	25.725166	25.916906	26.162998	26.424479	26.752880	27.091734	27.504715	27.916908	28.402077	28.868685	29.396574	29.883072	30.408245	30.867517	31.334074	31.713367	32.064354	32.315025	32.503700	32.591396	32.591396	32.503700	32.315022	32.064354	31.713366	31.334074	30.867516	30.408245	29.883074	29.396576	28.868683	28.402077	27.916908	27.504715	27.091734	26.752876	26.424480	26.162996	25.916908	25.725166	25.548706	25.411453	25.285957	25.183859	25.088058	
25.080837	25.164303	25.262413	25.368004	25.503178	25.649378	25.840092	26.042877	26.303883	26.574059	26.912704	27.252367	27.664469	28.063551	28.530119	28.964428	29.450912	29.883074	30.342339	30.726330	31.105618	31.394524	31.645193	31.800514	31.888206	31.888205	31.800512	31.645195	31.394524	31.105616	30.726330	30.342337	29.883072	29.450912	28.964430	28.530119	28.063551	27.664469	27.252369	26.912703	26.574059	26.303879	26.042877	25.840092	25.649376	25.503176	25.368004	25.262413	25.164299	25.080837	
25.071205	25.149189	25.231297	25.333950	25.444046	25.588757	25.742468	25.944538	26.154184	26.424036	26.695808	27.035332	27.366049	27.765066	28.139568	28.573849	28.964430	29.396572	29.765379	30.149361	30.453991	30.742891	30.944241	31.099560	31.170002	31.170004	31.099556	30.944242	30.742889	30.453991	30.149357	29.765379	29.396572	28.964428	28.573849	28.139568	27.765066	27.366051	27.035332	26.695808	26.424032	26.154182	25.944536	25.742466	25.588757	25.444046	25.333950	25.231297	25.149193	25.071203	
25.063971	25.129593	25.207703	25.290394	25.398407	25.512745	25.665424	25.824005	26.033167	26.244520	26.516075	26.781898	27.112516	27.424965	27.799419	28.139568	28.530119	28.868683	29.237469	29.538361	29.842978	30.069399	30.270742	30.392479	30.462921	30.462919	30.392479	30.270741	30.069401	29.842974	29.538361	29.237465	28.868683	28.530117	28.139568	27.799417	27.424969	27.112514	26.781900	26.516075	26.244518	26.033165	25.824001	25.665421	25.512741	25.398403	25.290390	25.207705	25.129587	25.063972	
25.054760	25.115149	25.177954	25.257833	25.341845	25.454758	25.571989	25.729881	25.889818	26.100851	26.308285	26.573956	26.826496	27.138868	27.424965	27.765066	28.063549	28.402077	28.683998	28.984863	29.217781	29.444180	29.598150	29.719877	29.773746	29.773746	29.719875	29.598152	29.444176	29.217781	28.984861	28.683998	28.402075	28.063551	27.765064	27.424965	27.138866	26.826496	26.573957	26.308283	26.100849	25.889818	25.729877	25.571987	25.454754	25.341841	25.257833	25.177950	25.115149	25.054760	
25.048141	25.097202	25.156349	25.217934	25.300034	25.385086	25.501369	25.619339	25.778822	25.936125	26.143339	26.341290	26.593712	26.826500	27.112516	27.366047	27.664467	27.916904	28.198772	28.423187	28.656057	28.824959	28.978901	29.069721	29.123585	29.123585	29.069721	28.978901	28.824959	28.656054	28.423187	28.198772	27.916906	27.664467	27.366047	27.112514	26.826496	26.593708	26.341290	26.143339	25.936127	25.778820	25.619339	25.501366	25.385082	25.300034	25.217930	25.156349	25.097198	25.048141	
25.040043	25.084499	25.130173	25.189281	25.250233	25.334023	25.419056	25.536398	25.652454	25.809444	25.960052	26.157829	26.341291	26.573956	26.781898	27.035328	27.252369	27.504713	27.709778	27.934109	28.103569	28.272411	28.384453	28.475243	28.514444	28.514446	28.475243	28.384453	28.272411	28.103569	27.934107	27.709778	27.504711	27.252369	27.035328	26.781898	26.573954	26.341290	26.157829	25.960052	25.809444	25.652454	25.536398	25.419052	25.334023	25.250233	25.189281	25.130169	25.084499	25.040039	
25.034433	25.069292	25.111864	25.155453	25.214777	25.274921	25.359119	25.442560	25.558186	25.669512	25.819874	25.960052	26.143339	26.308287	26.516075	26.695810	26.912703	27.091736	27.296665	27.455872	27.625219	27.745070	27.857040	27.921494	27.960674	27.960674	27.921495	27.857040	27.745071	27.625219	27.455872	27.296663	27.091736	26.912701	26.695808	26.516071	26.308283	26.143337	25.960052	25.819874	25.669510	25.558186	25.442556	25.359119	25.274918	25.214777	25.155453	25.111864	25.069288	25.034433	
25.027809	25.058903	25.090452	25.132004	25.174021	25.233093	25.291698	25.374569	25.454597	25.565584	25.669510	25.809444	25.936125	26.100847	26.244518	26.424032	26.574059	26.752876	26.894682	27.053698	27.170914	27.290621	27.368137	27.432514	27.459641	27.459641	27.432516	27.368137	27.290621	27.170912	27.053696	26.894680	26.752874	26.574059	26.424032	26.244516	26.100845	25.936125	25.809444	25.669510	25.565582	25.454594	25.374567	25.291697	25.233093	25.174019	25.132002	25.090450	25.058901	25.027809	
25.023371	25.046879	25.075956	25.105244	25.145927	25.186300	25.244175	25.300205	25.379787	25.454596	25.558187	25.652456	25.778820	25.889818	26.033163	26.154181	26.303879	26.424480	26.565975	26.673258	26.790218	26.871002	26.948349	26.991798	27.018866	27.018867	26.991800	26.948347	26.871002	26.790218	26.673258	26.565973	26.424479	26.303879	26.154181	26.033163	25.889816	25.778818	25.652452	25.558186	25.454594	25.379786	25.300203	25.244171	25.186296	25.145927	25.105240	25.075954	25.046877	25.023373	
25.018301	25.038900	25.059555	25.087231	25.114681	25.154144	25.192429	25.247887	25.300203	25.374569	25.442558	25.536400	25.619339	25.729877	25.824001	25.944534	26.042875	26.162996	26.255989	26.362843	26.439735	26.520197	26.571058	26.614336	26.632135	26.632135	26.614334	26.571056	26.520199	26.439735	26.362843	26.255987	26.162996	26.042877	25.944536	25.824001	25.729877	25.619337	25.536396	25.442558	25.374565	25.300201	25.247887	25.192427	25.154140	25.114677	25.087229	25.059551	25.038902	25.018299	
25.014988	25.029963	25.048725	25.067318	25.093674	25.119289	25.156864	25.192427	25.244175	25.291697	25.359121	25.419052	25.501368	25.571987	25.665421	25.742462	25.840090	25.916904	26.009220	26.077579	26.153912	26.205400	26.255890	26.283587	26.301258	26.301258	26.283588	26.255888	26.205402	26.153910	26.077583	26.009220	25.916906	25.840090	25.742466	25.665421	25.571987	25.501366	25.419050	25.359119	25.291697	25.244171	25.192427	25.156860	25.119284	25.093670	25.067318	25.048725	25.029961	25.014986	
25.011316	25.024137	25.036844	25.054157	25.071014	25.095774	25.119287	25.154142	25.186298	25.233093	25.274918	25.334019	25.385082	25.454754	25.512741	25.588755	25.649374	25.725166	25.782513	25.849958	25.897394	25.948195	25.979576	26.006905	26.017887	26.017889	26.006905	25.979576	25.948195	25.897396	25.849960	25.782516	25.725166	25.649376	25.588757	25.512741	25.454754	25.385082	25.334021	25.274918	25.233089	25.186298	25.154139	25.119284	25.095770	25.071011	25.054153	25.036842	25.024137	25.011314	
25.008934	25.017807	25.029055	25.040035	25.055893	25.071011	25.093674	25.114677	25.145927	25.174019	25.214777	25.250235	25.300030	25.341843	25.398403	25.444046	25.503174	25.548706	25.604639	25.645172	25.691441	25.721979	25.752586	25.769016	25.779732	25.779728	25.769018	25.752586	25.721979	25.691441	25.645176	25.604641	25.548704	25.503174	25.444046	25.398403	25.341843	25.300032	25.250233	25.214775	25.174019	25.145924	25.114677	25.093670	25.071011	25.055889	25.040035	25.029051	25.017803	25.008930	
25.006371	25.013632	25.020756	25.030600	25.040035	25.054157	25.067318	25.087233	25.105244	25.132004	25.155453	25.189281	25.217932	25.257833	25.290390	25.333946	25.368002	25.411451	25.443684	25.482361	25.509027	25.538166	25.555813	25.571491	25.577667	25.577667	25.571491	25.555815	25.538168	25.509029	25.482361	25.443682	25.411453	25.368002	25.333948	25.290388	25.257832	25.217930	25.189278	25.155453	25.132000	25.105244	25.087227	25.067318	25.054153	25.040033	25.030598	25.020752	25.013630	25.006371	
25.004639	25.009224	25.015093	25.020754	25.029053	25.036844	25.048727	25.059555	25.075958	25.090452	25.111866	25.130171	25.156349	25.177952	25.207703	25.231297	25.262409	25.285959	25.315403	25.336374	25.360731	25.376534	25.392654	25.401159	25.406799	25.406803	25.401157	25.392653	25.376535	25.360733	25.336372	25.315407	25.285957	25.262413	25.231295	25.207701	25.177950	25.156349	25.130171	25.111860	25.090450	25.075956	25.059553	25.048725	25.036842	25.029053	25.020752	25.015091	25.009224	25.004639	
25.002831	25.006069	25.009224	25.013634	25.017805	25.024139	25.029963	25.038902	25.046879	25.058903	25.069290	25.084499	25.097202	25.115149	25.129589	25.149189	25.164303	25.183859	25.198166	25.215580	25.227421	25.240540	25.248377	25.255436	25.258179	25.258179	25.255436	25.248377	25.240540	25.227417	25.215578	25.198162	25.183859	25.164299	25.149191	25.129587	25.115149	25.097198	25.084499	25.069290	25.058899	25.046879	25.038900	25.029961	25.024137	25.017803	25.013630	25.009222	25.006069	25.002831	
25.001427	25.002831	25.004639	25.006371	25.008932	25.011314	25.014988	25.018301	25.023373	25.027809	25.034435	25.040041	25.048143	25.054762	25.063972	25.071201	25.080839	25.088058	25.097176	25.103607	25.111153	25.115997	25.120993	25.123600	25.125347	25.125349	25.123600	25.120993	25.116001	25.111153	25.103605	25.097178	25.088055	25.080837	25.071201	25.063971	25.054760	25.048141	25.040039	25.034431	25.027809	25.023369	25.018299	25.014986	25.011314	25.008930	25.006371	25.004639	25.002831	25.001425	
