25.005402	25.010782	25.016121	25.021404	25.026600	25.031708	25.036686	25.041534	25.046219	25.050745	25.055065	25.059193	25.063082	25.066746	25.070148	25.073298	25.076155	25.078735	25.081009	25.082981	25.084629	25.085962	25.086964	25.087635	25.087969	25.087969	25.087635	25.086962	25.085962	25.084629	25.082981	25.081009	25.078737	25.076157	25.073298	25.070148	25.066750	25.063084	25.059193	25.055065	25.050743	25.046219	25.041536	25.036684	25.031708	25.026600	25.021402	25.016121	25.010782	25.005400	
25.010780	25.021523	25.032187	25.042721	25.053110	25.063286	25.073242	25.082905	25.092281	25.101286	25.109938	25.118151	25.125942	25.133236	25.140051	25.146309	25.152039	25.157169	25.161722	25.165646	25.168949	25.171600	25.173607	25.174940	25.175611	25.175613	25.174940	25.173605	25.171600	25.168953	25.165646	25.161726	25.157173	25.152039	25.146313	25.140049	25.133238	25.125944	25.118151	25.109940	25.101288	25.092281	25.082907	25.073242	25.063286	25.053110	25.042721	25.032185	25.021519	25.010782	
25.016121	25.032185	25.048122	25.063892	25.079407	25.094646	25.109509	25.123989	25.137974	25.151478	25.164377	25.176693	25.188311	25.199251	25.209404	25.218803	25.227335	25.235037	25.241821	25.247705	25.252630	25.256607	25.259594	25.261600	25.262602	25.262600	25.261600	25.259596	25.256607	25.252628	25.247709	25.241821	25.235039	25.227337	25.218801	25.209406	25.199249	25.188311	25.176693	25.164379	25.151480	25.137976	25.123989	25.109510	25.094646	25.079405	25.063892	25.048120	25.032185	25.016119	
25.021404	25.042723	25.063892	25.084808	25.105427	25.125629	25.145395	25.164579	25.183191	25.201069	25.218241	25.234543	25.250011	25.264488	25.278017	25.290443	25.301817	25.312002	25.321041	25.328827	25.335388	25.340649	25.344627	25.347279	25.348610	25.348612	25.347279	25.344627	25.340647	25.335388	25.328825	25.321041	25.312006	25.301819	25.290447	25.278015	25.264492	25.250011	25.234545	25.218241	25.201069	25.183191	25.164581	25.145397	25.125629	25.105429	25.084805	25.063892	25.042721	25.021404	
25.026602	25.053108	25.079407	25.105427	25.131031	25.156178	25.180704	25.204597	25.227676	25.249960	25.271242	25.291567	25.310734	25.328789	25.345545	25.361050	25.375132	25.387840	25.399033	25.408749	25.416874	25.423439	25.428362	25.431671	25.433323	25.433321	25.431671	25.428362	25.423439	25.416870	25.408749	25.399033	25.387842	25.375134	25.361048	25.345547	25.328789	25.310734	25.291567	25.271244	25.249958	25.227676	25.204597	25.180702	25.156178	25.131027	25.105429	25.079405	25.053110	25.026600	
25.031708	25.063286	25.094645	25.125629	25.156178	25.186106	25.215382	25.243803	25.271370	25.297855	25.323292	25.347443	25.370358	25.391806	25.411842	25.430254	25.447100	25.462189	25.475578	25.487112	25.496832	25.504623	25.510517	25.514442	25.516418	25.516422	25.514442	25.510519	25.504622	25.496832	25.487112	25.475578	25.462193	25.447098	25.430254	25.411842	25.391806	25.370358	25.347445	25.323292	25.297859	25.271370	25.243805	25.215382	25.186104	25.156178	25.125629	25.094646	25.063284	25.031708	
25.036682	25.073242	25.109509	25.145393	25.180704	25.215384	25.249207	25.282158	25.313988	25.344711	25.374067	25.402094	25.428528	25.453426	25.476536	25.497915	25.517338	25.534868	25.550299	25.563698	25.574898	25.583954	25.590746	25.595308	25.597588	25.597586	25.595310	25.590744	25.583954	25.574902	25.563700	25.550301	25.534866	25.517340	25.497915	25.476536	25.453426	25.428530	25.402094	25.374067	25.344713	25.313988	25.282158	25.249205	25.215380	25.180702	25.145393	25.109509	25.073242	25.036684	
25.041534	25.082905	25.123991	25.164581	25.204597	25.243803	25.282158	25.319389	25.355501	25.390202	25.423521	25.455164	25.485176	25.513277	25.539520	25.563644	25.585712	25.605482	25.623022	25.638130	25.650862	25.661068	25.668793	25.673937	25.676523	25.676525	25.673935	25.668793	25.661068	25.650862	25.638130	25.623024	25.605484	25.585714	25.563644	25.539524	25.513277	25.485178	25.455162	25.423521	25.390202	25.355501	25.319389	25.282154	25.243803	25.204594	25.164581	25.123989	25.082905	25.041534	
25.046219	25.092281	25.137976	25.183189	25.227676	25.271372	25.313984	25.355501	25.395607	25.434315	25.471306	25.506615	25.539925	25.571289	25.600409	25.627344	25.651817	25.673903	25.693350	25.710228	25.724342	25.735748	25.744308	25.750057	25.752926	25.752922	25.750053	25.744308	25.735748	25.724344	25.710228	25.693348	25.673903	25.651819	25.627344	25.600410	25.571291	25.539925	25.506615	25.471306	25.434317	25.395607	25.355499	25.313984	25.271366	25.227678	25.183187	25.137976	25.092281	25.046221	
25.050743	25.101286	25.151478	25.201069	25.249958	25.297855	25.344711	25.390202	25.434315	25.476715	25.517414	25.556076	25.592739	25.627075	25.659134	25.688608	25.715565	25.739721	25.761145	25.779606	25.795158	25.807631	25.817064	25.823349	25.826511	25.826511	25.823351	25.817064	25.807631	25.795158	25.779606	25.761145	25.739719	25.715565	25.688608	25.659134	25.627075	25.592739	25.556076	25.517418	25.476715	25.434315	25.390202	25.344709	25.297857	25.249954	25.201069	25.151478	25.101290	25.050743	
25.055065	25.109938	25.164377	25.218241	25.271244	25.323294	25.374065	25.423521	25.471306	25.517414	25.561489	25.603546	25.643236	25.680597	25.715290	25.747377	25.776539	25.802843	25.826015	25.846119	25.862940	25.876524	25.886724	25.893572	25.896990	25.896990	25.893570	25.886724	25.876524	25.862938	25.846119	25.826015	25.802841	25.776539	25.747379	25.715294	25.680599	25.643234	25.603546	25.561487	25.517416	25.471304	25.423519	25.374067	25.323288	25.271244	25.218239	25.164377	25.109938	25.055065	
25.059191	25.118151	25.176695	25.234545	25.291569	25.347446	25.402094	25.455166	25.506615	25.556078	25.603548	25.648649	25.691414	25.731464	25.768860	25.803244	25.834682	25.862865	25.887854	25.909389	25.927530	25.942081	25.953083	25.960415	25.964104	25.964104	25.960419	25.953083	25.942081	25.927530	25.909389	25.887852	25.862867	25.834682	25.803246	25.768860	25.731466	25.691412	25.648651	25.603548	25.556076	25.506615	25.455160	25.402092	25.347445	25.291567	25.234543	25.176695	25.118149	25.059191	
25.063082	25.125940	25.188311	25.250011	25.310734	25.370359	25.428532	25.485176	25.539928	25.592741	25.643236	25.691412	25.736883	25.779682	25.819431	25.856182	25.889597	25.919724	25.946276	25.969301	25.988575	26.004135	26.015823	26.023666	26.027580	26.027580	26.023664	26.015821	26.004135	25.988573	25.969301	25.946276	25.919722	25.889597	25.856182	25.819433	25.779680	25.736885	25.691414	25.643234	25.592743	25.539923	25.485178	25.428528	25.370358	25.310734	25.250013	25.188309	25.125942	25.063084	
25.066746	25.133234	25.199249	25.264488	25.328789	25.391808	25.453426	25.513279	25.571291	25.627073	25.680599	25.731464	25.779682	25.824856	25.867016	25.905798	25.941244	25.973032	26.001202	26.025494	26.045946	26.062359	26.074762	26.083035	26.087191	26.087189	26.083035	26.074762	26.062357	26.045946	26.025494	26.001202	25.973030	25.941244	25.905798	25.867016	25.824858	25.779682	25.731466	25.680597	25.627071	25.571289	25.513275	25.453426	25.391804	25.328793	25.264488	25.199253	25.133236	25.066748	
25.070148	25.140047	25.209404	25.278015	25.345545	25.411842	25.476536	25.539522	25.600410	25.659134	25.715294	25.768858	25.819431	25.867016	25.911224	25.952089	25.989250	26.022745	26.052277	26.077879	26.099312	26.116615	26.129612	26.138332	26.142689	26.142689	26.138332	26.129612	26.116613	26.099312	26.077879	26.052277	26.022745	25.989246	25.952087	25.911228	25.867016	25.819435	25.768860	25.715292	25.659134	25.600409	25.539522	25.476534	25.411842	25.345541	25.278017	25.209402	25.140049	25.070148	
25.073296	25.146309	25.218800	25.290445	25.361050	25.430254	25.497917	25.563646	25.627346	25.688610	25.747377	25.803246	25.856182	25.905796	25.952087	25.994682	26.033598	26.068512	26.099442	26.126122	26.148577	26.166603	26.180222	26.189306	26.193871	26.193871	26.189308	26.180222	26.166601	26.148577	26.126122	26.099442	26.068512	26.033600	25.994682	25.952087	25.905800	25.856186	25.803246	25.747379	25.688608	25.627344	25.563644	25.497917	25.430252	25.361050	25.290440	25.218801	25.146309	25.073298	
25.076157	25.152039	25.227337	25.301819	25.375134	25.447100	25.517338	25.585712	25.651821	25.715565	25.776541	25.834682	25.889595	25.941244	25.989250	26.033600	26.073952	26.110306	26.142372	26.170160	26.193436	26.212212	26.226330	26.235792	26.240524	26.240524	26.235794	26.226328	26.212214	26.193436	26.170162	26.142372	26.110310	26.073952	26.033602	25.989250	25.941246	25.889597	25.834684	25.776539	25.715563	25.651817	25.585712	25.517338	25.447098	25.375128	25.301815	25.227333	25.152039	25.076155	
25.078737	25.157171	25.235037	25.312004	25.387842	25.462191	25.534866	25.605484	25.673899	25.739723	25.802841	25.862865	25.919724	25.973030	26.022745	26.068512	26.110308	26.147820	26.181038	26.209705	26.233818	26.253189	26.267811	26.277575	26.282476	26.282476	26.277573	26.267811	26.253185	26.233818	26.209703	26.181038	26.147818	26.110308	26.068514	26.022743	25.973034	25.919722	25.862867	25.802841	25.739719	25.673901	25.605482	25.534866	25.462189	25.387844	25.312000	25.235041	25.157169	25.078737	
25.081009	25.161722	25.241821	25.321041	25.399036	25.475580	25.550303	25.623020	25.693350	25.761145	25.826015	25.887852	25.946274	26.001202	26.052277	26.099442	26.142376	26.181038	26.215157	26.244705	26.269472	26.289434	26.304459	26.314518	26.319553	26.319553	26.314520	26.304455	26.289436	26.269470	26.244705	26.215153	26.181038	26.142376	26.099442	26.052280	26.001202	25.946278	25.887852	25.826017	25.761145	25.693350	25.623022	25.550301	25.475578	25.399033	25.321041	25.241817	25.161724	25.081007	
25.082981	25.165644	25.247707	25.328827	25.408749	25.487114	25.563698	25.638130	25.710226	25.779606	25.846119	25.909389	25.969301	26.025494	26.077877	26.126122	26.170160	26.209705	26.244703	26.274925	26.300331	26.320751	26.336159	26.346453	26.351616	26.351616	26.346451	26.336159	26.320749	26.300331	26.274925	26.244705	26.209702	26.170162	26.126122	26.077877	26.025497	25.969301	25.909391	25.846119	25.779606	25.710224	25.638128	25.563698	25.487110	25.408749	25.328827	25.247707	25.165646	25.082981	
25.084631	25.168953	25.252632	25.335386	25.416874	25.496830	25.574902	25.650862	25.724344	25.795158	25.862938	25.927528	25.988573	26.045946	26.099312	26.148577	26.193436	26.233818	26.269468	26.300331	26.326210	26.347061	26.362759	26.373268	26.378529	26.378529	26.373270	26.362759	26.347065	26.326210	26.300333	26.269468	26.233818	26.193436	26.148575	26.099314	26.045944	25.988575	25.927530	25.862940	25.795158	25.724342	25.650860	25.574900	25.496830	25.416870	25.335386	25.252628	25.168951	25.084629	
25.085964	25.171600	25.256609	25.340649	25.423437	25.504623	25.583954	25.661070	25.735746	25.807631	25.876526	25.942081	26.004133	26.062357	26.116613	26.166599	26.212214	26.253185	26.289436	26.320749	26.347063	26.368221	26.384180	26.394846	26.400192	26.400194	26.394844	26.384182	26.368221	26.347065	26.320749	26.289434	26.253185	26.212212	26.166603	26.116613	26.062357	26.004135	25.942081	25.876524	25.807632	25.735744	25.661068	25.583950	25.504622	25.423437	25.340647	25.256609	25.171598	25.085962	
25.086962	25.173607	25.259592	25.344627	25.428362	25.510521	25.590748	25.668789	25.744308	25.817064	25.886723	25.953083	26.015821	26.074760	26.129610	26.180222	26.226326	26.267815	26.304455	26.336159	26.362759	26.384180	26.400311	26.411106	26.416517	26.416513	26.411110	26.400311	26.384182	26.362759	26.336159	26.304455	26.267811	26.226326	26.180218	26.129612	26.074762	26.015820	25.953081	25.886724	25.817062	25.744308	25.668789	25.590748	25.510517	25.428362	25.344627	25.259592	25.173605	25.086962	
25.087635	25.174942	25.261599	25.347277	25.431673	25.514444	25.595310	25.673937	25.750057	25.823351	25.893572	25.960415	26.023663	26.083033	26.138332	26.189304	26.235794	26.277573	26.314520	26.346451	26.373270	26.394844	26.411110	26.421986	26.427433	26.427435	26.421982	26.411108	26.394844	26.373268	26.346451	26.314520	26.277571	26.235792	26.189304	26.138332	26.083035	26.023663	25.960417	25.893570	25.823351	25.750055	25.673937	25.595306	25.514442	25.431671	25.347279	25.261600	25.174938	25.087635	
25.087971	25.175613	25.262598	25.348610	25.433321	25.516422	25.597586	25.676523	25.752928	25.826513	25.896992	25.964104	26.027582	26.087189	26.142689	26.193871	26.240522	26.282476	26.319551	26.351616	26.378531	26.400194	26.416515	26.427435	26.432905	26.432903	26.427433	26.416515	26.400192	26.378527	26.351612	26.319551	26.282475	26.240520	26.193869	26.142687	26.087189	26.027580	25.964100	25.896992	25.826509	25.752928	25.676523	25.597586	25.516418	25.433323	25.348612	25.262598	25.175611	25.087969	
25.087971	25.175613	25.262598	25.348610	25.433321	25.516422	25.597586	25.676523	25.752928	25.826513	25.896992	25.964104	26.027582	26.087189	26.142689	26.193871	26.240522	26.282476	26.319551	26.351616	26.378531	26.400194	26.416515	26.427435	26.432905	26.432903	26.427433	26.416515	26.400192	26.378527	26.351612	26.319551	26.282475	26.240520	26.193869	26.142687	26.087189	26.027580	25.964100	25.896992	25.826509	25.752928	25.676523	25.597586	25.516418	25.433323	25.348612	25.262598	25.175611	25.087969	
25.087635	25.174942	25.261599	25.347277	25.431673	25.514444	25.595310	25.673937	25.750057	25.823351	25.893572	25.960415	26.023663	26.083033	26.138332	26.189304	26.235794	26.277573	26.314520	26.346451	26.373270	26.394844	26.411110	26.421986	26.427433	26.427435	26.421982	26.411108	26.394844	26.373268	26.346451	26.314520	26.277571	26.235792	26.189304	26.138332	26.083035	26.023663	25.960417	25.893570	25.823351	25.750055	25.673937	25.595306	25.514442	25.431671	25.347279	25.261600	25.174938	25.087635	
25.086962	25.173607	25.259592	25.344627	25.428362	25.510521	25.590748	25.668789	25.744308	25.817064	25.886723	25.953083	26.015821	26.074760	26.129610	26.180222	26.226326	26.267815	26.304455	26.336159	26.362759	26.384180	26.400311	26.411106	26.416517	26.416513	26.411110	26.400311	26.384182	26.362759	26.336159	26.304455	26.267811	26.226326	26.180218	26.129612	26.074762	26.015820	25.953081	25.886724	25.817062	25.744308	25.668789	25.590748	25.510517	25.428362	25.344627	25.259592	25.173605	25.086962	
25.085964	25.171600	25.256609	25.340649	25.423437	25.504623	25.583954	25.661070	25.735746	25.807631	25.876526	25.942081	26.004133	26.062357	26.116613	26.166599	26.212214	26.253185	26.289436	26.320749	26.347063	26.368221	26.384180	26.394846	26.400192	26.400194	26.394844	26.384182	26.368221	26.347065	26.320749	26.289434	26.253185	26.212212	26.166603	26.116613	26.062357	26.004135	25.942081	25.876524	25.807632	25.735744	25.661068	25.583950	25.504622	25.423437	25.340647	25.256609	25.171598	25.085962	
25.084631	25.168953	25.252632	25.335386	25.416874	25.496830	25.574902	25.650862	25.724344	25.795158	25.862938	25.927528	25.988573	26.045946	26.099312	26.148577	26.193436	26.233818	26.269468	26.300331	26.326210	26.347061	26.362759	26.373268	26.378529	26.378529	26.373270	26.362759	26.347065	26.326210	26.300333	26.269468	26.233818	26.193436	26.148575	26.099314	26.045944	25.988575	25.927530	25.862940	25.795158	25.724342	25.650860	25.574900	25.496830	25.416870	25.335386	25.252628	25.168951	25.084629	
25.082981	25.165644	25.247707	25.328827	25.408749	25.487114	25.563698	25.638130	25.710226	25.779606	25.846119	25.909389	25.969301	26.025494	26.077877	26.126122	26.170160	26.209705	26.244703	26.274925	26.300331	26.320751	26.336159	26.346453	26.351616	26.351616	26.346451	26.336159	26.320749	26.300331	26.274925	26.244705	26.209702	26.170162	26.126122	26.077877	26.025497	25.969301	25.909391	25.846119	25.779606	25.710224	25.638128	25.563698	25.487110	25.408749	25.328827	25.247707	25.165646	25.082981	
25.081009	25.161722	25.241821	25.321041	25.399036	25.475580	25.550303	25.623020	25.693350	25.761145	25.826015	25.887852	25.946274	26.001202	26.052277	26.099442	26.142376	26.181038	26.215157	26.244705	26.269472	26.289434	26.304459	26.314518	26.319553	26.319553	26.314520	26.304455	26.289436	26.269470	26.244705	26.215153	26.181038	26.142376	26.099442	26.052280	26.001202	25.946278	25.887852	25.826017	25.761145	25.693350	25.623022	25.550301	25.475578	25.399033	25.321041	25.241817	25.161724	25.081007	
25.078737	25.157171	25.235037	25.312004	25.387842	25.462191	25.534866	25.605484	25.673899	25.739723	25.802841	25.862865	25.919724	25.973030	26.022745	26.068512	26.110308	26.147820	26.181038	26.209705	26.233818	26.253189	26.267811	26.277575	26.282476	26.282476	26.277573	26.267811	26.253185	26.233818	26.209703	26.181038	26.147818	26.110308	26.068514	26.022743	25.973034	25.919722	25.862867	25.802841	25.739719	25.673901	25.605482	25.534866	25.462189	25.387844	25.312000	25.235041	25.157169	25.078737	
25.076157	25.152039	25.227337	25.301819	25.375134	25.447100	25.517338	25.585712	25.651821	25.715565	25.776541	25.834682	25.889595	25.941244	25.989250	26.033600	26.073952	26.110306	26.142372	26.170160	26.193436	26.212212	26.226330	26.235792	26.240524	26.240524	26.235794	26.226328	26.212214	26.193436	26.170162	26.142372	26.110310	26.073952	26.033602	25.989250	25.941246	25.889597	25.834684	25.776539	25.715563	25.651817	25.585712	25.517338	25.447098	25.375128	25.301815	25.227333	25.152039	25.076155	
25.073296	25.146309	25.218800	25.290445	25.361050	25.430254	25.497917	25.563646	25.627346	25.688610	25.747377	25.803246	25.856182	25.905796	25.952087	25.994682	26.033598	26.068512	26.099442	26.126122	26.148577	26.166603	26.180222	26.189306	26.193871	26.193871	26.189308	26.180222	26.166601	26.148577	26.126122	26.099442	26.068512	26.033600	25.994682	25.952087	25.905800	25.856186	25.803246	25.747379	25.688608	25.627344	25.563644	25.497917	25.430252	25.361050	25.290440	25.218801	25.146309	25.073298	
25.070148	25.140047	25.209404	25.278015	25.345545	25.411842	25.476536	25.539522	25.600410	25.659134	25.715294	25.768858	25.819431	25.867016	25.911224	25.952089	25.989250	26.022745	26.052277	26.077879	26.099312	26.116615	26.129612	26.138332	26.142689	26.142689	26.138332	26.129612	26.116613	26.099312	26.077879	26.052277	26.022745	25.989246	25.952087	25.911228	25.867016	25.819435	25.768860	25.715292	25.659134	25.600409	25.539522	25.476534	25.411842	25.345541	25.278017	25.209402	25.140049	25.070148	
25.066746	25.133234	25.199249	25.264488	25.328789	25.391808	25.453426	25.513279	25.571291	25.627073	25.680599	25.731464	25.779682	25.824856	25.867016	25.905798	25.941244	25.973032	26.001202	26.025494	26.045946	26.062359	26.074762	26.083035	26.087191	26.087189	26.083035	26.074762	26.062357	26.045946	26.025494	26.001202	25.973030	25.941244	25.905798	25.867016	25.824858	25.779682	25.731466	25.680597	25.627071	25.571289	25.513275	25.453426	25.391804	25.328793	25.264488	25.199253	25.133236	25.066748	
25.063082	25.125940	25.188311	25.250011	25.310734	25.370359	25.428532	25.485176	25.539928	25.592741	25.643236	25.691412	25.736883	25.779682	25.819431	25.856182	25.889597	25.919724	25.946276	25.969301	25.988575	26.004135	26.015823	26.023666	26.027580	26.027580	26.023664	26.015821	26.004135	25.988573	25.969301	25.946276	25.919722	25.889597	25.856182	25.819433	25.779680	25.736885	25.691414	25.643234	25.592743	25.539923	25.485178	25.428528	25.370358	25.310734	25.250013	25.188309	25.125942	25.063084	
25.059191	25.118151	25.176695	25.234545	25.291569	25.347446	25.402094	25.455166	25.506615	25.556078	25.603548	25.648649	25.691414	25.731464	25.768860	25.803244	25.834682	25.862865	25.887854	25.909389	25.927530	25.942081	25.953083	25.960415	25.964104	25.964104	25.960419	25.953083	25.942081	25.927530	25.909389	25.887852	25.862867	25.834682	25.803246	25.768860	25.731466	25.691412	25.648651	25.603548	25.556076	25.506615	25.455160	25.402092	25.347445	25.291567	25.234543	25.176695	25.118149	25.059191	
25.055065	25.109938	25.164377	25.218241	25.271244	25.323294	25.374065	25.423521	25.471306	25.517414	25.561489	25.603546	25.643236	25.680597	25.715290	25.747377	25.776539	25.802843	25.826015	25.846119	25.862940	25.876524	25.886724	25.893572	25.896990	25.896990	25.893570	25.886724	25.876524	25.862938	25.846119	25.826015	25.802841	25.776539	25.747379	25.715294	25.680599	25.643234	25.603546	25.561487	25.517416	25.471304	25.423519	25.374067	25.323288	25.271244	25.218239	25.164377	25.109938	25.055065	
25.050743	25.101286	25.151478	25.201069	25.249958	25.297855	25.344711	25.390202	25.434315	25.476715	25.517414	25.556076	25.592739	25.627075	25.659134	25.688608	25.715565	25.739721	25.761145	25.779606	25.795158	25.807631	25.817064	25.823349	25.826511	25.826511	25.823351	25.817064	25.807631	25.795158	25.779606	25.761145	25.739719	25.715565	25.688608	25.659134	25.627075	25.592739	25.556076	25.517418	25.476715	25.434315	25.390202	25.344709	25.297857	25.249954	25.201069	25.151478	25.101290	25.050743	
25.046219	25.092281	25.137976	25.183189	25.227676	25.271372	25.313984	25.355501	25.395607	25.434315	25.471306	25.506615	25.539925	25.571289	25.600409	25.627344	25.651817	25.673903	25.693350	25.710228	25.724342	25.735748	25.744308	25.750057	25.752926	25.752922	25.750053	25.744308	25.735748	25.724344	25.710228	25.693348	25.673903	25.651819	25.627344	25.600410	25.571291	25.539925	25.506615	25.471306	25.434317	25.395607	25.355499	25.313984	25.271366	25.227678	25.183187	25.137976	25.092281	25.046221	
25.041534	25.082905	25.123991	25.164581	25.204597	25.243803	25.282158	25.319389	25.355501	25.390202	25.423521	25.455164	25.485176	25.513277	25.539520	25.563644	25.585712	25.605482	25.623022	25.638130	25.650862	25.661068	25.668793	25.673937	25.676523	25.676525	25.673935	25.668793	25.661068	25.650862	25.638130	25.623024	25.605484	25.585714	25.563644	25.539524	25.513277	25.485178	25.455162	25.423521	25.390202	25.355501	25.319389	25.282154	25.243803	25.204594	25.164581	25.123989	25.082905	25.041534	
25.036682	25.073242	25.109509	25.145393	25.180704	25.215384	25.249207	25.282158	25.313988	25.344711	25.374067	25.402094	25.428528	25.453426	25.476536	25.497915	25.517338	25.534868	25.550299	25.563698	25.574898	25.583954	25.590746	25.595308	25.597588	25.597586	25.595310	25.590744	25.583954	25.574902	25.563700	25.550301	25.534866	25.517340	25.497915	25.476536	25.453426	25.428530	25.402094	25.374067	25.344713	25.313988	25.282158	25.249205	25.215380	25.180702	25.145393	25.109509	25.073242	25.036684	
25.031708	25.063286	25.094645	25.125629	25.156178	25.186106	25.215382	25.243803	25.271370	25.297855	25.323292	25.347443	25.370358	25.391806	25.411842	25.430254	25.447100	25.462189	25.475578	25.487112	25.496832	25.504623	25.510517	25.514442	25.516418	25.516422	25.514442	25.510519	25.504622	25.496832	25.487112	25.475578	25.462193	25.447098	25.430254	25.411842	25.391806	25.370358	25.347445	25.323292	25.297859	25.271370	25.243805	25.215382	25.186104	25.156178	25.125629	25.094646	25.063284	25.031708	
25.026602	25.053108	25.079407	25.105427	25.131031	25.156178	25.180704	25.204597	25.227676	25.249960	25.271242	25.291567	25.310734	25.328789	25.345545	25.361050	25.375132	25.387840	25.399033	25.408749	25.416874	25.423439	25.428362	25.431671	25.433323	25.433321	25.431671	25.428362	25.423439	25.416870	25.408749	25.399033	25.387842	25.375134	25.361048	25.345547	25.328789	25.310734	25.291567	25.271244	25.249958	25.227676	25.204597	25.180702	25.156178	25.131027	25.105429	25.079405	25.053110	25.026600	
25.021404	25.042723	25.063892	25.084808	25.105427	25.125629	25.145395	25.164579	25.183191	25.201069	25.218241	25.234543	25.250011	25.264488	25.278017	25.290443	25.301817	25.312002	25.321041	25.328827	25.335388	25.340649	25.344627	25.347279	25.348610	25.348612	25.347279	25.344627	25.340647	25.335388	25.328825	25.321041	25.312006	25.301819	25.290447	25.278015	25.264492	25.250011	25.234545	25.218241	25.201069	25.183191	25.164581	25.145397	25.125629	25.105429	25.084805	25.063892	25.042721	25.021404	
25.016121	25.032185	25.048122	25.063892	25.079407	25.094646	25.109509	25.123989	25.137974	25.151478	25.164377	25.176693	25.188311	25.199251	25.209404	25.218803	25.227335	25.235037	25.241821	25.247705	25.252630	25.256607	25.259594	25.261600	25.262602	25.262600	25.261600	25.259596	25.256607	25.252628	25.247709	25.241821	25.235039	25.227337	25.218801	25.209406	25.199249	25.188311	25.176693	25.164379	25.151480	25.137976	25.123989	25.109510	25.094646	25.079405	25.063892	25.048120	25.032185	25.016119	
25.010780	25.021523	25.032187	25.042721	25.053110	25.063286	25.073242	25.082905	25.092281	25.101286	25.109938	25.118151	25.125942	25.133236	25.140051	25.146309	25.152039	25.157169	25.161722	25.165646	25.168949	25.171600	25.173607	25.174940	25.175611	25.175613	25.174940	25.173605	25.171600	25.168953	25.165646	25.161726	25.157173	25.152039	25.146313	25.140049	25.133238	25.125944	25.118151	25.109940	25.101288	25.092281	25.082907	25.073242	25.063286	25.053110	25.042721	25.032185	25.021519	25.010782	
25.005402	25.010782	25.016121	25.021404	25.026600	25.031708	25.036686	25.041534	25.046219	25.050745	25.055065	25.059193	25.063082	25.066746	25.070148	25.073298	25.076155	25.078735	25.081009	25.082981	25.084629	25.085962	25.086964	25.087635	25.087969	25.087969	25.087635	25.086962	25.085962	25.084629	25.082981	25.081009	25.078737	25.076157	25.073298	25.070148	25.066750	25.063084	25.059193	25.055065	25.050743	25.046219	25.041536	25.036684	25.031708	25.026600	25.021402	25.016121	25.010782	25.005400	
