25.000000	25.000000	25.000000	25.000000	25.000000	25.000004	25.000006	25.000015	25.000019	25.000042	25.000061	25.000118	25.000154	25.000267	25.000336	25.000526	25.000629	25.000896	25.001026	25.001329	25.001461	25.001730	25.001829	25.001987	25.002026	25.002024	25.001987	25.001831	25.001730	25.001461	25.001329	25.001026	25.000896	25.000631	25.000526	25.000336	25.000267	25.000153	25.000118	25.000057	25.000042	25.000019	25.000011	25.000004	25.000004	25.000000	25.000000	25.000000	25.000000	25.000000	
25.000000	25.000000	25.000000	25.000000	25.000004	25.000008	25.000019	25.000031	25.000067	25.000095	25.000195	25.000265	25.000481	25.000616	25.001011	25.001240	25.001835	25.002151	25.002901	25.003265	25.004021	25.004341	25.004908	25.005100	25.005310	25.005310	25.005096	25.004910	25.004341	25.004021	25.003262	25.002903	25.002153	25.001835	25.001238	25.001011	25.000616	25.000481	25.000261	25.000195	25.000095	25.000069	25.000031	25.000019	25.000008	25.000004	25.000000	25.000000	25.000000	25.000000	
25.000000	25.000000	25.000000	25.000004	25.000008	25.000023	25.000034	25.000084	25.000126	25.000263	25.000370	25.000696	25.000923	25.001574	25.001982	25.003054	25.003670	25.005142	25.005917	25.007578	25.008360	25.009829	25.010418	25.011286	25.011509	25.011505	25.011288	25.010418	25.009830	25.008360	25.007578	25.005917	25.005142	25.003670	25.003054	25.001980	25.001572	25.000921	25.000698	25.000366	25.000263	25.000124	25.000086	25.000036	25.000023	25.000008	25.000004	25.000000	25.000000	25.000000	
25.000000	25.000000	25.000004	25.000008	25.000025	25.000038	25.000099	25.000147	25.000328	25.000471	25.000927	25.001261	25.002232	25.002890	25.004631	25.005709	25.008312	25.009796	25.013033	25.014708	25.017960	25.019444	25.021881	25.022758	25.023666	25.023666	25.022757	25.021883	25.019444	25.017962	25.014708	25.013035	25.009796	25.008312	25.005709	25.004627	25.002888	25.002232	25.001259	25.000927	25.000469	25.000328	25.000149	25.000097	25.000040	25.000023	25.000008	25.000004	25.000000	25.000000	
25.000000	25.000002	25.000008	25.000023	25.000038	25.000107	25.000164	25.000378	25.000559	25.001143	25.001602	25.002945	25.003922	25.006523	25.008265	25.012493	25.015102	25.020851	25.024094	25.030531	25.033794	25.039469	25.041914	25.045261	25.046169	25.046167	25.045259	25.041912	25.039471	25.033792	25.030535	25.024094	25.020851	25.015102	25.012491	25.008265	25.006521	25.003922	25.002945	25.001600	25.001141	25.000557	25.000378	25.000166	25.000105	25.000038	25.000023	25.000006	25.000002	25.000000	
25.000000	25.000004	25.000021	25.000038	25.000107	25.000170	25.000404	25.000620	25.001312	25.001900	25.003624	25.004974	25.008574	25.011175	25.017521	25.021749	25.031143	25.036894	25.048481	25.054924	25.066513	25.072191	25.080856	25.084202	25.087421	25.087423	25.084206	25.080856	25.072193	25.066515	25.054922	25.048481	25.036896	25.031141	25.021751	25.017521	25.011177	25.008575	25.004971	25.003624	25.001898	25.001312	25.000618	25.000404	25.000172	25.000103	25.000038	25.000019	25.000004	25.000002	
25.000004	25.000015	25.000034	25.000099	25.000164	25.000404	25.000641	25.001408	25.002106	25.004160	25.005888	25.010521	25.014126	25.022951	25.029297	25.043472	25.052866	25.071985	25.083572	25.104862	25.116451	25.135147	25.143812	25.154812	25.158028	25.158030	25.154812	25.143814	25.135147	25.116451	25.104860	25.083572	25.071983	25.052868	25.043472	25.029297	25.022951	25.014124	25.010521	25.005886	25.004158	25.002104	25.001408	25.000641	25.000404	25.000164	25.000095	25.000032	25.000015	25.000004	
25.000011	25.000027	25.000084	25.000149	25.000378	25.000618	25.001408	25.002178	25.004456	25.006516	25.012058	25.016695	25.028091	25.036919	25.056742	25.070923	25.100002	25.119122	25.154758	25.176044	25.211542	25.230240	25.256704	25.267702	25.277521	25.277519	25.267702	25.256704	25.230240	25.211540	25.176044	25.154757	25.119122	25.100002	25.070923	25.056744	25.036915	25.028095	25.016693	25.012058	25.006514	25.004456	25.002178	25.001408	25.000618	25.000374	25.000147	25.000084	25.000029	25.000013	
25.000017	25.000065	25.000122	25.000328	25.000557	25.001312	25.002104	25.004456	25.006737	25.012905	25.018454	25.032141	25.043543	25.069271	25.089098	25.130032	25.159115	25.213919	25.249554	25.310282	25.345778	25.398949	25.425411	25.456635	25.466452	25.466454	25.456633	25.425411	25.398947	25.345778	25.310280	25.249554	25.213917	25.159115	25.130028	25.089098	25.069271	25.043541	25.032141	25.018452	25.012905	25.006737	25.004456	25.002104	25.001312	25.000557	25.000328	25.000122	25.000065	25.000019	
25.000042	25.000093	25.000263	25.000469	25.001143	25.001898	25.004162	25.006512	25.012905	25.019077	25.034378	25.048069	25.079117	25.104851	25.158298	25.199232	25.277046	25.331848	25.426682	25.487406	25.581522	25.634691	25.704708	25.735928	25.761879	25.761879	25.735928	25.704706	25.634691	25.581522	25.487406	25.426678	25.331846	25.277044	25.199230	25.158295	25.104849	25.079117	25.048069	25.034378	25.019077	25.012905	25.006512	25.004158	25.001902	25.001143	25.000469	25.000263	25.000095	25.000042	
25.000059	25.000195	25.000366	25.000927	25.001598	25.003624	25.005884	25.012056	25.018452	25.034378	25.049679	25.084549	25.115599	25.180456	25.233908	25.336262	25.414074	25.550303	25.645134	25.795469	25.889585	26.020874	26.090885	26.167873	26.193821	26.193825	26.167873	26.090889	26.020874	25.889587	25.795469	25.645136	25.550301	25.414074	25.336260	25.233908	25.180458	25.115599	25.084549	25.049679	25.034376	25.018452	25.012056	25.005886	25.003624	25.001600	25.000927	25.000366	25.000195	25.000059	
25.000116	25.000261	25.000700	25.001259	25.002947	25.004971	25.010521	25.016693	25.032143	25.048067	25.084549	25.119419	25.192671	25.257526	25.382580	25.484932	25.665848	25.802076	26.021582	26.171919	26.389118	26.520403	26.681696	26.758678	26.818413	26.818411	26.758680	26.681694	26.520407	26.389118	26.171919	26.021584	25.802076	25.665848	25.484932	25.382576	25.257530	25.192669	25.119421	25.084549	25.048069	25.032141	25.016693	25.010521	25.004969	25.002947	25.001259	25.000698	25.000263	25.000118	
25.000154	25.000481	25.000921	25.002234	25.003922	25.008575	25.014126	25.028093	25.043541	25.079119	25.115599	25.192671	25.265919	25.408062	25.533110	25.755983	25.936897	26.232113	26.451618	26.776325	26.993526	27.276495	27.437778	27.603521	27.663246	27.663252	27.603516	27.437782	27.276493	26.993526	26.776325	26.451618	26.232113	25.936897	25.755983	25.533112	25.408062	25.265919	25.192669	25.115599	25.079117	25.043541	25.028093	25.014126	25.008574	25.003920	25.002234	25.000919	25.000481	25.000153	
25.000269	25.000616	25.001574	25.002888	25.006525	25.011175	25.022953	25.036919	25.069275	25.104849	25.180460	25.257530	25.408062	25.550207	25.805504	26.028374	26.395891	26.691103	27.135418	27.460127	27.898720	28.181683	28.506908	28.672642	28.793009	28.793005	28.672646	28.506908	28.181684	27.898718	27.460127	27.135418	26.691103	26.395889	26.028376	25.805504	25.550205	25.408060	25.257526	25.180458	25.104847	25.069271	25.036915	25.022951	25.011175	25.006523	25.002888	25.001572	25.000612	25.000267	
25.000336	25.001013	25.001978	25.004631	25.008265	25.017523	25.029297	25.056744	25.089096	25.158298	25.233906	25.382578	25.533112	25.805504	26.060799	26.485722	26.853233	27.413963	27.858274	28.473412	28.911999	29.447159	29.772381	30.085541	30.205902	30.205904	30.085539	29.772381	29.447159	28.912001	28.473410	27.858276	27.413961	26.853233	26.485720	26.060799	25.805502	25.533110	25.382576	25.233904	25.158297	25.089094	25.056744	25.029293	25.017521	25.008265	25.004629	25.001976	25.001011	25.000336	
25.000528	25.001238	25.003054	25.005707	25.012495	25.021749	25.043476	25.070919	25.130035	25.199230	25.336262	25.484932	25.755985	26.028374	26.485722	26.910641	27.566479	28.127203	28.917885	29.533016	30.312056	30.847210	31.424232	31.737389	31.950830	31.950830	31.737391	31.424232	30.847210	30.312054	29.533016	28.917883	28.127203	27.566477	26.910641	26.485720	26.028374	25.755981	25.484932	25.336260	25.199230	25.130032	25.070919	25.043474	25.021749	25.012493	25.005707	25.003054	25.001236	25.000528	
25.000631	25.001837	25.003668	25.008316	25.015100	25.031147	25.052868	25.100004	25.159113	25.277046	25.414072	25.665850	25.936897	26.395891	26.853233	27.566479	28.222311	29.160816	29.951494	30.978996	31.758030	32.650795	33.227810	33.749863	33.963303	33.963303	33.749863	33.227814	32.650787	31.758030	30.978996	29.951492	29.160816	28.222309	27.566477	26.853233	26.395889	25.936897	25.665848	25.414072	25.277042	25.159111	25.100002	25.052866	25.031143	25.015100	25.008314	25.003668	25.001839	25.000631	
25.000896	25.002155	25.005144	25.009796	25.020853	25.036894	25.071987	25.119120	25.213921	25.331848	25.550304	25.802074	26.232115	26.691101	27.413963	28.127201	29.160816	30.099312	31.342863	32.370361	33.593887	34.486641	35.392128	35.914173	36.248985	36.248985	35.914177	35.392128	34.486645	33.593887	32.370361	31.342861	30.099316	29.160814	28.127201	27.413963	26.691101	26.232111	25.802073	25.550299	25.331844	25.213917	25.119120	25.071985	25.036894	25.020853	25.009796	25.005144	25.002153	25.000898	
25.001026	25.002903	25.005915	25.013035	25.024092	25.048483	25.083572	25.154758	25.249556	25.426682	25.645130	26.021584	26.451616	27.135422	27.858274	28.917885	29.951492	31.342861	32.586407	34.107506	35.331028	36.651421	37.556900	38.328617	38.663422	38.663425	38.328613	37.556904	36.651421	35.331032	34.107506	32.586407	31.342861	29.951492	28.917885	27.858273	27.135418	26.451614	26.021580	25.645130	25.426678	25.249554	25.154758	25.083570	25.048483	25.024092	25.013035	25.005917	25.002903	25.001026	
25.001329	25.003262	25.007578	25.014706	25.030533	25.054924	25.104862	25.176046	25.310284	25.487406	25.795471	26.171915	26.776329	27.460123	28.473413	29.533016	30.978998	32.370361	34.107506	35.628609	37.336102	38.656490	39.919395	40.691109	41.157948	41.157948	40.691113	39.919395	38.656498	37.336105	35.628609	34.107506	32.370361	30.978996	29.533014	28.473410	27.460123	26.776325	26.171915	25.795469	25.487404	25.310284	25.176044	25.104860	25.054922	25.030535	25.014706	25.007578	25.003262	25.001329	
25.001461	25.004021	25.008358	25.017960	25.033794	25.066515	25.116453	25.211544	25.345778	25.581524	25.889584	26.389118	26.993523	27.898720	28.911999	30.312056	31.758034	33.593887	35.331032	37.336102	39.043598	40.783009	42.045906	43.062176	43.529007	43.529007	43.062172	42.045910	40.783009	39.043602	37.336105	35.331028	33.593887	31.758034	30.312056	28.911999	27.898716	26.993523	26.389114	25.889584	25.581522	25.345776	25.211544	25.116451	25.066517	25.033792	25.017963	25.008356	25.004021	25.001461	
25.001730	25.004339	25.009830	25.019444	25.039469	25.072195	25.135151	25.230240	25.398951	25.634691	26.020874	26.520403	27.276493	28.181683	29.447159	30.847210	32.650791	34.486645	36.651421	38.656494	40.783009	42.522415	44.094643	45.110909	45.691986	45.691986	45.110909	44.094650	42.522415	40.783009	38.656494	36.651421	34.486645	32.650791	30.847210	29.447159	28.181681	27.276491	26.520403	26.020874	25.634691	25.398949	25.230240	25.135151	25.072193	25.039471	25.019440	25.009830	25.004337	25.001730	
25.001831	25.004908	25.010418	25.021879	25.041912	25.080856	25.143814	25.256706	25.425411	25.704706	26.090889	26.681694	27.437780	28.506908	29.772381	31.424232	33.227814	35.392128	37.556900	39.919395	42.045906	44.094646	45.666870	46.863628	47.444706	47.444710	46.863628	45.666874	44.094646	42.045910	39.919395	37.556900	35.392128	33.227814	31.424232	29.772381	28.506908	27.437778	26.681696	26.090887	25.704708	25.425411	25.256706	25.143812	25.080856	25.041912	25.021881	25.010418	25.004908	25.001831	
25.001987	25.005096	25.011284	25.022757	25.045258	25.084204	25.154812	25.267702	25.456635	25.735928	26.167873	26.758680	27.603519	28.672646	30.085541	31.737391	33.749863	35.914177	38.328613	40.691109	43.062172	45.110909	46.863632	48.060379	48.708115	48.708115	48.060379	46.863625	45.110916	43.062176	40.691113	38.328621	35.914177	33.749863	31.737391	30.085541	28.672644	27.603518	26.758678	26.167873	25.735928	25.456635	25.267700	25.154810	25.084202	25.045258	25.022755	25.011284	25.005096	25.001987	
25.002026	25.005310	25.011505	25.023661	25.046167	25.087420	25.158030	25.277519	25.466454	25.761879	26.193825	26.818413	27.663252	28.793009	30.205904	31.950830	33.963303	36.248985	38.663425	41.157948	43.529007	45.691986	47.444706	48.708111	49.355843	49.355846	48.708115	47.444710	45.691994	43.529015	41.157951	38.663425	36.248985	33.963303	31.950832	30.205904	28.793009	27.663252	26.818413	26.193823	25.761879	25.466450	25.277519	25.158026	25.087420	25.046165	25.023663	25.011505	25.005310	25.002026	
25.002026	25.005310	25.011505	25.023661	25.046167	25.087420	25.158030	25.277519	25.466454	25.761879	26.193825	26.818413	27.663252	28.793009	30.205904	31.950830	33.963303	36.248985	38.663425	41.157948	43.529007	45.691986	47.444706	48.708111	49.355843	49.355846	48.708115	47.444710	45.691994	43.529015	41.157951	38.663425	36.248985	33.963303	31.950832	30.205904	28.793009	27.663252	26.818413	26.193823	25.761879	25.466450	25.277519	25.158026	25.087420	25.046165	25.023663	25.011505	25.005310	25.002026	
25.001987	25.005096	25.011284	25.022757	25.045258	25.084204	25.154812	25.267702	25.456635	25.735928	26.167873	26.758680	27.603519	28.672646	30.085541	31.737391	33.749863	35.914177	38.328613	40.691109	43.062172	45.110909	46.863632	48.060379	48.708115	48.708115	48.060379	46.863625	45.110916	43.062176	40.691113	38.328621	35.914177	33.749863	31.737391	30.085541	28.672644	27.603518	26.758678	26.167873	25.735928	25.456635	25.267700	25.154810	25.084202	25.045258	25.022755	25.011284	25.005096	25.001987	
25.001831	25.004908	25.010418	25.021879	25.041912	25.080856	25.143814	25.256706	25.425411	25.704706	26.090889	26.681694	27.437780	28.506908	29.772381	31.424232	33.227814	35.392128	37.556900	39.919395	42.045906	44.094646	45.666870	46.863628	47.444706	47.444710	46.863628	45.666874	44.094646	42.045910	39.919395	37.556900	35.392128	33.227814	31.424232	29.772381	28.506908	27.437778	26.681696	26.090887	25.704708	25.425411	25.256706	25.143812	25.080856	25.041912	25.021881	25.010418	25.004908	25.001831	
25.001730	25.004339	25.009830	25.019444	25.039469	25.072195	25.135151	25.230240	25.398951	25.634691	26.020874	26.520403	27.276493	28.181683	29.447159	30.847210	32.650791	34.486645	36.651421	38.656494	40.783009	42.522415	44.094643	45.110909	45.691986	45.691986	45.110909	44.094650	42.522415	40.783009	38.656494	36.651421	34.486645	32.650791	30.847210	29.447159	28.181681	27.276491	26.520403	26.020874	25.634691	25.398949	25.230240	25.135151	25.072193	25.039471	25.019440	25.009830	25.004337	25.001730	
25.001461	25.004021	25.008358	25.017960	25.033794	25.066515	25.116453	25.211544	25.345778	25.581524	25.889584	26.389118	26.993523	27.898720	28.911999	30.312056	31.758034	33.593887	35.331032	37.336102	39.043598	40.783009	42.045906	43.062176	43.529007	43.529007	43.062172	42.045910	40.783009	39.043602	37.336105	35.331028	33.593887	31.758034	30.312056	28.911999	27.898716	26.993523	26.389114	25.889584	25.581522	25.345776	25.211544	25.116451	25.066517	25.033792	25.017963	25.008356	25.004021	25.001461	
25.001329	25.003262	25.007578	25.014706	25.030533	25.054924	25.104862	25.176046	25.310284	25.487406	25.795471	26.171915	26.776329	27.460123	28.473413	29.533016	30.978998	32.370361	34.107506	35.628609	37.336102	38.656490	39.919395	40.691109	41.157948	41.157948	40.691113	39.919395	38.656498	37.336105	35.628609	34.107506	32.370361	30.978996	29.533014	28.473410	27.460123	26.776325	26.171915	25.795469	25.487404	25.310284	25.176044	25.104860	25.054922	25.030535	25.014706	25.007578	25.003262	25.001329	
25.001026	25.002903	25.005915	25.013035	25.024092	25.048483	25.083572	25.154758	25.249556	25.426682	25.645130	26.021584	26.451616	27.135422	27.858274	28.917885	29.951492	31.342861	32.586407	34.107506	35.331028	36.651421	37.556900	38.328617	38.663422	38.663425	38.328613	37.556904	36.651421	35.331032	34.107506	32.586407	31.342861	29.951492	28.917885	27.858273	27.135418	26.451614	26.021580	25.645130	25.426678	25.249554	25.154758	25.083570	25.048483	25.024092	25.013035	25.005917	25.002903	25.001026	
25.000896	25.002155	25.005144	25.009796	25.020853	25.036894	25.071987	25.119120	25.213921	25.331848	25.550304	25.802074	26.232115	26.691101	27.413963	28.127201	29.160816	30.099312	31.342863	32.370361	33.593887	34.486641	35.392128	35.914173	36.248985	36.248985	35.914177	35.392128	34.486645	33.593887	32.370361	31.342861	30.099316	29.160814	28.127201	27.413963	26.691101	26.232111	25.802073	25.550299	25.331844	25.213917	25.119120	25.071985	25.036894	25.020853	25.009796	25.005144	25.002153	25.000898	
25.000631	25.001837	25.003668	25.008316	25.015100	25.031147	25.052868	25.100004	25.159113	25.277046	25.414072	25.665850	25.936897	26.395891	26.853233	27.566479	28.222311	29.160816	29.951494	30.978996	31.758030	32.650795	33.227810	33.749863	33.963303	33.963303	33.749863	33.227814	32.650787	31.758030	30.978996	29.951492	29.160816	28.222309	27.566477	26.853233	26.395889	25.936897	25.665848	25.414072	25.277042	25.159111	25.100002	25.052866	25.031143	25.015100	25.008314	25.003668	25.001839	25.000631	
25.000528	25.001238	25.003054	25.005707	25.012495	25.021749	25.043476	25.070919	25.130035	25.199230	25.336262	25.484932	25.755985	26.028374	26.485722	26.910641	27.566479	28.127203	28.917885	29.533016	30.312056	30.847210	31.424232	31.737389	31.950830	31.950830	31.737391	31.424232	30.847210	30.312054	29.533016	28.917883	28.127203	27.566477	26.910641	26.485720	26.028374	25.755981	25.484932	25.336260	25.199230	25.130032	25.070919	25.043474	25.021749	25.012493	25.005707	25.003054	25.001236	25.000528	
25.000336	25.001013	25.001978	25.004631	25.008265	25.017523	25.029297	25.056744	25.089096	25.158298	25.233906	25.382578	25.533112	25.805504	26.060799	26.485722	26.853233	27.413963	27.858274	28.473412	28.911999	29.447159	29.772381	30.085541	30.205902	30.205904	30.085539	29.772381	29.447159	28.912001	28.473410	27.858276	27.413961	26.853233	26.485720	26.060799	25.805502	25.533110	25.382576	25.233904	25.158297	25.089094	25.056744	25.029293	25.017521	25.008265	25.004629	25.001976	25.001011	25.000336	
25.000269	25.000616	25.001574	25.002888	25.006525	25.011175	25.022953	25.036919	25.069275	25.104849	25.180460	25.257530	25.408062	25.550207	25.805504	26.028374	26.395891	26.691103	27.135418	27.460127	27.898720	28.181683	28.506908	28.672642	28.793009	28.793005	28.672646	28.506908	28.181684	27.898718	27.460127	27.135418	26.691103	26.395889	26.028376	25.805504	25.550205	25.408060	25.257526	25.180458	25.104847	25.069271	25.036915	25.022951	25.011175	25.006523	25.002888	25.001572	25.000612	25.000267	
25.000154	25.000481	25.000921	25.002234	25.003922	25.008575	25.014126	25.028093	25.043541	25.079119	25.115599	25.192671	25.265919	25.408062	25.533110	25.755983	25.936897	26.232113	26.451618	26.776325	26.993526	27.276495	27.437778	27.603521	27.663246	27.663252	27.603516	27.437782	27.276493	26.993526	26.776325	26.451618	26.232113	25.936897	25.755983	25.533112	25.408062	25.265919	25.192669	25.115599	25.079117	25.043541	25.028093	25.014126	25.008574	25.003920	25.002234	25.000919	25.000481	25.000153	
25.000116	25.000261	25.000700	25.001259	25.002947	25.004971	25.010521	25.016693	25.032143	25.048067	25.084549	25.119419	25.192671	25.257526	25.382580	25.484932	25.665848	25.802076	26.021582	26.171919	26.389118	26.520403	26.681696	26.758678	26.818413	26.818411	26.758680	26.681694	26.520407	26.389118	26.171919	26.021584	25.802076	25.665848	25.484932	25.382576	25.257530	25.192669	25.119421	25.084549	25.048069	25.032141	25.016693	25.010521	25.004969	25.002947	25.001259	25.000698	25.000263	25.000118	
25.000059	25.000195	25.000366	25.000927	25.001598	25.003624	25.005884	25.012056	25.018452	25.034378	25.049679	25.084549	25.115599	25.180456	25.233908	25.336262	25.414074	25.550303	25.645134	25.795469	25.889585	26.020874	26.090885	26.167873	26.193821	26.193825	26.167873	26.090889	26.020874	25.889587	25.795469	25.645136	25.550301	25.414074	25.336260	25.233908	25.180458	25.115599	25.084549	25.049679	25.034376	25.018452	25.012056	25.005886	25.003624	25.001600	25.000927	25.000366	25.000195	25.000059	
25.000042	25.000093	25.000263	25.000469	25.001143	25.001898	25.004162	25.006512	25.012905	25.019077	25.034378	25.048069	25.079117	25.104851	25.158298	25.199232	25.277046	25.331848	25.426682	25.487406	25.581522	25.634691	25.704708	25.735928	25.761879	25.761879	25.735928	25.704706	25.634691	25.581522	25.487406	25.426678	25.331846	25.277044	25.199230	25.158295	25.104849	25.079117	25.048069	25.034378	25.019077	25.012905	25.006512	25.004158	25.001902	25.001143	25.000469	25.000263	25.000095	25.000042	
25.000017	25.000065	25.000122	25.000328	25.000557	25.001312	25.002104	25.004456	25.006737	25.012905	25.018454	25.032141	25.043543	25.069271	25.089098	25.130032	25.159115	25.213919	25.249554	25.310282	25.345778	25.398949	25.425411	25.456635	25.466452	25.466454	25.456633	25.425411	25.398947	25.345778	25.310280	25.249554	25.213917	25.159115	25.130028	25.089098	25.069271	25.043541	25.032141	25.018452	25.012905	25.006737	25.004456	25.002104	25.001312	25.000557	25.000328	25.000122	25.000065	25.000019	
25.000011	25.000027	25.000084	25.000149	25.000378	25.000618	25.001408	25.002178	25.004456	25.006516	25.012058	25.016695	25.028091	25.036919	25.056742	25.070923	25.100002	25.119122	25.154758	25.176044	25.211542	25.230240	25.256704	25.267702	25.277521	25.277519	25.267702	25.256704	25.230240	25.211540	25.176044	25.154757	25.119122	25.100002	25.070923	25.056744	25.036915	25.028095	25.016693	25.012058	25.006514	25.004456	25.002178	25.001408	25.000618	25.000374	25.000147	25.000084	25.000029	25.000013	
25.000004	25.000015	25.000034	25.000099	25.000164	25.000404	25.000641	25.001408	25.002106	25.004160	25.005888	25.010521	25.014126	25.022951	25.029297	25.043472	25.052866	25.071985	25.083572	25.104862	25.116451	25.135147	25.143812	25.154812	25.158028	25.158030	25.154812	25.143814	25.135147	25.116451	25.104860	25.083572	25.071983	25.052868	25.043472	25.029297	25.022951	25.014124	25.010521	25.005886	25.004158	25.002104	25.001408	25.000641	25.000404	25.000164	25.000095	25.000032	25.000015	25.000004	
25.000000	25.000004	25.000021	25.000038	25.000107	25.000170	25.000404	25.000620	25.001312	25.001900	25.003624	25.004974	25.008574	25.011175	25.017521	25.021749	25.031143	25.036894	25.048481	25.054924	25.066513	25.072191	25.080856	25.084202	25.087421	25.087423	25.084206	25.080856	25.072193	25.066515	25.054922	25.048481	25.036896	25.031141	25.021751	25.017521	25.011177	25.008575	25.004971	25.003624	25.001898	25.001312	25.000618	25.000404	25.000172	25.000103	25.000038	25.000019	25.000004	25.000002	
25.000000	25.000002	25.000008	25.000023	25.000038	25.000107	25.000164	25.000378	25.000559	25.001143	25.001602	25.002945	25.003922	25.006523	25.008265	25.012493	25.015102	25.020851	25.024094	25.030531	25.033794	25.039469	25.041914	25.045261	25.046169	25.046167	25.045259	25.041912	25.039471	25.033792	25.030535	25.024094	25.020851	25.015102	25.012491	25.008265	25.006521	25.003922	25.002945	25.001600	25.001141	25.000557	25.000378	25.000166	25.000105	25.000038	25.000023	25.000006	25.000002	25.000000	
25.000000	25.000000	25.000004	25.000008	25.000025	25.000038	25.000099	25.000147	25.000328	25.000471	25.000927	25.001261	25.002232	25.002890	25.004631	25.005709	25.008312	25.009796	25.013033	25.014708	25.017960	25.019444	25.021881	25.022758	25.023666	25.023666	25.022757	25.021883	25.019444	25.017962	25.014708	25.013035	25.009796	25.008312	25.005709	25.004627	25.002888	25.002232	25.001259	25.000927	25.000469	25.000328	25.000149	25.000097	25.000040	25.000023	25.000008	25.000004	25.000000	25.000000	
25.000000	25.000000	25.000000	25.000004	25.000008	25.000023	25.000034	25.000084	25.000126	25.000263	25.000370	25.000696	25.000923	25.001574	25.001982	25.003054	25.003670	25.005142	25.005917	25.007578	25.008360	25.009829	25.010418	25.011286	25.011509	25.011505	25.011288	25.010418	25.009830	25.008360	25.007578	25.005917	25.005142	25.003670	25.003054	25.001980	25.001572	25.000921	25.000698	25.000366	25.000263	25.000124	25.000086	25.000036	25.000023	25.000008	25.000004	25.000000	25.000000	25.000000	
25.000000	25.000000	25.000000	25.000000	25.000004	25.000008	25.000019	25.000031	25.000067	25.000095	25.000195	25.000265	25.000481	25.000616	25.001011	25.001240	25.001835	25.002151	25.002901	25.003265	25.004021	25.004341	25.004908	25.005100	25.005310	25.005310	25.005096	25.004910	25.004341	25.004021	25.003262	25.002903	25.002153	25.001835	25.001238	25.001011	25.000616	25.000481	25.000261	25.000195	25.000095	25.000069	25.000031	25.000019	25.000008	25.000004	25.000000	25.000000	25.000000	25.000000	
25.000000	25.000000	25.000000	25.000000	25.000000	25.000004	25.000006	25.000015	25.000019	25.000042	25.000061	25.000118	25.000154	25.000267	25.000336	25.000526	25.000629	25.000896	25.001026	25.001329	25.001461	25.001730	25.001829	25.001987	25.002026	25.002024	25.001987	25.001831	25.001730	25.001461	25.001329	25.001026	25.000896	25.000631	25.000526	25.000336	25.000267	25.000153	25.000118	25.000057	25.000042	25.000019	25.000011	25.000004	25.000004	25.000000	25.000000	25.000000	25.000000	25.000000	
