25.001602	25.003197	25.004778	25.006342	25.007881	25.009394	25.010868	25.012302	25.013689	25.015026	25.016304	25.017521	25.018669	25.019747	25.020754	25.021679	25.022522	25.023279	25.023949	25.024529	25.025013	25.025404	25.025702	25.025896	25.025995	25.025995	25.025896	25.025700	25.025406	25.025013	25.024529	25.023949	25.023281	25.022522	25.021677	25.020756	25.019749	25.018671	25.017521	25.016304	25.015026	25.013691	25.012302	25.010870	25.009394	25.007883	25.006344	25.004780	25.003195	25.001600	
25.003197	25.006378	25.009537	25.012661	25.015736	25.018751	25.021696	25.024559	25.027328	25.029995	25.032545	25.034973	25.037268	25.039425	25.041428	25.043276	25.044956	25.046473	25.047808	25.048965	25.049934	25.050714	25.051300	25.051693	25.051891	25.051891	25.051695	25.051302	25.050713	25.049934	25.048964	25.047808	25.046471	25.044958	25.043274	25.041428	25.039425	25.037270	25.034973	25.032547	25.029995	25.027330	25.024559	25.021694	25.018753	25.015738	25.012661	25.009537	25.006378	25.003197	
25.004776	25.009539	25.014261	25.018932	25.023529	25.028038	25.032444	25.036722	25.040863	25.044849	25.048664	25.052296	25.055729	25.058945	25.061947	25.064707	25.067226	25.069489	25.071487	25.073214	25.074663	25.075829	25.076706	25.077297	25.077589	25.077591	25.077297	25.076710	25.075830	25.074661	25.073215	25.071486	25.069489	25.067226	25.064707	25.061945	25.058949	25.055729	25.052296	25.048664	25.044849	25.040863	25.036722	25.032444	25.028040	25.023531	25.018932	25.014259	25.009537	25.004776	
25.006342	25.012661	25.018932	25.025131	25.031235	25.037220	25.043068	25.048746	25.054245	25.059532	25.064598	25.069420	25.073975	25.078251	25.082226	25.085897	25.089235	25.092239	25.094891	25.097185	25.099110	25.100658	25.101824	25.102602	25.102997	25.102993	25.102604	25.101822	25.100658	25.099110	25.097187	25.094893	25.092239	25.089237	25.085896	25.082230	25.078251	25.073975	25.069418	25.064598	25.059536	25.054245	25.048748	25.043064	25.037220	25.031235	25.025131	25.018932	25.012661	25.006344	
25.007881	25.015736	25.023529	25.031237	25.038822	25.046263	25.053524	25.060589	25.067417	25.073994	25.080288	25.086277	25.091942	25.097252	25.102200	25.106754	25.110910	25.114641	25.117939	25.120789	25.123180	25.125103	25.126553	25.127522	25.128008	25.128010	25.127522	25.126554	25.125103	25.123180	25.120789	25.117939	25.114639	25.110909	25.106756	25.102200	25.097256	25.091942	25.086277	25.080288	25.073994	25.067417	25.060587	25.053526	25.046261	25.038822	25.031235	25.023529	25.015736	25.007881	
25.009392	25.018751	25.028040	25.037220	25.046265	25.055126	25.063784	25.072197	25.080334	25.088169	25.095671	25.102810	25.109556	25.115891	25.121780	25.127213	25.132160	25.136608	25.140537	25.143932	25.146782	25.149075	25.150801	25.151957	25.152536	25.152536	25.151958	25.150803	25.149076	25.146784	25.143932	25.140537	25.136608	25.132162	25.127213	25.121784	25.115889	25.109558	25.102810	25.095673	25.088173	25.080336	25.072197	25.063782	25.055126	25.046261	25.037220	25.028038	25.018753	25.009396	
25.010868	25.021698	25.032442	25.043066	25.053524	25.063782	25.073795	25.083530	25.092949	25.102013	25.110693	25.118950	25.126759	25.134085	25.140903	25.147186	25.152912	25.158056	25.162603	25.166533	25.169827	25.172480	25.174480	25.175816	25.176487	25.176489	25.175817	25.174480	25.172482	25.169828	25.166534	25.162603	25.158060	25.152912	25.147188	25.140903	25.134087	25.126759	25.118950	25.110695	25.102013	25.092949	25.083532	25.073797	25.063782	25.053524	25.043064	25.032442	25.021698	25.010868	
25.012304	25.024559	25.036724	25.048746	25.060587	25.072193	25.083530	25.094551	25.105209	25.115471	25.125294	25.134644	25.143478	25.151772	25.159489	25.166603	25.173080	25.178909	25.184052	25.188499	25.192230	25.195236	25.197495	25.199009	25.199764	25.199768	25.199009	25.197498	25.195234	25.192234	25.188499	25.184055	25.178909	25.173084	25.166603	25.159491	25.151772	25.143482	25.134644	25.125294	25.115471	25.105209	25.094551	25.083532	25.072197	25.060589	25.048748	25.036722	25.024559	25.012304	
25.013689	25.027328	25.040863	25.054241	25.067417	25.080334	25.092949	25.105209	25.117073	25.128490	25.139421	25.149822	25.159657	25.168884	25.177473	25.185383	25.192598	25.199076	25.204803	25.209751	25.213905	25.217243	25.219763	25.221445	25.222290	25.222286	25.221447	25.219763	25.217247	25.213903	25.209753	25.204803	25.199081	25.192598	25.185389	25.177471	25.168884	25.159657	25.149824	25.139423	25.128490	25.117073	25.105209	25.092949	25.080338	25.067417	25.054245	25.040863	25.027328	25.013689	
25.015026	25.029995	25.044847	25.059532	25.073990	25.088171	25.102013	25.115471	25.128489	25.141022	25.153019	25.164434	25.175226	25.185356	25.194778	25.203466	25.211376	25.218494	25.224775	25.230209	25.234766	25.238434	25.241196	25.243046	25.243967	25.243971	25.243042	25.241199	25.238434	25.234768	25.230209	25.224779	25.218494	25.211384	25.203466	25.194782	25.185356	25.175228	25.164436	25.153019	25.141022	25.128490	25.115471	25.102016	25.088171	25.073994	25.059532	25.044849	25.029993	25.015026	
25.016304	25.032543	25.048664	25.064594	25.080288	25.095669	25.110693	25.125290	25.139420	25.153017	25.166037	25.178421	25.190134	25.201122	25.211349	25.220772	25.229364	25.237078	25.243900	25.249790	25.254738	25.258717	25.261715	25.263718	25.264725	25.264721	25.263721	25.261713	25.258717	25.254738	25.249792	25.243900	25.237083	25.229362	25.220778	25.211351	25.201126	25.190136	25.178425	25.166035	25.153017	25.139421	25.125294	25.110691	25.095671	25.080286	25.064598	25.048664	25.032545	25.016302	
25.017517	25.034971	25.052292	25.069418	25.086273	25.102808	25.118948	25.134644	25.149822	25.164433	25.178421	25.191734	25.204317	25.216129	25.227116	25.237247	25.246471	25.254768	25.262093	25.268429	25.273743	25.278019	25.281239	25.283394	25.284472	25.284475	25.283392	25.281242	25.278019	25.273743	25.268431	25.262098	25.254768	25.246477	25.237247	25.227119	25.216129	25.204321	25.191736	25.178421	25.164436	25.149820	25.134644	25.118952	25.102808	25.086277	25.069416	25.052296	25.034973	25.017519	
25.018669	25.037268	25.055725	25.073971	25.091940	25.109554	25.126759	25.143476	25.159657	25.175224	25.190132	25.204317	25.217730	25.230312	25.242023	25.252815	25.262651	25.271488	25.279297	25.286045	25.291710	25.296265	25.299698	25.301992	25.303146	25.303143	25.301996	25.299698	25.296265	25.291710	25.286049	25.279297	25.271492	25.262653	25.252823	25.242025	25.230316	25.217731	25.204319	25.190134	25.175226	25.159657	25.143478	25.126757	25.109558	25.091938	25.073975	25.055725	25.037270	25.018669	
25.019747	25.039423	25.058949	25.078251	25.097252	25.115889	25.134083	25.151773	25.168880	25.185356	25.201122	25.216127	25.230310	25.243626	25.256012	25.267429	25.277832	25.287182	25.295439	25.302580	25.308567	25.313389	25.317019	25.319450	25.320663	25.320665	25.319450	25.317020	25.313389	25.308569	25.302580	25.295443	25.287182	25.277836	25.267433	25.256016	25.243626	25.230314	25.216129	25.201124	25.185356	25.168884	25.151772	25.134085	25.115889	25.097256	25.078247	25.058949	25.039421	25.019749	
25.020752	25.041428	25.061945	25.082226	25.102200	25.121778	25.140903	25.159485	25.177471	25.194778	25.211349	25.227116	25.242023	25.256010	25.269032	25.281029	25.291958	25.301781	25.310463	25.317963	25.324259	25.329323	25.333141	25.335690	25.336969	25.336971	25.335690	25.333139	25.329323	25.324261	25.317966	25.310465	25.301786	25.291962	25.281031	25.269032	25.256016	25.242023	25.227119	25.211351	25.194782	25.177471	25.159489	25.140900	25.121782	25.102198	25.082230	25.061943	25.041426	25.020752	
25.021677	25.043278	25.064705	25.085896	25.106752	25.127213	25.147182	25.166601	25.185383	25.203465	25.220772	25.237244	25.252815	25.267429	25.281025	25.293560	25.304977	25.315239	25.324305	25.332144	25.338718	25.344009	25.347994	25.350658	25.351997	25.351995	25.350662	25.347996	25.344009	25.338718	25.332144	25.324308	25.315243	25.304981	25.293560	25.281029	25.267429	25.252819	25.237244	25.220776	25.203465	25.185387	25.166599	25.147186	25.127211	25.106756	25.085896	25.064707	25.043276	25.021679	
25.022522	25.044956	25.067226	25.089233	25.110909	25.132156	25.152910	25.173079	25.192596	25.211376	25.229361	25.246469	25.262650	25.277830	25.291958	25.304977	25.316841	25.327499	25.336922	25.345060	25.351894	25.357388	25.361530	25.364300	25.365685	25.365688	25.364300	25.361532	25.357389	25.351894	25.345064	25.336922	25.327503	25.316841	25.304981	25.291960	25.277834	25.262650	25.246475	25.229359	25.211380	25.192595	25.173080	25.152912	25.132160	25.110909	25.089237	25.067223	25.044960	25.022522	
25.023277	25.046473	25.069485	25.092236	25.114637	25.136608	25.158054	25.178905	25.199074	25.218491	25.237076	25.254765	25.271484	25.287178	25.301781	25.315241	25.327501	25.338524	25.348255	25.356672	25.363733	25.369415	25.373692	25.376556	25.377991	25.377991	25.376558	25.373693	25.369415	25.363733	25.356674	25.348259	25.338524	25.327503	25.315239	25.301785	25.287180	25.271488	25.254765	25.237080	25.218491	25.199076	25.178904	25.158056	25.136608	25.114639	25.092237	25.069487	25.046471	25.023279	
25.023949	25.047806	25.071484	25.094889	25.117935	25.140533	25.162601	25.184048	25.204800	25.224773	25.243896	25.262091	25.279295	25.295437	25.310459	25.324303	25.336922	25.348257	25.358273	25.366928	25.374193	25.380037	25.384441	25.387386	25.388859	25.388863	25.387384	25.384441	25.380035	25.374195	25.366930	25.358273	25.348259	25.336922	25.324306	25.310461	25.295441	25.279295	25.262094	25.243896	25.224773	25.204800	25.184050	25.162600	25.140533	25.117935	25.094891	25.071484	25.047808	25.023949	
25.024529	25.048962	25.073208	25.097183	25.120783	25.143932	25.166527	25.188496	25.209747	25.230206	25.249786	25.268425	25.286041	25.302576	25.317961	25.332142	25.345058	25.356670	25.366928	25.375793	25.383232	25.389219	25.393728	25.396742	25.398254	25.398254	25.396746	25.393726	25.389217	25.383232	25.375793	25.366928	25.356672	25.345062	25.332140	25.317965	25.302578	25.286045	25.268425	25.249790	25.230206	25.209751	25.188496	25.166529	25.143929	25.120785	25.097181	25.073212	25.048962	25.024529	
25.025013	25.049931	25.074659	25.099106	25.123177	25.146776	25.169827	25.192226	25.213902	25.234760	25.254734	25.273737	25.291704	25.308563	25.324257	25.338715	25.351891	25.363729	25.374191	25.383232	25.390820	25.396923	25.401524	25.404598	25.406139	25.406139	25.404598	25.401524	25.396925	25.390821	25.383232	25.374193	25.363733	25.351891	25.338718	25.324255	25.308569	25.291706	25.273739	25.254732	25.234764	25.213902	25.192228	25.169825	25.146778	25.123177	25.099106	25.074659	25.049932	25.025013	
25.025402	25.050713	25.075825	25.100655	25.125099	25.149071	25.172478	25.195229	25.217241	25.238430	25.258711	25.278013	25.296261	25.313385	25.329323	25.344006	25.357388	25.369413	25.380035	25.389217	25.396923	25.403122	25.407795	25.410919	25.412483	25.412483	25.410919	25.407795	25.403122	25.396923	25.389219	25.380037	25.369411	25.357391	25.344006	25.329323	25.313385	25.296263	25.278015	25.258713	25.238430	25.217243	25.195229	25.172478	25.149071	25.125099	25.100655	25.075829	25.050711	25.025406	
25.025696	25.051298	25.076704	25.101818	25.126551	25.150799	25.174477	25.197491	25.219761	25.241192	25.261711	25.281235	25.299694	25.317017	25.333138	25.347992	25.361528	25.373693	25.384439	25.393726	25.401524	25.407795	25.412518	25.415680	25.417261	25.417263	25.415680	25.412519	25.407795	25.401524	25.393728	25.384438	25.373695	25.361528	25.347996	25.333136	25.317017	25.299694	25.281235	25.261711	25.241192	25.219759	25.197491	25.174477	25.150799	25.126549	25.101820	25.076702	25.051300	25.025698	
25.025894	25.051691	25.077293	25.102600	25.127518	25.151955	25.175812	25.199005	25.221441	25.243038	25.263714	25.283390	25.301991	25.319447	25.335690	25.350658	25.364300	25.376556	25.387384	25.396744	25.404598	25.410915	25.415680	25.418863	25.420458	25.420456	25.418865	25.415678	25.410917	25.404598	25.396744	25.387386	25.376554	25.364300	25.350658	25.335690	25.319447	25.301991	25.283388	25.263714	25.243038	25.221443	25.199005	25.175814	25.151955	25.127518	25.102600	25.077293	25.051689	25.025894	
25.025993	25.051888	25.077585	25.102989	25.128004	25.152531	25.176481	25.199760	25.222286	25.243963	25.264719	25.284470	25.303143	25.320662	25.336967	25.351994	25.365686	25.377991	25.388859	25.398254	25.406139	25.412481	25.417261	25.420458	25.422058	25.422058	25.420458	25.417263	25.412479	25.406137	25.398254	25.388859	25.377991	25.365685	25.351994	25.336967	25.320660	25.303139	25.284468	25.264717	25.243963	25.222284	25.199762	25.176483	25.152534	25.128004	25.102991	25.077587	25.051888	25.025993	
25.025993	25.051888	25.077585	25.102989	25.128004	25.152531	25.176481	25.199760	25.222286	25.243963	25.264719	25.284470	25.303143	25.320662	25.336967	25.351994	25.365686	25.377991	25.388859	25.398254	25.406139	25.412481	25.417261	25.420458	25.422058	25.422058	25.420458	25.417263	25.412479	25.406137	25.398254	25.388859	25.377991	25.365685	25.351994	25.336967	25.320660	25.303139	25.284468	25.264717	25.243963	25.222284	25.199762	25.176483	25.152534	25.128004	25.102991	25.077587	25.051888	25.025993	
25.025894	25.051691	25.077293	25.102600	25.127518	25.151955	25.175812	25.199005	25.221441	25.243038	25.263714	25.283390	25.301991	25.319447	25.335690	25.350658	25.364300	25.376556	25.387384	25.396744	25.404598	25.410915	25.415680	25.418863	25.420458	25.420456	25.418865	25.415678	25.410917	25.404598	25.396744	25.387386	25.376554	25.364300	25.350658	25.335690	25.319447	25.301991	25.283388	25.263714	25.243038	25.221443	25.199005	25.175814	25.151955	25.127518	25.102600	25.077293	25.051689	25.025894	
25.025696	25.051298	25.076704	25.101818	25.126551	25.150799	25.174477	25.197491	25.219761	25.241192	25.261711	25.281235	25.299694	25.317017	25.333138	25.347992	25.361528	25.373693	25.384439	25.393726	25.401524	25.407795	25.412518	25.415680	25.417261	25.417263	25.415680	25.412519	25.407795	25.401524	25.393728	25.384438	25.373695	25.361528	25.347996	25.333136	25.317017	25.299694	25.281235	25.261711	25.241192	25.219759	25.197491	25.174477	25.150799	25.126549	25.101820	25.076702	25.051300	25.025698	
25.025402	25.050713	25.075825	25.100655	25.125099	25.149071	25.172478	25.195229	25.217241	25.238430	25.258711	25.278013	25.296261	25.313385	25.329323	25.344006	25.357388	25.369413	25.380035	25.389217	25.396923	25.403122	25.407795	25.410919	25.412483	25.412483	25.410919	25.407795	25.403122	25.396923	25.389219	25.380037	25.369411	25.357391	25.344006	25.329323	25.313385	25.296263	25.278015	25.258713	25.238430	25.217243	25.195229	25.172478	25.149071	25.125099	25.100655	25.075829	25.050711	25.025406	
25.025013	25.049931	25.074659	25.099106	25.123177	25.146776	25.169827	25.192226	25.213902	25.234760	25.254734	25.273737	25.291704	25.308563	25.324257	25.338715	25.351891	25.363729	25.374191	25.383232	25.390820	25.396923	25.401524	25.404598	25.406139	25.406139	25.404598	25.401524	25.396925	25.390821	25.383232	25.374193	25.363733	25.351891	25.338718	25.324255	25.308569	25.291706	25.273739	25.254732	25.234764	25.213902	25.192228	25.169825	25.146778	25.123177	25.099106	25.074659	25.049932	25.025013	
25.024529	25.048962	25.073208	25.097183	25.120783	25.143932	25.166527	25.188496	25.209747	25.230206	25.249786	25.268425	25.286041	25.302576	25.317961	25.332142	25.345058	25.356670	25.366928	25.375793	25.383232	25.389219	25.393728	25.396742	25.398254	25.398254	25.396746	25.393726	25.389217	25.383232	25.375793	25.366928	25.356672	25.345062	25.332140	25.317965	25.302578	25.286045	25.268425	25.249790	25.230206	25.209751	25.188496	25.166529	25.143929	25.120785	25.097181	25.073212	25.048962	25.024529	
25.023949	25.047806	25.071484	25.094889	25.117935	25.140533	25.162601	25.184048	25.204800	25.224773	25.243896	25.262091	25.279295	25.295437	25.310459	25.324303	25.336922	25.348257	25.358273	25.366928	25.374193	25.380037	25.384441	25.387386	25.388859	25.388863	25.387384	25.384441	25.380035	25.374195	25.366930	25.358273	25.348259	25.336922	25.324306	25.310461	25.295441	25.279295	25.262094	25.243896	25.224773	25.204800	25.184050	25.162600	25.140533	25.117935	25.094891	25.071484	25.047808	25.023949	
25.023277	25.046473	25.069485	25.092236	25.114637	25.136608	25.158054	25.178905	25.199074	25.218491	25.237076	25.254765	25.271484	25.287178	25.301781	25.315241	25.327501	25.338524	25.348255	25.356672	25.363733	25.369415	25.373692	25.376556	25.377991	25.377991	25.376558	25.373693	25.369415	25.363733	25.356674	25.348259	25.338524	25.327503	25.315239	25.301785	25.287180	25.271488	25.254765	25.237080	25.218491	25.199076	25.178904	25.158056	25.136608	25.114639	25.092237	25.069487	25.046471	25.023279	
25.022522	25.044956	25.067226	25.089233	25.110909	25.132156	25.152910	25.173079	25.192596	25.211376	25.229361	25.246469	25.262650	25.277830	25.291958	25.304977	25.316841	25.327499	25.336922	25.345060	25.351894	25.357388	25.361530	25.364300	25.365685	25.365688	25.364300	25.361532	25.357389	25.351894	25.345064	25.336922	25.327503	25.316841	25.304981	25.291960	25.277834	25.262650	25.246475	25.229359	25.211380	25.192595	25.173080	25.152912	25.132160	25.110909	25.089237	25.067223	25.044960	25.022522	
25.021677	25.043278	25.064705	25.085896	25.106752	25.127213	25.147182	25.166601	25.185383	25.203465	25.220772	25.237244	25.252815	25.267429	25.281025	25.293560	25.304977	25.315239	25.324305	25.332144	25.338718	25.344009	25.347994	25.350658	25.351997	25.351995	25.350662	25.347996	25.344009	25.338718	25.332144	25.324308	25.315243	25.304981	25.293560	25.281029	25.267429	25.252819	25.237244	25.220776	25.203465	25.185387	25.166599	25.147186	25.127211	25.106756	25.085896	25.064707	25.043276	25.021679	
25.020752	25.041428	25.061945	25.082226	25.102200	25.121778	25.140903	25.159485	25.177471	25.194778	25.211349	25.227116	25.242023	25.256010	25.269032	25.281029	25.291958	25.301781	25.310463	25.317963	25.324259	25.329323	25.333141	25.335690	25.336969	25.336971	25.335690	25.333139	25.329323	25.324261	25.317966	25.310465	25.301786	25.291962	25.281031	25.269032	25.256016	25.242023	25.227119	25.211351	25.194782	25.177471	25.159489	25.140900	25.121782	25.102198	25.082230	25.061943	25.041426	25.020752	
25.019747	25.039423	25.058949	25.078251	25.097252	25.115889	25.134083	25.151773	25.168880	25.185356	25.201122	25.216127	25.230310	25.243626	25.256012	25.267429	25.277832	25.287182	25.295439	25.302580	25.308567	25.313389	25.317019	25.319450	25.320663	25.320665	25.319450	25.317020	25.313389	25.308569	25.302580	25.295443	25.287182	25.277836	25.267433	25.256016	25.243626	25.230314	25.216129	25.201124	25.185356	25.168884	25.151772	25.134085	25.115889	25.097256	25.078247	25.058949	25.039421	25.019749	
25.018669	25.037268	25.055725	25.073971	25.091940	25.109554	25.126759	25.143476	25.159657	25.175224	25.190132	25.204317	25.217730	25.230312	25.242023	25.252815	25.262651	25.271488	25.279297	25.286045	25.291710	25.296265	25.299698	25.301992	25.303146	25.303143	25.301996	25.299698	25.296265	25.291710	25.286049	25.279297	25.271492	25.262653	25.252823	25.242025	25.230316	25.217731	25.204319	25.190134	25.175226	25.159657	25.143478	25.126757	25.109558	25.091938	25.073975	25.055725	25.037270	25.018669	
25.017517	25.034971	25.052292	25.069418	25.086273	25.102808	25.118948	25.134644	25.149822	25.164433	25.178421	25.191734	25.204317	25.216129	25.227116	25.237247	25.246471	25.254768	25.262093	25.268429	25.273743	25.278019	25.281239	25.283394	25.284472	25.284475	25.283392	25.281242	25.278019	25.273743	25.268431	25.262098	25.254768	25.246477	25.237247	25.227119	25.216129	25.204321	25.191736	25.178421	25.164436	25.149820	25.134644	25.118952	25.102808	25.086277	25.069416	25.052296	25.034973	25.017519	
25.016304	25.032543	25.048664	25.064594	25.080288	25.095669	25.110693	25.125290	25.139420	25.153017	25.166037	25.178421	25.190134	25.201122	25.211349	25.220772	25.229364	25.237078	25.243900	25.249790	25.254738	25.258717	25.261715	25.263718	25.264725	25.264721	25.263721	25.261713	25.258717	25.254738	25.249792	25.243900	25.237083	25.229362	25.220778	25.211351	25.201126	25.190136	25.178425	25.166035	25.153017	25.139421	25.125294	25.110691	25.095671	25.080286	25.064598	25.048664	25.032545	25.016302	
25.015026	25.029995	25.044847	25.059532	25.073990	25.088171	25.102013	25.115471	25.128489	25.141022	25.153019	25.164434	25.175226	25.185356	25.194778	25.203466	25.211376	25.218494	25.224775	25.230209	25.234766	25.238434	25.241196	25.243046	25.243967	25.243971	25.243042	25.241199	25.238434	25.234768	25.230209	25.224779	25.218494	25.211384	25.203466	25.194782	25.185356	25.175228	25.164436	25.153019	25.141022	25.128490	25.115471	25.102016	25.088171	25.073994	25.059532	25.044849	25.029993	25.015026	
25.013689	25.027328	25.040863	25.054241	25.067417	25.080334	25.092949	25.105209	25.117073	25.128490	25.139421	25.149822	25.159657	25.168884	25.177473	25.185383	25.192598	25.199076	25.204803	25.209751	25.213905	25.217243	25.219763	25.221445	25.222290	25.222286	25.221447	25.219763	25.217247	25.213903	25.209753	25.204803	25.199081	25.192598	25.185389	25.177471	25.168884	25.159657	25.149824	25.139423	25.128490	25.117073	25.105209	25.092949	25.080338	25.067417	25.054245	25.040863	25.027328	25.013689	
25.012304	25.024559	25.036724	25.048746	25.060587	25.072193	25.083530	25.094551	25.105209	25.115471	25.125294	25.134644	25.143478	25.151772	25.159489	25.166603	25.173080	25.178909	25.184052	25.188499	25.192230	25.195236	25.197495	25.199009	25.199764	25.199768	25.199009	25.197498	25.195234	25.192234	25.188499	25.184055	25.178909	25.173084	25.166603	25.159491	25.151772	25.143482	25.134644	25.125294	25.115471	25.105209	25.094551	25.083532	25.072197	25.060589	25.048748	25.036722	25.024559	25.012304	
25.010868	25.021698	25.032442	25.043066	25.053524	25.063782	25.073795	25.083530	25.092949	25.102013	25.110693	25.118950	25.126759	25.134085	25.140903	25.147186	25.152912	25.158056	25.162603	25.166533	25.169827	25.172480	25.174480	25.175816	25.176487	25.176489	25.175817	25.174480	25.172482	25.169828	25.166534	25.162603	25.158060	25.152912	25.147188	25.140903	25.134087	25.126759	25.118950	25.110695	25.102013	25.092949	25.083532	25.073797	25.063782	25.053524	25.043064	25.032442	25.021698	25.010868	
25.009392	25.018751	25.028040	25.037220	25.046265	25.055126	25.063784	25.072197	25.080334	25.088169	25.095671	25.102810	25.109556	25.115891	25.121780	25.127213	25.132160	25.136608	25.140537	25.143932	25.146782	25.149075	25.150801	25.151957	25.152536	25.152536	25.151958	25.150803	25.149076	25.146784	25.143932	25.140537	25.136608	25.132162	25.127213	25.121784	25.115889	25.109558	25.102810	25.095673	25.088173	25.080336	25.072197	25.063782	25.055126	25.046261	25.037220	25.028038	25.018753	25.009396	
25.007881	25.015736	25.023529	25.031237	25.038822	25.046263	25.053524	25.060589	25.067417	25.073994	25.080288	25.086277	25.091942	25.097252	25.102200	25.106754	25.110910	25.114641	25.117939	25.120789	25.123180	25.125103	25.126553	25.127522	25.128008	25.128010	25.127522	25.126554	25.125103	25.123180	25.120789	25.117939	25.114639	25.110909	25.106756	25.102200	25.097256	25.091942	25.086277	25.080288	25.073994	25.067417	25.060587	25.053526	25.046261	25.038822	25.031235	25.023529	25.015736	25.007881	
25.006342	25.012661	25.018932	25.025131	25.031235	25.037220	25.043068	25.048746	25.054245	25.059532	25.064598	25.069420	25.073975	25.078251	25.082226	25.085897	25.089235	25.092239	25.094891	25.097185	25.099110	25.100658	25.101824	25.102602	25.102997	25.102993	25.102604	25.101822	25.100658	25.099110	25.097187	25.094893	25.092239	25.089237	25.085896	25.082230	25.078251	25.073975	25.069418	25.064598	25.059536	25.054245	25.048748	25.043064	25.037220	25.031235	25.025131	25.018932	25.012661	25.006344	
25.004776	25.009539	25.014261	25.018932	25.023529	25.028038	25.032444	25.036722	25.040863	25.044849	25.048664	25.052296	25.055729	25.058945	25.061947	25.064707	25.067226	25.069489	25.071487	25.073214	25.074663	25.075829	25.076706	25.077297	25.077589	25.077591	25.077297	25.076710	25.075830	25.074661	25.073215	25.071486	25.069489	25.067226	25.064707	25.061945	25.058949	25.055729	25.052296	25.048664	25.044849	25.040863	25.036722	25.032444	25.028040	25.023531	25.018932	25.014259	25.009537	25.004776	
25.003197	25.006378	25.009537	25.012661	25.015736	25.018751	25.021696	25.024559	25.027328	25.029995	25.032545	25.034973	25.037268	25.039425	25.041428	25.043276	25.044956	25.046473	25.047808	25.048965	25.049934	25.050714	25.051300	25.051693	25.051891	25.051891	25.051695	25.051302	25.050713	25.049934	25.048964	25.047808	25.046471	25.044958	25.043274	25.041428	25.039425	25.037270	25.034973	25.032547	25.029995	25.027330	25.024559	25.021694	25.018753	25.015738	25.012661	25.009537	25.006378	25.003197	
25.001602	25.003197	25.004778	25.006342	25.007881	25.009394	25.010868	25.012302	25.013689	25.015026	25.016304	25.017521	25.018669	25.019747	25.020754	25.021679	25.022522	25.023279	25.023949	25.024529	25.025013	25.025404	25.025702	25.025896	25.025995	25.025995	25.025896	25.025700	25.025406	25.025013	25.024529	25.023949	25.023281	25.022522	25.021677	25.020756	25.019749	25.018671	25.017521	25.016304	25.015026	25.013691	25.012302	25.010870	25.009394	25.007883	25.006344	25.004780	25.003195	25.001600	
