25.000404	25.000809	25.001211	25.001606	25.001999	25.002380	25.002754	25.003120	25.003469	25.003807	25.004133	25.004440	25.004734	25.005007	25.005260	25.005493	25.005709	25.005899	25.006069	25.006218	25.006340	25.006439	25.006514	25.006563	25.006588	25.006588	25.006563	25.006512	25.006439	25.006338	25.006216	25.006069	25.005901	25.005707	25.005493	25.005259	25.005003	25.004732	25.004440	25.004133	25.003807	25.003471	25.003119	25.002756	25.002380	25.001999	25.001608	25.001209	25.000811	25.000406	
25.000809	25.001617	25.002419	25.003208	25.003988	25.004753	25.005501	25.006226	25.006927	25.007603	25.008249	25.008865	25.009447	25.009993	25.010500	25.010967	25.011395	25.011778	25.012117	25.012411	25.012657	25.012856	25.013000	25.013102	25.013151	25.013153	25.013100	25.013000	25.012852	25.012653	25.012407	25.012117	25.011776	25.011395	25.010967	25.010500	25.009991	25.009445	25.008865	25.008247	25.007603	25.006927	25.006226	25.005501	25.004753	25.003990	25.003208	25.002419	25.001617	25.000809	
25.001213	25.002419	25.003614	25.004799	25.005962	25.007107	25.008223	25.009308	25.010357	25.011368	25.012333	25.013256	25.014124	25.014942	25.015701	25.016399	25.017040	25.017612	25.018120	25.018557	25.018925	25.019218	25.019440	25.019588	25.019665	25.019665	25.019590	25.019440	25.019218	25.018921	25.018555	25.018116	25.017612	25.017035	25.016401	25.015697	25.014938	25.014122	25.013252	25.012335	25.011368	25.010357	25.009308	25.008224	25.007107	25.005962	25.004801	25.003616	25.002419	25.001213	
25.001606	25.003208	25.004799	25.006371	25.007917	25.009434	25.010914	25.012354	25.013748	25.015087	25.016373	25.017593	25.018749	25.019833	25.020842	25.021770	25.022617	25.023380	25.024052	25.024632	25.025120	25.025511	25.025806	25.026005	25.026104	25.026104	25.026003	25.025806	25.025509	25.025120	25.024628	25.024052	25.023376	25.022617	25.021767	25.020840	25.019831	25.018749	25.017593	25.016373	25.015091	25.013748	25.012356	25.010916	25.009434	25.007915	25.006371	25.004799	25.003210	25.001608	
25.001999	25.003988	25.005962	25.007915	25.009838	25.011726	25.013565	25.015356	25.017086	25.018753	25.020348	25.021868	25.023302	25.024651	25.025902	25.027058	25.028111	25.029057	25.029892	25.030613	25.031219	25.031708	25.032074	25.032318	25.032440	25.032442	25.032322	25.032074	25.031708	25.031219	25.030613	25.029888	25.029057	25.028107	25.027058	25.025900	25.024647	25.023300	25.021866	25.020350	25.018753	25.017086	25.015358	25.013567	25.011726	25.009840	25.007917	25.005964	25.003990	25.001999	
25.002380	25.004751	25.007107	25.009434	25.011724	25.013971	25.016167	25.018299	25.020363	25.022346	25.024250	25.026054	25.027767	25.029371	25.030867	25.032242	25.033497	25.034624	25.035618	25.036480	25.037203	25.037781	25.038219	25.038509	25.038660	25.038660	25.038511	25.038223	25.037785	25.037201	25.036478	25.035620	25.034622	25.033497	25.032240	25.030865	25.029369	25.027767	25.026058	25.024246	25.022346	25.020361	25.018299	25.016167	25.013973	25.011724	25.009434	25.007107	25.004755	25.002382	
25.002754	25.005499	25.008221	25.010914	25.013565	25.016167	25.018703	25.021172	25.023558	25.025856	25.028055	25.030149	25.032127	25.033985	25.035713	25.037308	25.038757	25.040058	25.041212	25.042206	25.043041	25.043715	25.044220	25.044559	25.044729	25.044731	25.044563	25.044220	25.043716	25.043041	25.042208	25.041210	25.040062	25.038755	25.037304	25.035711	25.033983	25.032127	25.030148	25.028057	25.025856	25.023560	25.021172	25.018703	25.016167	25.013569	25.010916	25.008224	25.005501	25.002754	
25.003117	25.006224	25.009308	25.012356	25.015356	25.018299	25.021172	25.023964	25.026669	25.029266	25.031757	25.034126	25.036366	25.038467	25.040424	25.042227	25.043869	25.045343	25.046646	25.047775	25.048721	25.049480	25.050056	25.050438	25.050631	25.050632	25.050436	25.050056	25.049480	25.048721	25.047775	25.046650	25.045343	25.043869	25.042225	25.040424	25.038467	25.036364	25.034126	25.031754	25.029266	25.026667	25.023964	25.021172	25.018299	25.015354	25.012356	25.009308	25.006226	25.003120	
25.003471	25.006927	25.010357	25.013748	25.017086	25.020363	25.023558	25.026667	25.029671	25.032566	25.035337	25.037975	25.040466	25.042805	25.044979	25.046989	25.048813	25.050457	25.051907	25.053162	25.054214	25.055061	25.055698	25.056126	25.056339	25.056339	25.056126	25.055695	25.055061	25.054213	25.053164	25.051907	25.050457	25.048813	25.046988	25.044979	25.042805	25.040464	25.037971	25.035339	25.032566	25.029671	25.026665	25.023558	25.020361	25.017090	25.013748	25.010357	25.006927	25.003469	
25.003807	25.007603	25.011368	25.015087	25.018755	25.022345	25.025856	25.029266	25.032566	25.035742	25.038784	25.041676	25.044415	25.046978	25.049368	25.051567	25.053577	25.055376	25.056971	25.058346	25.059502	25.060429	25.061131	25.061600	25.061834	25.061832	25.061596	25.061131	25.060429	25.059502	25.058344	25.056973	25.055378	25.053576	25.051569	25.049370	25.046978	25.044413	25.041676	25.038782	25.035740	25.032566	25.029264	25.025856	25.022348	25.018755	25.015091	25.011368	25.007603	25.003807	
25.004131	25.008251	25.012335	25.016373	25.020348	25.024248	25.028053	25.031757	25.035336	25.038784	25.042080	25.045223	25.048189	25.050976	25.053566	25.055956	25.058132	25.060089	25.061813	25.063309	25.064562	25.065571	25.066330	25.066839	25.067095	25.067093	25.066837	25.066330	25.065573	25.064562	25.063313	25.061813	25.060089	25.058132	25.055954	25.053566	25.050976	25.048187	25.045221	25.042082	25.038780	25.035336	25.031755	25.028053	25.024246	25.020351	25.016373	25.012337	25.008247	25.004131	
25.004440	25.008865	25.013252	25.017593	25.021866	25.026056	25.030148	25.034126	25.037971	25.041676	25.045223	25.048595	25.051785	25.054779	25.057564	25.060131	25.062469	25.064569	25.066429	25.068031	25.069378	25.070461	25.071278	25.071825	25.072098	25.072098	25.071823	25.071278	25.070463	25.069380	25.068031	25.066429	25.064569	25.062469	25.060127	25.057564	25.054775	25.051785	25.048595	25.045221	25.041676	25.037971	25.034124	25.030148	25.026058	25.021870	25.017593	25.013256	25.008863	25.004440	
25.004734	25.009447	25.014126	25.018749	25.023300	25.027767	25.032127	25.036366	25.040464	25.044411	25.048187	25.051785	25.055183	25.058372	25.061340	25.064075	25.066568	25.068808	25.070786	25.072498	25.073933	25.075085	25.075956	25.076538	25.076830	25.076830	25.076538	25.075958	25.075087	25.073933	25.072498	25.070787	25.068810	25.066566	25.064079	25.061340	25.058374	25.055183	25.051785	25.048189	25.044411	25.040466	25.036364	25.032127	25.027767	25.023302	25.018749	25.014122	25.009445	25.004730	
25.005005	25.009993	25.014938	25.019833	25.024649	25.029371	25.033985	25.038467	25.042803	25.046978	25.050976	25.054779	25.058372	25.061749	25.064884	25.067780	25.070415	25.072786	25.074879	25.076687	25.078205	25.079426	25.080345	25.080959	25.081268	25.081268	25.080963	25.080349	25.079426	25.078207	25.076687	25.074879	25.072784	25.070417	25.067778	25.064888	25.061745	25.058372	25.054775	25.050974	25.046978	25.042803	25.038464	25.033983	25.029371	25.024651	25.019829	25.014940	25.009989	25.005005	
25.005260	25.010498	25.015699	25.020840	25.025902	25.030865	25.035711	25.040422	25.044979	25.049366	25.053570	25.057562	25.061342	25.064884	25.068188	25.071224	25.073997	25.076485	25.078686	25.080585	25.082180	25.083466	25.084431	25.085077	25.085402	25.085403	25.085079	25.084435	25.083466	25.082180	25.080589	25.078686	25.076488	25.073996	25.071228	25.068184	25.064888	25.061338	25.057564	25.053566	25.049368	25.044979	25.040422	25.035709	25.030865	25.025902	25.020840	25.015699	25.010498	25.005260	
25.005493	25.010967	25.016399	25.021769	25.027058	25.032242	25.037304	25.042225	25.046986	25.051571	25.055954	25.060133	25.064075	25.067780	25.071224	25.074404	25.077295	25.079899	25.082193	25.084179	25.085846	25.087185	25.088198	25.088871	25.089211	25.089211	25.088873	25.088196	25.087189	25.085848	25.084179	25.082195	25.079899	25.077299	25.074402	25.071228	25.067778	25.064075	25.060129	25.055958	25.051571	25.046988	25.042227	25.037304	25.032242	25.027058	25.021770	25.016399	25.010967	25.005493	
25.005707	25.011395	25.017036	25.022615	25.028111	25.033497	25.038757	25.043867	25.048813	25.053574	25.058132	25.062466	25.066568	25.070414	25.073997	25.077297	25.080303	25.083004	25.085392	25.087456	25.089184	25.090576	25.091627	25.092329	25.092682	25.092680	25.092327	25.091629	25.090580	25.089188	25.087456	25.085392	25.083008	25.080303	25.077297	25.073996	25.070417	25.066566	25.062469	25.058132	25.053574	25.048815	25.043867	25.038754	25.033497	25.028109	25.022615	25.017036	25.011395	25.005707	
25.005898	25.011780	25.017611	25.023376	25.029053	25.034624	25.040058	25.045343	25.050457	25.055378	25.060085	25.064571	25.068806	25.072784	25.076485	25.079899	25.083004	25.085796	25.088264	25.090397	25.092186	25.093624	25.094707	25.095436	25.095798	25.095800	25.095436	25.094711	25.093628	25.092188	25.090397	25.088266	25.085796	25.083004	25.079897	25.076488	25.072784	25.068810	25.064571	25.060089	25.055378	25.050457	25.045341	25.040060	25.034622	25.029057	25.023376	25.017609	25.011778	25.005899	
25.006071	25.012115	25.018120	25.024050	25.029892	25.035618	25.041210	25.046646	25.051907	25.056969	25.061817	25.066425	25.070787	25.074877	25.078688	25.082191	25.085392	25.088264	25.090801	25.092995	25.094837	25.096317	25.097433	25.098179	25.098557	25.098551	25.098183	25.097435	25.096321	25.094837	25.092999	25.090803	25.088264	25.085392	25.082195	25.078686	25.074881	25.070787	25.066429	25.061813	25.056969	25.051907	25.046646	25.041210	25.035618	25.029888	25.024048	25.018116	25.012115	25.006069	
25.006218	25.012411	25.018555	25.024632	25.030611	25.036480	25.042208	25.047773	25.053160	25.058346	25.063309	25.068031	25.072495	25.076689	25.080585	25.084179	25.087454	25.090397	25.092997	25.095243	25.097128	25.098644	25.099785	25.100554	25.100933	25.100937	25.100552	25.099789	25.098644	25.097132	25.095245	25.092999	25.090399	25.087454	25.084183	25.080589	25.076687	25.072498	25.068031	25.063311	25.058344	25.053162	25.047775	25.042206	25.036476	25.030613	25.024628	25.018555	25.012407	25.006216	
25.006340	25.012657	25.018925	25.025120	25.031218	25.037201	25.043041	25.048719	25.054214	25.059500	25.064562	25.069380	25.073933	25.078205	25.082184	25.085846	25.089186	25.092186	25.094837	25.097130	25.099049	25.100597	25.101765	25.102541	25.102936	25.102932	25.102545	25.101765	25.100601	25.099051	25.097130	25.094837	25.092186	25.089188	25.085846	25.082184	25.078207	25.073933	25.069382	25.064560	25.059502	25.054213	25.048721	25.043041	25.037201	25.031216	25.025118	25.018921	25.012653	25.006340	
25.006439	25.012854	25.019220	25.025513	25.031708	25.037781	25.043715	25.049482	25.055059	25.060431	25.065571	25.070461	25.075089	25.079428	25.083466	25.087189	25.090578	25.093626	25.096321	25.098644	25.100599	25.102169	25.103352	25.104145	25.104542	25.104542	25.104145	25.103354	25.102171	25.100601	25.098646	25.096319	25.093626	25.090580	25.087189	25.083466	25.079426	25.075087	25.070463	25.065571	25.060429	25.055061	25.049480	25.043716	25.037781	25.031706	25.025511	25.019218	25.012852	25.006439	
25.006516	25.013004	25.019442	25.025806	25.032074	25.038219	25.044220	25.050053	25.055698	25.061131	25.066330	25.071280	25.075958	25.080349	25.084435	25.088198	25.091629	25.094711	25.097435	25.099789	25.101765	25.103355	25.104551	25.105350	25.105755	25.105753	25.105350	25.104549	25.103355	25.101765	25.099789	25.097435	25.094711	25.091629	25.088200	25.084435	25.080349	25.075958	25.071280	25.066330	25.061131	25.055696	25.050055	25.044220	25.038219	25.032074	25.025803	25.019440	25.012999	25.006512	
25.006565	25.013103	25.019592	25.026005	25.032322	25.038513	25.044559	25.050438	25.056124	25.061598	25.066837	25.071827	25.076540	25.080965	25.085079	25.088875	25.092331	25.095436	25.098183	25.100552	25.102543	25.104145	25.105352	25.106159	25.106564	25.106564	25.106159	25.105354	25.104145	25.102543	25.100555	25.098179	25.095438	25.092329	25.088875	25.085079	25.080961	25.076540	25.071825	25.066839	25.061596	25.056126	25.050438	25.044558	25.038513	25.032318	25.026005	25.019588	25.013100	25.006561	
25.006592	25.013155	25.019669	25.026104	25.032444	25.038658	25.044727	25.050629	25.056339	25.061834	25.067093	25.072100	25.076832	25.081272	25.085403	25.089212	25.092682	25.095798	25.098555	25.100937	25.102932	25.104542	25.105755	25.106564	25.106972	25.106970	25.106564	25.105755	25.104542	25.102934	25.100935	25.098553	25.095798	25.092682	25.089214	25.085405	25.081272	25.076832	25.072100	25.067093	25.061832	25.056339	25.050629	25.044727	25.038658	25.032444	25.026100	25.019661	25.013149	25.006586	
25.006592	25.013155	25.019669	25.026104	25.032444	25.038658	25.044727	25.050629	25.056339	25.061834	25.067093	25.072100	25.076832	25.081272	25.085403	25.089212	25.092682	25.095798	25.098555	25.100937	25.102932	25.104542	25.105755	25.106564	25.106972	25.106970	25.106564	25.105755	25.104542	25.102934	25.100935	25.098553	25.095798	25.092682	25.089214	25.085405	25.081272	25.076832	25.072100	25.067093	25.061832	25.056339	25.050629	25.044727	25.038658	25.032444	25.026100	25.019661	25.013149	25.006586	
25.006565	25.013103	25.019592	25.026005	25.032322	25.038513	25.044559	25.050438	25.056124	25.061598	25.066837	25.071827	25.076540	25.080965	25.085079	25.088875	25.092331	25.095436	25.098183	25.100552	25.102543	25.104145	25.105352	25.106159	25.106564	25.106564	25.106159	25.105354	25.104145	25.102543	25.100555	25.098179	25.095438	25.092329	25.088875	25.085079	25.080961	25.076540	25.071825	25.066839	25.061596	25.056126	25.050438	25.044558	25.038513	25.032318	25.026005	25.019588	25.013100	25.006561	
25.006516	25.013004	25.019442	25.025806	25.032074	25.038219	25.044220	25.050053	25.055698	25.061131	25.066330	25.071280	25.075958	25.080349	25.084435	25.088198	25.091629	25.094711	25.097435	25.099789	25.101765	25.103355	25.104551	25.105350	25.105755	25.105753	25.105350	25.104549	25.103355	25.101765	25.099789	25.097435	25.094711	25.091629	25.088200	25.084435	25.080349	25.075958	25.071280	25.066330	25.061131	25.055696	25.050055	25.044220	25.038219	25.032074	25.025803	25.019440	25.012999	25.006512	
25.006439	25.012854	25.019220	25.025513	25.031708	25.037781	25.043715	25.049482	25.055059	25.060431	25.065571	25.070461	25.075089	25.079428	25.083466	25.087189	25.090578	25.093626	25.096321	25.098644	25.100599	25.102169	25.103352	25.104145	25.104542	25.104542	25.104145	25.103354	25.102171	25.100601	25.098646	25.096319	25.093626	25.090580	25.087189	25.083466	25.079426	25.075087	25.070463	25.065571	25.060429	25.055061	25.049480	25.043716	25.037781	25.031706	25.025511	25.019218	25.012852	25.006439	
25.006340	25.012657	25.018925	25.025120	25.031218	25.037201	25.043041	25.048719	25.054214	25.059500	25.064562	25.069380	25.073933	25.078205	25.082184	25.085846	25.089186	25.092186	25.094837	25.097130	25.099049	25.100597	25.101765	25.102541	25.102936	25.102932	25.102545	25.101765	25.100601	25.099051	25.097130	25.094837	25.092186	25.089188	25.085846	25.082184	25.078207	25.073933	25.069382	25.064560	25.059502	25.054213	25.048721	25.043041	25.037201	25.031216	25.025118	25.018921	25.012653	25.006340	
25.006218	25.012411	25.018555	25.024632	25.030611	25.036480	25.042208	25.047773	25.053160	25.058346	25.063309	25.068031	25.072495	25.076689	25.080585	25.084179	25.087454	25.090397	25.092997	25.095243	25.097128	25.098644	25.099785	25.100554	25.100933	25.100937	25.100552	25.099789	25.098644	25.097132	25.095245	25.092999	25.090399	25.087454	25.084183	25.080589	25.076687	25.072498	25.068031	25.063311	25.058344	25.053162	25.047775	25.042206	25.036476	25.030613	25.024628	25.018555	25.012407	25.006216	
25.006071	25.012115	25.018120	25.024050	25.029892	25.035618	25.041210	25.046646	25.051907	25.056969	25.061817	25.066425	25.070787	25.074877	25.078688	25.082191	25.085392	25.088264	25.090801	25.092995	25.094837	25.096317	25.097433	25.098179	25.098557	25.098551	25.098183	25.097435	25.096321	25.094837	25.092999	25.090803	25.088264	25.085392	25.082195	25.078686	25.074881	25.070787	25.066429	25.061813	25.056969	25.051907	25.046646	25.041210	25.035618	25.029888	25.024048	25.018116	25.012115	25.006069	
25.005898	25.011780	25.017611	25.023376	25.029053	25.034624	25.040058	25.045343	25.050457	25.055378	25.060085	25.064571	25.068806	25.072784	25.076485	25.079899	25.083004	25.085796	25.088264	25.090397	25.092186	25.093624	25.094707	25.095436	25.095798	25.095800	25.095436	25.094711	25.093628	25.092188	25.090397	25.088266	25.085796	25.083004	25.079897	25.076488	25.072784	25.068810	25.064571	25.060089	25.055378	25.050457	25.045341	25.040060	25.034622	25.029057	25.023376	25.017609	25.011778	25.005899	
25.005707	25.011395	25.017036	25.022615	25.028111	25.033497	25.038757	25.043867	25.048813	25.053574	25.058132	25.062466	25.066568	25.070414	25.073997	25.077297	25.080303	25.083004	25.085392	25.087456	25.089184	25.090576	25.091627	25.092329	25.092682	25.092680	25.092327	25.091629	25.090580	25.089188	25.087456	25.085392	25.083008	25.080303	25.077297	25.073996	25.070417	25.066566	25.062469	25.058132	25.053574	25.048815	25.043867	25.038754	25.033497	25.028109	25.022615	25.017036	25.011395	25.005707	
25.005493	25.010967	25.016399	25.021769	25.027058	25.032242	25.037304	25.042225	25.046986	25.051571	25.055954	25.060133	25.064075	25.067780	25.071224	25.074404	25.077295	25.079899	25.082193	25.084179	25.085846	25.087185	25.088198	25.088871	25.089211	25.089211	25.088873	25.088196	25.087189	25.085848	25.084179	25.082195	25.079899	25.077299	25.074402	25.071228	25.067778	25.064075	25.060129	25.055958	25.051571	25.046988	25.042227	25.037304	25.032242	25.027058	25.021770	25.016399	25.010967	25.005493	
25.005260	25.010498	25.015699	25.020840	25.025902	25.030865	25.035711	25.040422	25.044979	25.049366	25.053570	25.057562	25.061342	25.064884	25.068188	25.071224	25.073997	25.076485	25.078686	25.080585	25.082180	25.083466	25.084431	25.085077	25.085402	25.085403	25.085079	25.084435	25.083466	25.082180	25.080589	25.078686	25.076488	25.073996	25.071228	25.068184	25.064888	25.061338	25.057564	25.053566	25.049368	25.044979	25.040422	25.035709	25.030865	25.025902	25.020840	25.015699	25.010498	25.005260	
25.005005	25.009993	25.014938	25.019833	25.024649	25.029371	25.033985	25.038467	25.042803	25.046978	25.050976	25.054779	25.058372	25.061749	25.064884	25.067780	25.070415	25.072786	25.074879	25.076687	25.078205	25.079426	25.080345	25.080959	25.081268	25.081268	25.080963	25.080349	25.079426	25.078207	25.076687	25.074879	25.072784	25.070417	25.067778	25.064888	25.061745	25.058372	25.054775	25.050974	25.046978	25.042803	25.038464	25.033983	25.029371	25.024651	25.019829	25.014940	25.009989	25.005005	
25.004734	25.009447	25.014126	25.018749	25.023300	25.027767	25.032127	25.036366	25.040464	25.044411	25.048187	25.051785	25.055183	25.058372	25.061340	25.064075	25.066568	25.068808	25.070786	25.072498	25.073933	25.075085	25.075956	25.076538	25.076830	25.076830	25.076538	25.075958	25.075087	25.073933	25.072498	25.070787	25.068810	25.066566	25.064079	25.061340	25.058374	25.055183	25.051785	25.048189	25.044411	25.040466	25.036364	25.032127	25.027767	25.023302	25.018749	25.014122	25.009445	25.004730	
25.004440	25.008865	25.013252	25.017593	25.021866	25.026056	25.030148	25.034126	25.037971	25.041676	25.045223	25.048595	25.051785	25.054779	25.057564	25.060131	25.062469	25.064569	25.066429	25.068031	25.069378	25.070461	25.071278	25.071825	25.072098	25.072098	25.071823	25.071278	25.070463	25.069380	25.068031	25.066429	25.064569	25.062469	25.060127	25.057564	25.054775	25.051785	25.048595	25.045221	25.041676	25.037971	25.034124	25.030148	25.026058	25.021870	25.017593	25.013256	25.008863	25.004440	
25.004131	25.008251	25.012335	25.016373	25.020348	25.024248	25.028053	25.031757	25.035336	25.038784	25.042080	25.045223	25.048189	25.050976	25.053566	25.055956	25.058132	25.060089	25.061813	25.063309	25.064562	25.065571	25.066330	25.066839	25.067095	25.067093	25.066837	25.066330	25.065573	25.064562	25.063313	25.061813	25.060089	25.058132	25.055954	25.053566	25.050976	25.048187	25.045221	25.042082	25.038780	25.035336	25.031755	25.028053	25.024246	25.020351	25.016373	25.012337	25.008247	25.004131	
25.003807	25.007603	25.011368	25.015087	25.018755	25.022345	25.025856	25.029266	25.032566	25.035742	25.038784	25.041676	25.044415	25.046978	25.049368	25.051567	25.053577	25.055376	25.056971	25.058346	25.059502	25.060429	25.061131	25.061600	25.061834	25.061832	25.061596	25.061131	25.060429	25.059502	25.058344	25.056973	25.055378	25.053576	25.051569	25.049370	25.046978	25.044413	25.041676	25.038782	25.035740	25.032566	25.029264	25.025856	25.022348	25.018755	25.015091	25.011368	25.007603	25.003807	
25.003471	25.006927	25.010357	25.013748	25.017086	25.020363	25.023558	25.026667	25.029671	25.032566	25.035337	25.037975	25.040466	25.042805	25.044979	25.046989	25.048813	25.050457	25.051907	25.053162	25.054214	25.055061	25.055698	25.056126	25.056339	25.056339	25.056126	25.055695	25.055061	25.054213	25.053164	25.051907	25.050457	25.048813	25.046988	25.044979	25.042805	25.040464	25.037971	25.035339	25.032566	25.029671	25.026665	25.023558	25.020361	25.017090	25.013748	25.010357	25.006927	25.003469	
25.003117	25.006224	25.009308	25.012356	25.015356	25.018299	25.021172	25.023964	25.026669	25.029266	25.031757	25.034126	25.036366	25.038467	25.040424	25.042227	25.043869	25.045343	25.046646	25.047775	25.048721	25.049480	25.050056	25.050438	25.050631	25.050632	25.050436	25.050056	25.049480	25.048721	25.047775	25.046650	25.045343	25.043869	25.042225	25.040424	25.038467	25.036364	25.034126	25.031754	25.029266	25.026667	25.023964	25.021172	25.018299	25.015354	25.012356	25.009308	25.006226	25.003120	
25.002754	25.005499	25.008221	25.010914	25.013565	25.016167	25.018703	25.021172	25.023558	25.025856	25.028055	25.030149	25.032127	25.033985	25.035713	25.037308	25.038757	25.040058	25.041212	25.042206	25.043041	25.043715	25.044220	25.044559	25.044729	25.044731	25.044563	25.044220	25.043716	25.043041	25.042208	25.041210	25.040062	25.038755	25.037304	25.035711	25.033983	25.032127	25.030148	25.028057	25.025856	25.023560	25.021172	25.018703	25.016167	25.013569	25.010916	25.008224	25.005501	25.002754	
25.002380	25.004751	25.007107	25.009434	25.011724	25.013971	25.016167	25.018299	25.020363	25.022346	25.024250	25.026054	25.027767	25.029371	25.030867	25.032242	25.033497	25.034624	25.035618	25.036480	25.037203	25.037781	25.038219	25.038509	25.038660	25.038660	25.038511	25.038223	25.037785	25.037201	25.036478	25.035620	25.034622	25.033497	25.032240	25.030865	25.029369	25.027767	25.026058	25.024246	25.022346	25.020361	25.018299	25.016167	25.013973	25.011724	25.009434	25.007107	25.004755	25.002382	
25.001999	25.003988	25.005962	25.007915	25.009838	25.011726	25.013565	25.015356	25.017086	25.018753	25.020348	25.021868	25.023302	25.024651	25.025902	25.027058	25.028111	25.029057	25.029892	25.030613	25.031219	25.031708	25.032074	25.032318	25.032440	25.032442	25.032322	25.032074	25.031708	25.031219	25.030613	25.029888	25.029057	25.028107	25.027058	25.025900	25.024647	25.023300	25.021866	25.020350	25.018753	25.017086	25.015358	25.013567	25.011726	25.009840	25.007917	25.005964	25.003990	25.001999	
25.001606	25.003208	25.004799	25.006371	25.007917	25.009434	25.010914	25.012354	25.013748	25.015087	25.016373	25.017593	25.018749	25.019833	25.020842	25.021770	25.022617	25.023380	25.024052	25.024632	25.025120	25.025511	25.025806	25.026005	25.026104	25.026104	25.026003	25.025806	25.025509	25.025120	25.024628	25.024052	25.023376	25.022617	25.021767	25.020840	25.019831	25.018749	25.017593	25.016373	25.015091	25.013748	25.012356	25.010916	25.009434	25.007915	25.006371	25.004799	25.003210	25.001608	
25.001213	25.002419	25.003614	25.004799	25.005962	25.007107	25.008223	25.009308	25.010357	25.011368	25.012333	25.013256	25.014124	25.014942	25.015701	25.016399	25.017040	25.017612	25.018120	25.018557	25.018925	25.019218	25.019440	25.019588	25.019665	25.019665	25.019590	25.019440	25.019218	25.018921	25.018555	25.018116	25.017612	25.017035	25.016401	25.015697	25.014938	25.014122	25.013252	25.012335	25.011368	25.010357	25.009308	25.008224	25.007107	25.005962	25.004801	25.003616	25.002419	25.001213	
25.000809	25.001617	25.002419	25.003208	25.003988	25.004753	25.005501	25.006226	25.006927	25.007603	25.008249	25.008865	25.009447	25.009993	25.010500	25.010967	25.011395	25.011778	25.012117	25.012411	25.012657	25.012856	25.013000	25.013102	25.013151	25.013153	25.013100	25.013000	25.012852	25.012653	25.012407	25.012117	25.011776	25.011395	25.010967	25.010500	25.009991	25.009445	25.008865	25.008247	25.007603	25.006927	25.006226	25.005501	25.004753	25.003990	25.003208	25.002419	25.001617	25.000809	
25.000404	25.000809	25.001211	25.001606	25.001999	25.002380	25.002754	25.003120	25.003469	25.003807	25.004133	25.004440	25.004734	25.005007	25.005260	25.005493	25.005709	25.005899	25.006069	25.006218	25.006340	25.006439	25.006514	25.006563	25.006588	25.006588	25.006563	25.006512	25.006439	25.006338	25.006216	25.006069	25.005901	25.005707	25.005493	25.005259	25.005003	25.004732	25.004440	25.004133	25.003807	25.003471	25.003119	25.002756	25.002380	25.001999	25.001608	25.001209	25.000811	25.000406	
