25.000242	25.000483	25.000721	25.000957	25.001190	25.001419	25.001640	25.001858	25.002066	25.002268	25.002460	25.002645	25.002819	25.002983	25.003132	25.003271	25.003399	25.003513	25.003614	25.003700	25.003777	25.003834	25.003880	25.003910	25.003925	25.003925	25.003910	25.003880	25.003836	25.003775	25.003700	25.003616	25.003513	25.003399	25.003273	25.003132	25.002981	25.002817	25.002644	25.002460	25.002270	25.002066	25.001858	25.001640	25.001419	25.001190	25.000959	25.000721	25.000484	25.000240	
25.000484	25.000963	25.001440	25.001909	25.002377	25.002829	25.003275	25.003708	25.004128	25.004526	25.004913	25.005280	25.005627	25.005951	25.006252	25.006531	25.006784	25.007015	25.007217	25.007391	25.007536	25.007654	25.007744	25.007805	25.007833	25.007833	25.007805	25.007744	25.007656	25.007538	25.007389	25.007215	25.007015	25.006786	25.006531	25.006252	25.005951	25.005625	25.005278	25.004913	25.004528	25.004126	25.003704	25.003277	25.002831	25.002377	25.001911	25.001442	25.000963	25.000483	
25.000721	25.001440	25.002150	25.002857	25.003551	25.004232	25.004896	25.005543	25.006166	25.006771	25.007343	25.007893	25.008411	25.008898	25.009350	25.009766	25.010147	25.010489	25.010790	25.011051	25.011269	25.011444	25.011578	25.011669	25.011711	25.011711	25.011665	25.011580	25.011448	25.011269	25.011049	25.010790	25.010487	25.010147	25.009766	25.009350	25.008896	25.008411	25.007895	25.007345	25.006769	25.006165	25.005543	25.004898	25.004234	25.003551	25.002859	25.002151	25.001440	25.000721	
25.000957	25.001907	25.002857	25.003790	25.004715	25.005615	25.006500	25.007357	25.008190	25.008984	25.009754	25.010479	25.011166	25.011812	25.012409	25.012964	25.013470	25.013924	25.014324	25.014668	25.014959	25.015194	25.015369	25.015488	25.015549	25.015547	25.015488	25.015369	25.015194	25.014959	25.014669	25.014322	25.013920	25.013470	25.012964	25.012411	25.011810	25.011166	25.010475	25.009750	25.008984	25.008186	25.007357	25.006500	25.005619	25.004715	25.003792	25.002859	25.001911	25.000957	
25.001190	25.002377	25.003548	25.004715	25.005857	25.006985	25.008078	25.009148	25.010174	25.011173	25.012119	25.013023	25.013878	25.014679	25.015427	25.016113	25.016739	25.017303	25.017799	25.018230	25.018593	25.018883	25.019100	25.019249	25.019321	25.019323	25.019249	25.019104	25.018883	25.018593	25.018230	25.017801	25.017303	25.016739	25.016113	25.015427	25.014679	25.013878	25.013023	25.012119	25.011168	25.010176	25.009146	25.008080	25.006985	25.005859	25.004715	25.003551	25.002375	25.001190	
25.001419	25.002831	25.004234	25.005615	25.006985	25.008320	25.009628	25.010895	25.012131	25.013309	25.014442	25.015518	25.016537	25.017494	25.018383	25.019203	25.019947	25.020618	25.021214	25.021725	25.022156	25.022501	25.022762	25.022938	25.023026	25.023026	25.022938	25.022762	25.022503	25.022156	25.021725	25.021214	25.020618	25.019947	25.019201	25.018381	25.017494	25.016537	25.015518	25.014439	25.013308	25.012125	25.010895	25.009628	25.008320	25.006985	25.005617	25.004234	25.002831	25.001419	
25.001640	25.003277	25.004894	25.006504	25.008076	25.009630	25.011135	25.012611	25.014029	25.015400	25.016708	25.017958	25.019135	25.020239	25.021267	25.022217	25.023081	25.023857	25.024544	25.025135	25.025635	25.026035	25.026337	25.026537	25.026638	25.026640	25.026539	25.026335	25.026033	25.025635	25.025135	25.024544	25.023857	25.023079	25.022217	25.021269	25.020237	25.019135	25.017952	25.016708	25.015396	25.014030	25.012609	25.011139	25.009628	25.008080	25.006500	25.004898	25.003277	25.001640	
25.001858	25.003708	25.005547	25.007355	25.009148	25.010893	25.012611	25.014269	25.015882	25.017429	25.018915	25.020323	25.021656	25.022907	25.024075	25.025146	25.026125	25.027004	25.027782	25.028454	25.029016	25.029470	25.029808	25.030041	25.030151	25.030151	25.030037	25.029808	25.029469	25.029015	25.028454	25.027781	25.027004	25.026127	25.025146	25.024075	25.022909	25.021656	25.020325	25.018911	25.017429	25.015881	25.014271	25.012608	25.010899	25.009144	25.007359	25.005543	25.003708	25.001858	
25.002068	25.004128	25.006166	25.008192	25.010174	25.012129	25.014027	25.015884	25.017670	25.019398	25.021042	25.022615	25.024097	25.025492	25.026787	25.027985	25.029070	25.030048	25.030914	25.031660	25.032288	25.032791	25.033173	25.033424	25.033554	25.033550	25.033424	25.033169	25.032791	25.032288	25.031658	25.030914	25.030048	25.029068	25.027983	25.026787	25.025490	25.024097	25.022614	25.021044	25.019394	25.017670	25.015881	25.014030	25.012125	25.010176	25.008188	25.006168	25.004128	25.002068	
25.002268	25.004526	25.006771	25.008984	25.011173	25.013308	25.015402	25.017426	25.019398	25.021284	25.023098	25.024818	25.026451	25.027977	25.029402	25.030710	25.031906	25.032978	25.033928	25.034748	25.035435	25.035990	25.036407	25.036686	25.036823	25.036823	25.036684	25.036406	25.035988	25.035435	25.034748	25.033928	25.032978	25.031906	25.030710	25.029400	25.027977	25.026447	25.024820	25.023094	25.021286	25.019396	25.017429	25.015396	25.013309	25.011169	25.008986	25.006771	25.004528	25.002270	
25.002462	25.004913	25.007343	25.009754	25.012119	25.014442	25.016708	25.018913	25.021044	25.023098	25.025061	25.026934	25.028698	25.030357	25.031900	25.033325	25.034618	25.035786	25.036814	25.037704	25.038448	25.039051	25.039503	25.039804	25.039955	25.039955	25.039806	25.039501	25.039049	25.038452	25.037704	25.036814	25.035786	25.034618	25.033323	25.031898	25.030357	25.028698	25.026930	25.025061	25.023094	25.021042	25.018911	25.016708	25.014439	25.012119	25.009750	25.007345	25.004911	25.002460	
25.002644	25.005280	25.007896	25.010479	25.013025	25.015518	25.017958	25.020325	25.022617	25.024818	25.026934	25.028942	25.030842	25.032623	25.034283	25.035809	25.037203	25.038454	25.039558	25.040516	25.041319	25.041962	25.042450	25.042774	25.042938	25.042936	25.042774	25.042450	25.041964	25.041317	25.040516	25.039560	25.038452	25.037205	25.035809	25.034279	25.032621	25.030838	25.028938	25.026928	25.024818	25.022614	25.020323	25.017954	25.015518	25.013023	25.010475	25.007893	25.005278	25.002644	
25.002819	25.005627	25.008411	25.011166	25.013878	25.016539	25.019135	25.021658	25.024097	25.026451	25.028698	25.030842	25.032864	25.034763	25.036531	25.038162	25.039646	25.040977	25.042156	25.043175	25.044029	25.044720	25.045237	25.045584	25.045755	25.045755	25.045582	25.045235	25.044716	25.044029	25.043175	25.042154	25.040977	25.039642	25.038160	25.036530	25.034763	25.032864	25.030838	25.028698	25.026445	25.024097	25.021656	25.019135	25.016537	25.013876	25.011166	25.008411	25.005625	25.002819	
25.002983	25.005951	25.008900	25.011812	25.014681	25.017494	25.020241	25.022911	25.025494	25.027979	25.030359	25.032623	25.034765	25.036770	25.038643	25.040365	25.041935	25.043346	25.044594	25.045670	25.046576	25.047302	25.047852	25.048218	25.048401	25.048401	25.048218	25.047852	25.047302	25.046574	25.045670	25.044594	25.043343	25.041937	25.040363	25.038643	25.036770	25.034763	25.032619	25.030354	25.027977	25.025490	25.022907	25.020237	25.017494	25.014679	25.011810	25.008896	25.005951	25.002981	
25.003132	25.006254	25.009350	25.012411	25.015427	25.018383	25.021271	25.024075	25.026789	25.029404	25.031902	25.034283	25.036530	25.038645	25.040607	25.042419	25.044067	25.045551	25.046860	25.047993	25.048943	25.049707	25.050283	25.050669	25.050861	25.050861	25.050671	25.050282	25.049707	25.048943	25.047993	25.046860	25.045549	25.044065	25.042419	25.040604	25.038641	25.036530	25.034279	25.031898	25.029396	25.026785	25.024071	25.021269	25.018379	25.015427	25.012411	25.009350	25.006252	25.003132	
25.003273	25.006533	25.009766	25.012966	25.016115	25.019203	25.022217	25.025148	25.027983	25.030712	25.033325	25.035810	25.038160	25.040367	25.042419	25.044310	25.046036	25.047581	25.048950	25.050133	25.051126	25.051926	25.052525	25.052927	25.053129	25.053129	25.052925	25.052528	25.051922	25.051125	25.050133	25.048950	25.047581	25.046034	25.044308	25.042416	25.040363	25.038158	25.035809	25.033321	25.030708	25.027981	25.025146	25.022213	25.019201	25.016113	25.012962	25.009766	25.006531	25.003273	
25.003399	25.006786	25.010147	25.013470	25.016743	25.019949	25.023083	25.026127	25.029072	25.031906	25.034622	25.037205	25.039644	25.041935	25.044067	25.046036	25.047825	25.049435	25.050854	25.052084	25.053114	25.053944	25.054567	25.054985	25.055195	25.055195	25.054989	25.054567	25.053946	25.053112	25.052082	25.050854	25.049431	25.047823	25.046032	25.044065	25.041935	25.039642	25.037201	25.034618	25.031902	25.029070	25.026123	25.023079	25.019947	25.016741	25.013470	25.010147	25.006786	25.003399	
25.003513	25.007015	25.010487	25.013926	25.017303	25.020622	25.023857	25.027004	25.030050	25.032982	25.035786	25.038454	25.040977	25.043346	25.045553	25.047581	25.049435	25.051096	25.052567	25.053837	25.054901	25.055758	25.056404	25.056835	25.057053	25.057053	25.056833	25.056408	25.055759	25.054901	25.053833	25.052563	25.051092	25.049431	25.047581	25.045551	25.043344	25.040977	25.038454	25.035782	25.032978	25.030048	25.027004	25.023855	25.020618	25.017303	25.013922	25.010490	25.007015	25.003513	
25.003613	25.007215	25.010790	25.014324	25.017803	25.021214	25.024544	25.027782	25.030914	25.033928	25.036814	25.039560	25.042156	25.044594	25.046860	25.048954	25.050854	25.052567	25.054077	25.055384	25.056477	25.057362	25.058025	25.058472	25.058693	25.058693	25.058472	25.058025	25.057364	25.056479	25.055382	25.054073	25.052565	25.050854	25.048950	25.046860	25.044594	25.042154	25.039558	25.036812	25.033928	25.030910	25.027781	25.024544	25.021214	25.017799	25.014324	25.010788	25.007217	25.003614	
25.003700	25.007389	25.011051	25.014668	25.018232	25.021725	25.025135	25.028454	25.031660	25.034748	25.037704	25.040516	25.043175	25.045670	25.047997	25.050133	25.052086	25.053835	25.055382	25.056721	25.057844	25.058746	25.059427	25.059883	25.060112	25.060112	25.059881	25.059429	25.058746	25.057842	25.056721	25.055382	25.053833	25.052082	25.050133	25.047993	25.045670	25.043175	25.040514	25.037703	25.034744	25.031658	25.028450	25.025135	25.021725	25.018230	25.014666	25.011051	25.007389	25.003702	
25.003773	25.007536	25.011269	25.014961	25.018593	25.022156	25.025635	25.029015	25.032288	25.035435	25.038452	25.041317	25.044029	25.046577	25.048943	25.051128	25.053116	25.054903	25.056480	25.057842	25.058990	25.059910	25.060604	25.061069	25.061302	25.061298	25.061069	25.060602	25.059910	25.058989	25.057844	25.056480	25.054899	25.053114	25.051125	25.048943	25.046574	25.044029	25.041317	25.038448	25.035435	25.032284	25.029015	25.025631	25.022156	25.018591	25.014959	25.011269	25.007538	25.003775	
25.003832	25.007652	25.011446	25.015194	25.018883	25.022501	25.026031	25.029469	25.032791	25.035988	25.039047	25.041965	25.044718	25.047302	25.049709	25.051926	25.053944	25.055759	25.057362	25.058746	25.059910	25.060846	25.061550	25.062023	25.062260	25.062260	25.062021	25.061550	25.060844	25.059912	25.058748	25.057362	25.055758	25.053940	25.051926	25.049706	25.047302	25.044716	25.041962	25.039047	25.035988	25.032789	25.029465	25.026033	25.022499	25.018883	25.015192	25.011444	25.007652	25.003834	
25.003876	25.007740	25.011578	25.015369	25.019102	25.022762	25.026337	25.029808	25.033171	25.036404	25.039505	25.042450	25.045237	25.047850	25.050285	25.052526	25.054569	25.056404	25.058027	25.059425	25.060604	25.061550	25.062263	25.062740	25.062981	25.062979	25.062740	25.062263	25.061552	25.060604	25.059429	25.058025	25.056404	25.054569	25.052523	25.050282	25.047848	25.045235	25.042448	25.039501	25.036404	25.033169	25.029808	25.026335	25.022762	25.019100	25.015368	25.011578	25.007744	25.003880	
25.003906	25.007801	25.011665	25.015488	25.019249	25.022938	25.026539	25.030037	25.033422	25.036684	25.039803	25.042774	25.045582	25.048218	25.050667	25.052929	25.054987	25.056839	25.058472	25.059883	25.061068	25.062021	25.062740	25.063221	25.063463	25.063461	25.063221	25.062742	25.062023	25.061069	25.059883	25.058472	25.056835	25.054983	25.052925	25.050667	25.048214	25.045580	25.042774	25.039803	25.036682	25.033421	25.030037	25.026535	25.022938	25.019245	25.015484	25.011665	25.007801	25.003910	
25.003922	25.007832	25.011711	25.015545	25.019321	25.023024	25.026638	25.030151	25.033552	25.036823	25.039955	25.042938	25.045755	25.048399	25.050861	25.053127	25.055195	25.057053	25.058693	25.060112	25.061300	25.062260	25.062981	25.063463	25.063705	25.063705	25.063461	25.062981	25.062260	25.061302	25.060112	25.058693	25.057051	25.055191	25.053125	25.050859	25.048397	25.045753	25.042936	25.039955	25.036823	25.033550	25.030151	25.026638	25.023022	25.019320	25.015545	25.011707	25.007832	25.003925	
25.003922	25.007832	25.011711	25.015545	25.019321	25.023024	25.026638	25.030151	25.033552	25.036823	25.039955	25.042938	25.045755	25.048399	25.050861	25.053127	25.055195	25.057053	25.058693	25.060112	25.061300	25.062260	25.062981	25.063463	25.063705	25.063705	25.063461	25.062981	25.062260	25.061302	25.060112	25.058693	25.057051	25.055191	25.053125	25.050859	25.048397	25.045753	25.042936	25.039955	25.036823	25.033550	25.030151	25.026638	25.023022	25.019320	25.015545	25.011707	25.007832	25.003925	
25.003906	25.007801	25.011665	25.015488	25.019249	25.022938	25.026539	25.030037	25.033422	25.036684	25.039803	25.042774	25.045582	25.048218	25.050667	25.052929	25.054987	25.056839	25.058472	25.059883	25.061068	25.062021	25.062740	25.063221	25.063463	25.063461	25.063221	25.062742	25.062023	25.061069	25.059883	25.058472	25.056835	25.054983	25.052925	25.050667	25.048214	25.045580	25.042774	25.039803	25.036682	25.033421	25.030037	25.026535	25.022938	25.019245	25.015484	25.011665	25.007801	25.003910	
25.003876	25.007740	25.011578	25.015369	25.019102	25.022762	25.026337	25.029808	25.033171	25.036404	25.039505	25.042450	25.045237	25.047850	25.050285	25.052526	25.054569	25.056404	25.058027	25.059425	25.060604	25.061550	25.062263	25.062740	25.062981	25.062979	25.062740	25.062263	25.061552	25.060604	25.059429	25.058025	25.056404	25.054569	25.052523	25.050282	25.047848	25.045235	25.042448	25.039501	25.036404	25.033169	25.029808	25.026335	25.022762	25.019100	25.015368	25.011578	25.007744	25.003880	
25.003832	25.007652	25.011446	25.015194	25.018883	25.022501	25.026031	25.029469	25.032791	25.035988	25.039047	25.041965	25.044718	25.047302	25.049709	25.051926	25.053944	25.055759	25.057362	25.058746	25.059910	25.060846	25.061550	25.062023	25.062260	25.062260	25.062021	25.061550	25.060844	25.059912	25.058748	25.057362	25.055758	25.053940	25.051926	25.049706	25.047302	25.044716	25.041962	25.039047	25.035988	25.032789	25.029465	25.026033	25.022499	25.018883	25.015192	25.011444	25.007652	25.003834	
25.003773	25.007536	25.011269	25.014961	25.018593	25.022156	25.025635	25.029015	25.032288	25.035435	25.038452	25.041317	25.044029	25.046577	25.048943	25.051128	25.053116	25.054903	25.056480	25.057842	25.058990	25.059910	25.060604	25.061069	25.061302	25.061298	25.061069	25.060602	25.059910	25.058989	25.057844	25.056480	25.054899	25.053114	25.051125	25.048943	25.046574	25.044029	25.041317	25.038448	25.035435	25.032284	25.029015	25.025631	25.022156	25.018591	25.014959	25.011269	25.007538	25.003775	
25.003700	25.007389	25.011051	25.014668	25.018232	25.021725	25.025135	25.028454	25.031660	25.034748	25.037704	25.040516	25.043175	25.045670	25.047997	25.050133	25.052086	25.053835	25.055382	25.056721	25.057844	25.058746	25.059427	25.059883	25.060112	25.060112	25.059881	25.059429	25.058746	25.057842	25.056721	25.055382	25.053833	25.052082	25.050133	25.047993	25.045670	25.043175	25.040514	25.037703	25.034744	25.031658	25.028450	25.025135	25.021725	25.018230	25.014666	25.011051	25.007389	25.003702	
25.003613	25.007215	25.010790	25.014324	25.017803	25.021214	25.024544	25.027782	25.030914	25.033928	25.036814	25.039560	25.042156	25.044594	25.046860	25.048954	25.050854	25.052567	25.054077	25.055384	25.056477	25.057362	25.058025	25.058472	25.058693	25.058693	25.058472	25.058025	25.057364	25.056479	25.055382	25.054073	25.052565	25.050854	25.048950	25.046860	25.044594	25.042154	25.039558	25.036812	25.033928	25.030910	25.027781	25.024544	25.021214	25.017799	25.014324	25.010788	25.007217	25.003614	
25.003513	25.007015	25.010487	25.013926	25.017303	25.020622	25.023857	25.027004	25.030050	25.032982	25.035786	25.038454	25.040977	25.043346	25.045553	25.047581	25.049435	25.051096	25.052567	25.053837	25.054901	25.055758	25.056404	25.056835	25.057053	25.057053	25.056833	25.056408	25.055759	25.054901	25.053833	25.052563	25.051092	25.049431	25.047581	25.045551	25.043344	25.040977	25.038454	25.035782	25.032978	25.030048	25.027004	25.023855	25.020618	25.017303	25.013922	25.010490	25.007015	25.003513	
25.003399	25.006786	25.010147	25.013470	25.016743	25.019949	25.023083	25.026127	25.029072	25.031906	25.034622	25.037205	25.039644	25.041935	25.044067	25.046036	25.047825	25.049435	25.050854	25.052084	25.053114	25.053944	25.054567	25.054985	25.055195	25.055195	25.054989	25.054567	25.053946	25.053112	25.052082	25.050854	25.049431	25.047823	25.046032	25.044065	25.041935	25.039642	25.037201	25.034618	25.031902	25.029070	25.026123	25.023079	25.019947	25.016741	25.013470	25.010147	25.006786	25.003399	
25.003273	25.006533	25.009766	25.012966	25.016115	25.019203	25.022217	25.025148	25.027983	25.030712	25.033325	25.035810	25.038160	25.040367	25.042419	25.044310	25.046036	25.047581	25.048950	25.050133	25.051126	25.051926	25.052525	25.052927	25.053129	25.053129	25.052925	25.052528	25.051922	25.051125	25.050133	25.048950	25.047581	25.046034	25.044308	25.042416	25.040363	25.038158	25.035809	25.033321	25.030708	25.027981	25.025146	25.022213	25.019201	25.016113	25.012962	25.009766	25.006531	25.003273	
25.003132	25.006254	25.009350	25.012411	25.015427	25.018383	25.021271	25.024075	25.026789	25.029404	25.031902	25.034283	25.036530	25.038645	25.040607	25.042419	25.044067	25.045551	25.046860	25.047993	25.048943	25.049707	25.050283	25.050669	25.050861	25.050861	25.050671	25.050282	25.049707	25.048943	25.047993	25.046860	25.045549	25.044065	25.042419	25.040604	25.038641	25.036530	25.034279	25.031898	25.029396	25.026785	25.024071	25.021269	25.018379	25.015427	25.012411	25.009350	25.006252	25.003132	
25.002983	25.005951	25.008900	25.011812	25.014681	25.017494	25.020241	25.022911	25.025494	25.027979	25.030359	25.032623	25.034765	25.036770	25.038643	25.040365	25.041935	25.043346	25.044594	25.045670	25.046576	25.047302	25.047852	25.048218	25.048401	25.048401	25.048218	25.047852	25.047302	25.046574	25.045670	25.044594	25.043343	25.041937	25.040363	25.038643	25.036770	25.034763	25.032619	25.030354	25.027977	25.025490	25.022907	25.020237	25.017494	25.014679	25.011810	25.008896	25.005951	25.002981	
25.002819	25.005627	25.008411	25.011166	25.013878	25.016539	25.019135	25.021658	25.024097	25.026451	25.028698	25.030842	25.032864	25.034763	25.036531	25.038162	25.039646	25.040977	25.042156	25.043175	25.044029	25.044720	25.045237	25.045584	25.045755	25.045755	25.045582	25.045235	25.044716	25.044029	25.043175	25.042154	25.040977	25.039642	25.038160	25.036530	25.034763	25.032864	25.030838	25.028698	25.026445	25.024097	25.021656	25.019135	25.016537	25.013876	25.011166	25.008411	25.005625	25.002819	
25.002644	25.005280	25.007896	25.010479	25.013025	25.015518	25.017958	25.020325	25.022617	25.024818	25.026934	25.028942	25.030842	25.032623	25.034283	25.035809	25.037203	25.038454	25.039558	25.040516	25.041319	25.041962	25.042450	25.042774	25.042938	25.042936	25.042774	25.042450	25.041964	25.041317	25.040516	25.039560	25.038452	25.037205	25.035809	25.034279	25.032621	25.030838	25.028938	25.026928	25.024818	25.022614	25.020323	25.017954	25.015518	25.013023	25.010475	25.007893	25.005278	25.002644	
25.002462	25.004913	25.007343	25.009754	25.012119	25.014442	25.016708	25.018913	25.021044	25.023098	25.025061	25.026934	25.028698	25.030357	25.031900	25.033325	25.034618	25.035786	25.036814	25.037704	25.038448	25.039051	25.039503	25.039804	25.039955	25.039955	25.039806	25.039501	25.039049	25.038452	25.037704	25.036814	25.035786	25.034618	25.033323	25.031898	25.030357	25.028698	25.026930	25.025061	25.023094	25.021042	25.018911	25.016708	25.014439	25.012119	25.009750	25.007345	25.004911	25.002460	
25.002268	25.004526	25.006771	25.008984	25.011173	25.013308	25.015402	25.017426	25.019398	25.021284	25.023098	25.024818	25.026451	25.027977	25.029402	25.030710	25.031906	25.032978	25.033928	25.034748	25.035435	25.035990	25.036407	25.036686	25.036823	25.036823	25.036684	25.036406	25.035988	25.035435	25.034748	25.033928	25.032978	25.031906	25.030710	25.029400	25.027977	25.026447	25.024820	25.023094	25.021286	25.019396	25.017429	25.015396	25.013309	25.011169	25.008986	25.006771	25.004528	25.002270	
25.002068	25.004128	25.006166	25.008192	25.010174	25.012129	25.014027	25.015884	25.017670	25.019398	25.021042	25.022615	25.024097	25.025492	25.026787	25.027985	25.029070	25.030048	25.030914	25.031660	25.032288	25.032791	25.033173	25.033424	25.033554	25.033550	25.033424	25.033169	25.032791	25.032288	25.031658	25.030914	25.030048	25.029068	25.027983	25.026787	25.025490	25.024097	25.022614	25.021044	25.019394	25.017670	25.015881	25.014030	25.012125	25.010176	25.008188	25.006168	25.004128	25.002068	
25.001858	25.003708	25.005547	25.007355	25.009148	25.010893	25.012611	25.014269	25.015882	25.017429	25.018915	25.020323	25.021656	25.022907	25.024075	25.025146	25.026125	25.027004	25.027782	25.028454	25.029016	25.029470	25.029808	25.030041	25.030151	25.030151	25.030037	25.029808	25.029469	25.029015	25.028454	25.027781	25.027004	25.026127	25.025146	25.024075	25.022909	25.021656	25.020325	25.018911	25.017429	25.015881	25.014271	25.012608	25.010899	25.009144	25.007359	25.005543	25.003708	25.001858	
25.001640	25.003277	25.004894	25.006504	25.008076	25.009630	25.011135	25.012611	25.014029	25.015400	25.016708	25.017958	25.019135	25.020239	25.021267	25.022217	25.023081	25.023857	25.024544	25.025135	25.025635	25.026035	25.026337	25.026537	25.026638	25.026640	25.026539	25.026335	25.026033	25.025635	25.025135	25.024544	25.023857	25.023079	25.022217	25.021269	25.020237	25.019135	25.017952	25.016708	25.015396	25.014030	25.012609	25.011139	25.009628	25.008080	25.006500	25.004898	25.003277	25.001640	
25.001419	25.002831	25.004234	25.005615	25.006985	25.008320	25.009628	25.010895	25.012131	25.013309	25.014442	25.015518	25.016537	25.017494	25.018383	25.019203	25.019947	25.020618	25.021214	25.021725	25.022156	25.022501	25.022762	25.022938	25.023026	25.023026	25.022938	25.022762	25.022503	25.022156	25.021725	25.021214	25.020618	25.019947	25.019201	25.018381	25.017494	25.016537	25.015518	25.014439	25.013308	25.012125	25.010895	25.009628	25.008320	25.006985	25.005617	25.004234	25.002831	25.001419	
25.001190	25.002377	25.003548	25.004715	25.005857	25.006985	25.008078	25.009148	25.010174	25.011173	25.012119	25.013023	25.013878	25.014679	25.015427	25.016113	25.016739	25.017303	25.017799	25.018230	25.018593	25.018883	25.019100	25.019249	25.019321	25.019323	25.019249	25.019104	25.018883	25.018593	25.018230	25.017801	25.017303	25.016739	25.016113	25.015427	25.014679	25.013878	25.013023	25.012119	25.011168	25.010176	25.009146	25.008080	25.006985	25.005859	25.004715	25.003551	25.002375	25.001190	
25.000957	25.001907	25.002857	25.003790	25.004715	25.005615	25.006500	25.007357	25.008190	25.008984	25.009754	25.010479	25.011166	25.011812	25.012409	25.012964	25.013470	25.013924	25.014324	25.014668	25.014959	25.015194	25.015369	25.015488	25.015549	25.015547	25.015488	25.015369	25.015194	25.014959	25.014669	25.014322	25.013920	25.013470	25.012964	25.012411	25.011810	25.011166	25.010475	25.009750	25.008984	25.008186	25.007357	25.006500	25.005619	25.004715	25.003792	25.002859	25.001911	25.000957	
25.000721	25.001440	25.002150	25.002857	25.003551	25.004232	25.004896	25.005543	25.006166	25.006771	25.007343	25.007893	25.008411	25.008898	25.009350	25.009766	25.010147	25.010489	25.010790	25.011051	25.011269	25.011444	25.011578	25.011669	25.011711	25.011711	25.011665	25.011580	25.011448	25.011269	25.011049	25.010790	25.010487	25.010147	25.009766	25.009350	25.008896	25.008411	25.007895	25.007345	25.006769	25.006165	25.005543	25.004898	25.004234	25.003551	25.002859	25.002151	25.001440	25.000721	
25.000484	25.000963	25.001440	25.001909	25.002377	25.002829	25.003275	25.003708	25.004128	25.004526	25.004913	25.005280	25.005627	25.005951	25.006252	25.006531	25.006784	25.007015	25.007217	25.007391	25.007536	25.007654	25.007744	25.007805	25.007833	25.007833	25.007805	25.007744	25.007656	25.007538	25.007389	25.007215	25.007015	25.006786	25.006531	25.006252	25.005951	25.005625	25.005278	25.004913	25.004528	25.004126	25.003704	25.003277	25.002831	25.002377	25.001911	25.001442	25.000963	25.000483	
25.000242	25.000483	25.000721	25.000957	25.001190	25.001419	25.001640	25.001858	25.002066	25.002268	25.002460	25.002645	25.002819	25.002983	25.003132	25.003271	25.003399	25.003513	25.003614	25.003700	25.003777	25.003834	25.003880	25.003910	25.003925	25.003925	25.003910	25.003880	25.003836	25.003775	25.003700	25.003616	25.003513	25.003399	25.003273	25.003132	25.002981	25.002817	25.002644	25.002460	25.002270	25.002066	25.001858	25.001640	25.001419	25.001190	25.000959	25.000721	25.000484	25.000240	
