25.008137	25.016254	25.024302	25.032291	25.040134	25.047886	25.055420	25.062819	25.069937	25.076874	25.083469	25.089832	25.095800	25.101488	25.106730	25.111641	25.116072	25.120117	25.123650	25.126759	25.129330	25.131437	25.133003	25.134064	25.134590	25.134590	25.134068	25.133001	25.131439	25.129332	25.126759	25.123652	25.120119	25.116070	25.111643	25.106730	25.101490	25.095798	25.089832	25.083467	25.076874	25.069939	25.062820	25.055420	25.047886	25.040138	25.032291	25.024302	25.016254	25.008137	
25.016254	25.032436	25.048546	25.064438	25.080177	25.095558	25.110710	25.125366	25.139704	25.153419	25.166725	25.179291	25.191349	25.202562	25.213167	25.222843	25.231808	25.239775	25.246935	25.253044	25.258263	25.262402	25.265575	25.267668	25.268730	25.268732	25.267666	25.265579	25.262402	25.258266	25.253044	25.246937	25.239773	25.231812	25.222843	25.213171	25.202562	25.191349	25.179291	25.166723	25.153419	25.139706	25.125366	25.110712	25.095562	25.080179	25.064438	25.048544	25.032438	25.016254	
25.024300	25.048546	25.072575	25.096436	25.119865	25.143007	25.165516	25.187609	25.208870	25.229582	25.249279	25.268286	25.286108	25.303093	25.318752	25.333420	25.346645	25.358730	25.369282	25.378563	25.386248	25.392540	25.397209	25.400387	25.401955	25.401953	25.400389	25.397209	25.392540	25.386246	25.378567	25.369286	25.358734	25.346645	25.333422	25.318752	25.303095	25.286108	25.268284	25.249279	25.229582	25.208868	25.187611	25.165514	25.143009	25.119867	25.096436	25.072575	25.048544	25.024300	
25.032290	25.064438	25.096434	25.128006	25.159267	25.189829	25.219921	25.249039	25.277515	25.304768	25.331192	25.356159	25.380108	25.402391	25.423452	25.442677	25.460484	25.476307	25.490530	25.502666	25.513033	25.521259	25.527559	25.531715	25.533827	25.533829	25.531712	25.527561	25.521259	25.513035	25.502666	25.490532	25.476307	25.460484	25.442677	25.423454	25.402390	25.380110	25.356159	25.331194	25.304766	25.277517	25.249037	25.219921	25.189829	25.159269	25.128006	25.096432	25.064436	25.032288	
25.040134	25.080177	25.119867	25.159267	25.197971	25.236191	25.273367	25.309849	25.344975	25.379173	25.411713	25.443096	25.472540	25.500584	25.526451	25.550674	25.572517	25.592478	25.609909	25.625231	25.637924	25.648314	25.656029	25.661278	25.663866	25.663868	25.661278	25.656029	25.648315	25.637924	25.625237	25.609909	25.592480	25.572517	25.550676	25.526451	25.500587	25.472538	25.443096	25.411711	25.379175	25.344971	25.309853	25.273367	25.236191	25.197971	25.159267	25.119865	25.080175	25.040134	
25.047884	25.095560	25.143007	25.189829	25.236187	25.281513	25.326134	25.369322	25.411545	25.451967	25.491146	25.528181	25.563684	25.596737	25.627966	25.656479	25.682880	25.706352	25.727440	25.745445	25.760811	25.773010	25.782356	25.788517	25.791653	25.791653	25.788517	25.782356	25.773010	25.760811	25.745441	25.727440	25.706352	25.682882	25.656479	25.627968	25.596737	25.563688	25.528179	25.491148	25.451967	25.411549	25.369324	25.326136	25.281515	25.236191	25.189829	25.143007	25.095560	25.047884	
25.055422	25.110710	25.165516	25.219919	25.273367	25.326130	25.377478	25.427845	25.476353	25.523567	25.568508	25.611832	25.652500	25.691216	25.726944	25.760382	25.790554	25.818108	25.842184	25.863337	25.880867	25.895208	25.905869	25.913107	25.916685	25.916683	25.913109	25.905867	25.895210	25.880865	25.863337	25.842178	25.818108	25.790554	25.760384	25.726942	25.691219	25.652500	25.611835	25.568508	25.523573	25.476351	25.427849	25.377480	25.326138	25.273367	25.219921	25.165516	25.110710	25.055422	
25.062819	25.125366	25.187609	25.249041	25.309853	25.369324	25.427847	25.484520	25.539898	25.592941	25.644327	25.692924	25.739489	25.782864	25.823820	25.861238	25.895863	25.926666	25.954321	25.977949	25.998102	26.014112	26.026367	26.034451	26.038563	26.038563	26.034451	26.026367	26.014111	25.998104	25.977947	25.954323	25.926666	25.895863	25.861238	25.823822	25.782862	25.739491	25.692924	25.644329	25.592941	25.539902	25.484520	25.427851	25.369326	25.309853	25.249041	25.187609	25.125366	25.062819	
25.069939	25.139704	25.208870	25.277517	25.344973	25.411547	25.476353	25.539898	25.601124	25.660690	25.717419	25.772072	25.823408	25.872246	25.917351	25.959528	25.997618	26.032373	26.062767	26.089447	26.111582	26.129673	26.143126	26.152264	26.156776	26.156778	26.152264	26.143126	26.129673	26.111584	26.089451	26.062763	26.032375	25.997618	25.959530	25.917347	25.872250	25.823406	25.772074	25.717419	25.660696	25.601124	25.539902	25.476353	25.411549	25.344975	25.277517	25.208870	25.139704	25.069939	
25.076874	25.153421	25.229582	25.304768	25.379173	25.451967	25.523571	25.592941	25.660690	25.725622	25.788483	25.847979	25.904942	25.958042	26.008141	26.053955	26.096302	26.134020	26.167843	26.196772	26.221422	26.241022	26.256012	26.265911	26.270941	26.270943	26.265909	26.256014	26.241024	26.221420	26.196772	26.167843	26.134018	26.096306	26.053949	26.008141	25.958038	25.904942	25.847977	25.788488	25.725624	25.660696	25.592939	25.523573	25.451967	25.379177	25.304768	25.229582	25.153421	25.076874	
25.083469	25.166725	25.249281	25.331194	25.411713	25.491148	25.568508	25.644327	25.717419	25.788486	25.856209	25.921410	25.982702	26.040964	26.094816	26.145128	26.190609	26.232067	26.268360	26.300182	26.326614	26.348190	26.364258	26.375154	26.380545	26.380543	26.375154	26.364258	26.348190	26.326614	26.300186	26.268358	26.232069	26.190607	26.145130	26.094812	26.040966	25.982702	25.921412	25.856209	25.788488	25.717419	25.644329	25.568508	25.491150	25.411713	25.331194	25.249279	25.166725	25.083469	
25.089834	25.179293	25.268286	25.356161	25.443096	25.528181	25.611835	25.692924	25.772072	25.847977	25.921410	25.990963	26.057501	26.119583	26.178101	26.231667	26.281128	26.325230	26.364731	26.398561	26.427347	26.450270	26.467773	26.479349	26.485222	26.485222	26.479347	26.467773	26.450270	26.427347	26.398561	26.364731	26.325230	26.281130	26.231663	26.178101	26.119583	26.057503	25.990963	25.921410	25.847977	25.772076	25.692924	25.611835	25.528181	25.443096	25.356159	25.268284	25.179291	25.089832	
25.095800	25.191349	25.286110	25.380110	25.472540	25.563686	25.652500	25.739492	25.823408	25.904942	25.982702	26.057503	26.127882	26.194715	26.256554	26.314264	26.366499	26.414049	26.455729	26.492231	26.522587	26.547333	26.565786	26.578283	26.584476	26.584475	26.578281	26.565786	26.547333	26.522587	26.492233	26.455727	26.414051	26.366493	26.314268	26.256552	26.194717	26.127882	26.057499	25.982700	25.904943	25.823406	25.739494	25.652498	25.563688	25.472538	25.380108	25.286108	25.191349	25.095800	
25.101486	25.202564	25.303095	25.402390	25.500586	25.596737	25.691217	25.782864	25.872250	25.958040	26.040966	26.119583	26.194715	26.264893	26.330965	26.391518	26.447365	26.497223	26.541819	26.580065	26.612562	26.638481	26.658241	26.671329	26.677959	26.677959	26.671329	26.658241	26.638479	26.612564	26.580065	26.541819	26.497219	26.447365	26.391514	26.330965	26.264893	26.194715	26.119583	26.040962	25.958040	25.872250	25.782862	25.691219	25.596737	25.500587	25.402390	25.303093	25.202562	25.101486	
25.106730	25.213169	25.318752	25.423454	25.526451	25.627968	25.726944	25.823822	25.917349	26.008142	26.094814	26.178102	26.256554	26.330967	26.399902	26.464153	26.522383	26.575321	26.621790	26.662426	26.696270	26.723816	26.744392	26.758301	26.765207	26.765203	26.758301	26.744389	26.723816	26.696266	26.662426	26.621786	26.575321	26.522379	26.464153	26.399899	26.330965	26.256554	26.178101	26.094812	26.008141	25.917347	25.823822	25.726944	25.627968	25.526447	25.423454	25.318750	25.213169	25.106730	
25.111643	25.222845	25.333422	25.442677	25.550674	25.656483	25.760382	25.861240	25.959530	26.053951	26.145128	26.231665	26.314268	26.391518	26.464153	26.530815	26.592205	26.647095	26.696117	26.738228	26.773947	26.802483	26.824202	26.838612	26.845898	26.845901	26.838610	26.824203	26.802479	26.773949	26.738224	26.696117	26.647089	26.592205	26.530809	26.464155	26.391514	26.314266	26.231663	26.145130	26.053951	25.959530	25.861237	25.760384	25.656477	25.550676	25.442675	25.333420	25.222843	25.111645	
25.116070	25.231810	25.346645	25.460484	25.572519	25.682882	25.790554	25.895864	25.997620	26.096306	26.190609	26.281132	26.366497	26.447365	26.522383	26.592207	26.655575	26.713100	26.763676	26.807827	26.844666	26.874592	26.896988	26.912102	26.919619	26.919617	26.912106	26.896984	26.874594	26.844662	26.807829	26.763672	26.713100	26.655571	26.592205	26.522381	26.447363	26.366495	26.281128	26.190609	26.096306	25.997616	25.895866	25.790550	25.682884	25.572517	25.460485	25.346643	25.231812	25.116070	
25.120119	25.239775	25.358734	25.476309	25.592480	25.706358	25.818110	25.926670	26.032375	26.134020	26.232067	26.325232	26.414051	26.497223	26.575323	26.647095	26.713100	26.772203	26.824905	26.870251	26.908653	26.939381	26.962730	26.978249	26.986080	26.986084	26.978245	26.962730	26.939381	26.908653	26.870251	26.824905	26.772202	26.713100	26.647093	26.575321	26.497219	26.414045	26.325228	26.232067	26.134018	26.032375	25.926664	25.818110	25.706352	25.592484	25.476307	25.358734	25.239775	25.120119	
25.123650	25.246937	25.369284	25.490532	25.609911	25.727440	25.842186	25.954323	26.062769	26.167843	26.268360	26.364731	26.455730	26.541821	26.621792	26.696119	26.763676	26.824905	26.878826	26.925821	26.965097	26.996952	27.020830	27.036917	27.044931	27.044930	27.036919	27.020828	26.996952	26.965097	26.925819	26.878826	26.824907	26.763672	26.696117	26.621788	26.541817	26.455729	26.364731	26.268358	26.167843	26.062765	25.954323	25.842180	25.727442	25.609907	25.490534	25.369282	25.246937	25.123650	
25.126759	25.253046	25.378567	25.502670	25.625233	25.745447	25.863337	25.977955	26.089451	26.196774	26.300186	26.398560	26.492231	26.580067	26.662424	26.738226	26.807827	26.870251	26.925823	26.973717	27.014206	27.046665	27.071281	27.087673	27.095932	27.095936	27.087671	27.071283	27.046661	27.014204	26.973717	26.925823	26.870251	26.807829	26.738224	26.662424	26.580067	26.492231	26.398560	26.300186	26.196772	26.089449	25.977947	25.863338	25.745445	25.625237	25.502666	25.378565	25.253044	25.126759	
25.129332	25.258265	25.386250	25.513033	25.637928	25.760811	25.880871	25.998100	26.111588	26.221420	26.326616	26.427347	26.522587	26.612564	26.696270	26.773947	26.844666	26.908653	26.965099	27.014210	27.055321	27.088610	27.113607	27.130417	27.138805	27.138803	27.130417	27.113605	27.088610	27.055321	27.014206	26.965097	26.908651	26.844666	26.773949	26.696270	26.612560	26.522589	26.427345	26.326616	26.221422	26.111582	25.998104	25.880867	25.760813	25.637924	25.513035	25.386246	25.258265	25.129330	
25.131439	25.262402	25.392542	25.521259	25.648315	25.773014	25.895210	26.014114	26.129671	26.241024	26.348192	26.450270	26.547333	26.638479	26.723816	26.802483	26.874596	26.939379	26.996956	27.046663	27.088610	27.122299	27.147800	27.164814	27.173370	27.173370	27.164814	27.147802	27.122297	27.088608	27.046663	26.996952	26.939381	26.874592	26.802483	26.723814	26.638481	26.547333	26.450270	26.348190	26.241022	26.129673	26.014111	25.895210	25.773010	25.648314	25.521257	25.392540	25.262402	25.131439	
25.133003	25.265577	25.397213	25.527561	25.656033	25.782356	25.905869	26.026367	26.143127	26.256012	26.364258	26.467773	26.565786	26.658241	26.744390	26.824203	26.896988	26.962730	27.020828	27.071283	27.113605	27.147800	27.173532	27.190802	27.199436	27.199436	27.190804	27.173531	27.147802	27.113605	27.071281	27.020828	26.962730	26.896986	26.824202	26.744390	26.658241	26.565786	26.467773	26.364258	26.256014	26.143126	26.026367	25.905869	25.782356	25.656033	25.527561	25.397209	25.265577	25.133003	
25.134068	25.267670	25.400389	25.531715	25.661278	25.788517	25.913109	26.034452	26.152264	26.265913	26.375154	26.479349	26.578283	26.671329	26.758301	26.838612	26.912104	26.978249	27.036919	27.087671	27.130417	27.164814	27.190800	27.208172	27.216892	27.216892	27.208172	27.190804	27.164814	27.130417	27.087673	27.036919	26.978249	26.912102	26.838612	26.758301	26.671331	26.578285	26.479349	26.375156	26.265913	26.152264	26.034451	25.913111	25.788519	25.661278	25.531713	25.400387	25.267666	25.134066	
25.134590	25.268732	25.401955	25.533829	25.663868	25.791653	25.916687	26.038563	26.156778	26.270941	26.380545	26.485224	26.584476	26.677959	26.765205	26.845901	26.919617	26.986084	27.044930	27.095934	27.138805	27.173372	27.199436	27.216892	27.225639	27.225639	27.216894	27.199438	27.173372	27.138805	27.095934	27.044930	26.986082	26.919617	26.845900	26.765205	26.677961	26.584476	26.485226	26.380547	26.270945	26.156780	26.038567	25.916687	25.791653	25.663868	25.533829	25.401957	25.268730	25.134590	
25.134590	25.268732	25.401955	25.533829	25.663868	25.791653	25.916687	26.038563	26.156778	26.270941	26.380545	26.485224	26.584476	26.677959	26.765205	26.845901	26.919617	26.986084	27.044930	27.095934	27.138805	27.173372	27.199436	27.216892	27.225639	27.225639	27.216894	27.199438	27.173372	27.138805	27.095934	27.044930	26.986082	26.919617	26.845900	26.765205	26.677961	26.584476	26.485226	26.380547	26.270945	26.156780	26.038567	25.916687	25.791653	25.663868	25.533829	25.401957	25.268730	25.134590	
25.134068	25.267670	25.400389	25.531715	25.661278	25.788517	25.913109	26.034452	26.152264	26.265913	26.375154	26.479349	26.578283	26.671329	26.758301	26.838612	26.912104	26.978249	27.036919	27.087671	27.130417	27.164814	27.190800	27.208172	27.216892	27.216892	27.208172	27.190804	27.164814	27.130417	27.087673	27.036919	26.978249	26.912102	26.838612	26.758301	26.671331	26.578285	26.479349	26.375156	26.265913	26.152264	26.034451	25.913111	25.788519	25.661278	25.531713	25.400387	25.267666	25.134066	
25.133003	25.265577	25.397213	25.527561	25.656033	25.782356	25.905869	26.026367	26.143127	26.256012	26.364258	26.467773	26.565786	26.658241	26.744390	26.824203	26.896988	26.962730	27.020828	27.071283	27.113605	27.147800	27.173532	27.190802	27.199436	27.199436	27.190804	27.173531	27.147802	27.113605	27.071281	27.020828	26.962730	26.896986	26.824202	26.744390	26.658241	26.565786	26.467773	26.364258	26.256014	26.143126	26.026367	25.905869	25.782356	25.656033	25.527561	25.397209	25.265577	25.133003	
25.131439	25.262402	25.392542	25.521259	25.648315	25.773014	25.895210	26.014114	26.129671	26.241024	26.348192	26.450270	26.547333	26.638479	26.723816	26.802483	26.874596	26.939379	26.996956	27.046663	27.088610	27.122299	27.147800	27.164814	27.173370	27.173370	27.164814	27.147802	27.122297	27.088608	27.046663	26.996952	26.939381	26.874592	26.802483	26.723814	26.638481	26.547333	26.450270	26.348190	26.241022	26.129673	26.014111	25.895210	25.773010	25.648314	25.521257	25.392540	25.262402	25.131439	
25.129332	25.258265	25.386250	25.513033	25.637928	25.760811	25.880871	25.998100	26.111588	26.221420	26.326616	26.427347	26.522587	26.612564	26.696270	26.773947	26.844666	26.908653	26.965099	27.014210	27.055321	27.088610	27.113607	27.130417	27.138805	27.138803	27.130417	27.113605	27.088610	27.055321	27.014206	26.965097	26.908651	26.844666	26.773949	26.696270	26.612560	26.522589	26.427345	26.326616	26.221422	26.111582	25.998104	25.880867	25.760813	25.637924	25.513035	25.386246	25.258265	25.129330	
25.126759	25.253046	25.378567	25.502670	25.625233	25.745447	25.863337	25.977955	26.089451	26.196774	26.300186	26.398560	26.492231	26.580067	26.662424	26.738226	26.807827	26.870251	26.925823	26.973717	27.014206	27.046665	27.071281	27.087673	27.095932	27.095936	27.087671	27.071283	27.046661	27.014204	26.973717	26.925823	26.870251	26.807829	26.738224	26.662424	26.580067	26.492231	26.398560	26.300186	26.196772	26.089449	25.977947	25.863338	25.745445	25.625237	25.502666	25.378565	25.253044	25.126759	
25.123650	25.246937	25.369284	25.490532	25.609911	25.727440	25.842186	25.954323	26.062769	26.167843	26.268360	26.364731	26.455730	26.541821	26.621792	26.696119	26.763676	26.824905	26.878826	26.925821	26.965097	26.996952	27.020830	27.036917	27.044931	27.044930	27.036919	27.020828	26.996952	26.965097	26.925819	26.878826	26.824907	26.763672	26.696117	26.621788	26.541817	26.455729	26.364731	26.268358	26.167843	26.062765	25.954323	25.842180	25.727442	25.609907	25.490534	25.369282	25.246937	25.123650	
25.120119	25.239775	25.358734	25.476309	25.592480	25.706358	25.818110	25.926670	26.032375	26.134020	26.232067	26.325232	26.414051	26.497223	26.575323	26.647095	26.713100	26.772203	26.824905	26.870251	26.908653	26.939381	26.962730	26.978249	26.986080	26.986084	26.978245	26.962730	26.939381	26.908653	26.870251	26.824905	26.772202	26.713100	26.647093	26.575321	26.497219	26.414045	26.325228	26.232067	26.134018	26.032375	25.926664	25.818110	25.706352	25.592484	25.476307	25.358734	25.239775	25.120119	
25.116070	25.231810	25.346645	25.460484	25.572519	25.682882	25.790554	25.895864	25.997620	26.096306	26.190609	26.281132	26.366497	26.447365	26.522383	26.592207	26.655575	26.713100	26.763676	26.807827	26.844666	26.874592	26.896988	26.912102	26.919619	26.919617	26.912106	26.896984	26.874594	26.844662	26.807829	26.763672	26.713100	26.655571	26.592205	26.522381	26.447363	26.366495	26.281128	26.190609	26.096306	25.997616	25.895866	25.790550	25.682884	25.572517	25.460485	25.346643	25.231812	25.116070	
25.111643	25.222845	25.333422	25.442677	25.550674	25.656483	25.760382	25.861240	25.959530	26.053951	26.145128	26.231665	26.314268	26.391518	26.464153	26.530815	26.592205	26.647095	26.696117	26.738228	26.773947	26.802483	26.824202	26.838612	26.845898	26.845901	26.838610	26.824203	26.802479	26.773949	26.738224	26.696117	26.647089	26.592205	26.530809	26.464155	26.391514	26.314266	26.231663	26.145130	26.053951	25.959530	25.861237	25.760384	25.656477	25.550676	25.442675	25.333420	25.222843	25.111645	
25.106730	25.213169	25.318752	25.423454	25.526451	25.627968	25.726944	25.823822	25.917349	26.008142	26.094814	26.178102	26.256554	26.330967	26.399902	26.464153	26.522383	26.575321	26.621790	26.662426	26.696270	26.723816	26.744392	26.758301	26.765207	26.765203	26.758301	26.744389	26.723816	26.696266	26.662426	26.621786	26.575321	26.522379	26.464153	26.399899	26.330965	26.256554	26.178101	26.094812	26.008141	25.917347	25.823822	25.726944	25.627968	25.526447	25.423454	25.318750	25.213169	25.106730	
25.101486	25.202564	25.303095	25.402390	25.500586	25.596737	25.691217	25.782864	25.872250	25.958040	26.040966	26.119583	26.194715	26.264893	26.330965	26.391518	26.447365	26.497223	26.541819	26.580065	26.612562	26.638481	26.658241	26.671329	26.677959	26.677959	26.671329	26.658241	26.638479	26.612564	26.580065	26.541819	26.497219	26.447365	26.391514	26.330965	26.264893	26.194715	26.119583	26.040962	25.958040	25.872250	25.782862	25.691219	25.596737	25.500587	25.402390	25.303093	25.202562	25.101486	
25.095800	25.191349	25.286110	25.380110	25.472540	25.563686	25.652500	25.739492	25.823408	25.904942	25.982702	26.057503	26.127882	26.194715	26.256554	26.314264	26.366499	26.414049	26.455729	26.492231	26.522587	26.547333	26.565786	26.578283	26.584476	26.584475	26.578281	26.565786	26.547333	26.522587	26.492233	26.455727	26.414051	26.366493	26.314268	26.256552	26.194717	26.127882	26.057499	25.982700	25.904943	25.823406	25.739494	25.652498	25.563688	25.472538	25.380108	25.286108	25.191349	25.095800	
25.089834	25.179293	25.268286	25.356161	25.443096	25.528181	25.611835	25.692924	25.772072	25.847977	25.921410	25.990963	26.057501	26.119583	26.178101	26.231667	26.281128	26.325230	26.364731	26.398561	26.427347	26.450270	26.467773	26.479349	26.485222	26.485222	26.479347	26.467773	26.450270	26.427347	26.398561	26.364731	26.325230	26.281130	26.231663	26.178101	26.119583	26.057503	25.990963	25.921410	25.847977	25.772076	25.692924	25.611835	25.528181	25.443096	25.356159	25.268284	25.179291	25.089832	
25.083469	25.166725	25.249281	25.331194	25.411713	25.491148	25.568508	25.644327	25.717419	25.788486	25.856209	25.921410	25.982702	26.040964	26.094816	26.145128	26.190609	26.232067	26.268360	26.300182	26.326614	26.348190	26.364258	26.375154	26.380545	26.380543	26.375154	26.364258	26.348190	26.326614	26.300186	26.268358	26.232069	26.190607	26.145130	26.094812	26.040966	25.982702	25.921412	25.856209	25.788488	25.717419	25.644329	25.568508	25.491150	25.411713	25.331194	25.249279	25.166725	25.083469	
25.076874	25.153421	25.229582	25.304768	25.379173	25.451967	25.523571	25.592941	25.660690	25.725622	25.788483	25.847979	25.904942	25.958042	26.008141	26.053955	26.096302	26.134020	26.167843	26.196772	26.221422	26.241022	26.256012	26.265911	26.270941	26.270943	26.265909	26.256014	26.241024	26.221420	26.196772	26.167843	26.134018	26.096306	26.053949	26.008141	25.958038	25.904942	25.847977	25.788488	25.725624	25.660696	25.592939	25.523573	25.451967	25.379177	25.304768	25.229582	25.153421	25.076874	
25.069939	25.139704	25.208870	25.277517	25.344973	25.411547	25.476353	25.539898	25.601124	25.660690	25.717419	25.772072	25.823408	25.872246	25.917351	25.959528	25.997618	26.032373	26.062767	26.089447	26.111582	26.129673	26.143126	26.152264	26.156776	26.156778	26.152264	26.143126	26.129673	26.111584	26.089451	26.062763	26.032375	25.997618	25.959530	25.917347	25.872250	25.823406	25.772074	25.717419	25.660696	25.601124	25.539902	25.476353	25.411549	25.344975	25.277517	25.208870	25.139704	25.069939	
25.062819	25.125366	25.187609	25.249041	25.309853	25.369324	25.427847	25.484520	25.539898	25.592941	25.644327	25.692924	25.739489	25.782864	25.823820	25.861238	25.895863	25.926666	25.954321	25.977949	25.998102	26.014112	26.026367	26.034451	26.038563	26.038563	26.034451	26.026367	26.014111	25.998104	25.977947	25.954323	25.926666	25.895863	25.861238	25.823822	25.782862	25.739491	25.692924	25.644329	25.592941	25.539902	25.484520	25.427851	25.369326	25.309853	25.249041	25.187609	25.125366	25.062819	
25.055422	25.110710	25.165516	25.219919	25.273367	25.326130	25.377478	25.427845	25.476353	25.523567	25.568508	25.611832	25.652500	25.691216	25.726944	25.760382	25.790554	25.818108	25.842184	25.863337	25.880867	25.895208	25.905869	25.913107	25.916685	25.916683	25.913109	25.905867	25.895210	25.880865	25.863337	25.842178	25.818108	25.790554	25.760384	25.726942	25.691219	25.652500	25.611835	25.568508	25.523573	25.476351	25.427849	25.377480	25.326138	25.273367	25.219921	25.165516	25.110710	25.055422	
25.047884	25.095560	25.143007	25.189829	25.236187	25.281513	25.326134	25.369322	25.411545	25.451967	25.491146	25.528181	25.563684	25.596737	25.627966	25.656479	25.682880	25.706352	25.727440	25.745445	25.760811	25.773010	25.782356	25.788517	25.791653	25.791653	25.788517	25.782356	25.773010	25.760811	25.745441	25.727440	25.706352	25.682882	25.656479	25.627968	25.596737	25.563688	25.528179	25.491148	25.451967	25.411549	25.369324	25.326136	25.281515	25.236191	25.189829	25.143007	25.095560	25.047884	
25.040134	25.080177	25.119867	25.159267	25.197971	25.236191	25.273367	25.309849	25.344975	25.379173	25.411713	25.443096	25.472540	25.500584	25.526451	25.550674	25.572517	25.592478	25.609909	25.625231	25.637924	25.648314	25.656029	25.661278	25.663866	25.663868	25.661278	25.656029	25.648315	25.637924	25.625237	25.609909	25.592480	25.572517	25.550676	25.526451	25.500587	25.472538	25.443096	25.411711	25.379175	25.344971	25.309853	25.273367	25.236191	25.197971	25.159267	25.119865	25.080175	25.040134	
25.032290	25.064438	25.096434	25.128006	25.159267	25.189829	25.219921	25.249039	25.277515	25.304768	25.331192	25.356159	25.380108	25.402391	25.423452	25.442677	25.460484	25.476307	25.490530	25.502666	25.513033	25.521259	25.527559	25.531715	25.533827	25.533829	25.531712	25.527561	25.521259	25.513035	25.502666	25.490532	25.476307	25.460484	25.442677	25.423454	25.402390	25.380110	25.356159	25.331194	25.304766	25.277517	25.249037	25.219921	25.189829	25.159269	25.128006	25.096432	25.064436	25.032288	
25.024300	25.048546	25.072575	25.096436	25.119865	25.143007	25.165516	25.187609	25.208870	25.229582	25.249279	25.268286	25.286108	25.303093	25.318752	25.333420	25.346645	25.358730	25.369282	25.378563	25.386248	25.392540	25.397209	25.400387	25.401955	25.401953	25.400389	25.397209	25.392540	25.386246	25.378567	25.369286	25.358734	25.346645	25.333422	25.318752	25.303095	25.286108	25.268284	25.249279	25.229582	25.208868	25.187611	25.165514	25.143009	25.119867	25.096436	25.072575	25.048544	25.024300	
25.016254	25.032436	25.048546	25.064438	25.080177	25.095558	25.110710	25.125366	25.139704	25.153419	25.166725	25.179291	25.191349	25.202562	25.213167	25.222843	25.231808	25.239775	25.246935	25.253044	25.258263	25.262402	25.265575	25.267668	25.268730	25.268732	25.267666	25.265579	25.262402	25.258266	25.253044	25.246937	25.239773	25.231812	25.222843	25.213171	25.202562	25.191349	25.179291	25.166723	25.153419	25.139706	25.125366	25.110712	25.095562	25.080179	25.064438	25.048544	25.032438	25.016254	
25.008137	25.016254	25.024302	25.032291	25.040134	25.047886	25.055420	25.062819	25.069937	25.076874	25.083469	25.089832	25.095800	25.101488	25.106730	25.111641	25.116072	25.120117	25.123650	25.126759	25.129330	25.131437	25.133003	25.134064	25.134590	25.134590	25.134068	25.133001	25.131439	25.129332	25.126759	25.123652	25.120119	25.116070	25.111643	25.106730	25.101490	25.095798	25.089832	25.083467	25.076874	25.069939	25.062820	25.055420	25.047886	25.040138	25.032291	25.024302	25.016254	25.008137	
