25.001266	25.002525	25.003777	25.005013	25.006231	25.007425	25.008591	25.009724	25.010818	25.011875	25.012886	25.013847	25.014755	25.015608	25.016401	25.017132	25.017799	25.018398	25.018929	25.019384	25.019768	25.020077	25.020309	25.020466	25.020542	25.020540	25.020464	25.020309	25.020077	25.019768	25.019382	25.018927	25.018396	25.017799	25.017132	25.016399	25.015606	25.014755	25.013845	25.012886	25.011873	25.010820	25.009724	25.008591	25.007423	25.006229	25.005013	25.003777	25.002525	25.001266	
25.002525	25.005043	25.007538	25.010008	25.012436	25.014820	25.017149	25.019409	25.021599	25.023705	25.025719	25.027641	25.029453	25.031155	25.032740	25.034201	25.035528	25.036724	25.037781	25.038694	25.039461	25.040077	25.040539	25.040852	25.041004	25.041004	25.040852	25.040541	25.040077	25.039459	25.038692	25.037781	25.036724	25.035528	25.034199	25.032740	25.031155	25.029453	25.027641	25.025719	25.023705	25.021597	25.019409	25.017147	25.014820	25.012436	25.010006	25.007538	25.005041	25.002525	
25.003777	25.007538	25.011272	25.014961	25.018597	25.022161	25.025640	25.029022	25.032295	25.035442	25.038460	25.041325	25.044041	25.046585	25.048954	25.051136	25.053125	25.054913	25.056492	25.057858	25.059006	25.059921	25.060619	25.061081	25.061316	25.061314	25.061081	25.060617	25.059925	25.059002	25.057858	25.056490	25.054913	25.053125	25.051138	25.048954	25.046585	25.044039	25.041327	25.038460	25.035439	25.032293	25.029020	25.025639	25.022158	25.018595	25.014961	25.011271	25.007538	25.003777	
25.005013	25.010008	25.014961	25.019863	25.024687	25.029415	25.034035	25.038525	25.042866	25.047047	25.051048	25.054861	25.058456	25.061840	25.064980	25.067883	25.070518	25.072895	25.074989	25.076801	25.078320	25.079546	25.080467	25.081081	25.081390	25.081390	25.081081	25.080467	25.079544	25.078323	25.076801	25.074989	25.072893	25.070520	25.067879	25.064983	25.061838	25.058460	25.054859	25.051048	25.047050	25.042866	25.038523	25.034035	25.029415	25.024685	25.019859	25.014963	25.010006	25.005013	
25.006231	25.012436	25.018597	25.024689	25.030682	25.036562	25.042301	25.047878	25.053278	25.058474	25.063450	25.068180	25.072659	25.076855	25.080765	25.084366	25.087648	25.090595	25.093201	25.095451	25.097345	25.098862	25.100010	25.100773	25.101158	25.101158	25.100777	25.100008	25.098864	25.097342	25.095455	25.093201	25.090597	25.087646	25.084366	25.080763	25.076855	25.072659	25.068180	25.063448	25.058472	25.053280	25.047880	25.042299	25.036558	25.030682	25.024685	25.018595	25.012436	25.006229	
25.007423	25.014820	25.022160	25.029415	25.036562	25.043564	25.050404	25.057053	25.063486	25.069679	25.075605	25.081249	25.086578	25.091583	25.096237	25.100534	25.104439	25.107956	25.111057	25.113745	25.115993	25.117809	25.119171	25.120087	25.120541	25.120544	25.120083	25.119171	25.117805	25.115995	25.113743	25.111061	25.107954	25.104443	25.100531	25.096241	25.091583	25.086578	25.081245	25.075603	25.069677	25.063484	25.057053	25.050406	25.043564	25.036560	25.029415	25.022160	25.014818	25.007423	
25.008591	25.017145	25.025639	25.034035	25.042299	25.050404	25.058319	25.066010	25.073454	25.080620	25.087479	25.094002	25.100174	25.105961	25.111353	25.116314	25.120842	25.124903	25.128498	25.131599	25.134209	25.136303	25.137886	25.138939	25.139473	25.139469	25.138941	25.137882	25.136303	25.134207	25.131603	25.128494	25.124908	25.120838	25.116318	25.111349	25.105963	25.100170	25.094002	25.087475	25.080616	25.073452	25.066010	25.058317	25.050406	25.042299	25.034035	25.025639	25.017147	25.008589	
25.009720	25.019407	25.029020	25.038525	25.047878	25.057055	25.066010	25.074718	25.083145	25.091253	25.099016	25.106403	25.113384	25.119942	25.126038	25.131660	25.136778	25.141384	25.145447	25.148964	25.151909	25.154285	25.156071	25.157269	25.157864	25.157867	25.157265	25.156073	25.154282	25.151913	25.148960	25.145451	25.141380	25.136784	25.131657	25.126041	25.119938	25.113388	25.106400	25.099014	25.091249	25.083143	25.074718	25.066010	25.057053	25.047880	25.038523	25.029020	25.019407	25.009722	
25.010818	25.021597	25.032291	25.042866	25.053278	25.063484	25.073456	25.083141	25.092518	25.101540	25.110180	25.118397	25.126173	25.133459	25.140251	25.146502	25.152203	25.157322	25.161850	25.165756	25.169039	25.171677	25.173668	25.174995	25.175667	25.175663	25.174999	25.173664	25.171680	25.169035	25.165758	25.161846	25.157326	25.152199	25.146503	25.140245	25.133465	25.126167	25.118397	25.110176	25.101540	25.092514	25.083143	25.073452	25.063488	25.053276	25.042866	25.032293	25.021595	25.010818	
25.011873	25.023701	25.035442	25.047047	25.058472	25.069677	25.080616	25.091251	25.101540	25.111444	25.120922	25.129948	25.138474	25.146481	25.153925	25.160793	25.167042	25.172667	25.177629	25.181923	25.185520	25.188423	25.190603	25.192066	25.192795	25.192799	25.192062	25.190605	25.188419	25.185524	25.181919	25.177633	25.172663	25.167046	25.160789	25.153927	25.146477	25.138477	25.129944	25.120924	25.111441	25.101540	25.091251	25.080620	25.069677	25.058474	25.047047	25.035442	25.023705	25.011873	
25.012882	25.025719	25.038456	25.051048	25.063446	25.075603	25.087477	25.099010	25.110180	25.120922	25.131210	25.140999	25.150257	25.158937	25.167023	25.174469	25.181255	25.187353	25.192741	25.197395	25.201307	25.204449	25.206821	25.208403	25.209198	25.209194	25.208405	25.206818	25.204453	25.201302	25.197399	25.192739	25.187355	25.181252	25.174469	25.167019	25.158941	25.150253	25.141001	25.131210	25.120922	25.110178	25.099014	25.087475	25.075607	25.063446	25.051048	25.038456	25.025719	25.012884	
25.013847	25.027637	25.041325	25.054859	25.068180	25.081245	25.093998	25.106403	25.118397	25.129948	25.140999	25.151520	25.161463	25.170799	25.179478	25.187485	25.194777	25.201332	25.207119	25.212126	25.216324	25.219704	25.222248	25.223953	25.224802	25.224804	25.223949	25.222248	25.219700	25.216324	25.212122	25.207121	25.201328	25.194778	25.187485	25.179482	25.170794	25.161467	25.151516	25.140999	25.129944	25.118399	25.106403	25.094006	25.081245	25.068182	25.054857	25.041325	25.027637	25.013845	
25.014751	25.029451	25.044039	25.058458	25.072659	25.086575	25.100172	25.113384	25.126167	25.138474	25.150253	25.161463	25.172062	25.182003	25.191263	25.199787	25.207561	25.214542	25.220716	25.226048	25.230522	25.234121	25.236835	25.238649	25.239559	25.239555	25.238651	25.236834	25.234123	25.230518	25.226048	25.220713	25.214544	25.207558	25.199791	25.191259	25.182007	25.172058	25.161465	25.150253	25.138474	25.126169	25.113386	25.100174	25.086578	25.072657	25.058458	25.044037	25.029453	25.014753	
25.015608	25.031155	25.046585	25.061838	25.076855	25.091581	25.105961	25.119938	25.133461	25.146477	25.158937	25.170795	25.182003	25.192528	25.202314	25.211338	25.219555	25.226946	25.233471	25.239113	25.243845	25.247654	25.250523	25.252445	25.253403	25.253405	25.252441	25.250523	25.247652	25.243847	25.239109	25.233471	25.226944	25.219557	25.211334	25.202316	25.192524	25.182007	25.170795	25.158939	25.146477	25.133461	25.119940	25.105963	25.091583	25.076855	25.061836	25.046585	25.031155	25.015606	
25.016399	25.032738	25.048954	25.064980	25.080763	25.096237	25.111351	25.126036	25.140247	25.153925	25.167019	25.179478	25.191261	25.202314	25.212603	25.222080	25.230721	25.238483	25.245344	25.251266	25.256245	25.260246	25.263262	25.265276	25.266289	25.266285	25.265278	25.263260	25.260246	25.256241	25.251270	25.245340	25.238483	25.230719	25.222082	25.212601	25.202316	25.191257	25.179480	25.167019	25.153927	25.140247	25.126038	25.111351	25.096239	25.080765	25.064980	25.048952	25.032740	25.016399	
25.017132	25.034197	25.051136	25.067879	25.084362	25.100529	25.116312	25.131659	25.146500	25.160789	25.174465	25.187485	25.199789	25.211338	25.222080	25.231987	25.241009	25.249119	25.256281	25.262476	25.267670	25.271851	25.274998	25.277109	25.278160	25.278162	25.277105	25.275002	25.271851	25.267673	25.262472	25.256283	25.249119	25.241009	25.231985	25.222082	25.211334	25.199787	25.187481	25.174467	25.160789	25.146503	25.131659	25.116314	25.100531	25.084366	25.067879	25.051136	25.034199	25.017132	
25.017799	25.035526	25.053123	25.070518	25.087643	25.104439	25.120838	25.136778	25.152199	25.167042	25.181252	25.194775	25.207561	25.219555	25.230721	25.241009	25.250383	25.258806	25.266254	25.272682	25.278084	25.282423	25.285698	25.287884	25.288980	25.288980	25.287886	25.285694	25.282425	25.278080	25.272686	25.266249	25.258808	25.250381	25.241009	25.230719	25.219557	25.207558	25.194775	25.181252	25.167044	25.152199	25.136776	25.120838	25.104439	25.087646	25.070518	25.053123	25.035528	25.017796	
25.018394	25.036722	25.054911	25.072887	25.090591	25.107952	25.124903	25.141380	25.157318	25.172663	25.187351	25.201330	25.214542	25.226944	25.238483	25.249117	25.258808	25.267517	25.275208	25.281860	25.287434	25.291927	25.295307	25.297573	25.298702	25.298706	25.297569	25.295309	25.291927	25.287437	25.281857	25.275208	25.267513	25.258808	25.249117	25.238483	25.226942	25.214544	25.201328	25.187351	25.172663	25.157320	25.141380	25.124901	25.107954	25.090595	25.072891	25.054913	25.036724	25.018398	
25.018925	25.037777	25.056490	25.074986	25.093197	25.111057	25.128494	25.145447	25.161842	25.177628	25.192739	25.207119	25.220715	25.233467	25.245340	25.256283	25.266249	25.275208	25.283123	25.289963	25.295706	25.300320	25.303802	25.306126	25.307293	25.307293	25.306129	25.303799	25.300322	25.295702	25.289965	25.283123	25.275208	25.266249	25.256283	25.245340	25.233471	25.220711	25.207119	25.192738	25.177628	25.161842	25.145445	25.128494	25.111057	25.093201	25.074986	25.056490	25.037781	25.018925	
25.019381	25.038692	25.057854	25.076799	25.095448	25.113741	25.131599	25.148960	25.165752	25.181919	25.197395	25.212124	25.226044	25.239109	25.251266	25.262472	25.272682	25.281857	25.289963	25.296970	25.302845	25.307579	25.311140	25.313524	25.314716	25.314718	25.313524	25.311142	25.307577	25.302849	25.296967	25.289963	25.281857	25.272682	25.262472	25.251268	25.239109	25.226044	25.212122	25.197395	25.181921	25.165752	25.148960	25.131599	25.113743	25.095449	25.076801	25.057856	25.038692	25.019382	
25.019764	25.039457	25.059000	25.078316	25.097340	25.115992	25.134207	25.151909	25.169035	25.185520	25.201305	25.216324	25.230522	25.243843	25.256241	25.267670	25.278080	25.287436	25.295704	25.302845	25.308844	25.313663	25.317303	25.319729	25.320948	25.320950	25.319729	25.317301	25.313667	25.308842	25.302849	25.295704	25.287437	25.278080	25.267670	25.256241	25.243843	25.230518	25.216320	25.201303	25.185520	25.169037	25.151909	25.134205	25.115993	25.097342	25.078320	25.059002	25.039459	25.019766	
25.020073	25.040073	25.059921	25.079540	25.098858	25.117804	25.136299	25.154282	25.171675	25.188419	25.204449	25.219702	25.234119	25.247650	25.260246	25.271849	25.282421	25.291924	25.300320	25.307577	25.313663	25.318565	25.322254	25.324726	25.325958	25.325960	25.324724	25.322254	25.318565	25.313667	25.307579	25.300322	25.291927	25.282425	25.271851	25.260244	25.247652	25.234119	25.219700	25.204449	25.188419	25.171677	25.154282	25.136303	25.117805	25.098862	25.079542	25.059923	25.040073	25.020077	
25.020309	25.040539	25.060617	25.080463	25.100006	25.119167	25.137880	25.156069	25.173664	25.190601	25.206818	25.222246	25.236832	25.250523	25.263258	25.274998	25.285694	25.295305	25.303802	25.311138	25.317301	25.322254	25.325989	25.328484	25.329737	25.329737	25.328485	25.325989	25.322254	25.317303	25.311142	25.303802	25.295309	25.285694	25.275002	25.263260	25.250521	25.236834	25.222244	25.206816	25.190601	25.173664	25.156067	25.137882	25.119169	25.100008	25.080463	25.060616	25.040541	25.020308	
25.020466	25.040850	25.061081	25.081081	25.100771	25.120083	25.138935	25.157265	25.174995	25.192062	25.208401	25.223949	25.238647	25.252439	25.265274	25.277103	25.287882	25.297567	25.306126	25.313522	25.319729	25.324724	25.328484	25.331001	25.332260	25.332260	25.331001	25.328485	25.324726	25.319729	25.313524	25.306128	25.297569	25.287884	25.277107	25.265276	25.252441	25.238647	25.223949	25.208401	25.192062	25.174995	25.157265	25.138939	25.120083	25.100773	25.081081	25.061081	25.040848	25.020464	
25.020542	25.041006	25.061314	25.081390	25.101158	25.120539	25.139465	25.157862	25.175661	25.192795	25.209194	25.224800	25.239555	25.253401	25.266285	25.278160	25.288979	25.298700	25.307291	25.314716	25.320946	25.325958	25.329737	25.332260	25.333527	25.333527	25.332264	25.329739	25.325960	25.320948	25.314716	25.307293	25.298702	25.288979	25.278162	25.266287	25.253403	25.239555	25.224800	25.209194	25.192795	25.175661	25.157864	25.139465	25.120541	25.101158	25.081390	25.061314	25.041004	25.020542	
25.020542	25.041006	25.061314	25.081390	25.101158	25.120539	25.139465	25.157862	25.175661	25.192795	25.209194	25.224800	25.239555	25.253401	25.266285	25.278160	25.288979	25.298700	25.307291	25.314716	25.320946	25.325958	25.329737	25.332260	25.333527	25.333527	25.332264	25.329739	25.325960	25.320948	25.314716	25.307293	25.298702	25.288979	25.278162	25.266287	25.253403	25.239555	25.224800	25.209194	25.192795	25.175661	25.157864	25.139465	25.120541	25.101158	25.081390	25.061314	25.041004	25.020542	
25.020466	25.040850	25.061081	25.081081	25.100771	25.120083	25.138935	25.157265	25.174995	25.192062	25.208401	25.223949	25.238647	25.252439	25.265274	25.277103	25.287882	25.297567	25.306126	25.313522	25.319729	25.324724	25.328484	25.331001	25.332260	25.332260	25.331001	25.328485	25.324726	25.319729	25.313524	25.306128	25.297569	25.287884	25.277107	25.265276	25.252441	25.238647	25.223949	25.208401	25.192062	25.174995	25.157265	25.138939	25.120083	25.100773	25.081081	25.061081	25.040848	25.020464	
25.020309	25.040539	25.060617	25.080463	25.100006	25.119167	25.137880	25.156069	25.173664	25.190601	25.206818	25.222246	25.236832	25.250523	25.263258	25.274998	25.285694	25.295305	25.303802	25.311138	25.317301	25.322254	25.325989	25.328484	25.329737	25.329737	25.328485	25.325989	25.322254	25.317303	25.311142	25.303802	25.295309	25.285694	25.275002	25.263260	25.250521	25.236834	25.222244	25.206816	25.190601	25.173664	25.156067	25.137882	25.119169	25.100008	25.080463	25.060616	25.040541	25.020308	
25.020073	25.040073	25.059921	25.079540	25.098858	25.117804	25.136299	25.154282	25.171675	25.188419	25.204449	25.219702	25.234119	25.247650	25.260246	25.271849	25.282421	25.291924	25.300320	25.307577	25.313663	25.318565	25.322254	25.324726	25.325958	25.325960	25.324724	25.322254	25.318565	25.313667	25.307579	25.300322	25.291927	25.282425	25.271851	25.260244	25.247652	25.234119	25.219700	25.204449	25.188419	25.171677	25.154282	25.136303	25.117805	25.098862	25.079542	25.059923	25.040073	25.020077	
25.019764	25.039457	25.059000	25.078316	25.097340	25.115992	25.134207	25.151909	25.169035	25.185520	25.201305	25.216324	25.230522	25.243843	25.256241	25.267670	25.278080	25.287436	25.295704	25.302845	25.308844	25.313663	25.317303	25.319729	25.320948	25.320950	25.319729	25.317301	25.313667	25.308842	25.302849	25.295704	25.287437	25.278080	25.267670	25.256241	25.243843	25.230518	25.216320	25.201303	25.185520	25.169037	25.151909	25.134205	25.115993	25.097342	25.078320	25.059002	25.039459	25.019766	
25.019381	25.038692	25.057854	25.076799	25.095448	25.113741	25.131599	25.148960	25.165752	25.181919	25.197395	25.212124	25.226044	25.239109	25.251266	25.262472	25.272682	25.281857	25.289963	25.296970	25.302845	25.307579	25.311140	25.313524	25.314716	25.314718	25.313524	25.311142	25.307577	25.302849	25.296967	25.289963	25.281857	25.272682	25.262472	25.251268	25.239109	25.226044	25.212122	25.197395	25.181921	25.165752	25.148960	25.131599	25.113743	25.095449	25.076801	25.057856	25.038692	25.019382	
25.018925	25.037777	25.056490	25.074986	25.093197	25.111057	25.128494	25.145447	25.161842	25.177628	25.192739	25.207119	25.220715	25.233467	25.245340	25.256283	25.266249	25.275208	25.283123	25.289963	25.295706	25.300320	25.303802	25.306126	25.307293	25.307293	25.306129	25.303799	25.300322	25.295702	25.289965	25.283123	25.275208	25.266249	25.256283	25.245340	25.233471	25.220711	25.207119	25.192738	25.177628	25.161842	25.145445	25.128494	25.111057	25.093201	25.074986	25.056490	25.037781	25.018925	
25.018394	25.036722	25.054911	25.072887	25.090591	25.107952	25.124903	25.141380	25.157318	25.172663	25.187351	25.201330	25.214542	25.226944	25.238483	25.249117	25.258808	25.267517	25.275208	25.281860	25.287434	25.291927	25.295307	25.297573	25.298702	25.298706	25.297569	25.295309	25.291927	25.287437	25.281857	25.275208	25.267513	25.258808	25.249117	25.238483	25.226942	25.214544	25.201328	25.187351	25.172663	25.157320	25.141380	25.124901	25.107954	25.090595	25.072891	25.054913	25.036724	25.018398	
25.017799	25.035526	25.053123	25.070518	25.087643	25.104439	25.120838	25.136778	25.152199	25.167042	25.181252	25.194775	25.207561	25.219555	25.230721	25.241009	25.250383	25.258806	25.266254	25.272682	25.278084	25.282423	25.285698	25.287884	25.288980	25.288980	25.287886	25.285694	25.282425	25.278080	25.272686	25.266249	25.258808	25.250381	25.241009	25.230719	25.219557	25.207558	25.194775	25.181252	25.167044	25.152199	25.136776	25.120838	25.104439	25.087646	25.070518	25.053123	25.035528	25.017796	
25.017132	25.034197	25.051136	25.067879	25.084362	25.100529	25.116312	25.131659	25.146500	25.160789	25.174465	25.187485	25.199789	25.211338	25.222080	25.231987	25.241009	25.249119	25.256281	25.262476	25.267670	25.271851	25.274998	25.277109	25.278160	25.278162	25.277105	25.275002	25.271851	25.267673	25.262472	25.256283	25.249119	25.241009	25.231985	25.222082	25.211334	25.199787	25.187481	25.174467	25.160789	25.146503	25.131659	25.116314	25.100531	25.084366	25.067879	25.051136	25.034199	25.017132	
25.016399	25.032738	25.048954	25.064980	25.080763	25.096237	25.111351	25.126036	25.140247	25.153925	25.167019	25.179478	25.191261	25.202314	25.212603	25.222080	25.230721	25.238483	25.245344	25.251266	25.256245	25.260246	25.263262	25.265276	25.266289	25.266285	25.265278	25.263260	25.260246	25.256241	25.251270	25.245340	25.238483	25.230719	25.222082	25.212601	25.202316	25.191257	25.179480	25.167019	25.153927	25.140247	25.126038	25.111351	25.096239	25.080765	25.064980	25.048952	25.032740	25.016399	
25.015608	25.031155	25.046585	25.061838	25.076855	25.091581	25.105961	25.119938	25.133461	25.146477	25.158937	25.170795	25.182003	25.192528	25.202314	25.211338	25.219555	25.226946	25.233471	25.239113	25.243845	25.247654	25.250523	25.252445	25.253403	25.253405	25.252441	25.250523	25.247652	25.243847	25.239109	25.233471	25.226944	25.219557	25.211334	25.202316	25.192524	25.182007	25.170795	25.158939	25.146477	25.133461	25.119940	25.105963	25.091583	25.076855	25.061836	25.046585	25.031155	25.015606	
25.014751	25.029451	25.044039	25.058458	25.072659	25.086575	25.100172	25.113384	25.126167	25.138474	25.150253	25.161463	25.172062	25.182003	25.191263	25.199787	25.207561	25.214542	25.220716	25.226048	25.230522	25.234121	25.236835	25.238649	25.239559	25.239555	25.238651	25.236834	25.234123	25.230518	25.226048	25.220713	25.214544	25.207558	25.199791	25.191259	25.182007	25.172058	25.161465	25.150253	25.138474	25.126169	25.113386	25.100174	25.086578	25.072657	25.058458	25.044037	25.029453	25.014753	
25.013847	25.027637	25.041325	25.054859	25.068180	25.081245	25.093998	25.106403	25.118397	25.129948	25.140999	25.151520	25.161463	25.170799	25.179478	25.187485	25.194777	25.201332	25.207119	25.212126	25.216324	25.219704	25.222248	25.223953	25.224802	25.224804	25.223949	25.222248	25.219700	25.216324	25.212122	25.207121	25.201328	25.194778	25.187485	25.179482	25.170794	25.161467	25.151516	25.140999	25.129944	25.118399	25.106403	25.094006	25.081245	25.068182	25.054857	25.041325	25.027637	25.013845	
25.012882	25.025719	25.038456	25.051048	25.063446	25.075603	25.087477	25.099010	25.110180	25.120922	25.131210	25.140999	25.150257	25.158937	25.167023	25.174469	25.181255	25.187353	25.192741	25.197395	25.201307	25.204449	25.206821	25.208403	25.209198	25.209194	25.208405	25.206818	25.204453	25.201302	25.197399	25.192739	25.187355	25.181252	25.174469	25.167019	25.158941	25.150253	25.141001	25.131210	25.120922	25.110178	25.099014	25.087475	25.075607	25.063446	25.051048	25.038456	25.025719	25.012884	
25.011873	25.023701	25.035442	25.047047	25.058472	25.069677	25.080616	25.091251	25.101540	25.111444	25.120922	25.129948	25.138474	25.146481	25.153925	25.160793	25.167042	25.172667	25.177629	25.181923	25.185520	25.188423	25.190603	25.192066	25.192795	25.192799	25.192062	25.190605	25.188419	25.185524	25.181919	25.177633	25.172663	25.167046	25.160789	25.153927	25.146477	25.138477	25.129944	25.120924	25.111441	25.101540	25.091251	25.080620	25.069677	25.058474	25.047047	25.035442	25.023705	25.011873	
25.010818	25.021597	25.032291	25.042866	25.053278	25.063484	25.073456	25.083141	25.092518	25.101540	25.110180	25.118397	25.126173	25.133459	25.140251	25.146502	25.152203	25.157322	25.161850	25.165756	25.169039	25.171677	25.173668	25.174995	25.175667	25.175663	25.174999	25.173664	25.171680	25.169035	25.165758	25.161846	25.157326	25.152199	25.146503	25.140245	25.133465	25.126167	25.118397	25.110176	25.101540	25.092514	25.083143	25.073452	25.063488	25.053276	25.042866	25.032293	25.021595	25.010818	
25.009720	25.019407	25.029020	25.038525	25.047878	25.057055	25.066010	25.074718	25.083145	25.091253	25.099016	25.106403	25.113384	25.119942	25.126038	25.131660	25.136778	25.141384	25.145447	25.148964	25.151909	25.154285	25.156071	25.157269	25.157864	25.157867	25.157265	25.156073	25.154282	25.151913	25.148960	25.145451	25.141380	25.136784	25.131657	25.126041	25.119938	25.113388	25.106400	25.099014	25.091249	25.083143	25.074718	25.066010	25.057053	25.047880	25.038523	25.029020	25.019407	25.009722	
25.008591	25.017145	25.025639	25.034035	25.042299	25.050404	25.058319	25.066010	25.073454	25.080620	25.087479	25.094002	25.100174	25.105961	25.111353	25.116314	25.120842	25.124903	25.128498	25.131599	25.134209	25.136303	25.137886	25.138939	25.139473	25.139469	25.138941	25.137882	25.136303	25.134207	25.131603	25.128494	25.124908	25.120838	25.116318	25.111349	25.105963	25.100170	25.094002	25.087475	25.080616	25.073452	25.066010	25.058317	25.050406	25.042299	25.034035	25.025639	25.017147	25.008589	
25.007423	25.014820	25.022160	25.029415	25.036562	25.043564	25.050404	25.057053	25.063486	25.069679	25.075605	25.081249	25.086578	25.091583	25.096237	25.100534	25.104439	25.107956	25.111057	25.113745	25.115993	25.117809	25.119171	25.120087	25.120541	25.120544	25.120083	25.119171	25.117805	25.115995	25.113743	25.111061	25.107954	25.104443	25.100531	25.096241	25.091583	25.086578	25.081245	25.075603	25.069677	25.063484	25.057053	25.050406	25.043564	25.036560	25.029415	25.022160	25.014818	25.007423	
25.006231	25.012436	25.018597	25.024689	25.030682	25.036562	25.042301	25.047878	25.053278	25.058474	25.063450	25.068180	25.072659	25.076855	25.080765	25.084366	25.087648	25.090595	25.093201	25.095451	25.097345	25.098862	25.100010	25.100773	25.101158	25.101158	25.100777	25.100008	25.098864	25.097342	25.095455	25.093201	25.090597	25.087646	25.084366	25.080763	25.076855	25.072659	25.068180	25.063448	25.058472	25.053280	25.047880	25.042299	25.036558	25.030682	25.024685	25.018595	25.012436	25.006229	
25.005013	25.010008	25.014961	25.019863	25.024687	25.029415	25.034035	25.038525	25.042866	25.047047	25.051048	25.054861	25.058456	25.061840	25.064980	25.067883	25.070518	25.072895	25.074989	25.076801	25.078320	25.079546	25.080467	25.081081	25.081390	25.081390	25.081081	25.080467	25.079544	25.078323	25.076801	25.074989	25.072893	25.070520	25.067879	25.064983	25.061838	25.058460	25.054859	25.051048	25.047050	25.042866	25.038523	25.034035	25.029415	25.024685	25.019859	25.014963	25.010006	25.005013	
25.003777	25.007538	25.011272	25.014961	25.018597	25.022161	25.025640	25.029022	25.032295	25.035442	25.038460	25.041325	25.044041	25.046585	25.048954	25.051136	25.053125	25.054913	25.056492	25.057858	25.059006	25.059921	25.060619	25.061081	25.061316	25.061314	25.061081	25.060617	25.059925	25.059002	25.057858	25.056490	25.054913	25.053125	25.051138	25.048954	25.046585	25.044039	25.041327	25.038460	25.035439	25.032293	25.029020	25.025639	25.022158	25.018595	25.014961	25.011271	25.007538	25.003777	
25.002525	25.005043	25.007538	25.010008	25.012436	25.014820	25.017149	25.019409	25.021599	25.023705	25.025719	25.027641	25.029453	25.031155	25.032740	25.034201	25.035528	25.036724	25.037781	25.038694	25.039461	25.040077	25.040539	25.040852	25.041004	25.041004	25.040852	25.040541	25.040077	25.039459	25.038692	25.037781	25.036724	25.035528	25.034199	25.032740	25.031155	25.029453	25.027641	25.025719	25.023705	25.021597	25.019409	25.017147	25.014820	25.012436	25.010006	25.007538	25.005041	25.002525	
25.001266	25.002525	25.003777	25.005013	25.006231	25.007425	25.008591	25.009724	25.010818	25.011875	25.012886	25.013847	25.014755	25.015608	25.016401	25.017132	25.017799	25.018398	25.018929	25.019384	25.019768	25.020077	25.020309	25.020466	25.020542	25.020540	25.020464	25.020309	25.020077	25.019768	25.019382	25.018927	25.018396	25.017799	25.017132	25.016399	25.015606	25.014755	25.013845	25.012886	25.011873	25.010820	25.009724	25.008591	25.007423	25.006229	25.005013	25.003777	25.002525	25.001266	
