25.011169	25.022272	25.033514	25.044548	25.055838	25.066778	25.078060	25.088840	25.099995	25.110495	25.121346	25.131382	25.141693	25.151035	25.160519	25.168911	25.177250	25.184402	25.191292	25.196939	25.202089	25.205997	25.209187	25.211184	25.212265	25.212265	25.211187	25.209187	25.205999	25.202091	25.196939	25.191292	25.184406	25.177250	25.168909	25.160517	25.151035	25.141689	25.131380	25.121344	25.110493	25.099995	25.088840	25.078060	25.066778	25.055840	25.044546	25.033512	25.022274	25.011169	
25.022272	25.044687	25.066828	25.089367	25.111351	25.133945	25.155693	25.178165	25.199486	25.221544	25.242132	25.263359	25.282806	25.302670	25.320482	25.338379	25.354000	25.369297	25.382168	25.394270	25.403877	25.412262	25.418205	25.422497	25.424509	25.424511	25.422499	25.418205	25.412264	25.403879	25.394268	25.382170	25.369297	25.353998	25.338377	25.320480	25.302668	25.282804	25.263355	25.242130	25.221540	25.199482	25.178165	25.155689	25.133945	25.111351	25.089367	25.066826	25.044685	25.022274	
25.033514	25.066826	25.100548	25.133656	25.167524	25.200356	25.234192	25.266544	25.300001	25.331512	25.364052	25.394180	25.425093	25.453150	25.481579	25.506767	25.531773	25.553251	25.573900	25.590855	25.606298	25.618032	25.627592	25.633595	25.636831	25.636831	25.633595	25.627592	25.618034	25.606297	25.590855	25.573898	25.553253	25.531775	25.506765	25.481577	25.453148	25.425091	25.394176	25.364052	25.331509	25.300001	25.266541	25.234192	25.200352	25.167524	25.133654	25.100548	25.066826	25.033512	
25.044548	25.089367	25.133656	25.178726	25.222710	25.267879	25.311392	25.356310	25.398973	25.443058	25.484264	25.526680	25.565609	25.605301	25.640953	25.676716	25.707981	25.738550	25.764313	25.788488	25.807728	25.824478	25.836378	25.844952	25.848980	25.848980	25.844952	25.836378	25.824478	25.807728	25.788488	25.764315	25.738552	25.707981	25.676714	25.640953	25.605301	25.565609	25.526678	25.484261	25.443056	25.398970	25.356312	25.311386	25.267879	25.222710	25.178726	25.133656	25.089367	25.044548	
25.055840	25.111353	25.167526	25.222712	25.279121	25.333853	25.390198	25.444143	25.499844	25.552387	25.606560	25.656809	25.708260	25.755060	25.802374	25.844391	25.886007	25.921833	25.956198	25.984482	26.010178	26.029755	26.045660	26.055676	26.061060	26.061060	26.055674	26.045662	26.029757	26.010181	25.984482	25.956200	25.921833	25.886007	25.844391	25.802372	25.755058	25.708260	25.656805	25.606560	25.552387	25.499844	25.444138	25.390198	25.333853	25.279121	25.222710	25.167526	25.111351	25.055840	
25.066776	25.133949	25.200354	25.267879	25.333853	25.401512	25.466784	25.534054	25.598064	25.664072	25.725910	25.789410	25.847837	25.907249	25.960764	26.014290	26.061220	26.106974	26.145645	26.181828	26.210705	26.235777	26.253637	26.266468	26.272514	26.272512	26.266470	26.253635	26.235779	26.210707	26.181831	26.145645	26.106977	26.061222	26.014288	25.960762	25.907248	25.847836	25.789408	25.725908	25.664074	25.598061	25.534058	25.466782	25.401512	25.333851	25.267879	25.200352	25.133947	25.066776	
25.078060	25.155689	25.234196	25.311390	25.390202	25.466784	25.545483	25.620979	25.698761	25.772314	25.847942	25.918293	25.990116	26.055647	26.121681	26.180521	26.238602	26.288773	26.336731	26.376339	26.412199	26.439615	26.461811	26.475836	26.483349	26.483353	26.475836	26.461813	26.439615	26.412201	26.376339	26.336731	26.288773	26.238602	26.180519	26.121681	26.055645	25.990112	25.918291	25.847942	25.772310	25.698763	25.620975	25.545483	25.466782	25.390202	25.311388	25.234196	25.155689	25.078060	
25.088840	25.178167	25.266544	25.356312	25.444143	25.534056	25.620979	25.710354	25.795612	25.883289	25.965677	26.049999	26.127857	26.206743	26.278057	26.349119	26.411667	26.472404	26.523949	26.571974	26.610470	26.643745	26.667551	26.684582	26.692640	26.692638	26.684584	26.667549	26.643745	26.610466	26.571978	26.523947	26.472406	26.411667	26.349119	26.278055	26.206741	26.127853	26.049999	25.965672	25.883291	25.795609	25.710354	25.620972	25.534058	25.444141	25.356312	25.266542	25.178167	25.088839	
25.099998	25.199484	25.300001	25.398973	25.499844	25.598064	25.698761	25.795614	25.895111	25.989492	26.086210	26.176502	26.268332	26.352455	26.436869	26.512409	26.586647	26.651066	26.712358	26.763218	26.809050	26.844252	26.872616	26.890625	26.900229	26.900229	26.890623	26.872616	26.844250	26.809050	26.763216	26.712360	26.651064	26.586649	26.512407	26.436869	26.352449	26.268332	26.176498	26.086210	25.989489	25.895111	25.795609	25.698763	25.598061	25.499846	25.398972	25.300003	25.199484	25.099997	
25.110493	25.221542	25.331509	25.443058	25.552387	25.664074	25.772312	25.883291	25.989492	26.098328	26.200977	26.305622	26.402645	26.500525	26.589411	26.677567	26.755535	26.830877	26.895128	26.954700	27.002689	27.043959	27.073639	27.094761	27.104807	27.104805	27.094761	27.073635	27.043962	27.002686	26.954702	26.895124	26.830877	26.755531	26.677567	26.589405	26.500525	26.402641	26.305622	26.200970	26.098328	25.989487	25.883293	25.772310	25.664074	25.552387	25.443056	25.331509	25.221542	25.110493	
25.121346	25.242130	25.364052	25.484264	25.606560	25.725912	25.847942	25.965675	26.086212	26.200975	26.318108	26.427925	26.539112	26.641441	26.743635	26.835541	26.925400	27.003784	27.077963	27.139851	27.195316	27.238150	27.272476	27.294392	27.306013	27.306015	27.294390	27.272480	27.238148	27.195316	27.139845	27.077963	27.003777	26.925400	26.835537	26.743635	26.641438	26.539112	26.427917	26.318108	26.200970	26.086212	25.965673	25.847944	25.725908	25.606560	25.484262	25.364052	25.242132	25.121346	
25.131382	25.263355	25.394180	25.526680	25.656807	25.789410	25.918295	26.050001	26.176500	26.305622	26.427925	26.552040	26.667669	26.783735	26.889681	26.994200	27.087143	27.176460	27.253059	27.323675	27.380882	27.429808	27.465189	27.490227	27.502205	27.502203	27.490227	27.465187	27.429808	27.380882	27.323673	27.253056	27.176460	27.087143	26.994200	26.889679	26.783733	26.667665	26.552042	26.427919	26.305622	26.176498	26.049999	25.918291	25.789410	25.656803	25.526680	25.394178	25.263355	25.131382	
25.141691	25.282806	25.425091	25.565611	25.708260	25.847839	25.990116	26.127857	26.268333	26.402645	26.539112	26.667667	26.797176	26.916992	27.035999	27.143627	27.248253	27.340055	27.426418	27.498905	27.563477	27.613651	27.653610	27.679276	27.692806	27.692806	27.679276	27.653610	27.613647	27.563477	27.498901	27.426420	27.340052	27.248259	27.143625	27.036003	26.916992	26.797180	26.667665	26.539116	26.402643	26.268333	26.127855	25.990114	25.847836	25.708260	25.565609	25.425095	25.282808	25.141693	
25.151039	25.302670	25.453152	25.605301	25.755060	25.907251	26.055647	26.206743	26.352453	26.500525	26.641441	26.783733	26.916992	27.050022	27.172146	27.291920	27.399073	27.501408	27.589725	27.670628	27.736595	27.792641	27.833435	27.862122	27.875931	27.875927	27.862122	27.833435	27.792637	27.736589	27.670628	27.589720	27.501411	27.399069	27.291924	27.172146	27.050026	26.916992	26.783737	26.641438	26.500525	26.352449	26.206743	26.055645	25.907251	25.755058	25.605303	25.453150	25.302670	25.151039	
25.160519	25.320482	25.481577	25.640955	25.802372	25.960766	26.121681	26.278057	26.436871	26.589409	26.743635	26.889679	27.036001	27.172146	27.306572	27.428890	27.547054	27.651394	27.748920	27.831312	27.904224	27.961262	28.006380	28.035559	28.050833	28.050835	28.035557	28.006378	27.961258	27.904228	27.831310	27.748920	27.651392	27.547056	27.428885	27.306576	27.172144	27.036003	26.889677	26.743637	26.589407	26.436869	26.278057	26.121681	25.960764	25.802374	25.640953	25.481579	25.320480	25.160519	
25.168909	25.338381	25.506767	25.676716	25.844391	26.014290	26.180523	26.349121	26.512411	26.677568	26.835541	26.994202	27.143627	27.291920	27.428886	27.562378	27.682571	27.796612	27.895687	27.985832	28.059839	28.122284	28.168058	28.200016	28.215508	28.215508	28.200016	28.168056	28.122284	28.059837	27.985836	27.895683	27.796612	27.682568	27.562382	27.428886	27.291924	27.143627	26.994202	26.835537	26.677568	26.512407	26.349119	26.180523	26.014290	25.844391	25.676718	25.506765	25.338379	25.168909	
25.177250	25.354000	25.531773	25.707983	25.886009	26.061222	26.238602	26.411667	26.586649	26.755537	26.925400	27.087143	27.248255	27.399071	27.547054	27.682571	27.812630	27.928246	28.035576	28.126883	28.207115	28.270327	28.319973	28.352310	28.369118	28.369120	28.352310	28.319973	28.270323	28.207115	28.126879	28.035576	27.928246	27.812630	27.682568	27.547054	27.399069	27.248257	27.087139	26.925400	26.755531	26.586651	26.411667	26.238602	26.061222	25.886007	25.707981	25.531773	25.353996	25.177250	
25.184402	25.369297	25.553251	25.738552	25.921837	26.106976	26.288776	26.472404	26.651068	26.830879	27.003780	27.176456	27.340057	27.501408	27.651394	27.796612	27.928246	28.052288	28.160809	28.258850	28.339920	28.407825	28.457970	28.492722	28.509693	28.509693	28.492722	28.457968	28.407827	28.339914	28.258850	28.160805	28.052288	27.928244	27.796612	27.651392	27.501408	27.340054	27.176460	27.003780	26.830879	26.651066	26.472408	26.288774	26.106974	25.921833	25.738552	25.553249	25.369301	25.184402	
25.191292	25.382168	25.573902	25.764313	25.956200	26.145645	26.336727	26.523949	26.712360	26.895130	27.077963	27.253057	27.426418	27.589724	27.748920	27.895687	28.035576	28.160807	28.276234	28.375145	28.461424	28.529900	28.583286	28.618320	28.636393	28.636391	28.618319	28.583286	28.529898	28.461422	28.375141	28.276236	28.160805	28.035576	27.895685	27.748920	27.589724	27.426418	27.253056	27.077965	26.895126	26.712362	26.523945	26.336729	26.145645	25.956196	25.764313	25.573898	25.382168	25.191292	
25.196939	25.394268	25.590853	25.788490	25.984480	26.181831	26.376339	26.571978	26.763218	26.954704	27.139847	27.323673	27.498905	27.670628	27.831314	27.985832	28.126884	28.258850	28.375145	28.479439	28.566324	28.638556	28.692299	28.729263	28.747452	28.747454	28.729261	28.692295	28.638557	28.566322	28.479439	28.375145	28.258850	28.126884	27.985832	27.831314	27.670628	27.498901	27.323673	27.139849	26.954702	26.763216	26.571978	26.376339	26.181828	25.984480	25.788490	25.590855	25.394268	25.196938	
25.202089	25.403877	25.606300	25.807726	26.010181	26.210705	26.412201	26.610468	26.809052	27.002686	27.195316	27.380882	27.563477	27.736591	27.904224	28.059841	28.207117	28.339920	28.461424	28.566322	28.657135	28.729763	28.785952	28.823112	28.842133	28.842133	28.823112	28.785954	28.729763	28.657135	28.566320	28.461422	28.339916	28.207115	28.059837	27.904224	27.736591	27.563475	27.380886	27.195316	27.002687	26.809052	26.610468	26.412201	26.210707	26.010178	25.807728	25.606298	25.403877	25.202091	
25.205997	25.412264	25.618031	25.824482	26.029755	26.235779	26.439613	26.643745	26.844250	27.043962	27.238150	27.429808	27.613649	27.792637	27.961260	28.122284	28.270325	28.407825	28.529902	28.638554	28.729763	28.805012	28.861435	28.899939	28.919039	28.919037	28.899940	28.861433	28.805012	28.729763	28.638554	28.529900	28.407825	28.270327	28.122284	27.961262	27.792637	27.613649	27.429806	27.238152	27.043961	26.844250	26.643747	26.439613	26.235779	26.029755	25.824478	25.618031	25.412262	25.205997	
25.209187	25.418201	25.627590	25.836374	26.045664	26.253635	26.461813	26.667549	26.872620	27.073637	27.272480	27.465187	27.653610	27.833435	28.006380	28.168058	28.319971	28.457968	28.583284	28.692297	28.785954	28.861433	28.919376	28.957996	28.977612	28.977612	28.957994	28.919376	28.861431	28.785950	28.692295	28.583284	28.457970	28.319973	28.168056	28.006380	27.833435	27.653608	27.465191	27.272478	27.073639	26.872618	26.667551	26.461813	26.253635	26.045660	25.836376	25.627590	25.418201	25.209187	
25.211185	25.422499	25.633593	25.844955	26.055676	26.266470	26.475834	26.684586	26.890625	27.094763	27.294390	27.490227	27.679276	27.862120	28.035557	28.200016	28.352310	28.492722	28.618319	28.729263	28.823109	28.899940	28.957996	28.997307	29.016960	29.016960	28.997307	28.957993	28.899939	28.823109	28.729259	28.618319	28.492718	28.352310	28.200014	28.035557	27.862118	27.679277	27.490229	27.294392	27.094765	26.890625	26.684584	26.475834	26.266468	26.055672	25.844952	25.633591	25.422499	25.211185	
25.212265	25.424507	25.636829	25.848978	26.061062	26.272514	26.483351	26.692640	26.900230	27.104807	27.306015	27.502203	27.692806	27.875927	28.050835	28.215508	28.369120	28.509693	28.636395	28.747452	28.842134	28.919037	28.977612	29.016960	29.036789	29.036791	29.016960	28.977612	28.919035	28.842133	28.747452	28.636391	28.509693	28.369120	28.215508	28.050835	27.875927	27.692806	27.502203	27.306015	27.104809	26.900230	26.692640	26.483353	26.272512	26.061062	25.848976	25.636829	25.424509	25.212265	
25.212265	25.424507	25.636829	25.848978	26.061062	26.272514	26.483351	26.692640	26.900230	27.104807	27.306015	27.502203	27.692806	27.875927	28.050835	28.215508	28.369120	28.509693	28.636395	28.747452	28.842134	28.919037	28.977612	29.016960	29.036789	29.036791	29.016960	28.977612	28.919035	28.842133	28.747452	28.636391	28.509693	28.369120	28.215508	28.050835	27.875927	27.692806	27.502203	27.306015	27.104809	26.900230	26.692640	26.483353	26.272512	26.061062	25.848976	25.636829	25.424509	25.212265	
25.211185	25.422499	25.633593	25.844955	26.055676	26.266470	26.475834	26.684586	26.890625	27.094763	27.294390	27.490227	27.679276	27.862120	28.035557	28.200016	28.352310	28.492722	28.618319	28.729263	28.823109	28.899940	28.957996	28.997307	29.016960	29.016960	28.997307	28.957993	28.899939	28.823109	28.729259	28.618319	28.492718	28.352310	28.200014	28.035557	27.862118	27.679277	27.490229	27.294392	27.094765	26.890625	26.684584	26.475834	26.266468	26.055672	25.844952	25.633591	25.422499	25.211185	
25.209187	25.418201	25.627590	25.836374	26.045664	26.253635	26.461813	26.667549	26.872620	27.073637	27.272480	27.465187	27.653610	27.833435	28.006380	28.168058	28.319971	28.457968	28.583284	28.692297	28.785954	28.861433	28.919376	28.957996	28.977612	28.977612	28.957994	28.919376	28.861431	28.785950	28.692295	28.583284	28.457970	28.319973	28.168056	28.006380	27.833435	27.653608	27.465191	27.272478	27.073639	26.872618	26.667551	26.461813	26.253635	26.045660	25.836376	25.627590	25.418201	25.209187	
25.205997	25.412264	25.618031	25.824482	26.029755	26.235779	26.439613	26.643745	26.844250	27.043962	27.238150	27.429808	27.613649	27.792637	27.961260	28.122284	28.270325	28.407825	28.529902	28.638554	28.729763	28.805012	28.861435	28.899939	28.919039	28.919037	28.899940	28.861433	28.805012	28.729763	28.638554	28.529900	28.407825	28.270327	28.122284	27.961262	27.792637	27.613649	27.429806	27.238152	27.043961	26.844250	26.643747	26.439613	26.235779	26.029755	25.824478	25.618031	25.412262	25.205997	
25.202089	25.403877	25.606300	25.807726	26.010181	26.210705	26.412201	26.610468	26.809052	27.002686	27.195316	27.380882	27.563477	27.736591	27.904224	28.059841	28.207117	28.339920	28.461424	28.566322	28.657135	28.729763	28.785952	28.823112	28.842133	28.842133	28.823112	28.785954	28.729763	28.657135	28.566320	28.461422	28.339916	28.207115	28.059837	27.904224	27.736591	27.563475	27.380886	27.195316	27.002687	26.809052	26.610468	26.412201	26.210707	26.010178	25.807728	25.606298	25.403877	25.202091	
25.196939	25.394268	25.590853	25.788490	25.984480	26.181831	26.376339	26.571978	26.763218	26.954704	27.139847	27.323673	27.498905	27.670628	27.831314	27.985832	28.126884	28.258850	28.375145	28.479439	28.566324	28.638556	28.692299	28.729263	28.747452	28.747454	28.729261	28.692295	28.638557	28.566322	28.479439	28.375145	28.258850	28.126884	27.985832	27.831314	27.670628	27.498901	27.323673	27.139849	26.954702	26.763216	26.571978	26.376339	26.181828	25.984480	25.788490	25.590855	25.394268	25.196938	
25.191292	25.382168	25.573902	25.764313	25.956200	26.145645	26.336727	26.523949	26.712360	26.895130	27.077963	27.253057	27.426418	27.589724	27.748920	27.895687	28.035576	28.160807	28.276234	28.375145	28.461424	28.529900	28.583286	28.618320	28.636393	28.636391	28.618319	28.583286	28.529898	28.461422	28.375141	28.276236	28.160805	28.035576	27.895685	27.748920	27.589724	27.426418	27.253056	27.077965	26.895126	26.712362	26.523945	26.336729	26.145645	25.956196	25.764313	25.573898	25.382168	25.191292	
25.184402	25.369297	25.553251	25.738552	25.921837	26.106976	26.288776	26.472404	26.651068	26.830879	27.003780	27.176456	27.340057	27.501408	27.651394	27.796612	27.928246	28.052288	28.160809	28.258850	28.339920	28.407825	28.457970	28.492722	28.509693	28.509693	28.492722	28.457968	28.407827	28.339914	28.258850	28.160805	28.052288	27.928244	27.796612	27.651392	27.501408	27.340054	27.176460	27.003780	26.830879	26.651066	26.472408	26.288774	26.106974	25.921833	25.738552	25.553249	25.369301	25.184402	
25.177250	25.354000	25.531773	25.707983	25.886009	26.061222	26.238602	26.411667	26.586649	26.755537	26.925400	27.087143	27.248255	27.399071	27.547054	27.682571	27.812630	27.928246	28.035576	28.126883	28.207115	28.270327	28.319973	28.352310	28.369118	28.369120	28.352310	28.319973	28.270323	28.207115	28.126879	28.035576	27.928246	27.812630	27.682568	27.547054	27.399069	27.248257	27.087139	26.925400	26.755531	26.586651	26.411667	26.238602	26.061222	25.886007	25.707981	25.531773	25.353996	25.177250	
25.168909	25.338381	25.506767	25.676716	25.844391	26.014290	26.180523	26.349121	26.512411	26.677568	26.835541	26.994202	27.143627	27.291920	27.428886	27.562378	27.682571	27.796612	27.895687	27.985832	28.059839	28.122284	28.168058	28.200016	28.215508	28.215508	28.200016	28.168056	28.122284	28.059837	27.985836	27.895683	27.796612	27.682568	27.562382	27.428886	27.291924	27.143627	26.994202	26.835537	26.677568	26.512407	26.349119	26.180523	26.014290	25.844391	25.676718	25.506765	25.338379	25.168909	
25.160519	25.320482	25.481577	25.640955	25.802372	25.960766	26.121681	26.278057	26.436871	26.589409	26.743635	26.889679	27.036001	27.172146	27.306572	27.428890	27.547054	27.651394	27.748920	27.831312	27.904224	27.961262	28.006380	28.035559	28.050833	28.050835	28.035557	28.006378	27.961258	27.904228	27.831310	27.748920	27.651392	27.547056	27.428885	27.306576	27.172144	27.036003	26.889677	26.743637	26.589407	26.436869	26.278057	26.121681	25.960764	25.802374	25.640953	25.481579	25.320480	25.160519	
25.151039	25.302670	25.453152	25.605301	25.755060	25.907251	26.055647	26.206743	26.352453	26.500525	26.641441	26.783733	26.916992	27.050022	27.172146	27.291920	27.399073	27.501408	27.589725	27.670628	27.736595	27.792641	27.833435	27.862122	27.875931	27.875927	27.862122	27.833435	27.792637	27.736589	27.670628	27.589720	27.501411	27.399069	27.291924	27.172146	27.050026	26.916992	26.783737	26.641438	26.500525	26.352449	26.206743	26.055645	25.907251	25.755058	25.605303	25.453150	25.302670	25.151039	
25.141691	25.282806	25.425091	25.565611	25.708260	25.847839	25.990116	26.127857	26.268333	26.402645	26.539112	26.667667	26.797176	26.916992	27.035999	27.143627	27.248253	27.340055	27.426418	27.498905	27.563477	27.613651	27.653610	27.679276	27.692806	27.692806	27.679276	27.653610	27.613647	27.563477	27.498901	27.426420	27.340052	27.248259	27.143625	27.036003	26.916992	26.797180	26.667665	26.539116	26.402643	26.268333	26.127855	25.990114	25.847836	25.708260	25.565609	25.425095	25.282808	25.141693	
25.131382	25.263355	25.394180	25.526680	25.656807	25.789410	25.918295	26.050001	26.176500	26.305622	26.427925	26.552040	26.667669	26.783735	26.889681	26.994200	27.087143	27.176460	27.253059	27.323675	27.380882	27.429808	27.465189	27.490227	27.502205	27.502203	27.490227	27.465187	27.429808	27.380882	27.323673	27.253056	27.176460	27.087143	26.994200	26.889679	26.783733	26.667665	26.552042	26.427919	26.305622	26.176498	26.049999	25.918291	25.789410	25.656803	25.526680	25.394178	25.263355	25.131382	
25.121346	25.242130	25.364052	25.484264	25.606560	25.725912	25.847942	25.965675	26.086212	26.200975	26.318108	26.427925	26.539112	26.641441	26.743635	26.835541	26.925400	27.003784	27.077963	27.139851	27.195316	27.238150	27.272476	27.294392	27.306013	27.306015	27.294390	27.272480	27.238148	27.195316	27.139845	27.077963	27.003777	26.925400	26.835537	26.743635	26.641438	26.539112	26.427917	26.318108	26.200970	26.086212	25.965673	25.847944	25.725908	25.606560	25.484262	25.364052	25.242132	25.121346	
25.110493	25.221542	25.331509	25.443058	25.552387	25.664074	25.772312	25.883291	25.989492	26.098328	26.200977	26.305622	26.402645	26.500525	26.589411	26.677567	26.755535	26.830877	26.895128	26.954700	27.002689	27.043959	27.073639	27.094761	27.104807	27.104805	27.094761	27.073635	27.043962	27.002686	26.954702	26.895124	26.830877	26.755531	26.677567	26.589405	26.500525	26.402641	26.305622	26.200970	26.098328	25.989487	25.883293	25.772310	25.664074	25.552387	25.443056	25.331509	25.221542	25.110493	
25.099998	25.199484	25.300001	25.398973	25.499844	25.598064	25.698761	25.795614	25.895111	25.989492	26.086210	26.176502	26.268332	26.352455	26.436869	26.512409	26.586647	26.651066	26.712358	26.763218	26.809050	26.844252	26.872616	26.890625	26.900229	26.900229	26.890623	26.872616	26.844250	26.809050	26.763216	26.712360	26.651064	26.586649	26.512407	26.436869	26.352449	26.268332	26.176498	26.086210	25.989489	25.895111	25.795609	25.698763	25.598061	25.499846	25.398972	25.300003	25.199484	25.099997	
25.088840	25.178167	25.266544	25.356312	25.444143	25.534056	25.620979	25.710354	25.795612	25.883289	25.965677	26.049999	26.127857	26.206743	26.278057	26.349119	26.411667	26.472404	26.523949	26.571974	26.610470	26.643745	26.667551	26.684582	26.692640	26.692638	26.684584	26.667549	26.643745	26.610466	26.571978	26.523947	26.472406	26.411667	26.349119	26.278055	26.206741	26.127853	26.049999	25.965672	25.883291	25.795609	25.710354	25.620972	25.534058	25.444141	25.356312	25.266542	25.178167	25.088839	
25.078060	25.155689	25.234196	25.311390	25.390202	25.466784	25.545483	25.620979	25.698761	25.772314	25.847942	25.918293	25.990116	26.055647	26.121681	26.180521	26.238602	26.288773	26.336731	26.376339	26.412199	26.439615	26.461811	26.475836	26.483349	26.483353	26.475836	26.461813	26.439615	26.412201	26.376339	26.336731	26.288773	26.238602	26.180519	26.121681	26.055645	25.990112	25.918291	25.847942	25.772310	25.698763	25.620975	25.545483	25.466782	25.390202	25.311388	25.234196	25.155689	25.078060	
25.066776	25.133949	25.200354	25.267879	25.333853	25.401512	25.466784	25.534054	25.598064	25.664072	25.725910	25.789410	25.847837	25.907249	25.960764	26.014290	26.061220	26.106974	26.145645	26.181828	26.210705	26.235777	26.253637	26.266468	26.272514	26.272512	26.266470	26.253635	26.235779	26.210707	26.181831	26.145645	26.106977	26.061222	26.014288	25.960762	25.907248	25.847836	25.789408	25.725908	25.664074	25.598061	25.534058	25.466782	25.401512	25.333851	25.267879	25.200352	25.133947	25.066776	
25.055840	25.111353	25.167526	25.222712	25.279121	25.333853	25.390198	25.444143	25.499844	25.552387	25.606560	25.656809	25.708260	25.755060	25.802374	25.844391	25.886007	25.921833	25.956198	25.984482	26.010178	26.029755	26.045660	26.055676	26.061060	26.061060	26.055674	26.045662	26.029757	26.010181	25.984482	25.956200	25.921833	25.886007	25.844391	25.802372	25.755058	25.708260	25.656805	25.606560	25.552387	25.499844	25.444138	25.390198	25.333853	25.279121	25.222710	25.167526	25.111351	25.055840	
25.044548	25.089367	25.133656	25.178726	25.222710	25.267879	25.311392	25.356310	25.398973	25.443058	25.484264	25.526680	25.565609	25.605301	25.640953	25.676716	25.707981	25.738550	25.764313	25.788488	25.807728	25.824478	25.836378	25.844952	25.848980	25.848980	25.844952	25.836378	25.824478	25.807728	25.788488	25.764315	25.738552	25.707981	25.676714	25.640953	25.605301	25.565609	25.526678	25.484261	25.443056	25.398970	25.356312	25.311386	25.267879	25.222710	25.178726	25.133656	25.089367	25.044548	
25.033514	25.066826	25.100548	25.133656	25.167524	25.200356	25.234192	25.266544	25.300001	25.331512	25.364052	25.394180	25.425093	25.453150	25.481579	25.506767	25.531773	25.553251	25.573900	25.590855	25.606298	25.618032	25.627592	25.633595	25.636831	25.636831	25.633595	25.627592	25.618034	25.606297	25.590855	25.573898	25.553253	25.531775	25.506765	25.481577	25.453148	25.425091	25.394176	25.364052	25.331509	25.300001	25.266541	25.234192	25.200352	25.167524	25.133654	25.100548	25.066826	25.033512	
25.022272	25.044687	25.066828	25.089367	25.111351	25.133945	25.155693	25.178165	25.199486	25.221544	25.242132	25.263359	25.282806	25.302670	25.320482	25.338379	25.354000	25.369297	25.382168	25.394270	25.403877	25.412262	25.418205	25.422497	25.424509	25.424511	25.422499	25.418205	25.412264	25.403879	25.394268	25.382170	25.369297	25.353998	25.338377	25.320480	25.302668	25.282804	25.263355	25.242130	25.221540	25.199482	25.178165	25.155689	25.133945	25.111351	25.089367	25.066826	25.044685	25.022274	
25.011169	25.022272	25.033514	25.044548	25.055838	25.066778	25.078060	25.088840	25.099995	25.110495	25.121346	25.131382	25.141693	25.151035	25.160519	25.168911	25.177250	25.184402	25.191292	25.196939	25.202089	25.205997	25.209187	25.211184	25.212265	25.212265	25.211187	25.209187	25.205999	25.202091	25.196939	25.191292	25.184406	25.177250	25.168909	25.160517	25.151035	25.141689	25.131380	25.121344	25.110493	25.099995	25.088840	25.078060	25.066778	25.055840	25.044546	25.033512	25.022274	25.011169	
