25.001114	25.002220	25.003319	25.004406	25.005476	25.006527	25.007549	25.008547	25.009510	25.010437	25.011324	25.012169	25.012970	25.013718	25.014414	25.015057	25.015644	25.016171	25.016634	25.017036	25.017372	25.017645	25.017849	25.017986	25.018053	25.018055	25.017986	25.017849	25.017647	25.017374	25.017036	25.016636	25.016169	25.015644	25.015057	25.014414	25.013718	25.012966	25.012169	25.011322	25.010437	25.009508	25.008545	25.007549	25.006525	25.005476	25.004406	25.003319	25.002220	25.001114	
25.002220	25.004433	25.006626	25.008797	25.010929	25.013025	25.015070	25.017059	25.018982	25.020832	25.022606	25.024292	25.025887	25.027382	25.028774	25.030058	25.031227	25.032276	25.033205	25.034008	25.034679	25.035221	25.035631	25.035904	25.036039	25.036039	25.035904	25.035629	25.035221	25.034681	25.034008	25.033207	25.032278	25.031225	25.030056	25.028774	25.027380	25.025887	25.024292	25.022606	25.020832	25.018982	25.017057	25.015072	25.013027	25.010931	25.008797	25.006626	25.004433	25.002220	
25.003323	25.006626	25.009909	25.013149	25.016346	25.019474	25.022533	25.025505	25.028383	25.031149	25.033800	25.036322	25.038704	25.040943	25.043022	25.044945	25.046692	25.048264	25.049652	25.050850	25.051855	25.052666	25.053276	25.053684	25.053886	25.053890	25.053684	25.053276	25.052666	25.051857	25.050850	25.049650	25.048264	25.046692	25.044945	25.043022	25.040943	25.038704	25.036324	25.033798	25.031149	25.028381	25.025507	25.022533	25.019474	25.016344	25.013149	25.009907	25.006626	25.003321	
25.004406	25.008797	25.013149	25.017456	25.021694	25.025852	25.029911	25.033859	25.037674	25.041351	25.044865	25.048216	25.051378	25.054348	25.057110	25.059658	25.061979	25.064066	25.065907	25.067501	25.068834	25.069910	25.070721	25.071262	25.071533	25.071533	25.071262	25.070719	25.069912	25.068836	25.067499	25.065908	25.064064	25.061981	25.059658	25.057112	25.054348	25.051380	25.048214	25.044867	25.041351	25.037678	25.033859	25.029913	25.025852	25.021694	25.017456	25.013149	25.008797	25.004406	
25.005478	25.010929	25.016344	25.021694	25.026966	25.032131	25.037176	25.042080	25.046825	25.051390	25.055763	25.059921	25.063856	25.067547	25.070980	25.074146	25.077030	25.079622	25.081915	25.083893	25.085552	25.086887	25.087896	25.088570	25.088907	25.088907	25.088570	25.087894	25.086889	25.085552	25.083895	25.081913	25.079624	25.077030	25.074150	25.070980	25.067551	25.063856	25.059925	25.055765	25.051394	25.046825	25.042084	25.037178	25.032133	25.026966	25.021694	25.016346	25.010931	25.005478	
25.006523	25.013027	25.019476	25.025852	25.032131	25.038288	25.044300	25.050144	25.055794	25.061241	25.066446	25.071407	25.076092	25.080490	25.084583	25.088354	25.091789	25.094879	25.097609	25.099970	25.101944	25.103539	25.104738	25.105541	25.105942	25.105942	25.105541	25.104738	25.103539	25.101948	25.099968	25.097610	25.094879	25.091793	25.088356	25.084587	25.080492	25.076096	25.071407	25.066450	25.061241	25.055798	25.050144	25.044300	25.038292	25.032131	25.025854	25.019474	25.013025	25.006525	
25.007549	25.015072	25.022533	25.029911	25.037178	25.044300	25.051256	25.058014	25.064560	25.070852	25.076885	25.082619	25.088041	25.093128	25.097862	25.102228	25.106205	25.109776	25.112934	25.115662	25.117954	25.119795	25.121185	25.122112	25.122578	25.122578	25.122112	25.121181	25.119797	25.117952	25.115665	25.112934	25.109779	25.106201	25.102230	25.097864	25.093132	25.088043	25.082619	25.076883	25.070854	25.064560	25.058018	25.051258	25.044300	25.037178	25.029911	25.022533	25.015072	25.007549	
25.008545	25.017059	25.025507	25.033857	25.042080	25.050144	25.058014	25.065670	25.073072	25.080202	25.087021	25.093517	25.099653	25.105415	25.110775	25.115713	25.120213	25.124258	25.127831	25.130922	25.133511	25.135599	25.137169	25.138222	25.138748	25.138748	25.138220	25.137171	25.135595	25.133514	25.130920	25.127834	25.124256	25.120216	25.115713	25.110775	25.105415	25.099657	25.093517	25.087025	25.080204	25.073074	25.065672	25.058018	25.050146	25.042080	25.033859	25.025505	25.017059	25.008545	
25.009506	25.018980	25.028381	25.037674	25.046824	25.055798	25.064556	25.073072	25.081314	25.089241	25.096836	25.104059	25.110891	25.117298	25.123262	25.128757	25.133770	25.138266	25.142244	25.145679	25.148567	25.150885	25.152634	25.153801	25.154390	25.154388	25.153805	25.152634	25.150888	25.148563	25.145683	25.142242	25.138271	25.133766	25.128761	25.123262	25.117302	25.110889	25.104063	25.096836	25.089243	25.081314	25.073074	25.064560	25.055798	25.046825	25.037674	25.028383	25.018982	25.009508	
25.010437	25.020832	25.031151	25.041349	25.051392	25.061237	25.070852	25.080200	25.089241	25.097948	25.106279	25.114208	25.121704	25.128738	25.135284	25.141317	25.146811	25.151754	25.156113	25.159889	25.163052	25.165602	25.167517	25.168804	25.169445	25.169449	25.168802	25.167522	25.165600	25.163057	25.159885	25.156120	25.151752	25.146816	25.141315	25.135284	25.128738	25.121706	25.114210	25.106281	25.097948	25.089243	25.080204	25.070854	25.061241	25.051392	25.041349	25.031151	25.020832	25.010435	
25.011322	25.022604	25.033800	25.044865	25.055763	25.066448	25.076881	25.087021	25.096836	25.106277	25.115322	25.123924	25.132057	25.139690	25.146793	25.153339	25.159304	25.164660	25.169399	25.173489	25.176926	25.179688	25.181770	25.183159	25.183861	25.183859	25.183167	25.181770	25.179691	25.176922	25.173492	25.169395	25.164663	25.159302	25.153339	25.146791	25.139690	25.132059	25.123924	25.115322	25.106277	25.096836	25.087023	25.076883	25.066448	25.055765	25.044865	25.033802	25.022604	25.011324	
25.012169	25.024292	25.036320	25.048214	25.059923	25.071407	25.082615	25.093517	25.104057	25.114208	25.123924	25.133169	25.141909	25.150112	25.157745	25.164776	25.171185	25.176947	25.182034	25.186436	25.190123	25.193094	25.195328	25.196827	25.197577	25.197578	25.196827	25.195335	25.193092	25.190128	25.186432	25.182037	25.176945	25.171188	25.164778	25.157743	25.150112	25.141911	25.133171	25.123924	25.114208	25.104057	25.093517	25.082617	25.071407	25.059921	25.048214	25.036322	25.024292	25.012169	
25.012966	25.025885	25.038706	25.051376	25.063854	25.076090	25.088041	25.099651	25.110889	25.121700	25.132057	25.141907	25.151224	25.159964	25.168097	25.175592	25.182423	25.188559	25.193985	25.198669	25.202602	25.205765	25.208153	25.209743	25.210545	25.210545	25.209749	25.208153	25.205769	25.202602	25.198671	25.193983	25.188560	25.182423	25.175594	25.168097	25.159964	25.151224	25.141911	25.132057	25.121704	25.110891	25.099655	25.088039	25.076092	25.063856	25.051378	25.038706	25.025887	25.012968	
25.013718	25.027382	25.040941	25.054348	25.067543	25.080490	25.093124	25.105415	25.117294	25.128738	25.139687	25.150112	25.159962	25.169209	25.177811	25.185741	25.192965	25.199459	25.205194	25.210152	25.214310	25.217659	25.220181	25.221869	25.222712	25.222717	25.221867	25.220184	25.217659	25.214314	25.210152	25.205194	25.199459	25.192966	25.185741	25.177813	25.169209	25.159966	25.150112	25.139690	25.128740	25.117298	25.105415	25.093128	25.080490	25.067547	25.054348	25.040943	25.027382	25.013718	
25.014412	25.028772	25.043022	25.057110	25.070980	25.084579	25.097864	25.110767	25.123264	25.135283	25.146793	25.157742	25.168095	25.177811	25.186853	25.195185	25.202778	25.209599	25.215630	25.220837	25.225208	25.228725	25.231377	25.233147	25.234039	25.234035	25.233152	25.231379	25.228727	25.225208	25.220837	25.215628	25.209599	25.202778	25.195187	25.186852	25.177813	25.168097	25.157743	25.146793	25.135284	25.123262	25.110775	25.097866	25.084581	25.070982	25.057110	25.043022	25.028774	25.014416	
25.015057	25.030056	25.044941	25.059658	25.074142	25.088356	25.102224	25.115713	25.128757	25.141319	25.153336	25.164778	25.175591	25.185741	25.195185	25.203888	25.211819	25.218948	25.225243	25.230686	25.235250	25.238926	25.241692	25.243546	25.244473	25.244474	25.243546	25.241695	25.238926	25.235252	25.230684	25.225243	25.218948	25.211819	25.203890	25.195187	25.185741	25.175594	25.164776	25.153337	25.141315	25.128757	25.115713	25.102226	25.088356	25.074146	25.059658	25.044943	25.030056	25.015057	
25.015642	25.031223	25.046690	25.061977	25.077030	25.091789	25.106207	25.120211	25.133768	25.146812	25.159302	25.171185	25.182423	25.192965	25.202778	25.211819	25.220060	25.227463	25.234005	25.239656	25.244406	25.248219	25.251095	25.253016	25.253983	25.253983	25.253019	25.251095	25.248219	25.244402	25.239658	25.234005	25.227463	25.220058	25.211819	25.202778	25.192966	25.182423	25.171185	25.159302	25.146812	25.133766	25.120214	25.106205	25.091789	25.077030	25.061977	25.046688	25.031225	25.015644	
25.016167	25.032276	25.048260	25.064064	25.079618	25.094879	25.109776	25.124260	25.138266	25.151754	25.164661	25.176947	25.188559	25.199459	25.209599	25.218948	25.227463	25.235117	25.241877	25.247723	25.252625	25.256573	25.259541	25.261532	25.262527	25.262527	25.261532	25.259542	25.256573	25.252625	25.247723	25.241879	25.235117	25.227463	25.218946	25.209599	25.199459	25.188560	25.176949	25.164661	25.151752	25.138268	25.124258	25.109776	25.094881	25.079622	25.064064	25.048260	25.032276	25.016171	
25.016632	25.033203	25.049650	25.065903	25.081913	25.097607	25.112934	25.127831	25.142242	25.156115	25.169397	25.182034	25.193981	25.205193	25.215628	25.225243	25.234005	25.241877	25.248835	25.254845	25.259892	25.263950	25.267006	25.269051	25.270079	25.270077	25.269053	25.267010	25.263950	25.259892	25.254845	25.248833	25.241879	25.234003	25.225243	25.215626	25.205193	25.193983	25.182034	25.169399	25.156116	25.142244	25.127831	25.112934	25.097607	25.081915	25.065907	25.049648	25.033203	25.016634	
25.017033	25.034008	25.050846	25.067499	25.083889	25.099966	25.115660	25.130917	25.145679	25.159887	25.173489	25.186432	25.198669	25.210154	25.220837	25.230686	25.239656	25.247723	25.254845	25.261003	25.266171	25.270327	25.273457	25.275551	25.276600	25.276602	25.275555	25.273457	25.270329	25.266169	25.261002	25.254845	25.247721	25.239658	25.230682	25.220835	25.210152	25.198669	25.186434	25.173489	25.159889	25.145679	25.130920	25.115662	25.099968	25.083889	25.067501	25.050850	25.034006	25.017036	
25.017372	25.034679	25.051855	25.068832	25.085552	25.101944	25.117950	25.133511	25.148563	25.163052	25.176926	25.190125	25.202602	25.214310	25.225208	25.235250	25.244402	25.252625	25.259892	25.266171	25.271439	25.275677	25.278870	25.281006	25.282078	25.282078	25.281006	25.278873	25.275677	25.271439	25.266169	25.259890	25.252625	25.244404	25.235249	25.225208	25.214312	25.202602	25.190125	25.176926	25.163052	25.148565	25.133511	25.117954	25.101944	25.085552	25.068834	25.051855	25.034679	25.017372	
25.017643	25.035221	25.052666	25.069908	25.086887	25.103539	25.119793	25.135595	25.150885	25.165600	25.179686	25.193096	25.205765	25.217659	25.228725	25.238926	25.248219	25.256571	25.263950	25.270329	25.275677	25.279984	25.283226	25.285395	25.286484	25.286484	25.285397	25.283226	25.279984	25.275677	25.270325	25.263948	25.256569	25.248219	25.238926	25.228725	25.217659	25.205769	25.193094	25.179689	25.165600	25.150885	25.135597	25.119795	25.103539	25.086887	25.069910	25.052666	25.035221	25.017645	
25.017849	25.035629	25.053276	25.070717	25.087894	25.104736	25.121181	25.137167	25.152634	25.167519	25.181770	25.195330	25.208149	25.220181	25.231377	25.241693	25.251095	25.259544	25.267008	25.273457	25.278873	25.283228	25.286507	25.288702	25.289801	25.289803	25.288704	25.286507	25.283226	25.278872	25.273457	25.267006	25.259542	25.251095	25.241692	25.231377	25.220181	25.208151	25.195332	25.181770	25.167519	25.152634	25.137169	25.121181	25.104738	25.087896	25.070719	25.053276	25.035629	25.017849	
25.017986	25.035904	25.053682	25.071259	25.088566	25.105537	25.122110	25.138218	25.153803	25.168802	25.183163	25.196827	25.209743	25.221867	25.233147	25.243546	25.253017	25.261532	25.269051	25.275553	25.281006	25.285398	25.288702	25.290913	25.292019	25.292021	25.290913	25.288704	25.285397	25.281006	25.275551	25.269051	25.261528	25.253017	25.243544	25.233147	25.221867	25.209743	25.196825	25.183161	25.168804	25.153803	25.138222	25.122112	25.105539	25.088570	25.071262	25.053684	25.035902	25.017986	
25.018055	25.036037	25.053886	25.071531	25.088903	25.105940	25.122574	25.138744	25.154388	25.169445	25.183859	25.197575	25.210543	25.222713	25.234035	25.244473	25.253983	25.262527	25.270077	25.276602	25.282078	25.286484	25.289803	25.292019	25.293133	25.293133	25.292021	25.289801	25.286484	25.282078	25.276600	25.270075	25.262526	25.253979	25.244471	25.234035	25.222710	25.210541	25.197575	25.183859	25.169445	25.154388	25.138746	25.122578	25.105942	25.088905	25.071529	25.053886	25.036039	25.018055	
25.018055	25.036037	25.053886	25.071531	25.088903	25.105940	25.122574	25.138744	25.154388	25.169445	25.183859	25.197575	25.210543	25.222713	25.234035	25.244473	25.253983	25.262527	25.270077	25.276602	25.282078	25.286484	25.289803	25.292019	25.293133	25.293133	25.292021	25.289801	25.286484	25.282078	25.276600	25.270075	25.262526	25.253979	25.244471	25.234035	25.222710	25.210541	25.197575	25.183859	25.169445	25.154388	25.138746	25.122578	25.105942	25.088905	25.071529	25.053886	25.036039	25.018055	
25.017986	25.035904	25.053682	25.071259	25.088566	25.105537	25.122110	25.138218	25.153803	25.168802	25.183163	25.196827	25.209743	25.221867	25.233147	25.243546	25.253017	25.261532	25.269051	25.275553	25.281006	25.285398	25.288702	25.290913	25.292019	25.292021	25.290913	25.288704	25.285397	25.281006	25.275551	25.269051	25.261528	25.253017	25.243544	25.233147	25.221867	25.209743	25.196825	25.183161	25.168804	25.153803	25.138222	25.122112	25.105539	25.088570	25.071262	25.053684	25.035902	25.017986	
25.017849	25.035629	25.053276	25.070717	25.087894	25.104736	25.121181	25.137167	25.152634	25.167519	25.181770	25.195330	25.208149	25.220181	25.231377	25.241693	25.251095	25.259544	25.267008	25.273457	25.278873	25.283228	25.286507	25.288702	25.289801	25.289803	25.288704	25.286507	25.283226	25.278872	25.273457	25.267006	25.259542	25.251095	25.241692	25.231377	25.220181	25.208151	25.195332	25.181770	25.167519	25.152634	25.137169	25.121181	25.104738	25.087896	25.070719	25.053276	25.035629	25.017849	
25.017643	25.035221	25.052666	25.069908	25.086887	25.103539	25.119793	25.135595	25.150885	25.165600	25.179686	25.193096	25.205765	25.217659	25.228725	25.238926	25.248219	25.256571	25.263950	25.270329	25.275677	25.279984	25.283226	25.285395	25.286484	25.286484	25.285397	25.283226	25.279984	25.275677	25.270325	25.263948	25.256569	25.248219	25.238926	25.228725	25.217659	25.205769	25.193094	25.179689	25.165600	25.150885	25.135597	25.119795	25.103539	25.086887	25.069910	25.052666	25.035221	25.017645	
25.017372	25.034679	25.051855	25.068832	25.085552	25.101944	25.117950	25.133511	25.148563	25.163052	25.176926	25.190125	25.202602	25.214310	25.225208	25.235250	25.244402	25.252625	25.259892	25.266171	25.271439	25.275677	25.278870	25.281006	25.282078	25.282078	25.281006	25.278873	25.275677	25.271439	25.266169	25.259890	25.252625	25.244404	25.235249	25.225208	25.214312	25.202602	25.190125	25.176926	25.163052	25.148565	25.133511	25.117954	25.101944	25.085552	25.068834	25.051855	25.034679	25.017372	
25.017033	25.034008	25.050846	25.067499	25.083889	25.099966	25.115660	25.130917	25.145679	25.159887	25.173489	25.186432	25.198669	25.210154	25.220837	25.230686	25.239656	25.247723	25.254845	25.261003	25.266171	25.270327	25.273457	25.275551	25.276600	25.276602	25.275555	25.273457	25.270329	25.266169	25.261002	25.254845	25.247721	25.239658	25.230682	25.220835	25.210152	25.198669	25.186434	25.173489	25.159889	25.145679	25.130920	25.115662	25.099968	25.083889	25.067501	25.050850	25.034006	25.017036	
25.016632	25.033203	25.049650	25.065903	25.081913	25.097607	25.112934	25.127831	25.142242	25.156115	25.169397	25.182034	25.193981	25.205193	25.215628	25.225243	25.234005	25.241877	25.248835	25.254845	25.259892	25.263950	25.267006	25.269051	25.270079	25.270077	25.269053	25.267010	25.263950	25.259892	25.254845	25.248833	25.241879	25.234003	25.225243	25.215626	25.205193	25.193983	25.182034	25.169399	25.156116	25.142244	25.127831	25.112934	25.097607	25.081915	25.065907	25.049648	25.033203	25.016634	
25.016167	25.032276	25.048260	25.064064	25.079618	25.094879	25.109776	25.124260	25.138266	25.151754	25.164661	25.176947	25.188559	25.199459	25.209599	25.218948	25.227463	25.235117	25.241877	25.247723	25.252625	25.256573	25.259541	25.261532	25.262527	25.262527	25.261532	25.259542	25.256573	25.252625	25.247723	25.241879	25.235117	25.227463	25.218946	25.209599	25.199459	25.188560	25.176949	25.164661	25.151752	25.138268	25.124258	25.109776	25.094881	25.079622	25.064064	25.048260	25.032276	25.016171	
25.015642	25.031223	25.046690	25.061977	25.077030	25.091789	25.106207	25.120211	25.133768	25.146812	25.159302	25.171185	25.182423	25.192965	25.202778	25.211819	25.220060	25.227463	25.234005	25.239656	25.244406	25.248219	25.251095	25.253016	25.253983	25.253983	25.253019	25.251095	25.248219	25.244402	25.239658	25.234005	25.227463	25.220058	25.211819	25.202778	25.192966	25.182423	25.171185	25.159302	25.146812	25.133766	25.120214	25.106205	25.091789	25.077030	25.061977	25.046688	25.031225	25.015644	
25.015057	25.030056	25.044941	25.059658	25.074142	25.088356	25.102224	25.115713	25.128757	25.141319	25.153336	25.164778	25.175591	25.185741	25.195185	25.203888	25.211819	25.218948	25.225243	25.230686	25.235250	25.238926	25.241692	25.243546	25.244473	25.244474	25.243546	25.241695	25.238926	25.235252	25.230684	25.225243	25.218948	25.211819	25.203890	25.195187	25.185741	25.175594	25.164776	25.153337	25.141315	25.128757	25.115713	25.102226	25.088356	25.074146	25.059658	25.044943	25.030056	25.015057	
25.014412	25.028772	25.043022	25.057110	25.070980	25.084579	25.097864	25.110767	25.123264	25.135283	25.146793	25.157742	25.168095	25.177811	25.186853	25.195185	25.202778	25.209599	25.215630	25.220837	25.225208	25.228725	25.231377	25.233147	25.234039	25.234035	25.233152	25.231379	25.228727	25.225208	25.220837	25.215628	25.209599	25.202778	25.195187	25.186852	25.177813	25.168097	25.157743	25.146793	25.135284	25.123262	25.110775	25.097866	25.084581	25.070982	25.057110	25.043022	25.028774	25.014416	
25.013718	25.027382	25.040941	25.054348	25.067543	25.080490	25.093124	25.105415	25.117294	25.128738	25.139687	25.150112	25.159962	25.169209	25.177811	25.185741	25.192965	25.199459	25.205194	25.210152	25.214310	25.217659	25.220181	25.221869	25.222712	25.222717	25.221867	25.220184	25.217659	25.214314	25.210152	25.205194	25.199459	25.192966	25.185741	25.177813	25.169209	25.159966	25.150112	25.139690	25.128740	25.117298	25.105415	25.093128	25.080490	25.067547	25.054348	25.040943	25.027382	25.013718	
25.012966	25.025885	25.038706	25.051376	25.063854	25.076090	25.088041	25.099651	25.110889	25.121700	25.132057	25.141907	25.151224	25.159964	25.168097	25.175592	25.182423	25.188559	25.193985	25.198669	25.202602	25.205765	25.208153	25.209743	25.210545	25.210545	25.209749	25.208153	25.205769	25.202602	25.198671	25.193983	25.188560	25.182423	25.175594	25.168097	25.159964	25.151224	25.141911	25.132057	25.121704	25.110891	25.099655	25.088039	25.076092	25.063856	25.051378	25.038706	25.025887	25.012968	
25.012169	25.024292	25.036320	25.048214	25.059923	25.071407	25.082615	25.093517	25.104057	25.114208	25.123924	25.133169	25.141909	25.150112	25.157745	25.164776	25.171185	25.176947	25.182034	25.186436	25.190123	25.193094	25.195328	25.196827	25.197577	25.197578	25.196827	25.195335	25.193092	25.190128	25.186432	25.182037	25.176945	25.171188	25.164778	25.157743	25.150112	25.141911	25.133171	25.123924	25.114208	25.104057	25.093517	25.082617	25.071407	25.059921	25.048214	25.036322	25.024292	25.012169	
25.011322	25.022604	25.033800	25.044865	25.055763	25.066448	25.076881	25.087021	25.096836	25.106277	25.115322	25.123924	25.132057	25.139690	25.146793	25.153339	25.159304	25.164660	25.169399	25.173489	25.176926	25.179688	25.181770	25.183159	25.183861	25.183859	25.183167	25.181770	25.179691	25.176922	25.173492	25.169395	25.164663	25.159302	25.153339	25.146791	25.139690	25.132059	25.123924	25.115322	25.106277	25.096836	25.087023	25.076883	25.066448	25.055765	25.044865	25.033802	25.022604	25.011324	
25.010437	25.020832	25.031151	25.041349	25.051392	25.061237	25.070852	25.080200	25.089241	25.097948	25.106279	25.114208	25.121704	25.128738	25.135284	25.141317	25.146811	25.151754	25.156113	25.159889	25.163052	25.165602	25.167517	25.168804	25.169445	25.169449	25.168802	25.167522	25.165600	25.163057	25.159885	25.156120	25.151752	25.146816	25.141315	25.135284	25.128738	25.121706	25.114210	25.106281	25.097948	25.089243	25.080204	25.070854	25.061241	25.051392	25.041349	25.031151	25.020832	25.010435	
25.009506	25.018980	25.028381	25.037674	25.046824	25.055798	25.064556	25.073072	25.081314	25.089241	25.096836	25.104059	25.110891	25.117298	25.123262	25.128757	25.133770	25.138266	25.142244	25.145679	25.148567	25.150885	25.152634	25.153801	25.154390	25.154388	25.153805	25.152634	25.150888	25.148563	25.145683	25.142242	25.138271	25.133766	25.128761	25.123262	25.117302	25.110889	25.104063	25.096836	25.089243	25.081314	25.073074	25.064560	25.055798	25.046825	25.037674	25.028383	25.018982	25.009508	
25.008545	25.017059	25.025507	25.033857	25.042080	25.050144	25.058014	25.065670	25.073072	25.080202	25.087021	25.093517	25.099653	25.105415	25.110775	25.115713	25.120213	25.124258	25.127831	25.130922	25.133511	25.135599	25.137169	25.138222	25.138748	25.138748	25.138220	25.137171	25.135595	25.133514	25.130920	25.127834	25.124256	25.120216	25.115713	25.110775	25.105415	25.099657	25.093517	25.087025	25.080204	25.073074	25.065672	25.058018	25.050146	25.042080	25.033859	25.025505	25.017059	25.008545	
25.007549	25.015072	25.022533	25.029911	25.037178	25.044300	25.051256	25.058014	25.064560	25.070852	25.076885	25.082619	25.088041	25.093128	25.097862	25.102228	25.106205	25.109776	25.112934	25.115662	25.117954	25.119795	25.121185	25.122112	25.122578	25.122578	25.122112	25.121181	25.119797	25.117952	25.115665	25.112934	25.109779	25.106201	25.102230	25.097864	25.093132	25.088043	25.082619	25.076883	25.070854	25.064560	25.058018	25.051258	25.044300	25.037178	25.029911	25.022533	25.015072	25.007549	
25.006523	25.013027	25.019476	25.025852	25.032131	25.038288	25.044300	25.050144	25.055794	25.061241	25.066446	25.071407	25.076092	25.080490	25.084583	25.088354	25.091789	25.094879	25.097609	25.099970	25.101944	25.103539	25.104738	25.105541	25.105942	25.105942	25.105541	25.104738	25.103539	25.101948	25.099968	25.097610	25.094879	25.091793	25.088356	25.084587	25.080492	25.076096	25.071407	25.066450	25.061241	25.055798	25.050144	25.044300	25.038292	25.032131	25.025854	25.019474	25.013025	25.006525	
25.005478	25.010929	25.016344	25.021694	25.026966	25.032131	25.037176	25.042080	25.046825	25.051390	25.055763	25.059921	25.063856	25.067547	25.070980	25.074146	25.077030	25.079622	25.081915	25.083893	25.085552	25.086887	25.087896	25.088570	25.088907	25.088907	25.088570	25.087894	25.086889	25.085552	25.083895	25.081913	25.079624	25.077030	25.074150	25.070980	25.067551	25.063856	25.059925	25.055765	25.051394	25.046825	25.042084	25.037178	25.032133	25.026966	25.021694	25.016346	25.010931	25.005478	
25.004406	25.008797	25.013149	25.017456	25.021694	25.025852	25.029911	25.033859	25.037674	25.041351	25.044865	25.048216	25.051378	25.054348	25.057110	25.059658	25.061979	25.064066	25.065907	25.067501	25.068834	25.069910	25.070721	25.071262	25.071533	25.071533	25.071262	25.070719	25.069912	25.068836	25.067499	25.065908	25.064064	25.061981	25.059658	25.057112	25.054348	25.051380	25.048214	25.044867	25.041351	25.037678	25.033859	25.029913	25.025852	25.021694	25.017456	25.013149	25.008797	25.004406	
25.003323	25.006626	25.009909	25.013149	25.016346	25.019474	25.022533	25.025505	25.028383	25.031149	25.033800	25.036322	25.038704	25.040943	25.043022	25.044945	25.046692	25.048264	25.049652	25.050850	25.051855	25.052666	25.053276	25.053684	25.053886	25.053890	25.053684	25.053276	25.052666	25.051857	25.050850	25.049650	25.048264	25.046692	25.044945	25.043022	25.040943	25.038704	25.036324	25.033798	25.031149	25.028381	25.025507	25.022533	25.019474	25.016344	25.013149	25.009907	25.006626	25.003321	
25.002220	25.004433	25.006626	25.008797	25.010929	25.013025	25.015070	25.017059	25.018982	25.020832	25.022606	25.024292	25.025887	25.027382	25.028774	25.030058	25.031227	25.032276	25.033205	25.034008	25.034679	25.035221	25.035631	25.035904	25.036039	25.036039	25.035904	25.035629	25.035221	25.034681	25.034008	25.033207	25.032278	25.031225	25.030056	25.028774	25.027380	25.025887	25.024292	25.022606	25.020832	25.018982	25.017057	25.015072	25.013027	25.010931	25.008797	25.006626	25.004433	25.002220	
25.001114	25.002220	25.003319	25.004406	25.005476	25.006527	25.007549	25.008547	25.009510	25.010437	25.011324	25.012169	25.012970	25.013718	25.014414	25.015057	25.015644	25.016171	25.016634	25.017036	25.017372	25.017645	25.017849	25.017986	25.018053	25.018055	25.017986	25.017849	25.017647	25.017374	25.017036	25.016636	25.016169	25.015644	25.015057	25.014414	25.013718	25.012966	25.012169	25.011322	25.010437	25.009508	25.008545	25.007549	25.006525	25.005476	25.004406	25.003319	25.002220	25.001114	
