25.006401	25.012779	25.019104	25.025370	25.031530	25.037592	25.043495	25.049259	25.054821	25.060202	25.065332	25.070248	25.074877	25.079248	25.083298	25.087059	25.090466	25.093552	25.096260	25.098621	25.100590	25.102184	25.103380	25.104185	25.104586	25.104586	25.104185	25.103380	25.102186	25.100590	25.098621	25.096260	25.093552	25.090466	25.087059	25.083300	25.079248	25.074877	25.070250	25.065334	25.060200	25.054819	25.049261	25.043495	25.037590	25.031532	25.025370	25.019104	25.012775	25.006399	
25.012779	25.025503	25.038147	25.050632	25.062962	25.075027	25.086851	25.098318	25.109463	25.120157	25.130455	25.140217	25.149504	25.158184	25.166319	25.173775	25.180624	25.186741	25.192188	25.196867	25.200825	25.203989	25.206390	25.207987	25.208792	25.208792	25.207987	25.206392	25.203991	25.200825	25.196867	25.192188	25.186741	25.180622	25.173775	25.166317	25.158184	25.149508	25.140217	25.130455	25.120157	25.109463	25.098316	25.086851	25.075027	25.062962	25.050636	25.038147	25.025505	25.012777	
25.019104	25.038147	25.057032	25.075741	25.094131	25.112223	25.129852	25.147058	25.163662	25.179724	25.195051	25.209724	25.223537	25.236593	25.248680	25.259907	25.270077	25.279289	25.287378	25.294430	25.300303	25.305069	25.308634	25.311037	25.312233	25.312233	25.311035	25.308634	25.305069	25.300303	25.294424	25.287378	25.279289	25.270075	25.259907	25.248682	25.236593	25.223537	25.209726	25.195049	25.179726	25.163658	25.147058	25.129850	25.112221	25.094131	25.075739	25.057034	25.038147	25.019104	
25.025368	25.050634	25.075737	25.100529	25.125000	25.148958	25.172436	25.195200	25.217327	25.238564	25.259005	25.278389	25.296833	25.314058	25.330208	25.345016	25.358612	25.370758	25.381573	25.390862	25.398722	25.404999	25.409771	25.412939	25.414537	25.414539	25.412937	25.409773	25.405003	25.398722	25.390865	25.381573	25.370758	25.358612	25.345016	25.330212	25.314060	25.296833	25.278387	25.259008	25.238562	25.217327	25.195198	25.172432	25.148956	25.125002	25.100531	25.075737	25.050632	25.025368	
25.031530	25.062960	25.094128	25.125002	25.155357	25.185215	25.214310	25.242710	25.270111	25.296623	25.321920	25.346138	25.368938	25.390480	25.410435	25.428957	25.445747	25.460951	25.474300	25.485935	25.495628	25.503498	25.509380	25.513348	25.515322	25.515322	25.513348	25.509382	25.503498	25.495632	25.485935	25.474300	25.460951	25.445745	25.428959	25.410435	25.390484	25.368938	25.346140	25.321918	25.296625	25.270111	25.242710	25.214310	25.185215	25.155357	25.125000	25.094131	25.062960	25.031528	
25.037590	25.075024	25.112221	25.148956	25.185215	25.220713	25.255497	25.289230	25.322014	25.353483	25.383772	25.412493	25.439817	25.465347	25.489273	25.511215	25.531357	25.549356	25.565380	25.579147	25.590790	25.600096	25.607162	25.611855	25.614223	25.614225	25.611856	25.607164	25.600098	25.590794	25.579147	25.565380	25.549355	25.531357	25.511213	25.489275	25.465347	25.439817	25.412493	25.383772	25.353481	25.322014	25.289227	25.255493	25.220711	25.185213	25.148958	25.112221	25.075026	25.037590	
25.043495	25.086849	25.129848	25.172432	25.214310	25.255495	25.295631	25.334805	25.372610	25.409180	25.444077	25.477478	25.508938	25.538651	25.566179	25.591726	25.614891	25.635860	25.654280	25.670322	25.683704	25.694551	25.702673	25.708141	25.710865	25.710865	25.708145	25.702671	25.694555	25.683704	25.670326	25.654280	25.635859	25.614889	25.591728	25.566179	25.538651	25.508938	25.477482	25.444075	25.409180	25.372608	25.334805	25.295631	25.255493	25.214310	25.172432	25.129848	25.086849	25.043495	
25.049257	25.098314	25.147058	25.195198	25.242712	25.289227	25.334806	25.379015	25.421978	25.463217	25.502907	25.540548	25.576347	25.609810	25.641157	25.669914	25.696301	25.719894	25.740891	25.758932	25.774189	25.786386	25.795645	25.801796	25.804897	25.804901	25.801796	25.795645	25.786386	25.774189	25.758932	25.740891	25.719894	25.696301	25.669914	25.641157	25.609810	25.576347	25.540546	25.502905	25.463217	25.421976	25.379017	25.334805	25.289230	25.242710	25.195198	25.147057	25.098318	25.049257	
25.054817	25.109461	25.163658	25.217329	25.270111	25.322018	25.372608	25.421978	25.469629	25.515715	25.559704	25.601797	25.641453	25.678896	25.713598	25.745792	25.774990	25.801418	25.824638	25.844854	25.861723	25.875393	25.885628	25.892523	25.895952	25.895952	25.892523	25.885624	25.875391	25.861719	25.844852	25.824636	25.801414	25.774990	25.745792	25.713598	25.678896	25.641453	25.601797	25.559702	25.515713	25.469627	25.421974	25.372610	25.322014	25.270115	25.217325	25.163662	25.109461	25.054821	
25.060200	25.120155	25.179724	25.238562	25.296623	25.353481	25.409180	25.463217	25.515715	25.566120	25.614618	25.660631	25.704376	25.745281	25.783583	25.818737	25.850979	25.879818	25.905472	25.927528	25.946171	25.961079	25.972393	25.979912	25.983702	25.983702	25.979908	25.972391	25.961077	25.946169	25.927528	25.905472	25.879818	25.850977	25.818735	25.783581	25.745281	25.704376	25.660629	25.614618	25.566120	25.515713	25.463217	25.409178	25.353485	25.296623	25.238565	25.179726	25.120159	25.060200	
25.065332	25.130455	25.195049	25.259007	25.321920	25.383774	25.444078	25.502907	25.559706	25.614618	25.667057	25.717215	25.764484	25.809099	25.850468	25.888828	25.923634	25.955118	25.982800	26.006889	26.026997	26.043285	26.055487	26.063700	26.067791	26.067787	26.063700	26.055485	26.043285	26.026995	26.006886	25.982800	25.955116	25.923634	25.888824	25.850468	25.809097	25.764484	25.717215	25.667057	25.614618	25.559704	25.502903	25.444077	25.383770	25.321920	25.259007	25.195051	25.130455	25.065334	
25.070250	25.140217	25.209723	25.278391	25.346136	25.412495	25.477480	25.540550	25.601797	25.660633	25.717215	25.770918	25.821955	25.869699	25.914383	25.955418	25.993031	26.026693	26.056620	26.082367	26.104111	26.121519	26.134712	26.143492	26.147911	26.147917	26.143488	26.134714	26.121517	26.104111	26.082365	26.056622	26.026691	25.993029	25.955414	25.914383	25.869699	25.821953	25.770916	25.717215	25.660631	25.601797	25.540546	25.477478	25.412495	25.346136	25.278389	25.209724	25.140215	25.070250	
25.074877	25.149508	25.223539	25.296833	25.368938	25.439819	25.508938	25.576347	25.641457	25.704376	25.764486	25.821955	25.876141	25.927258	25.974682	26.018631	26.058533	26.094604	26.126339	26.153934	26.176991	26.195650	26.209641	26.219048	26.223740	26.223734	26.219051	26.209637	26.195654	26.176991	26.153936	26.126341	26.094603	26.058533	26.018629	25.974680	25.927258	25.876141	25.821955	25.764484	25.704376	25.641453	25.576347	25.508938	25.439816	25.368938	25.296831	25.223537	25.149506	25.074877	
25.079250	25.158184	25.236593	25.314060	25.390484	25.465349	25.538654	25.609810	25.678894	25.745285	25.809097	25.869698	25.927259	25.981136	26.031532	26.077835	26.120255	26.158245	26.191994	26.221050	26.245571	26.265217	26.280096	26.290005	26.294989	26.294991	26.289997	26.280098	26.265213	26.245571	26.221048	26.191994	26.158243	26.120253	26.077835	26.031528	25.981136	25.927258	25.869698	25.809099	25.745281	25.678896	25.609810	25.538651	25.465349	25.390480	25.314060	25.236591	25.158182	25.079248	
25.083300	25.166317	25.248680	25.330208	25.410435	25.489275	25.566179	25.641157	25.713600	25.783583	25.850468	25.914383	25.974684	26.031530	26.084301	26.133179	26.177582	26.217697	26.253016	26.283703	26.309361	26.330111	26.345678	26.356140	26.361361	26.361359	26.356142	26.345676	26.330111	26.309359	26.283703	26.253016	26.217695	26.177584	26.133179	26.084301	26.031528	25.974682	25.914383	25.850468	25.783583	25.713598	25.641157	25.566177	25.489273	25.410435	25.330208	25.248680	25.166317	25.083298	
25.087059	25.173777	25.259907	25.345016	25.428959	25.511215	25.591728	25.669914	25.745792	25.818737	25.888826	25.955416	26.018633	26.077837	26.133183	26.184063	26.230648	26.272396	26.309460	26.341389	26.368317	26.389904	26.406244	26.417133	26.422607	26.422611	26.417130	26.406246	26.389904	26.368315	26.341389	26.309456	26.272394	26.230648	26.184063	26.133179	26.077833	26.018633	25.955414	25.888826	25.818737	25.745792	25.669914	25.591728	25.511215	25.428957	25.345018	25.259903	25.173775	25.087059	
25.090466	25.180622	25.270077	25.358610	25.445747	25.531355	25.614891	25.696302	25.774992	25.850977	25.923634	25.993029	26.058535	26.120255	26.177586	26.230648	26.278889	26.322435	26.360809	26.394123	26.421995	26.444521	26.461437	26.472794	26.478468	26.478464	26.472797	26.461435	26.444523	26.421997	26.394123	26.360806	26.322435	26.278889	26.230646	26.177582	26.120255	26.058533	25.993031	25.923634	25.850979	25.774992	25.696302	25.614891	25.531355	25.445747	25.358608	25.270077	25.180622	25.090466	
25.093548	25.186741	25.279289	25.370758	25.460949	25.549356	25.635860	25.719894	25.801416	25.879818	25.955116	26.026693	26.094604	26.158245	26.217699	26.272396	26.322437	26.367313	26.407127	26.441452	26.470377	26.493586	26.511137	26.522842	26.528723	26.528727	26.522839	26.511141	26.493586	26.470381	26.441454	26.407127	26.367313	26.322433	26.272396	26.217697	26.158243	26.094604	26.026691	25.955116	25.879818	25.801414	25.719896	25.635860	25.549356	25.460949	25.370756	25.279287	25.186739	25.093552	
25.096260	25.192186	25.287376	25.381575	25.474304	25.565382	25.654282	25.740891	25.824638	25.905472	25.982801	26.056622	26.126343	26.191996	26.253017	26.309460	26.360809	26.407127	26.447971	26.483408	26.513077	26.537037	26.555042	26.567123	26.573162	26.573158	26.567123	26.555042	26.537041	26.513077	26.483410	26.447973	26.407127	26.360806	26.309458	26.253016	26.191994	26.126341	26.056623	25.982800	25.905476	25.824638	25.740891	25.654282	25.565380	25.474300	25.381571	25.287378	25.192188	25.096260	
25.098621	25.196865	25.294426	25.390862	25.485937	25.579145	25.670326	25.758934	25.844854	25.927532	26.006887	26.082367	26.153936	26.221050	26.283707	26.341391	26.394123	26.441456	26.483408	26.519611	26.550091	26.574568	26.593063	26.605406	26.611605	26.611605	26.605404	26.593063	26.574568	26.550091	26.519608	26.483410	26.441454	26.394123	26.341387	26.283705	26.221050	26.153938	26.082367	26.006889	25.927532	25.844854	25.758934	25.670322	25.579147	25.485931	25.390862	25.294426	25.196865	25.098621	
25.100590	25.200827	25.300303	25.398724	25.495632	25.590794	25.683704	25.774189	25.861725	25.946171	26.026997	26.104113	26.176991	26.245571	26.309361	26.368317	26.421997	26.470381	26.513081	26.550091	26.581110	26.606136	26.624956	26.637577	26.643885	26.643885	26.637577	26.624956	26.606138	26.581110	26.550093	26.513079	26.470379	26.421995	26.368317	26.309361	26.245573	26.176992	26.104111	26.026997	25.946169	25.861725	25.774189	25.683704	25.590790	25.495632	25.398724	25.300303	25.200827	25.100590	
25.102186	25.203989	25.305069	25.405003	25.503498	25.600098	25.694553	25.786388	25.875393	25.961081	26.043285	26.121517	26.195652	26.265215	26.330112	26.389906	26.444527	26.493587	26.537039	26.574566	26.606136	26.631508	26.650665	26.663458	26.669880	26.669880	26.663460	26.650665	26.631508	26.606134	26.574566	26.537041	26.493587	26.444525	26.389906	26.330112	26.265215	26.195652	26.121517	26.043285	25.961081	25.875393	25.786388	25.694553	25.600098	25.503498	25.405003	25.305071	25.203989	25.102186	
25.103380	25.206390	25.308632	25.409771	25.509382	25.607162	25.702673	25.795647	25.885628	25.972391	26.055485	26.134712	26.209639	26.280096	26.345680	26.406246	26.461437	26.511141	26.555042	26.593063	26.624956	26.650667	26.670017	26.682981	26.689468	26.689468	26.682981	26.670017	26.650665	26.624958	26.593063	26.555042	26.511139	26.461437	26.406248	26.345680	26.280098	26.209639	26.134714	26.055489	25.972393	25.885628	25.795647	25.702673	25.607166	25.509384	25.409773	25.308636	25.206392	25.103380	
25.104185	25.207987	25.311035	25.412937	25.513348	25.611855	25.708143	25.801794	25.892521	25.979910	26.063698	26.143490	26.219051	26.290001	26.356144	26.417131	26.472797	26.522840	26.567125	26.605404	26.637575	26.663458	26.682980	26.696033	26.702576	26.702578	26.696032	26.682981	26.663460	26.637575	26.605404	26.567127	26.522842	26.472795	26.417133	26.356144	26.290001	26.219051	26.143490	26.063698	25.979910	25.892521	25.801796	25.708145	25.611858	25.513351	25.412941	25.311037	25.207987	25.104187	
25.104586	25.208792	25.312233	25.414536	25.515320	25.614223	25.710865	25.804899	25.895952	25.983702	26.067789	26.147915	26.223738	26.294991	26.361359	26.422609	26.478466	26.528727	26.573158	26.611605	26.643885	26.669880	26.689466	26.702576	26.709143	26.709145	26.702576	26.689466	26.669880	26.643885	26.611607	26.573160	26.528727	26.478466	26.422611	26.361361	26.294991	26.223738	26.147913	26.067789	25.983702	25.895952	25.804899	25.710867	25.614227	25.515324	25.414539	25.312233	25.208792	25.104586	
25.104586	25.208792	25.312233	25.414536	25.515320	25.614223	25.710865	25.804899	25.895952	25.983702	26.067789	26.147915	26.223738	26.294991	26.361359	26.422609	26.478466	26.528727	26.573158	26.611605	26.643885	26.669880	26.689466	26.702576	26.709143	26.709145	26.702576	26.689466	26.669880	26.643885	26.611607	26.573160	26.528727	26.478466	26.422611	26.361361	26.294991	26.223738	26.147913	26.067789	25.983702	25.895952	25.804899	25.710867	25.614227	25.515324	25.414539	25.312233	25.208792	25.104586	
25.104185	25.207987	25.311035	25.412937	25.513348	25.611855	25.708143	25.801794	25.892521	25.979910	26.063698	26.143490	26.219051	26.290001	26.356144	26.417131	26.472797	26.522840	26.567125	26.605404	26.637575	26.663458	26.682980	26.696033	26.702576	26.702578	26.696032	26.682981	26.663460	26.637575	26.605404	26.567127	26.522842	26.472795	26.417133	26.356144	26.290001	26.219051	26.143490	26.063698	25.979910	25.892521	25.801796	25.708145	25.611858	25.513351	25.412941	25.311037	25.207987	25.104187	
25.103380	25.206390	25.308632	25.409771	25.509382	25.607162	25.702673	25.795647	25.885628	25.972391	26.055485	26.134712	26.209639	26.280096	26.345680	26.406246	26.461437	26.511141	26.555042	26.593063	26.624956	26.650667	26.670017	26.682981	26.689468	26.689468	26.682981	26.670017	26.650665	26.624958	26.593063	26.555042	26.511139	26.461437	26.406248	26.345680	26.280098	26.209639	26.134714	26.055489	25.972393	25.885628	25.795647	25.702673	25.607166	25.509384	25.409773	25.308636	25.206392	25.103380	
25.102186	25.203989	25.305069	25.405003	25.503498	25.600098	25.694553	25.786388	25.875393	25.961081	26.043285	26.121517	26.195652	26.265215	26.330112	26.389906	26.444527	26.493587	26.537039	26.574566	26.606136	26.631508	26.650665	26.663458	26.669880	26.669880	26.663460	26.650665	26.631508	26.606134	26.574566	26.537041	26.493587	26.444525	26.389906	26.330112	26.265215	26.195652	26.121517	26.043285	25.961081	25.875393	25.786388	25.694553	25.600098	25.503498	25.405003	25.305071	25.203989	25.102186	
25.100590	25.200827	25.300303	25.398724	25.495632	25.590794	25.683704	25.774189	25.861725	25.946171	26.026997	26.104113	26.176991	26.245571	26.309361	26.368317	26.421997	26.470381	26.513081	26.550091	26.581110	26.606136	26.624956	26.637577	26.643885	26.643885	26.637577	26.624956	26.606138	26.581110	26.550093	26.513079	26.470379	26.421995	26.368317	26.309361	26.245573	26.176992	26.104111	26.026997	25.946169	25.861725	25.774189	25.683704	25.590790	25.495632	25.398724	25.300303	25.200827	25.100590	
25.098621	25.196865	25.294426	25.390862	25.485937	25.579145	25.670326	25.758934	25.844854	25.927532	26.006887	26.082367	26.153936	26.221050	26.283707	26.341391	26.394123	26.441456	26.483408	26.519611	26.550091	26.574568	26.593063	26.605406	26.611605	26.611605	26.605404	26.593063	26.574568	26.550091	26.519608	26.483410	26.441454	26.394123	26.341387	26.283705	26.221050	26.153938	26.082367	26.006889	25.927532	25.844854	25.758934	25.670322	25.579147	25.485931	25.390862	25.294426	25.196865	25.098621	
25.096260	25.192186	25.287376	25.381575	25.474304	25.565382	25.654282	25.740891	25.824638	25.905472	25.982801	26.056622	26.126343	26.191996	26.253017	26.309460	26.360809	26.407127	26.447971	26.483408	26.513077	26.537037	26.555042	26.567123	26.573162	26.573158	26.567123	26.555042	26.537041	26.513077	26.483410	26.447973	26.407127	26.360806	26.309458	26.253016	26.191994	26.126341	26.056623	25.982800	25.905476	25.824638	25.740891	25.654282	25.565380	25.474300	25.381571	25.287378	25.192188	25.096260	
25.093548	25.186741	25.279289	25.370758	25.460949	25.549356	25.635860	25.719894	25.801416	25.879818	25.955116	26.026693	26.094604	26.158245	26.217699	26.272396	26.322437	26.367313	26.407127	26.441452	26.470377	26.493586	26.511137	26.522842	26.528723	26.528727	26.522839	26.511141	26.493586	26.470381	26.441454	26.407127	26.367313	26.322433	26.272396	26.217697	26.158243	26.094604	26.026691	25.955116	25.879818	25.801414	25.719896	25.635860	25.549356	25.460949	25.370756	25.279287	25.186739	25.093552	
25.090466	25.180622	25.270077	25.358610	25.445747	25.531355	25.614891	25.696302	25.774992	25.850977	25.923634	25.993029	26.058535	26.120255	26.177586	26.230648	26.278889	26.322435	26.360809	26.394123	26.421995	26.444521	26.461437	26.472794	26.478468	26.478464	26.472797	26.461435	26.444523	26.421997	26.394123	26.360806	26.322435	26.278889	26.230646	26.177582	26.120255	26.058533	25.993031	25.923634	25.850979	25.774992	25.696302	25.614891	25.531355	25.445747	25.358608	25.270077	25.180622	25.090466	
25.087059	25.173777	25.259907	25.345016	25.428959	25.511215	25.591728	25.669914	25.745792	25.818737	25.888826	25.955416	26.018633	26.077837	26.133183	26.184063	26.230648	26.272396	26.309460	26.341389	26.368317	26.389904	26.406244	26.417133	26.422607	26.422611	26.417130	26.406246	26.389904	26.368315	26.341389	26.309456	26.272394	26.230648	26.184063	26.133179	26.077833	26.018633	25.955414	25.888826	25.818737	25.745792	25.669914	25.591728	25.511215	25.428957	25.345018	25.259903	25.173775	25.087059	
25.083300	25.166317	25.248680	25.330208	25.410435	25.489275	25.566179	25.641157	25.713600	25.783583	25.850468	25.914383	25.974684	26.031530	26.084301	26.133179	26.177582	26.217697	26.253016	26.283703	26.309361	26.330111	26.345678	26.356140	26.361361	26.361359	26.356142	26.345676	26.330111	26.309359	26.283703	26.253016	26.217695	26.177584	26.133179	26.084301	26.031528	25.974682	25.914383	25.850468	25.783583	25.713598	25.641157	25.566177	25.489273	25.410435	25.330208	25.248680	25.166317	25.083298	
25.079250	25.158184	25.236593	25.314060	25.390484	25.465349	25.538654	25.609810	25.678894	25.745285	25.809097	25.869698	25.927259	25.981136	26.031532	26.077835	26.120255	26.158245	26.191994	26.221050	26.245571	26.265217	26.280096	26.290005	26.294989	26.294991	26.289997	26.280098	26.265213	26.245571	26.221048	26.191994	26.158243	26.120253	26.077835	26.031528	25.981136	25.927258	25.869698	25.809099	25.745281	25.678896	25.609810	25.538651	25.465349	25.390480	25.314060	25.236591	25.158182	25.079248	
25.074877	25.149508	25.223539	25.296833	25.368938	25.439819	25.508938	25.576347	25.641457	25.704376	25.764486	25.821955	25.876141	25.927258	25.974682	26.018631	26.058533	26.094604	26.126339	26.153934	26.176991	26.195650	26.209641	26.219048	26.223740	26.223734	26.219051	26.209637	26.195654	26.176991	26.153936	26.126341	26.094603	26.058533	26.018629	25.974680	25.927258	25.876141	25.821955	25.764484	25.704376	25.641453	25.576347	25.508938	25.439816	25.368938	25.296831	25.223537	25.149506	25.074877	
25.070250	25.140217	25.209723	25.278391	25.346136	25.412495	25.477480	25.540550	25.601797	25.660633	25.717215	25.770918	25.821955	25.869699	25.914383	25.955418	25.993031	26.026693	26.056620	26.082367	26.104111	26.121519	26.134712	26.143492	26.147911	26.147917	26.143488	26.134714	26.121517	26.104111	26.082365	26.056622	26.026691	25.993029	25.955414	25.914383	25.869699	25.821953	25.770916	25.717215	25.660631	25.601797	25.540546	25.477478	25.412495	25.346136	25.278389	25.209724	25.140215	25.070250	
25.065332	25.130455	25.195049	25.259007	25.321920	25.383774	25.444078	25.502907	25.559706	25.614618	25.667057	25.717215	25.764484	25.809099	25.850468	25.888828	25.923634	25.955118	25.982800	26.006889	26.026997	26.043285	26.055487	26.063700	26.067791	26.067787	26.063700	26.055485	26.043285	26.026995	26.006886	25.982800	25.955116	25.923634	25.888824	25.850468	25.809097	25.764484	25.717215	25.667057	25.614618	25.559704	25.502903	25.444077	25.383770	25.321920	25.259007	25.195051	25.130455	25.065334	
25.060200	25.120155	25.179724	25.238562	25.296623	25.353481	25.409180	25.463217	25.515715	25.566120	25.614618	25.660631	25.704376	25.745281	25.783583	25.818737	25.850979	25.879818	25.905472	25.927528	25.946171	25.961079	25.972393	25.979912	25.983702	25.983702	25.979908	25.972391	25.961077	25.946169	25.927528	25.905472	25.879818	25.850977	25.818735	25.783581	25.745281	25.704376	25.660629	25.614618	25.566120	25.515713	25.463217	25.409178	25.353485	25.296623	25.238565	25.179726	25.120159	25.060200	
25.054817	25.109461	25.163658	25.217329	25.270111	25.322018	25.372608	25.421978	25.469629	25.515715	25.559704	25.601797	25.641453	25.678896	25.713598	25.745792	25.774990	25.801418	25.824638	25.844854	25.861723	25.875393	25.885628	25.892523	25.895952	25.895952	25.892523	25.885624	25.875391	25.861719	25.844852	25.824636	25.801414	25.774990	25.745792	25.713598	25.678896	25.641453	25.601797	25.559702	25.515713	25.469627	25.421974	25.372610	25.322014	25.270115	25.217325	25.163662	25.109461	25.054821	
25.049257	25.098314	25.147058	25.195198	25.242712	25.289227	25.334806	25.379015	25.421978	25.463217	25.502907	25.540548	25.576347	25.609810	25.641157	25.669914	25.696301	25.719894	25.740891	25.758932	25.774189	25.786386	25.795645	25.801796	25.804897	25.804901	25.801796	25.795645	25.786386	25.774189	25.758932	25.740891	25.719894	25.696301	25.669914	25.641157	25.609810	25.576347	25.540546	25.502905	25.463217	25.421976	25.379017	25.334805	25.289230	25.242710	25.195198	25.147057	25.098318	25.049257	
25.043495	25.086849	25.129848	25.172432	25.214310	25.255495	25.295631	25.334805	25.372610	25.409180	25.444077	25.477478	25.508938	25.538651	25.566179	25.591726	25.614891	25.635860	25.654280	25.670322	25.683704	25.694551	25.702673	25.708141	25.710865	25.710865	25.708145	25.702671	25.694555	25.683704	25.670326	25.654280	25.635859	25.614889	25.591728	25.566179	25.538651	25.508938	25.477482	25.444075	25.409180	25.372608	25.334805	25.295631	25.255493	25.214310	25.172432	25.129848	25.086849	25.043495	
25.037590	25.075024	25.112221	25.148956	25.185215	25.220713	25.255497	25.289230	25.322014	25.353483	25.383772	25.412493	25.439817	25.465347	25.489273	25.511215	25.531357	25.549356	25.565380	25.579147	25.590790	25.600096	25.607162	25.611855	25.614223	25.614225	25.611856	25.607164	25.600098	25.590794	25.579147	25.565380	25.549355	25.531357	25.511213	25.489275	25.465347	25.439817	25.412493	25.383772	25.353481	25.322014	25.289227	25.255493	25.220711	25.185213	25.148958	25.112221	25.075026	25.037590	
25.031530	25.062960	25.094128	25.125002	25.155357	25.185215	25.214310	25.242710	25.270111	25.296623	25.321920	25.346138	25.368938	25.390480	25.410435	25.428957	25.445747	25.460951	25.474300	25.485935	25.495628	25.503498	25.509380	25.513348	25.515322	25.515322	25.513348	25.509382	25.503498	25.495632	25.485935	25.474300	25.460951	25.445745	25.428959	25.410435	25.390484	25.368938	25.346140	25.321918	25.296625	25.270111	25.242710	25.214310	25.185215	25.155357	25.125000	25.094131	25.062960	25.031528	
25.025368	25.050634	25.075737	25.100529	25.125000	25.148958	25.172436	25.195200	25.217327	25.238564	25.259005	25.278389	25.296833	25.314058	25.330208	25.345016	25.358612	25.370758	25.381573	25.390862	25.398722	25.404999	25.409771	25.412939	25.414537	25.414539	25.412937	25.409773	25.405003	25.398722	25.390865	25.381573	25.370758	25.358612	25.345016	25.330212	25.314060	25.296833	25.278387	25.259008	25.238562	25.217327	25.195198	25.172432	25.148956	25.125002	25.100531	25.075737	25.050632	25.025368	
25.019104	25.038147	25.057032	25.075741	25.094131	25.112223	25.129852	25.147058	25.163662	25.179724	25.195051	25.209724	25.223537	25.236593	25.248680	25.259907	25.270077	25.279289	25.287378	25.294430	25.300303	25.305069	25.308634	25.311037	25.312233	25.312233	25.311035	25.308634	25.305069	25.300303	25.294424	25.287378	25.279289	25.270075	25.259907	25.248682	25.236593	25.223537	25.209726	25.195049	25.179726	25.163658	25.147058	25.129850	25.112221	25.094131	25.075739	25.057034	25.038147	25.019104	
25.012779	25.025503	25.038147	25.050632	25.062962	25.075027	25.086851	25.098318	25.109463	25.120157	25.130455	25.140217	25.149504	25.158184	25.166319	25.173775	25.180624	25.186741	25.192188	25.196867	25.200825	25.203989	25.206390	25.207987	25.208792	25.208792	25.207987	25.206392	25.203991	25.200825	25.196867	25.192188	25.186741	25.180622	25.173775	25.166317	25.158184	25.149508	25.140217	25.130455	25.120157	25.109463	25.098316	25.086851	25.075027	25.062962	25.050636	25.038147	25.025505	25.012777	
25.006401	25.012779	25.019104	25.025370	25.031530	25.037592	25.043495	25.049259	25.054821	25.060202	25.065332	25.070248	25.074877	25.079248	25.083298	25.087059	25.090466	25.093552	25.096260	25.098621	25.100590	25.102184	25.103380	25.104185	25.104586	25.104586	25.104185	25.103380	25.102186	25.100590	25.098621	25.096260	25.093552	25.090466	25.087059	25.083300	25.079248	25.074877	25.070250	25.065334	25.060200	25.054819	25.049261	25.043495	25.037590	25.031532	25.025370	25.019104	25.012775	25.006399	
