25.011078	25.022087	25.033285	25.044266	25.055607	25.066570	25.078020	25.088930	25.100388	25.111130	25.122406	25.132797	25.143633	25.153412	25.163479	25.172344	25.181280	25.188898	25.196331	25.202381	25.207968	25.212175	25.215649	25.217808	25.218983	25.218983	25.217806	25.215647	25.212175	25.207970	25.202381	25.196329	25.188896	25.181278	25.172342	25.163481	25.153412	25.143635	25.132797	25.122410	25.111130	25.100389	25.088930	25.078022	25.066570	25.055605	25.044266	25.033287	25.022087	25.011078	
25.022087	25.044367	25.066359	25.088909	25.110872	25.133688	25.155598	25.178549	25.200256	25.223053	25.244259	25.266457	25.286713	25.307713	25.326448	25.345554	25.362129	25.378593	25.392349	25.405451	25.415779	25.424902	25.431313	25.435991	25.438166	25.438168	25.435993	25.431311	25.424902	25.415779	25.405453	25.392347	25.378593	25.362127	25.345551	25.326447	25.307713	25.286711	25.266459	25.244257	25.223057	25.200256	25.178549	25.155598	25.133688	25.110872	25.088909	25.066359	25.044365	25.022087	
25.033285	25.066359	25.099998	25.132996	25.167053	25.200012	25.234398	25.267193	25.301594	25.333887	25.367748	25.398981	25.431517	25.460915	25.491144	25.517790	25.544617	25.567516	25.589830	25.608025	25.624802	25.637451	25.647871	25.654358	25.657894	25.657894	25.654358	25.647871	25.637447	25.624802	25.608021	25.589828	25.567516	25.544615	25.517788	25.491142	25.460913	25.431517	25.398979	25.367752	25.333885	25.301594	25.267193	25.234398	25.200012	25.167053	25.132996	25.099997	25.066359	25.033285	
25.044266	25.088909	25.132996	25.178169	25.222206	25.267906	25.311844	25.357803	25.401344	25.446991	25.489525	25.533964	25.574596	25.616638	25.654228	25.692471	25.725727	25.758680	25.786282	25.812508	25.833231	25.851484	25.864346	25.873714	25.878075	25.878075	25.873718	25.864346	25.851484	25.833227	25.812508	25.786278	25.758682	25.725723	25.692469	25.654224	25.616636	25.574594	25.533966	25.489521	25.446993	25.401342	25.357803	25.311844	25.267904	25.222206	25.178169	25.132994	25.088905	25.044266	
25.055605	25.110872	25.167053	25.222206	25.279072	25.334175	25.391571	25.446415	25.503826	25.557837	25.614342	25.666580	25.720867	25.770044	25.820477	25.865051	25.909805	25.948118	25.985336	26.015778	26.043758	26.064924	26.082306	26.093163	26.099058	26.099056	26.093161	26.082306	26.064922	26.043758	26.015774	25.985336	25.948118	25.909803	25.865047	25.820475	25.770041	25.720865	25.666576	25.614342	25.557835	25.503826	25.446411	25.391571	25.334179	25.279072	25.222208	25.167053	25.110872	25.055605	
25.066570	25.133690	25.200012	25.267904	25.334175	25.402832	25.468979	25.538012	25.603561	25.672115	25.736164	25.802891	25.864080	25.927197	25.983814	26.041222	26.091314	26.140781	26.182354	26.221718	26.252935	26.280334	26.299707	26.313770	26.320339	26.320339	26.313770	26.299707	26.280333	26.252934	26.221720	26.182352	26.140781	26.091312	26.041222	25.983807	25.927197	25.864077	25.802887	25.736160	25.672115	25.603559	25.538012	25.468975	25.402836	25.334175	25.267904	25.200012	25.133686	25.066570	
25.078020	25.155600	25.234398	25.311844	25.391571	25.468977	25.549419	25.626480	25.706921	25.782831	25.861984	25.935417	26.011448	26.080584	26.151211	26.213882	26.276548	26.330421	26.382532	26.425333	26.464512	26.494272	26.518608	26.533873	26.542130	26.542130	26.533873	26.518608	26.494270	26.464516	26.425329	26.382534	26.330416	26.276548	26.213877	26.151211	26.080580	26.011448	25.935411	25.861984	25.782827	25.706921	25.626476	25.549421	25.468975	25.391575	25.311846	25.234396	25.155598	25.078020	
25.088930	25.178551	25.267193	25.357803	25.446415	25.538010	25.626480	25.718544	25.806248	25.897644	25.983356	26.072296	26.154200	26.238316	26.314102	26.390602	26.457661	26.523575	26.579231	26.631678	26.673473	26.709972	26.735912	26.754646	26.763443	26.763443	26.754646	26.735910	26.709976	26.673468	26.631680	26.579227	26.523575	26.457657	26.390604	26.314098	26.238316	26.154196	26.072298	25.983353	25.897644	25.806244	25.718548	25.626476	25.538013	25.446411	25.357807	25.267191	25.178549	25.088932	
25.100388	25.200256	25.301592	25.401344	25.503822	25.603561	25.706919	25.806248	25.909565	26.007442	26.109077	26.203773	26.301384	26.390553	26.481209	26.562050	26.642479	26.711975	26.778852	26.834068	26.884346	26.922739	26.953968	26.973661	26.984255	26.984255	26.973660	26.953968	26.922737	26.884348	26.834064	26.778852	26.711975	26.642479	26.562048	26.481209	26.390551	26.301380	26.203772	26.109079	26.007437	25.909565	25.806244	25.706921	25.603561	25.503826	25.401340	25.301592	25.200256	25.100388	
25.111130	25.223057	25.333887	25.446991	25.557837	25.672115	25.782831	25.897646	26.007442	26.121384	26.228714	26.339565	26.442146	26.546963	26.641895	26.737209	26.821217	26.903330	26.973057	27.038391	27.090752	27.136223	27.168722	27.192055	27.203077	27.203075	27.192055	27.168720	27.136223	27.090752	27.038393	26.973057	26.903328	26.821217	26.737209	26.641891	26.546963	26.442144	26.339565	26.228712	26.121384	26.007439	25.897644	25.782829	25.672115	25.557835	25.446995	25.333885	25.223055	25.111130	
25.122406	25.244259	25.367748	25.489525	25.614344	25.736164	25.861984	25.983356	26.109079	26.228718	26.352352	26.468132	26.586836	26.695881	26.806105	26.904980	27.002754	27.087759	27.169052	27.236595	27.297709	27.344671	27.382629	27.406721	27.419596	27.419594	27.406717	27.382629	27.344667	27.297707	27.236591	27.169052	27.087757	27.002754	26.904974	26.806107	26.695875	26.586834	26.468128	26.352350	26.228712	26.109077	25.983353	25.861984	25.736160	25.614342	25.489523	25.367748	25.244259	25.122410	
25.132795	25.266457	25.398979	25.533964	25.666580	25.802887	25.935417	26.072298	26.203777	26.339565	26.468134	26.600197	26.723103	26.847946	26.961708	27.075211	27.175896	27.273664	27.357241	27.435028	27.497787	27.551918	27.590878	27.618654	27.631866	27.631866	27.618656	27.590874	27.551918	27.497782	27.435024	27.357235	27.273664	27.175892	27.075212	26.961702	26.847946	26.723097	26.600197	26.468128	26.339567	26.203773	26.072298	25.935411	25.802887	25.666578	25.533966	25.398979	25.266457	25.132797	
25.143633	25.286713	25.431517	25.574596	25.720863	25.864080	26.011448	26.154202	26.301386	26.442150	26.586834	26.723103	26.861977	26.990343	27.119270	27.235680	27.350031	27.450119	27.545183	27.624714	27.696177	27.751476	27.795860	27.824230	27.839283	27.839283	27.824226	27.795858	27.751472	27.696175	27.624710	27.545183	27.450115	27.350031	27.235678	27.119272	26.990339	26.861975	26.723099	26.586836	26.442144	26.301384	26.154196	26.011448	25.864079	25.720867	25.574596	25.431517	25.286709	25.143635	
25.153412	25.307711	25.460915	25.616638	25.770042	25.927197	26.080584	26.238319	26.390556	26.546963	26.695881	26.847946	26.990345	27.134056	27.265888	27.396521	27.513208	27.625719	27.722588	27.812094	27.884842	27.947124	27.992279	28.024242	28.039557	28.039555	28.024242	27.992279	27.947121	27.884836	27.812092	27.722584	27.625719	27.513205	27.396523	27.265884	27.134056	26.990341	26.847946	26.695879	26.546963	26.390553	26.238319	26.080582	25.927198	25.770042	25.616640	25.460913	25.307711	25.153412	
25.163481	25.326447	25.491142	25.654224	25.820477	25.983812	26.151213	26.314102	26.481211	26.641899	26.806107	26.961708	27.119270	27.265886	27.412130	27.545109	27.674797	27.789143	27.896946	27.987816	28.068842	28.132030	28.182352	28.214767	28.231836	28.231834	28.214767	28.182352	28.132029	28.068840	27.987812	27.896946	27.789141	27.674795	27.545109	27.412132	27.265886	27.119270	26.961706	26.806107	26.641895	26.481213	26.314100	26.151213	25.983810	25.820478	25.654224	25.491146	25.326447	25.163481	
25.172342	25.345552	25.517788	25.692471	25.865051	26.041224	26.213879	26.390604	26.562050	26.737209	26.904980	27.075214	27.235680	27.396523	27.545109	27.691286	27.822823	27.948698	28.057907	28.158033	28.240055	28.309723	28.360638	28.396389	28.413654	28.413654	28.396389	28.360636	28.309723	28.240051	28.158033	28.057903	27.948696	27.822823	27.691284	27.545107	27.396524	27.235678	27.075212	26.904976	26.737209	26.562050	26.390606	26.213879	26.041225	25.865049	25.692472	25.517786	25.345554	25.172342	
25.181278	25.362127	25.544617	25.725725	25.909805	26.091312	26.276550	26.457661	26.642479	26.821218	27.002758	27.175894	27.350031	27.513210	27.674797	27.822823	27.966091	28.093395	28.212469	28.313641	28.403137	28.473492	28.529070	28.565161	28.584011	28.584011	28.565159	28.529068	28.473488	28.403135	28.313641	28.212467	28.093391	27.966089	27.822821	27.674797	27.513206	27.350033	27.175892	27.002756	26.821217	26.642479	26.457659	26.276550	26.091312	25.909805	25.725725	25.544617	25.362127	25.181280	
25.188896	25.378593	25.567516	25.758682	25.948116	26.140781	26.330418	26.523575	26.711975	26.903328	27.087761	27.273666	27.450121	27.625719	27.789146	27.948700	28.093395	28.230770	28.350914	28.460178	28.550419	28.626438	28.682457	28.721466	28.740463	28.740463	28.721466	28.682457	28.626438	28.550415	28.460175	28.350912	28.230766	28.093391	27.948696	27.789145	27.625721	27.450119	27.273666	27.087757	26.903330	26.711975	26.523573	26.330418	26.140781	25.948118	25.758682	25.567516	25.378593	25.188896	
25.196331	25.392349	25.589830	25.786282	25.985338	26.182354	26.382534	26.579231	26.778852	26.973059	27.169056	27.357243	27.545185	27.722591	27.896946	28.057907	28.212467	28.350914	28.479361	28.589397	28.685925	28.762451	28.822392	28.861652	28.881981	28.881981	28.861650	28.822392	28.762447	28.685925	28.589394	28.479359	28.350912	28.212467	28.057907	27.896946	27.722588	27.545185	27.357239	27.169054	26.973057	26.778852	26.579229	26.382532	26.182354	25.985336	25.786280	25.589828	25.392349	25.196329	
25.202379	25.405453	25.608023	25.812508	26.015776	26.221718	26.425331	26.631680	26.834068	27.038391	27.236595	27.435026	27.624714	27.812094	27.987816	28.158031	28.313641	28.460176	28.589397	28.705933	28.802994	28.884071	28.944328	28.985931	29.006367	29.006363	28.985931	28.944328	28.884071	28.802994	28.705933	28.589396	28.460175	28.313639	28.158031	27.987816	27.812094	27.624714	27.435028	27.236593	27.038393	26.834066	26.631680	26.425331	26.221718	26.015774	25.812508	25.608023	25.405453	25.202379	
25.207968	25.415779	25.624800	25.833229	26.043762	26.252935	26.464516	26.673470	26.884346	27.090754	27.297710	27.497787	27.696178	27.884842	28.068842	28.240055	28.403133	28.550419	28.685923	28.802994	28.904821	28.986242	29.049473	29.091246	29.112690	29.112690	29.091244	29.049473	28.986244	28.904823	28.802994	28.685925	28.550415	28.403133	28.240053	28.068844	27.884840	27.696175	27.497787	27.297709	27.090752	26.884346	26.673470	26.464512	26.252934	26.043760	25.833229	25.624800	25.415779	25.207968	
25.212177	25.424900	25.637447	25.851486	26.064922	26.280334	26.494270	26.709974	26.922737	27.136219	27.344673	27.551922	27.751476	27.947124	28.132030	28.309721	28.473492	28.626436	28.762451	28.884071	28.986244	29.070854	29.134283	29.177696	29.199209	29.199209	29.177700	29.134285	29.070854	28.986244	28.884071	28.762449	28.626438	28.473492	28.309723	28.132030	27.947124	27.751476	27.551918	27.344669	27.136223	26.922737	26.709974	26.494270	26.280334	26.064922	25.851486	25.637447	25.424898	25.212177	
25.215645	25.431311	25.647867	25.864346	26.082306	26.299706	26.518610	26.735912	26.953968	27.168722	27.382631	27.590878	27.795860	27.992281	28.182352	28.360638	28.529068	28.682457	28.822392	28.944328	29.049473	29.134285	29.199572	29.243082	29.265224	29.265226	29.243084	29.199574	29.134285	29.049473	28.944330	28.822393	28.682457	28.529068	28.360638	28.182356	27.992283	27.795860	27.590874	27.382631	27.168720	26.953968	26.735912	26.518610	26.299707	26.082306	25.864346	25.647869	25.431311	25.215647	
25.217804	25.435989	25.654358	25.873714	26.093161	26.313772	26.533871	26.754648	26.973661	27.192059	27.406721	27.618656	27.824228	28.024240	28.214767	28.396389	28.565161	28.721466	28.861649	28.985929	29.091246	29.177696	29.243082	29.287441	29.309612	29.309612	29.287439	29.243082	29.177698	29.091246	28.985931	28.861650	28.721468	28.565163	28.396389	28.214767	28.024242	27.824226	27.618656	27.406719	27.192059	26.973660	26.754646	26.533875	26.313770	26.093163	25.873716	25.654358	25.435989	25.217806	
25.218983	25.438166	25.657890	25.878075	26.099058	26.320337	26.542130	26.763441	26.984255	27.203077	27.419598	27.631866	27.839281	28.039557	28.231834	28.413654	28.584011	28.740463	28.881981	29.006363	29.112688	29.199207	29.265224	29.309614	29.332003	29.332005	29.309616	29.265226	29.199209	29.112692	29.006363	28.881981	28.740463	28.584013	28.413654	28.231836	28.039555	27.839281	27.631865	27.419596	27.203077	26.984255	26.763443	26.542130	26.320339	26.099060	25.878077	25.657894	25.438164	25.218983	
25.218983	25.438166	25.657890	25.878075	26.099058	26.320337	26.542130	26.763441	26.984255	27.203077	27.419598	27.631866	27.839281	28.039557	28.231834	28.413654	28.584011	28.740463	28.881981	29.006363	29.112688	29.199207	29.265224	29.309614	29.332003	29.332005	29.309616	29.265226	29.199209	29.112692	29.006363	28.881981	28.740463	28.584013	28.413654	28.231836	28.039555	27.839281	27.631865	27.419596	27.203077	26.984255	26.763443	26.542130	26.320339	26.099060	25.878077	25.657894	25.438164	25.218983	
25.217804	25.435989	25.654358	25.873714	26.093161	26.313772	26.533871	26.754648	26.973661	27.192059	27.406721	27.618656	27.824228	28.024240	28.214767	28.396389	28.565161	28.721466	28.861649	28.985929	29.091246	29.177696	29.243082	29.287441	29.309612	29.309612	29.287439	29.243082	29.177698	29.091246	28.985931	28.861650	28.721468	28.565163	28.396389	28.214767	28.024242	27.824226	27.618656	27.406719	27.192059	26.973660	26.754646	26.533875	26.313770	26.093163	25.873716	25.654358	25.435989	25.217806	
25.215645	25.431311	25.647867	25.864346	26.082306	26.299706	26.518610	26.735912	26.953968	27.168722	27.382631	27.590878	27.795860	27.992281	28.182352	28.360638	28.529068	28.682457	28.822392	28.944328	29.049473	29.134285	29.199572	29.243082	29.265224	29.265226	29.243084	29.199574	29.134285	29.049473	28.944330	28.822393	28.682457	28.529068	28.360638	28.182356	27.992283	27.795860	27.590874	27.382631	27.168720	26.953968	26.735912	26.518610	26.299707	26.082306	25.864346	25.647869	25.431311	25.215647	
25.212177	25.424900	25.637447	25.851486	26.064922	26.280334	26.494270	26.709974	26.922737	27.136219	27.344673	27.551922	27.751476	27.947124	28.132030	28.309721	28.473492	28.626436	28.762451	28.884071	28.986244	29.070854	29.134283	29.177696	29.199209	29.199209	29.177700	29.134285	29.070854	28.986244	28.884071	28.762449	28.626438	28.473492	28.309723	28.132030	27.947124	27.751476	27.551918	27.344669	27.136223	26.922737	26.709974	26.494270	26.280334	26.064922	25.851486	25.637447	25.424898	25.212177	
25.207968	25.415779	25.624800	25.833229	26.043762	26.252935	26.464516	26.673470	26.884346	27.090754	27.297710	27.497787	27.696178	27.884842	28.068842	28.240055	28.403133	28.550419	28.685923	28.802994	28.904821	28.986242	29.049473	29.091246	29.112690	29.112690	29.091244	29.049473	28.986244	28.904823	28.802994	28.685925	28.550415	28.403133	28.240053	28.068844	27.884840	27.696175	27.497787	27.297709	27.090752	26.884346	26.673470	26.464512	26.252934	26.043760	25.833229	25.624800	25.415779	25.207968	
25.202379	25.405453	25.608023	25.812508	26.015776	26.221718	26.425331	26.631680	26.834068	27.038391	27.236595	27.435026	27.624714	27.812094	27.987816	28.158031	28.313641	28.460176	28.589397	28.705933	28.802994	28.884071	28.944328	28.985931	29.006367	29.006363	28.985931	28.944328	28.884071	28.802994	28.705933	28.589396	28.460175	28.313639	28.158031	27.987816	27.812094	27.624714	27.435028	27.236593	27.038393	26.834066	26.631680	26.425331	26.221718	26.015774	25.812508	25.608023	25.405453	25.202379	
25.196331	25.392349	25.589830	25.786282	25.985338	26.182354	26.382534	26.579231	26.778852	26.973059	27.169056	27.357243	27.545185	27.722591	27.896946	28.057907	28.212467	28.350914	28.479361	28.589397	28.685925	28.762451	28.822392	28.861652	28.881981	28.881981	28.861650	28.822392	28.762447	28.685925	28.589394	28.479359	28.350912	28.212467	28.057907	27.896946	27.722588	27.545185	27.357239	27.169054	26.973057	26.778852	26.579229	26.382532	26.182354	25.985336	25.786280	25.589828	25.392349	25.196329	
25.188896	25.378593	25.567516	25.758682	25.948116	26.140781	26.330418	26.523575	26.711975	26.903328	27.087761	27.273666	27.450121	27.625719	27.789146	27.948700	28.093395	28.230770	28.350914	28.460178	28.550419	28.626438	28.682457	28.721466	28.740463	28.740463	28.721466	28.682457	28.626438	28.550415	28.460175	28.350912	28.230766	28.093391	27.948696	27.789145	27.625721	27.450119	27.273666	27.087757	26.903330	26.711975	26.523573	26.330418	26.140781	25.948118	25.758682	25.567516	25.378593	25.188896	
25.181278	25.362127	25.544617	25.725725	25.909805	26.091312	26.276550	26.457661	26.642479	26.821218	27.002758	27.175894	27.350031	27.513210	27.674797	27.822823	27.966091	28.093395	28.212469	28.313641	28.403137	28.473492	28.529070	28.565161	28.584011	28.584011	28.565159	28.529068	28.473488	28.403135	28.313641	28.212467	28.093391	27.966089	27.822821	27.674797	27.513206	27.350033	27.175892	27.002756	26.821217	26.642479	26.457659	26.276550	26.091312	25.909805	25.725725	25.544617	25.362127	25.181280	
25.172342	25.345552	25.517788	25.692471	25.865051	26.041224	26.213879	26.390604	26.562050	26.737209	26.904980	27.075214	27.235680	27.396523	27.545109	27.691286	27.822823	27.948698	28.057907	28.158033	28.240055	28.309723	28.360638	28.396389	28.413654	28.413654	28.396389	28.360636	28.309723	28.240051	28.158033	28.057903	27.948696	27.822823	27.691284	27.545107	27.396524	27.235678	27.075212	26.904976	26.737209	26.562050	26.390606	26.213879	26.041225	25.865049	25.692472	25.517786	25.345554	25.172342	
25.163481	25.326447	25.491142	25.654224	25.820477	25.983812	26.151213	26.314102	26.481211	26.641899	26.806107	26.961708	27.119270	27.265886	27.412130	27.545109	27.674797	27.789143	27.896946	27.987816	28.068842	28.132030	28.182352	28.214767	28.231836	28.231834	28.214767	28.182352	28.132029	28.068840	27.987812	27.896946	27.789141	27.674795	27.545109	27.412132	27.265886	27.119270	26.961706	26.806107	26.641895	26.481213	26.314100	26.151213	25.983810	25.820478	25.654224	25.491146	25.326447	25.163481	
25.153412	25.307711	25.460915	25.616638	25.770042	25.927197	26.080584	26.238319	26.390556	26.546963	26.695881	26.847946	26.990345	27.134056	27.265888	27.396521	27.513208	27.625719	27.722588	27.812094	27.884842	27.947124	27.992279	28.024242	28.039557	28.039555	28.024242	27.992279	27.947121	27.884836	27.812092	27.722584	27.625719	27.513205	27.396523	27.265884	27.134056	26.990341	26.847946	26.695879	26.546963	26.390553	26.238319	26.080582	25.927198	25.770042	25.616640	25.460913	25.307711	25.153412	
25.143633	25.286713	25.431517	25.574596	25.720863	25.864080	26.011448	26.154202	26.301386	26.442150	26.586834	26.723103	26.861977	26.990343	27.119270	27.235680	27.350031	27.450119	27.545183	27.624714	27.696177	27.751476	27.795860	27.824230	27.839283	27.839283	27.824226	27.795858	27.751472	27.696175	27.624710	27.545183	27.450115	27.350031	27.235678	27.119272	26.990339	26.861975	26.723099	26.586836	26.442144	26.301384	26.154196	26.011448	25.864079	25.720867	25.574596	25.431517	25.286709	25.143635	
25.132795	25.266457	25.398979	25.533964	25.666580	25.802887	25.935417	26.072298	26.203777	26.339565	26.468134	26.600197	26.723103	26.847946	26.961708	27.075211	27.175896	27.273664	27.357241	27.435028	27.497787	27.551918	27.590878	27.618654	27.631866	27.631866	27.618656	27.590874	27.551918	27.497782	27.435024	27.357235	27.273664	27.175892	27.075212	26.961702	26.847946	26.723097	26.600197	26.468128	26.339567	26.203773	26.072298	25.935411	25.802887	25.666578	25.533966	25.398979	25.266457	25.132797	
25.122406	25.244259	25.367748	25.489525	25.614344	25.736164	25.861984	25.983356	26.109079	26.228718	26.352352	26.468132	26.586836	26.695881	26.806105	26.904980	27.002754	27.087759	27.169052	27.236595	27.297709	27.344671	27.382629	27.406721	27.419596	27.419594	27.406717	27.382629	27.344667	27.297707	27.236591	27.169052	27.087757	27.002754	26.904974	26.806107	26.695875	26.586834	26.468128	26.352350	26.228712	26.109077	25.983353	25.861984	25.736160	25.614342	25.489523	25.367748	25.244259	25.122410	
25.111130	25.223057	25.333887	25.446991	25.557837	25.672115	25.782831	25.897646	26.007442	26.121384	26.228714	26.339565	26.442146	26.546963	26.641895	26.737209	26.821217	26.903330	26.973057	27.038391	27.090752	27.136223	27.168722	27.192055	27.203077	27.203075	27.192055	27.168720	27.136223	27.090752	27.038393	26.973057	26.903328	26.821217	26.737209	26.641891	26.546963	26.442144	26.339565	26.228712	26.121384	26.007439	25.897644	25.782829	25.672115	25.557835	25.446995	25.333885	25.223055	25.111130	
25.100388	25.200256	25.301592	25.401344	25.503822	25.603561	25.706919	25.806248	25.909565	26.007442	26.109077	26.203773	26.301384	26.390553	26.481209	26.562050	26.642479	26.711975	26.778852	26.834068	26.884346	26.922739	26.953968	26.973661	26.984255	26.984255	26.973660	26.953968	26.922737	26.884348	26.834064	26.778852	26.711975	26.642479	26.562048	26.481209	26.390551	26.301380	26.203772	26.109079	26.007437	25.909565	25.806244	25.706921	25.603561	25.503826	25.401340	25.301592	25.200256	25.100388	
25.088930	25.178551	25.267193	25.357803	25.446415	25.538010	25.626480	25.718544	25.806248	25.897644	25.983356	26.072296	26.154200	26.238316	26.314102	26.390602	26.457661	26.523575	26.579231	26.631678	26.673473	26.709972	26.735912	26.754646	26.763443	26.763443	26.754646	26.735910	26.709976	26.673468	26.631680	26.579227	26.523575	26.457657	26.390604	26.314098	26.238316	26.154196	26.072298	25.983353	25.897644	25.806244	25.718548	25.626476	25.538013	25.446411	25.357807	25.267191	25.178549	25.088932	
25.078020	25.155600	25.234398	25.311844	25.391571	25.468977	25.549419	25.626480	25.706921	25.782831	25.861984	25.935417	26.011448	26.080584	26.151211	26.213882	26.276548	26.330421	26.382532	26.425333	26.464512	26.494272	26.518608	26.533873	26.542130	26.542130	26.533873	26.518608	26.494270	26.464516	26.425329	26.382534	26.330416	26.276548	26.213877	26.151211	26.080580	26.011448	25.935411	25.861984	25.782827	25.706921	25.626476	25.549421	25.468975	25.391575	25.311846	25.234396	25.155598	25.078020	
25.066570	25.133690	25.200012	25.267904	25.334175	25.402832	25.468979	25.538012	25.603561	25.672115	25.736164	25.802891	25.864080	25.927197	25.983814	26.041222	26.091314	26.140781	26.182354	26.221718	26.252935	26.280334	26.299707	26.313770	26.320339	26.320339	26.313770	26.299707	26.280333	26.252934	26.221720	26.182352	26.140781	26.091312	26.041222	25.983807	25.927197	25.864077	25.802887	25.736160	25.672115	25.603559	25.538012	25.468975	25.402836	25.334175	25.267904	25.200012	25.133686	25.066570	
25.055605	25.110872	25.167053	25.222206	25.279072	25.334175	25.391571	25.446415	25.503826	25.557837	25.614342	25.666580	25.720867	25.770044	25.820477	25.865051	25.909805	25.948118	25.985336	26.015778	26.043758	26.064924	26.082306	26.093163	26.099058	26.099056	26.093161	26.082306	26.064922	26.043758	26.015774	25.985336	25.948118	25.909803	25.865047	25.820475	25.770041	25.720865	25.666576	25.614342	25.557835	25.503826	25.446411	25.391571	25.334179	25.279072	25.222208	25.167053	25.110872	25.055605	
25.044266	25.088909	25.132996	25.178169	25.222206	25.267906	25.311844	25.357803	25.401344	25.446991	25.489525	25.533964	25.574596	25.616638	25.654228	25.692471	25.725727	25.758680	25.786282	25.812508	25.833231	25.851484	25.864346	25.873714	25.878075	25.878075	25.873718	25.864346	25.851484	25.833227	25.812508	25.786278	25.758682	25.725723	25.692469	25.654224	25.616636	25.574594	25.533966	25.489521	25.446993	25.401342	25.357803	25.311844	25.267904	25.222206	25.178169	25.132994	25.088905	25.044266	
25.033285	25.066359	25.099998	25.132996	25.167053	25.200012	25.234398	25.267193	25.301594	25.333887	25.367748	25.398981	25.431517	25.460915	25.491144	25.517790	25.544617	25.567516	25.589830	25.608025	25.624802	25.637451	25.647871	25.654358	25.657894	25.657894	25.654358	25.647871	25.637447	25.624802	25.608021	25.589828	25.567516	25.544615	25.517788	25.491142	25.460913	25.431517	25.398979	25.367752	25.333885	25.301594	25.267193	25.234398	25.200012	25.167053	25.132996	25.099997	25.066359	25.033285	
25.022087	25.044367	25.066359	25.088909	25.110872	25.133688	25.155598	25.178549	25.200256	25.223053	25.244259	25.266457	25.286713	25.307713	25.326448	25.345554	25.362129	25.378593	25.392349	25.405451	25.415779	25.424902	25.431313	25.435991	25.438166	25.438168	25.435993	25.431311	25.424902	25.415779	25.405453	25.392347	25.378593	25.362127	25.345551	25.326447	25.307713	25.286711	25.266459	25.244257	25.223057	25.200256	25.178549	25.155598	25.133688	25.110872	25.088909	25.066359	25.044365	25.022087	
25.011078	25.022087	25.033285	25.044266	25.055607	25.066570	25.078020	25.088930	25.100388	25.111130	25.122406	25.132797	25.143633	25.153412	25.163479	25.172344	25.181280	25.188898	25.196331	25.202381	25.207968	25.212175	25.215649	25.217808	25.218983	25.218983	25.217806	25.215647	25.212175	25.207970	25.202381	25.196329	25.188896	25.181278	25.172342	25.163481	25.153412	25.143635	25.132797	25.122410	25.111130	25.100389	25.088930	25.078022	25.066570	25.055605	25.044266	25.033287	25.022087	25.011078	
