25.010582	25.021111	25.031666	25.042049	25.052475	25.062622	25.072809	25.082603	25.092424	25.101738	25.111034	25.119720	25.128321	25.136213	25.143927	25.150856	25.157492	25.163288	25.168671	25.173174	25.177147	25.180225	25.182663	25.184225	25.185047	25.185047	25.184225	25.182659	25.180225	25.177145	25.173174	25.168673	25.163284	25.157492	25.150852	25.143925	25.136211	25.128321	25.119720	25.111034	25.101738	25.092424	25.082603	25.072811	25.062620	25.052475	25.042049	25.031666	25.021111	25.010584	
25.021111	25.042250	25.063162	25.084146	25.104681	25.125305	25.145254	25.165276	25.184402	25.203541	25.221565	25.239485	25.256092	25.272434	25.287285	25.301666	25.314417	25.326469	25.336792	25.346176	25.353777	25.360205	25.364861	25.368130	25.369698	25.369696	25.368126	25.364861	25.360205	25.353777	25.346176	25.336792	25.326469	25.314415	25.301666	25.287279	25.272432	25.256088	25.239485	25.221561	25.203541	25.184402	25.165276	25.145254	25.125305	25.104681	25.084146	25.063162	25.042248	25.021111	
25.031664	25.063160	25.094734	25.125803	25.156996	25.187351	25.217831	25.247135	25.276512	25.304386	25.332193	25.358185	25.383904	25.407526	25.430595	25.451330	25.471186	25.488525	25.504631	25.518101	25.529984	25.539198	25.546484	25.551163	25.553619	25.553621	25.551163	25.546482	25.539198	25.529984	25.518101	25.504631	25.488522	25.471188	25.451328	25.430597	25.407520	25.383905	25.358185	25.332195	25.304382	25.276514	25.247139	25.217831	25.187349	25.156996	25.125803	25.094734	25.063162	25.031664	
25.042048	25.084146	25.125803	25.167591	25.208494	25.249565	25.289307	25.329178	25.367283	25.405386	25.441296	25.476973	25.510063	25.542595	25.572187	25.600821	25.626228	25.650225	25.670792	25.689468	25.704617	25.717411	25.726692	25.733194	25.736322	25.736320	25.733196	25.726690	25.717409	25.704617	25.689468	25.670790	25.650225	25.626228	25.600822	25.572184	25.542597	25.510057	25.476974	25.441294	25.405388	25.367283	25.329182	25.289309	25.249565	25.208496	25.167591	25.125803	25.084146	25.042048	
25.052477	25.104679	25.156996	25.208492	25.260178	25.310497	25.360996	25.409584	25.458244	25.504461	25.550518	25.593622	25.636217	25.675392	25.713600	25.747984	25.780872	25.809622	25.836296	25.858639	25.878311	25.893597	25.905661	25.913425	25.917490	25.917492	25.913425	25.905663	25.893597	25.878313	25.858635	25.836296	25.809620	25.780876	25.747982	25.713600	25.675385	25.636219	25.593616	25.550520	25.504459	25.458246	25.409584	25.360996	25.310497	25.260178	25.208496	25.156996	25.104679	25.052477	
25.062618	25.125305	25.187347	25.249565	25.310497	25.371635	25.430847	25.490192	25.546968	25.603672	25.657185	25.710278	25.759588	25.808002	25.852102	25.894711	25.932577	25.968281	25.998936	26.026722	26.049305	26.068336	26.082172	26.091846	26.096508	26.096506	26.091846	26.082172	26.068336	26.049305	26.026726	25.998934	25.968285	25.932575	25.894714	25.852097	25.808002	25.759583	25.710281	25.657181	25.603676	25.546967	25.490192	25.430847	25.371637	25.310499	25.249565	25.187351	25.125305	25.062620	
25.072811	25.145252	25.217831	25.289307	25.360996	25.430847	25.500879	25.568342	25.635815	25.699987	25.763845	25.823698	25.882755	25.937153	25.990126	26.037880	26.083467	26.123400	26.160372	26.191402	26.218674	26.239902	26.256628	26.267414	26.273046	26.273048	26.267410	26.256628	26.239902	26.218674	26.191402	26.160374	26.123398	26.083473	26.037874	25.990128	25.937149	25.882757	25.823696	25.763847	25.699986	25.635815	25.568338	25.500881	25.430847	25.360994	25.289309	25.217831	25.145256	25.072809	
25.082605	25.165277	25.247139	25.329180	25.409586	25.490192	25.568342	25.646568	25.721516	25.796253	25.866898	25.936869	26.001974	26.065767	26.124001	26.180143	26.230146	26.277191	26.317671	26.354282	26.384102	26.409180	26.427448	26.440195	26.446350	26.446348	26.440195	26.427448	26.409180	26.384102	26.354284	26.317671	26.277193	26.230146	26.180147	26.123997	26.065771	26.001968	25.936872	25.866894	25.796255	25.721512	25.646572	25.568340	25.490192	25.409584	25.329178	25.247137	25.165277	25.082603	
25.092422	25.184402	25.276512	25.367285	25.458248	25.546970	25.635815	25.721516	25.807102	25.888636	25.969625	26.045681	26.120569	26.189703	26.256870	26.317562	26.375366	26.426121	26.472996	26.512438	26.547009	26.573997	26.595198	26.608906	26.616047	26.616049	26.608906	26.595196	26.573997	26.547012	26.512438	26.472996	26.426121	26.375370	26.317560	26.256874	26.189697	26.120575	26.045679	25.969629	25.888632	25.807102	25.721512	25.635815	25.546965	25.458244	25.367281	25.276514	25.184402	25.092424	
25.101738	25.203541	25.304386	25.405386	25.504461	25.603674	25.699987	25.796255	25.888638	25.980595	26.067686	26.153763	26.234037	26.312508	26.384315	26.453369	26.515038	26.572889	26.622814	26.667837	26.704617	26.735453	26.757988	26.773659	26.781252	26.781250	26.773661	26.757988	26.735453	26.704617	26.667839	26.622814	26.572891	26.515034	26.453371	26.384314	26.312510	26.234032	26.153765	26.067682	25.980595	25.888634	25.796257	25.699982	25.603674	25.504459	25.405384	25.304384	25.203543	25.101738	
25.111034	25.221561	25.332193	25.441292	25.550522	25.657185	25.763847	25.866898	25.969627	26.067686	26.164879	26.256367	26.346222	26.429392	26.509975	26.583000	26.652344	26.713413	26.769638	26.817104	26.858570	26.891047	26.916473	26.932970	26.941538	26.941540	26.932968	26.916473	26.891048	26.858572	26.817104	26.769642	26.713413	26.652346	26.582996	26.509979	26.429390	26.346226	26.256363	26.164881	26.067682	25.969627	25.866894	25.763847	25.657181	25.550520	25.441292	25.332191	25.221563	25.111036	
25.119720	25.239485	25.358183	25.476974	25.593620	25.710279	25.823698	25.936869	26.045683	26.153763	26.256367	26.357519	26.452105	26.544304	26.628923	26.710049	26.782726	26.850687	26.909529	26.962416	27.005768	27.041985	27.068546	27.086954	27.095903	27.095903	27.086956	27.068548	27.041986	27.005768	26.962418	26.909531	26.850691	26.782724	26.710051	26.628922	26.544304	26.452101	26.357521	26.256365	26.153765	26.045681	25.936871	25.823694	25.710278	25.593618	25.476973	25.358185	25.239485	25.119720	
25.128321	25.256088	25.383905	25.510059	25.636221	25.759586	25.882755	26.001972	26.120571	26.234037	26.346224	26.452105	26.555805	26.652073	26.745060	26.829590	26.909599	26.980303	27.045170	27.100122	27.147961	27.185564	27.214893	27.233997	27.243881	27.243881	27.233994	27.214895	27.185562	27.147963	27.100122	27.045172	26.980301	26.909601	26.829590	26.745060	26.652069	26.555807	26.452101	26.346224	26.234037	26.120571	26.001970	25.882755	25.759583	25.636215	25.510057	25.383905	25.256088	25.128321	
25.136211	25.272432	25.407522	25.542595	25.675386	25.808002	25.937153	26.065767	26.189701	26.312508	26.429392	26.544304	26.652071	26.756794	26.853226	26.945356	27.028187	27.105358	27.172426	27.232479	27.281889	27.323013	27.353291	27.374193	27.384394	27.384392	27.374191	27.353291	27.323013	27.281891	27.232477	27.172428	27.105360	27.028185	26.945358	26.853224	26.756794	26.652071	26.544304	26.429392	26.312508	26.189701	26.065769	25.937149	25.808001	25.675385	25.542595	25.407522	25.272432	25.136211	
25.143925	25.287283	25.430599	25.572186	25.713604	25.852100	25.990128	26.123999	26.256872	26.384315	26.509979	26.628923	26.745058	26.853226	26.957344	27.052340	27.141911	27.221375	27.293991	27.355759	27.409306	27.451572	27.484404	27.505875	27.516939	27.516939	27.505875	27.484404	27.451572	27.409306	27.355759	27.293991	27.221375	27.141914	27.052338	26.957346	26.853226	26.745060	26.628923	26.509979	26.384315	26.256872	26.123999	25.990128	25.852097	25.713602	25.572182	25.430595	25.287281	25.143925	
25.150854	25.301666	25.451330	25.600824	25.747982	25.894712	26.037876	26.180145	26.317562	26.453371	26.583000	26.710049	26.829594	26.945356	27.052338	27.154171	27.246075	27.331364	27.405787	27.472147	27.526981	27.572422	27.606022	27.629118	27.640436	27.640434	27.629116	27.606022	27.572422	27.526981	27.472145	27.405787	27.331364	27.246075	27.154171	27.052340	26.945356	26.829594	26.710051	26.583000	26.453369	26.317560	26.180145	26.037874	25.894712	25.747978	25.600822	25.451328	25.301666	25.150854	
25.157494	25.314417	25.471191	25.626228	25.780876	25.932579	26.083469	26.230148	26.375366	26.515038	26.652344	26.782726	26.909597	27.028183	27.141911	27.246075	27.343899	27.431042	27.510338	27.578077	27.636545	27.682905	27.718752	27.742304	27.754383	27.754383	27.742302	27.718754	27.682907	27.636547	27.578079	27.510338	27.431038	27.343899	27.246075	27.141912	27.028183	26.909597	26.782726	26.652342	26.515038	26.375368	26.230146	26.083473	25.932575	25.780874	25.626226	25.471186	25.314415	25.157494	
25.163286	25.326471	25.488523	25.650227	25.809622	25.968285	26.123400	26.277191	26.426123	26.572891	26.713413	26.850687	26.980305	27.105358	27.221375	27.331362	27.431040	27.523149	27.603876	27.675533	27.735020	27.784084	27.820539	27.845474	27.857756	27.857754	27.845474	27.820539	27.784086	27.735020	27.675537	27.603874	27.523151	27.431038	27.331364	27.221375	27.105358	26.980303	26.850689	26.713413	26.572891	26.426121	26.277191	26.123398	25.968285	25.809620	25.650225	25.488523	25.326469	25.163286	
25.168671	25.336792	25.504631	25.670792	25.836296	25.998936	26.160374	26.317673	26.472994	26.622818	26.769640	26.909534	27.045168	27.172432	27.293989	27.405788	27.510336	27.603876	27.688616	27.761337	27.823814	27.873585	27.911884	27.937174	27.950079	27.950081	27.937172	27.911888	27.873587	27.823818	27.761337	27.688618	27.603874	27.510338	27.405788	27.293989	27.172426	27.045168	26.909531	26.769638	26.622816	26.472994	26.317671	26.160374	25.998936	25.836298	25.670792	25.504629	25.336792	25.168671	
25.173174	25.346176	25.518101	25.689470	25.858639	26.026726	26.191404	26.354284	26.512440	26.667839	26.817104	26.962418	27.100124	27.232475	27.355759	27.472143	27.578079	27.675533	27.761337	27.837147	27.900379	27.952284	27.991034	28.017410	28.030468	28.030466	28.017412	27.991035	27.952284	27.900381	27.837151	27.761337	27.675533	27.578079	27.472145	27.355759	27.232477	27.100122	26.962418	26.817104	26.667835	26.512440	26.354282	26.191402	26.026726	25.858635	25.689468	25.518101	25.346174	25.173172	
25.177143	25.353777	25.529984	25.704618	25.878311	26.049305	26.218674	26.384104	26.547009	26.704618	26.858572	27.005770	27.147959	27.281893	27.409306	27.526985	27.636547	27.735020	27.823816	27.900377	27.965843	28.018246	28.058372	28.084999	28.098518	28.098520	28.084997	28.058372	28.018244	27.965843	27.900379	27.823816	27.735020	27.636549	27.526983	27.409304	27.281893	27.147959	27.005768	26.858566	26.704618	26.547005	26.384102	26.218672	26.049305	25.878311	25.704617	25.529982	25.353775	25.177145	
25.180223	25.360203	25.539196	25.717409	25.893597	26.068338	26.239904	26.409178	26.573997	26.735453	26.891047	27.041985	27.185566	27.323015	27.451572	27.572422	27.682907	27.784088	27.873585	27.952286	28.018246	28.072123	28.112549	28.139925	28.153547	28.153547	28.139927	28.112549	28.072124	28.018246	27.952286	27.873585	27.784084	27.682907	27.572418	27.451574	27.323013	27.185562	27.041983	26.891045	26.735449	26.573997	26.409176	26.239904	26.068336	25.893597	25.717411	25.539196	25.360203	25.180223	
25.182659	25.364861	25.546482	25.726692	25.905659	26.082172	26.256626	26.427450	26.595194	26.757988	26.916473	27.068550	27.214895	27.353291	27.484406	27.606026	27.718754	27.820541	27.911888	27.991035	28.058374	28.112549	28.153828	28.181351	28.195259	28.195263	28.181353	28.153826	28.112551	28.058376	27.991035	27.911888	27.820539	27.718754	27.606026	27.484402	27.353294	27.214891	27.068548	26.916470	26.757988	26.595192	26.427448	26.256624	26.082172	25.905659	25.726692	25.546482	25.364861	25.182659	
25.184225	25.368128	25.551165	25.733194	25.913425	26.091846	26.267412	26.440193	26.608906	26.773661	26.932968	27.086958	27.233997	27.374191	27.505877	27.629118	27.742306	27.845472	27.937174	28.017410	28.084999	28.139927	28.181353	28.209263	28.223221	28.223221	28.209263	28.181355	28.139927	28.085003	28.017412	27.937174	27.845472	27.742306	27.629118	27.505878	27.374191	27.233995	27.086956	26.932968	26.773657	26.608904	26.440193	26.267410	26.091846	25.913425	25.733194	25.551163	25.368126	25.184225	
25.185045	25.369698	25.553619	25.736320	25.917492	26.096506	26.273048	26.446350	26.616049	26.781252	26.941538	27.095905	27.243881	27.384392	27.516939	27.640438	27.754383	27.857756	27.950077	28.030468	28.098522	28.153549	28.195263	28.223221	28.237276	28.237278	28.223223	28.195263	28.153551	28.098522	28.030468	27.950077	27.857754	27.754385	27.640438	27.516939	27.384392	27.243879	27.095903	26.941536	26.781250	26.616047	26.446348	26.273045	26.096508	25.917490	25.736320	25.553619	25.369698	25.185043	
25.185045	25.369698	25.553619	25.736320	25.917492	26.096506	26.273048	26.446350	26.616049	26.781252	26.941538	27.095905	27.243881	27.384392	27.516939	27.640438	27.754383	27.857756	27.950077	28.030468	28.098522	28.153549	28.195263	28.223221	28.237276	28.237278	28.223223	28.195263	28.153551	28.098522	28.030468	27.950077	27.857754	27.754385	27.640438	27.516939	27.384392	27.243879	27.095903	26.941536	26.781250	26.616047	26.446348	26.273045	26.096508	25.917490	25.736320	25.553619	25.369698	25.185043	
25.184225	25.368128	25.551165	25.733194	25.913425	26.091846	26.267412	26.440193	26.608906	26.773661	26.932968	27.086958	27.233997	27.374191	27.505877	27.629118	27.742306	27.845472	27.937174	28.017410	28.084999	28.139927	28.181353	28.209263	28.223221	28.223221	28.209263	28.181355	28.139927	28.085003	28.017412	27.937174	27.845472	27.742306	27.629118	27.505878	27.374191	27.233995	27.086956	26.932968	26.773657	26.608904	26.440193	26.267410	26.091846	25.913425	25.733194	25.551163	25.368126	25.184225	
25.182659	25.364861	25.546482	25.726692	25.905659	26.082172	26.256626	26.427450	26.595194	26.757988	26.916473	27.068550	27.214895	27.353291	27.484406	27.606026	27.718754	27.820541	27.911888	27.991035	28.058374	28.112549	28.153828	28.181351	28.195259	28.195263	28.181353	28.153826	28.112551	28.058376	27.991035	27.911888	27.820539	27.718754	27.606026	27.484402	27.353294	27.214891	27.068548	26.916470	26.757988	26.595192	26.427448	26.256624	26.082172	25.905659	25.726692	25.546482	25.364861	25.182659	
25.180223	25.360203	25.539196	25.717409	25.893597	26.068338	26.239904	26.409178	26.573997	26.735453	26.891047	27.041985	27.185566	27.323015	27.451572	27.572422	27.682907	27.784088	27.873585	27.952286	28.018246	28.072123	28.112549	28.139925	28.153547	28.153547	28.139927	28.112549	28.072124	28.018246	27.952286	27.873585	27.784084	27.682907	27.572418	27.451574	27.323013	27.185562	27.041983	26.891045	26.735449	26.573997	26.409176	26.239904	26.068336	25.893597	25.717411	25.539196	25.360203	25.180223	
25.177143	25.353777	25.529984	25.704618	25.878311	26.049305	26.218674	26.384104	26.547009	26.704618	26.858572	27.005770	27.147959	27.281893	27.409306	27.526985	27.636547	27.735020	27.823816	27.900377	27.965843	28.018246	28.058372	28.084999	28.098518	28.098520	28.084997	28.058372	28.018244	27.965843	27.900379	27.823816	27.735020	27.636549	27.526983	27.409304	27.281893	27.147959	27.005768	26.858566	26.704618	26.547005	26.384102	26.218672	26.049305	25.878311	25.704617	25.529982	25.353775	25.177145	
25.173174	25.346176	25.518101	25.689470	25.858639	26.026726	26.191404	26.354284	26.512440	26.667839	26.817104	26.962418	27.100124	27.232475	27.355759	27.472143	27.578079	27.675533	27.761337	27.837147	27.900379	27.952284	27.991034	28.017410	28.030468	28.030466	28.017412	27.991035	27.952284	27.900381	27.837151	27.761337	27.675533	27.578079	27.472145	27.355759	27.232477	27.100122	26.962418	26.817104	26.667835	26.512440	26.354282	26.191402	26.026726	25.858635	25.689468	25.518101	25.346174	25.173172	
25.168671	25.336792	25.504631	25.670792	25.836296	25.998936	26.160374	26.317673	26.472994	26.622818	26.769640	26.909534	27.045168	27.172432	27.293989	27.405788	27.510336	27.603876	27.688616	27.761337	27.823814	27.873585	27.911884	27.937174	27.950079	27.950081	27.937172	27.911888	27.873587	27.823818	27.761337	27.688618	27.603874	27.510338	27.405788	27.293989	27.172426	27.045168	26.909531	26.769638	26.622816	26.472994	26.317671	26.160374	25.998936	25.836298	25.670792	25.504629	25.336792	25.168671	
25.163286	25.326471	25.488523	25.650227	25.809622	25.968285	26.123400	26.277191	26.426123	26.572891	26.713413	26.850687	26.980305	27.105358	27.221375	27.331362	27.431040	27.523149	27.603876	27.675533	27.735020	27.784084	27.820539	27.845474	27.857756	27.857754	27.845474	27.820539	27.784086	27.735020	27.675537	27.603874	27.523151	27.431038	27.331364	27.221375	27.105358	26.980303	26.850689	26.713413	26.572891	26.426121	26.277191	26.123398	25.968285	25.809620	25.650225	25.488523	25.326469	25.163286	
25.157494	25.314417	25.471191	25.626228	25.780876	25.932579	26.083469	26.230148	26.375366	26.515038	26.652344	26.782726	26.909597	27.028183	27.141911	27.246075	27.343899	27.431042	27.510338	27.578077	27.636545	27.682905	27.718752	27.742304	27.754383	27.754383	27.742302	27.718754	27.682907	27.636547	27.578079	27.510338	27.431038	27.343899	27.246075	27.141912	27.028183	26.909597	26.782726	26.652342	26.515038	26.375368	26.230146	26.083473	25.932575	25.780874	25.626226	25.471186	25.314415	25.157494	
25.150854	25.301666	25.451330	25.600824	25.747982	25.894712	26.037876	26.180145	26.317562	26.453371	26.583000	26.710049	26.829594	26.945356	27.052338	27.154171	27.246075	27.331364	27.405787	27.472147	27.526981	27.572422	27.606022	27.629118	27.640436	27.640434	27.629116	27.606022	27.572422	27.526981	27.472145	27.405787	27.331364	27.246075	27.154171	27.052340	26.945356	26.829594	26.710051	26.583000	26.453369	26.317560	26.180145	26.037874	25.894712	25.747978	25.600822	25.451328	25.301666	25.150854	
25.143925	25.287283	25.430599	25.572186	25.713604	25.852100	25.990128	26.123999	26.256872	26.384315	26.509979	26.628923	26.745058	26.853226	26.957344	27.052340	27.141911	27.221375	27.293991	27.355759	27.409306	27.451572	27.484404	27.505875	27.516939	27.516939	27.505875	27.484404	27.451572	27.409306	27.355759	27.293991	27.221375	27.141914	27.052338	26.957346	26.853226	26.745060	26.628923	26.509979	26.384315	26.256872	26.123999	25.990128	25.852097	25.713602	25.572182	25.430595	25.287281	25.143925	
25.136211	25.272432	25.407522	25.542595	25.675386	25.808002	25.937153	26.065767	26.189701	26.312508	26.429392	26.544304	26.652071	26.756794	26.853226	26.945356	27.028187	27.105358	27.172426	27.232479	27.281889	27.323013	27.353291	27.374193	27.384394	27.384392	27.374191	27.353291	27.323013	27.281891	27.232477	27.172428	27.105360	27.028185	26.945358	26.853224	26.756794	26.652071	26.544304	26.429392	26.312508	26.189701	26.065769	25.937149	25.808001	25.675385	25.542595	25.407522	25.272432	25.136211	
25.128321	25.256088	25.383905	25.510059	25.636221	25.759586	25.882755	26.001972	26.120571	26.234037	26.346224	26.452105	26.555805	26.652073	26.745060	26.829590	26.909599	26.980303	27.045170	27.100122	27.147961	27.185564	27.214893	27.233997	27.243881	27.243881	27.233994	27.214895	27.185562	27.147963	27.100122	27.045172	26.980301	26.909601	26.829590	26.745060	26.652069	26.555807	26.452101	26.346224	26.234037	26.120571	26.001970	25.882755	25.759583	25.636215	25.510057	25.383905	25.256088	25.128321	
25.119720	25.239485	25.358183	25.476974	25.593620	25.710279	25.823698	25.936869	26.045683	26.153763	26.256367	26.357519	26.452105	26.544304	26.628923	26.710049	26.782726	26.850687	26.909529	26.962416	27.005768	27.041985	27.068546	27.086954	27.095903	27.095903	27.086956	27.068548	27.041986	27.005768	26.962418	26.909531	26.850691	26.782724	26.710051	26.628922	26.544304	26.452101	26.357521	26.256365	26.153765	26.045681	25.936871	25.823694	25.710278	25.593618	25.476973	25.358185	25.239485	25.119720	
25.111034	25.221561	25.332193	25.441292	25.550522	25.657185	25.763847	25.866898	25.969627	26.067686	26.164879	26.256367	26.346222	26.429392	26.509975	26.583000	26.652344	26.713413	26.769638	26.817104	26.858570	26.891047	26.916473	26.932970	26.941538	26.941540	26.932968	26.916473	26.891048	26.858572	26.817104	26.769642	26.713413	26.652346	26.582996	26.509979	26.429390	26.346226	26.256363	26.164881	26.067682	25.969627	25.866894	25.763847	25.657181	25.550520	25.441292	25.332191	25.221563	25.111036	
25.101738	25.203541	25.304386	25.405386	25.504461	25.603674	25.699987	25.796255	25.888638	25.980595	26.067686	26.153763	26.234037	26.312508	26.384315	26.453369	26.515038	26.572889	26.622814	26.667837	26.704617	26.735453	26.757988	26.773659	26.781252	26.781250	26.773661	26.757988	26.735453	26.704617	26.667839	26.622814	26.572891	26.515034	26.453371	26.384314	26.312510	26.234032	26.153765	26.067682	25.980595	25.888634	25.796257	25.699982	25.603674	25.504459	25.405384	25.304384	25.203543	25.101738	
25.092422	25.184402	25.276512	25.367285	25.458248	25.546970	25.635815	25.721516	25.807102	25.888636	25.969625	26.045681	26.120569	26.189703	26.256870	26.317562	26.375366	26.426121	26.472996	26.512438	26.547009	26.573997	26.595198	26.608906	26.616047	26.616049	26.608906	26.595196	26.573997	26.547012	26.512438	26.472996	26.426121	26.375370	26.317560	26.256874	26.189697	26.120575	26.045679	25.969629	25.888632	25.807102	25.721512	25.635815	25.546965	25.458244	25.367281	25.276514	25.184402	25.092424	
25.082605	25.165277	25.247139	25.329180	25.409586	25.490192	25.568342	25.646568	25.721516	25.796253	25.866898	25.936869	26.001974	26.065767	26.124001	26.180143	26.230146	26.277191	26.317671	26.354282	26.384102	26.409180	26.427448	26.440195	26.446350	26.446348	26.440195	26.427448	26.409180	26.384102	26.354284	26.317671	26.277193	26.230146	26.180147	26.123997	26.065771	26.001968	25.936872	25.866894	25.796255	25.721512	25.646572	25.568340	25.490192	25.409584	25.329178	25.247137	25.165277	25.082603	
25.072811	25.145252	25.217831	25.289307	25.360996	25.430847	25.500879	25.568342	25.635815	25.699987	25.763845	25.823698	25.882755	25.937153	25.990126	26.037880	26.083467	26.123400	26.160372	26.191402	26.218674	26.239902	26.256628	26.267414	26.273046	26.273048	26.267410	26.256628	26.239902	26.218674	26.191402	26.160374	26.123398	26.083473	26.037874	25.990128	25.937149	25.882757	25.823696	25.763847	25.699986	25.635815	25.568338	25.500881	25.430847	25.360994	25.289309	25.217831	25.145256	25.072809	
25.062618	25.125305	25.187347	25.249565	25.310497	25.371635	25.430847	25.490192	25.546968	25.603672	25.657185	25.710278	25.759588	25.808002	25.852102	25.894711	25.932577	25.968281	25.998936	26.026722	26.049305	26.068336	26.082172	26.091846	26.096508	26.096506	26.091846	26.082172	26.068336	26.049305	26.026726	25.998934	25.968285	25.932575	25.894714	25.852097	25.808002	25.759583	25.710281	25.657181	25.603676	25.546967	25.490192	25.430847	25.371637	25.310499	25.249565	25.187351	25.125305	25.062620	
25.052477	25.104679	25.156996	25.208492	25.260178	25.310497	25.360996	25.409584	25.458244	25.504461	25.550518	25.593622	25.636217	25.675392	25.713600	25.747984	25.780872	25.809622	25.836296	25.858639	25.878311	25.893597	25.905661	25.913425	25.917490	25.917492	25.913425	25.905663	25.893597	25.878313	25.858635	25.836296	25.809620	25.780876	25.747982	25.713600	25.675385	25.636219	25.593616	25.550520	25.504459	25.458246	25.409584	25.360996	25.310497	25.260178	25.208496	25.156996	25.104679	25.052477	
25.042048	25.084146	25.125803	25.167591	25.208494	25.249565	25.289307	25.329178	25.367283	25.405386	25.441296	25.476973	25.510063	25.542595	25.572187	25.600821	25.626228	25.650225	25.670792	25.689468	25.704617	25.717411	25.726692	25.733194	25.736322	25.736320	25.733196	25.726690	25.717409	25.704617	25.689468	25.670790	25.650225	25.626228	25.600822	25.572184	25.542597	25.510057	25.476974	25.441294	25.405388	25.367283	25.329182	25.289309	25.249565	25.208496	25.167591	25.125803	25.084146	25.042048	
25.031664	25.063160	25.094734	25.125803	25.156996	25.187351	25.217831	25.247135	25.276512	25.304386	25.332193	25.358185	25.383904	25.407526	25.430595	25.451330	25.471186	25.488525	25.504631	25.518101	25.529984	25.539198	25.546484	25.551163	25.553619	25.553621	25.551163	25.546482	25.539198	25.529984	25.518101	25.504631	25.488522	25.471188	25.451328	25.430597	25.407520	25.383905	25.358185	25.332195	25.304382	25.276514	25.247139	25.217831	25.187349	25.156996	25.125803	25.094734	25.063162	25.031664	
25.021111	25.042250	25.063162	25.084146	25.104681	25.125305	25.145254	25.165276	25.184402	25.203541	25.221565	25.239485	25.256092	25.272434	25.287285	25.301666	25.314417	25.326469	25.336792	25.346176	25.353777	25.360205	25.364861	25.368130	25.369698	25.369696	25.368126	25.364861	25.360205	25.353777	25.346176	25.336792	25.326469	25.314415	25.301666	25.287279	25.272432	25.256088	25.239485	25.221561	25.203541	25.184402	25.165276	25.145254	25.125305	25.104681	25.084146	25.063162	25.042248	25.021111	
25.010582	25.021111	25.031666	25.042049	25.052475	25.062622	25.072809	25.082603	25.092424	25.101738	25.111034	25.119720	25.128321	25.136213	25.143927	25.150856	25.157492	25.163288	25.168671	25.173174	25.177147	25.180225	25.182663	25.184225	25.185047	25.185047	25.184225	25.182659	25.180225	25.177145	25.173174	25.168673	25.163284	25.157492	25.150852	25.143925	25.136211	25.128321	25.119720	25.111034	25.101738	25.092424	25.082603	25.072811	25.062620	25.052475	25.042049	25.031666	25.021111	25.010584	
