25.000233	25.000465	25.000696	25.000925	25.001148	25.001368	25.001581	25.001793	25.001993	25.002188	25.002373	25.002552	25.002720	25.002876	25.003021	25.003155	25.003279	25.003389	25.003487	25.003571	25.003643	25.003700	25.003740	25.003771	25.003784	25.003784	25.003769	25.003742	25.003696	25.003641	25.003571	25.003487	25.003387	25.003277	25.003157	25.003021	25.002876	25.002718	25.002552	25.002375	25.002188	25.001993	25.001791	25.001583	25.001369	25.001148	25.000923	25.000696	25.000465	25.000233	
25.000465	25.000931	25.001389	25.001844	25.002289	25.002729	25.003159	25.003574	25.003979	25.004366	25.004740	25.005089	25.005426	25.005739	25.006033	25.006302	25.006546	25.006765	25.006962	25.007130	25.007271	25.007383	25.007469	25.007526	25.007555	25.007553	25.007526	25.007469	25.007385	25.007271	25.007130	25.006962	25.006767	25.006546	25.006300	25.006031	25.005737	25.005424	25.005093	25.004738	25.004368	25.003979	25.003576	25.003160	25.002731	25.002293	25.001842	25.001389	25.000929	25.000465	
25.000698	25.001389	25.002077	25.002756	25.003426	25.004082	25.004723	25.005346	25.005951	25.006531	25.007084	25.007614	25.008112	25.008583	25.009018	25.009420	25.009785	25.010117	25.010406	25.010658	25.010870	25.011042	25.011169	25.011253	25.011295	25.011297	25.011253	25.011169	25.011040	25.010872	25.010660	25.010406	25.010117	25.009787	25.009422	25.009018	25.008583	25.008114	25.007612	25.007088	25.006531	25.005949	25.005348	25.004723	25.004086	25.003426	25.002758	25.002075	25.001389	25.000694	
25.000923	25.001844	25.002754	25.003660	25.004547	25.005421	25.006269	25.007097	25.007896	25.008667	25.009405	25.010105	25.010769	25.011393	25.011971	25.012505	25.012993	25.013428	25.013817	25.014149	25.014429	25.014656	25.014826	25.014938	25.014996	25.014996	25.014940	25.014824	25.014656	25.014429	25.014149	25.013815	25.013430	25.012989	25.012505	25.011972	25.011391	25.010771	25.010107	25.009403	25.008669	25.007898	25.007095	25.006271	25.005419	25.004549	25.003658	25.002756	25.001842	25.000923	
25.001148	25.002293	25.003426	25.004547	25.005653	25.006735	25.007793	25.008820	25.009817	25.010771	25.011688	25.012562	25.013386	25.014160	25.014879	25.015545	25.016148	25.016691	25.017170	25.017586	25.017933	25.018215	25.018425	25.018566	25.018639	25.018639	25.018566	25.018425	25.018213	25.017933	25.017584	25.017170	25.016689	25.016148	25.015543	25.014877	25.014160	25.013388	25.012560	25.011690	25.010773	25.009815	25.008823	25.007793	25.006737	25.005651	25.004549	25.003426	25.002291	25.001148	
25.001369	25.002731	25.004082	25.005421	25.006733	25.008026	25.009285	25.010513	25.011696	25.012836	25.013927	25.014971	25.015949	25.016872	25.017731	25.018522	25.019241	25.019890	25.020462	25.020954	25.021370	25.021704	25.021957	25.022125	25.022207	25.022209	25.022123	25.021955	25.021702	25.021370	25.020954	25.020458	25.019890	25.019241	25.018520	25.017731	25.016872	25.015953	25.014969	25.013927	25.012838	25.011696	25.010509	25.009287	25.008028	25.006737	25.005419	25.004082	25.002731	25.001368	
25.001583	25.003159	25.004726	25.006269	25.007793	25.009285	25.010746	25.012161	25.013535	25.014851	25.016117	25.017319	25.018456	25.019522	25.020515	25.021431	25.022263	25.023012	25.023674	25.024246	25.024727	25.025112	25.025402	25.025597	25.025694	25.025696	25.025597	25.025402	25.025110	25.024725	25.024242	25.023674	25.023010	25.022263	25.021429	25.020515	25.019524	25.018456	25.017319	25.016117	25.014851	25.013533	25.012161	25.010746	25.009289	25.007793	25.006271	25.004725	25.003159	25.001581	
25.001793	25.003578	25.005346	25.007099	25.008820	25.010513	25.012161	25.013767	25.015320	25.016815	25.018242	25.019604	25.020889	25.022099	25.023220	25.024256	25.025200	25.026047	25.026794	25.027443	25.027987	25.028423	25.028753	25.028973	25.029083	25.029083	25.028975	25.028751	25.028423	25.027985	25.027443	25.026794	25.026051	25.025198	25.024258	25.023220	25.022097	25.020889	25.019604	25.018242	25.016811	25.015316	25.013765	25.012161	25.010509	25.008821	25.007097	25.005348	25.003574	25.001791	
25.001995	25.003979	25.005955	25.007896	25.009815	25.011694	25.013535	25.015320	25.017048	25.018707	25.020302	25.021814	25.023245	25.024590	25.025841	25.026993	25.028042	25.028984	25.029816	25.030537	25.031143	25.031628	25.031994	25.032240	25.032362	25.032364	25.032238	25.031998	25.031628	25.031143	25.030535	25.029819	25.028982	25.028042	25.026989	25.025839	25.024590	25.023245	25.021812	25.020298	25.018705	25.017044	25.015316	25.013531	25.011698	25.009815	25.007896	25.005947	25.003979	25.001993	
25.002190	25.004370	25.006531	25.008671	25.010773	25.012836	25.014851	25.016813	25.018707	25.020535	25.022280	25.023941	25.025513	25.026989	25.028358	25.029625	25.030777	25.031811	25.032724	25.033516	25.034180	25.034714	25.035114	25.035385	25.035519	25.035519	25.035385	25.035114	25.034716	25.034178	25.033516	25.032722	25.031811	25.030773	25.029623	25.028358	25.026985	25.025513	25.023941	25.022278	25.020531	25.018707	25.016811	25.014851	25.012836	25.010773	25.008665	25.006531	25.004368	25.002188	
25.002373	25.004738	25.007088	25.009405	25.011690	25.013927	25.016117	25.018242	25.020302	25.022280	25.024174	25.025978	25.027683	25.029284	25.030771	25.032143	25.033394	25.034517	25.035511	25.036366	25.037086	25.037666	25.038103	25.038393	25.038540	25.038542	25.038395	25.038101	25.037666	25.037090	25.036366	25.035509	25.034515	25.033394	25.032141	25.030769	25.029282	25.027683	25.025974	25.024174	25.022278	25.020298	25.018240	25.016115	25.013929	25.011688	25.009403	25.007084	25.004738	25.002373	
25.002552	25.005093	25.007614	25.010109	25.012562	25.014969	25.017319	25.019606	25.021814	25.023941	25.025978	25.027916	25.029747	25.031467	25.033066	25.034542	25.035887	25.037092	25.038158	25.039082	25.039852	25.040476	25.040947	25.041258	25.041418	25.041414	25.041260	25.040943	25.040478	25.039852	25.039082	25.038155	25.037094	25.035881	25.034542	25.033066	25.031466	25.029747	25.027914	25.025974	25.023937	25.021812	25.019602	25.017319	25.014969	25.012560	25.010105	25.007614	25.005091	25.002552	
25.002720	25.005428	25.008114	25.010771	25.013386	25.015953	25.018459	25.020891	25.023247	25.025513	25.027685	25.029749	25.031700	25.033531	25.035238	25.036808	25.038242	25.039528	25.040665	25.041645	25.042469	25.043133	25.043633	25.043968	25.044132	25.044136	25.043964	25.043633	25.043133	25.042471	25.041645	25.040663	25.039524	25.038242	25.036806	25.035236	25.033531	25.031700	25.029745	25.027679	25.025509	25.023243	25.020889	25.018452	25.015949	25.013386	25.010769	25.008110	25.005426	25.002718	
25.002876	25.005741	25.008583	25.011395	25.014160	25.016874	25.019524	25.022099	25.024590	25.026989	25.029282	25.031467	25.033533	25.035471	25.037273	25.038937	25.040451	25.041813	25.043013	25.044052	25.044926	25.045626	25.046154	25.046509	25.046686	25.046682	25.046509	25.046154	25.045628	25.044924	25.044052	25.043011	25.041809	25.040449	25.038937	25.037273	25.035469	25.033531	25.031466	25.029282	25.026985	25.024586	25.022095	25.019522	25.016872	25.014160	25.011393	25.008583	25.005741	25.002876	
25.003021	25.006031	25.009018	25.011971	25.014881	25.017731	25.020515	25.023222	25.025841	25.028358	25.030773	25.033070	25.035238	25.037273	25.039171	25.040916	25.042509	25.043938	25.045204	25.046291	25.047211	25.047947	25.048502	25.048874	25.049059	25.049059	25.048870	25.048500	25.047945	25.047209	25.046291	25.045200	25.043936	25.042505	25.040913	25.039169	25.037271	25.035236	25.033064	25.030769	25.028357	25.025837	25.023220	25.020515	25.017731	25.014879	25.011971	25.009018	25.006033	25.003021	
25.003159	25.006300	25.009418	25.012505	25.015545	25.018520	25.021431	25.024260	25.026993	25.029625	25.032145	25.034542	25.036810	25.038937	25.040916	25.042742	25.044403	25.045898	25.047215	25.048359	25.049314	25.050083	25.050667	25.051052	25.051247	25.051247	25.051052	25.050663	25.050085	25.049313	25.048355	25.047215	25.045897	25.044399	25.042740	25.040915	25.038937	25.036808	25.034540	25.032141	25.029621	25.026989	25.024254	25.021427	25.018522	25.015541	25.012505	25.009422	25.006302	25.003157	
25.003277	25.006544	25.009787	25.012989	25.016148	25.019243	25.022263	25.025202	25.028042	25.030777	25.033394	25.035885	25.038240	25.040451	25.042511	25.044403	25.046131	25.047680	25.049053	25.050240	25.051233	25.052032	25.052635	25.053040	25.053242	25.053240	25.053036	25.052635	25.052032	25.051231	25.050236	25.049051	25.047682	25.046129	25.044401	25.042507	25.040451	25.038239	25.035883	25.033392	25.030773	25.028038	25.025200	25.022263	25.019241	25.016148	25.012991	25.009789	25.006546	25.003279	
25.003387	25.006763	25.010115	25.013428	25.016691	25.019890	25.023014	25.026047	25.028988	25.031813	25.034517	25.037092	25.039528	25.041811	25.043938	25.045898	25.047682	25.049290	25.050701	25.051929	25.052958	25.053783	25.054405	25.054823	25.055033	25.055031	25.054821	25.054405	25.053783	25.052954	25.051926	25.050701	25.049282	25.047682	25.045895	25.043934	25.041809	25.039524	25.037092	25.034513	25.031809	25.028980	25.026047	25.023010	25.019890	25.016689	25.013432	25.010117	25.006765	25.003389	
25.003487	25.006958	25.010406	25.013815	25.017170	25.020462	25.023674	25.026798	25.029819	25.032728	25.035509	25.038160	25.040665	25.043015	25.045200	25.047218	25.049055	25.050701	25.052162	25.053421	25.054478	25.055330	25.055969	25.056400	25.056614	25.056614	25.056398	25.055969	25.055328	25.054478	25.053421	25.052160	25.050701	25.049049	25.047215	25.045198	25.043011	25.040661	25.038157	25.035507	25.032722	25.029816	25.026796	25.023674	25.020462	25.017170	25.013813	25.010406	25.006960	25.003487	
25.003571	25.007126	25.010658	25.014147	25.017586	25.020954	25.024246	25.027443	25.030540	25.033516	25.036369	25.039082	25.041647	25.044052	25.046295	25.048359	25.050238	25.051929	25.053421	25.054712	25.055794	25.056667	25.057323	25.057762	25.057981	25.057981	25.057762	25.057322	25.056665	25.055794	25.054710	25.053421	25.051926	25.050236	25.048355	25.046291	25.044048	25.041643	25.039078	25.036366	25.033514	25.030537	25.027443	25.024246	25.020954	25.017586	25.014149	25.010658	25.007130	25.003571	
25.003639	25.007271	25.010870	25.014429	25.017933	25.021370	25.024723	25.027988	25.031143	25.034180	25.037086	25.039854	25.042469	25.044926	25.047209	25.049316	25.051235	25.052956	25.054480	25.055794	25.056900	25.057789	25.058456	25.058907	25.059130	25.059132	25.058907	25.058458	25.057787	25.056898	25.055794	25.054478	25.052956	25.051231	25.049313	25.047207	25.044924	25.042469	25.039852	25.037086	25.034180	25.031141	25.027987	25.024723	25.021370	25.017935	25.014431	25.010872	25.007269	25.003641	
25.003696	25.007383	25.011040	25.014656	25.018215	25.021702	25.025112	25.028423	25.031630	25.034714	25.037670	25.040478	25.043135	25.045628	25.047947	25.050085	25.052032	25.053783	25.055332	25.056667	25.057789	25.058689	25.059372	25.059826	25.060055	25.060055	25.059828	25.059370	25.058689	25.057789	25.056665	25.055330	25.053782	25.052031	25.050083	25.047947	25.045626	25.043133	25.040474	25.037666	25.034714	25.031628	25.028423	25.025112	25.021704	25.018211	25.014656	25.011040	25.007385	25.003696	
25.003740	25.007465	25.011169	25.014824	25.018425	25.021957	25.025402	25.028755	25.031998	25.035118	25.038103	25.040947	25.043633	25.046158	25.048504	25.050667	25.052637	25.054405	25.055971	25.057323	25.058458	25.059372	25.060059	25.060520	25.060749	25.060749	25.060518	25.060059	25.059372	25.058456	25.057323	25.055969	25.054405	25.052633	25.050663	25.048500	25.046154	25.043631	25.040943	25.038101	25.035114	25.031994	25.028751	25.025402	25.021954	25.018425	25.014826	25.011169	25.007469	25.003742	
25.003769	25.007526	25.011253	25.014938	25.018566	25.022123	25.025599	25.028973	25.032240	25.035385	25.038395	25.041260	25.043968	25.046509	25.048874	25.051052	25.053040	25.054825	25.056400	25.057762	25.058907	25.059824	25.060520	25.060982	25.061216	25.061214	25.060982	25.060516	25.059826	25.058907	25.057762	25.056398	25.054821	25.053038	25.051052	25.048874	25.046509	25.043966	25.041258	25.038391	25.035385	25.032238	25.028973	25.025595	25.022123	25.018566	25.014938	25.011253	25.007526	25.003769	
25.003784	25.007553	25.011295	25.014996	25.018639	25.022209	25.025694	25.029083	25.032362	25.035519	25.038540	25.041418	25.044136	25.046688	25.049061	25.051247	25.053242	25.055033	25.056614	25.057983	25.059132	25.060055	25.060749	25.061214	25.061445	25.061447	25.061214	25.060749	25.060053	25.059128	25.057983	25.056614	25.055031	25.053240	25.051247	25.049059	25.046684	25.044134	25.041416	25.038540	25.035519	25.032362	25.029083	25.025692	25.022207	25.018637	25.014996	25.011295	25.007555	25.003784	
25.003784	25.007553	25.011295	25.014996	25.018639	25.022209	25.025694	25.029083	25.032362	25.035519	25.038540	25.041418	25.044136	25.046688	25.049061	25.051247	25.053242	25.055033	25.056614	25.057983	25.059132	25.060055	25.060749	25.061214	25.061445	25.061447	25.061214	25.060749	25.060053	25.059128	25.057983	25.056614	25.055031	25.053240	25.051247	25.049059	25.046684	25.044134	25.041416	25.038540	25.035519	25.032362	25.029083	25.025692	25.022207	25.018637	25.014996	25.011295	25.007555	25.003784	
25.003769	25.007526	25.011253	25.014938	25.018566	25.022123	25.025599	25.028973	25.032240	25.035385	25.038395	25.041260	25.043968	25.046509	25.048874	25.051052	25.053040	25.054825	25.056400	25.057762	25.058907	25.059824	25.060520	25.060982	25.061216	25.061214	25.060982	25.060516	25.059826	25.058907	25.057762	25.056398	25.054821	25.053038	25.051052	25.048874	25.046509	25.043966	25.041258	25.038391	25.035385	25.032238	25.028973	25.025595	25.022123	25.018566	25.014938	25.011253	25.007526	25.003769	
25.003740	25.007465	25.011169	25.014824	25.018425	25.021957	25.025402	25.028755	25.031998	25.035118	25.038103	25.040947	25.043633	25.046158	25.048504	25.050667	25.052637	25.054405	25.055971	25.057323	25.058458	25.059372	25.060059	25.060520	25.060749	25.060749	25.060518	25.060059	25.059372	25.058456	25.057323	25.055969	25.054405	25.052633	25.050663	25.048500	25.046154	25.043631	25.040943	25.038101	25.035114	25.031994	25.028751	25.025402	25.021954	25.018425	25.014826	25.011169	25.007469	25.003742	
25.003696	25.007383	25.011040	25.014656	25.018215	25.021702	25.025112	25.028423	25.031630	25.034714	25.037670	25.040478	25.043135	25.045628	25.047947	25.050085	25.052032	25.053783	25.055332	25.056667	25.057789	25.058689	25.059372	25.059826	25.060055	25.060055	25.059828	25.059370	25.058689	25.057789	25.056665	25.055330	25.053782	25.052031	25.050083	25.047947	25.045626	25.043133	25.040474	25.037666	25.034714	25.031628	25.028423	25.025112	25.021704	25.018211	25.014656	25.011040	25.007385	25.003696	
25.003639	25.007271	25.010870	25.014429	25.017933	25.021370	25.024723	25.027988	25.031143	25.034180	25.037086	25.039854	25.042469	25.044926	25.047209	25.049316	25.051235	25.052956	25.054480	25.055794	25.056900	25.057789	25.058456	25.058907	25.059130	25.059132	25.058907	25.058458	25.057787	25.056898	25.055794	25.054478	25.052956	25.051231	25.049313	25.047207	25.044924	25.042469	25.039852	25.037086	25.034180	25.031141	25.027987	25.024723	25.021370	25.017935	25.014431	25.010872	25.007269	25.003641	
25.003571	25.007126	25.010658	25.014147	25.017586	25.020954	25.024246	25.027443	25.030540	25.033516	25.036369	25.039082	25.041647	25.044052	25.046295	25.048359	25.050238	25.051929	25.053421	25.054712	25.055794	25.056667	25.057323	25.057762	25.057981	25.057981	25.057762	25.057322	25.056665	25.055794	25.054710	25.053421	25.051926	25.050236	25.048355	25.046291	25.044048	25.041643	25.039078	25.036366	25.033514	25.030537	25.027443	25.024246	25.020954	25.017586	25.014149	25.010658	25.007130	25.003571	
25.003487	25.006958	25.010406	25.013815	25.017170	25.020462	25.023674	25.026798	25.029819	25.032728	25.035509	25.038160	25.040665	25.043015	25.045200	25.047218	25.049055	25.050701	25.052162	25.053421	25.054478	25.055330	25.055969	25.056400	25.056614	25.056614	25.056398	25.055969	25.055328	25.054478	25.053421	25.052160	25.050701	25.049049	25.047215	25.045198	25.043011	25.040661	25.038157	25.035507	25.032722	25.029816	25.026796	25.023674	25.020462	25.017170	25.013813	25.010406	25.006960	25.003487	
25.003387	25.006763	25.010115	25.013428	25.016691	25.019890	25.023014	25.026047	25.028988	25.031813	25.034517	25.037092	25.039528	25.041811	25.043938	25.045898	25.047682	25.049290	25.050701	25.051929	25.052958	25.053783	25.054405	25.054823	25.055033	25.055031	25.054821	25.054405	25.053783	25.052954	25.051926	25.050701	25.049282	25.047682	25.045895	25.043934	25.041809	25.039524	25.037092	25.034513	25.031809	25.028980	25.026047	25.023010	25.019890	25.016689	25.013432	25.010117	25.006765	25.003389	
25.003277	25.006544	25.009787	25.012989	25.016148	25.019243	25.022263	25.025202	25.028042	25.030777	25.033394	25.035885	25.038240	25.040451	25.042511	25.044403	25.046131	25.047680	25.049053	25.050240	25.051233	25.052032	25.052635	25.053040	25.053242	25.053240	25.053036	25.052635	25.052032	25.051231	25.050236	25.049051	25.047682	25.046129	25.044401	25.042507	25.040451	25.038239	25.035883	25.033392	25.030773	25.028038	25.025200	25.022263	25.019241	25.016148	25.012991	25.009789	25.006546	25.003279	
25.003159	25.006300	25.009418	25.012505	25.015545	25.018520	25.021431	25.024260	25.026993	25.029625	25.032145	25.034542	25.036810	25.038937	25.040916	25.042742	25.044403	25.045898	25.047215	25.048359	25.049314	25.050083	25.050667	25.051052	25.051247	25.051247	25.051052	25.050663	25.050085	25.049313	25.048355	25.047215	25.045897	25.044399	25.042740	25.040915	25.038937	25.036808	25.034540	25.032141	25.029621	25.026989	25.024254	25.021427	25.018522	25.015541	25.012505	25.009422	25.006302	25.003157	
25.003021	25.006031	25.009018	25.011971	25.014881	25.017731	25.020515	25.023222	25.025841	25.028358	25.030773	25.033070	25.035238	25.037273	25.039171	25.040916	25.042509	25.043938	25.045204	25.046291	25.047211	25.047947	25.048502	25.048874	25.049059	25.049059	25.048870	25.048500	25.047945	25.047209	25.046291	25.045200	25.043936	25.042505	25.040913	25.039169	25.037271	25.035236	25.033064	25.030769	25.028357	25.025837	25.023220	25.020515	25.017731	25.014879	25.011971	25.009018	25.006033	25.003021	
25.002876	25.005741	25.008583	25.011395	25.014160	25.016874	25.019524	25.022099	25.024590	25.026989	25.029282	25.031467	25.033533	25.035471	25.037273	25.038937	25.040451	25.041813	25.043013	25.044052	25.044926	25.045626	25.046154	25.046509	25.046686	25.046682	25.046509	25.046154	25.045628	25.044924	25.044052	25.043011	25.041809	25.040449	25.038937	25.037273	25.035469	25.033531	25.031466	25.029282	25.026985	25.024586	25.022095	25.019522	25.016872	25.014160	25.011393	25.008583	25.005741	25.002876	
25.002720	25.005428	25.008114	25.010771	25.013386	25.015953	25.018459	25.020891	25.023247	25.025513	25.027685	25.029749	25.031700	25.033531	25.035238	25.036808	25.038242	25.039528	25.040665	25.041645	25.042469	25.043133	25.043633	25.043968	25.044132	25.044136	25.043964	25.043633	25.043133	25.042471	25.041645	25.040663	25.039524	25.038242	25.036806	25.035236	25.033531	25.031700	25.029745	25.027679	25.025509	25.023243	25.020889	25.018452	25.015949	25.013386	25.010769	25.008110	25.005426	25.002718	
25.002552	25.005093	25.007614	25.010109	25.012562	25.014969	25.017319	25.019606	25.021814	25.023941	25.025978	25.027916	25.029747	25.031467	25.033066	25.034542	25.035887	25.037092	25.038158	25.039082	25.039852	25.040476	25.040947	25.041258	25.041418	25.041414	25.041260	25.040943	25.040478	25.039852	25.039082	25.038155	25.037094	25.035881	25.034542	25.033066	25.031466	25.029747	25.027914	25.025974	25.023937	25.021812	25.019602	25.017319	25.014969	25.012560	25.010105	25.007614	25.005091	25.002552	
25.002373	25.004738	25.007088	25.009405	25.011690	25.013927	25.016117	25.018242	25.020302	25.022280	25.024174	25.025978	25.027683	25.029284	25.030771	25.032143	25.033394	25.034517	25.035511	25.036366	25.037086	25.037666	25.038103	25.038393	25.038540	25.038542	25.038395	25.038101	25.037666	25.037090	25.036366	25.035509	25.034515	25.033394	25.032141	25.030769	25.029282	25.027683	25.025974	25.024174	25.022278	25.020298	25.018240	25.016115	25.013929	25.011688	25.009403	25.007084	25.004738	25.002373	
25.002190	25.004370	25.006531	25.008671	25.010773	25.012836	25.014851	25.016813	25.018707	25.020535	25.022280	25.023941	25.025513	25.026989	25.028358	25.029625	25.030777	25.031811	25.032724	25.033516	25.034180	25.034714	25.035114	25.035385	25.035519	25.035519	25.035385	25.035114	25.034716	25.034178	25.033516	25.032722	25.031811	25.030773	25.029623	25.028358	25.026985	25.025513	25.023941	25.022278	25.020531	25.018707	25.016811	25.014851	25.012836	25.010773	25.008665	25.006531	25.004368	25.002188	
25.001995	25.003979	25.005955	25.007896	25.009815	25.011694	25.013535	25.015320	25.017048	25.018707	25.020302	25.021814	25.023245	25.024590	25.025841	25.026993	25.028042	25.028984	25.029816	25.030537	25.031143	25.031628	25.031994	25.032240	25.032362	25.032364	25.032238	25.031998	25.031628	25.031143	25.030535	25.029819	25.028982	25.028042	25.026989	25.025839	25.024590	25.023245	25.021812	25.020298	25.018705	25.017044	25.015316	25.013531	25.011698	25.009815	25.007896	25.005947	25.003979	25.001993	
25.001793	25.003578	25.005346	25.007099	25.008820	25.010513	25.012161	25.013767	25.015320	25.016815	25.018242	25.019604	25.020889	25.022099	25.023220	25.024256	25.025200	25.026047	25.026794	25.027443	25.027987	25.028423	25.028753	25.028973	25.029083	25.029083	25.028975	25.028751	25.028423	25.027985	25.027443	25.026794	25.026051	25.025198	25.024258	25.023220	25.022097	25.020889	25.019604	25.018242	25.016811	25.015316	25.013765	25.012161	25.010509	25.008821	25.007097	25.005348	25.003574	25.001791	
25.001583	25.003159	25.004726	25.006269	25.007793	25.009285	25.010746	25.012161	25.013535	25.014851	25.016117	25.017319	25.018456	25.019522	25.020515	25.021431	25.022263	25.023012	25.023674	25.024246	25.024727	25.025112	25.025402	25.025597	25.025694	25.025696	25.025597	25.025402	25.025110	25.024725	25.024242	25.023674	25.023010	25.022263	25.021429	25.020515	25.019524	25.018456	25.017319	25.016117	25.014851	25.013533	25.012161	25.010746	25.009289	25.007793	25.006271	25.004725	25.003159	25.001581	
25.001369	25.002731	25.004082	25.005421	25.006733	25.008026	25.009285	25.010513	25.011696	25.012836	25.013927	25.014971	25.015949	25.016872	25.017731	25.018522	25.019241	25.019890	25.020462	25.020954	25.021370	25.021704	25.021957	25.022125	25.022207	25.022209	25.022123	25.021955	25.021702	25.021370	25.020954	25.020458	25.019890	25.019241	25.018520	25.017731	25.016872	25.015953	25.014969	25.013927	25.012838	25.011696	25.010509	25.009287	25.008028	25.006737	25.005419	25.004082	25.002731	25.001368	
25.001148	25.002293	25.003426	25.004547	25.005653	25.006735	25.007793	25.008820	25.009817	25.010771	25.011688	25.012562	25.013386	25.014160	25.014879	25.015545	25.016148	25.016691	25.017170	25.017586	25.017933	25.018215	25.018425	25.018566	25.018639	25.018639	25.018566	25.018425	25.018213	25.017933	25.017584	25.017170	25.016689	25.016148	25.015543	25.014877	25.014160	25.013388	25.012560	25.011690	25.010773	25.009815	25.008823	25.007793	25.006737	25.005651	25.004549	25.003426	25.002291	25.001148	
25.000923	25.001844	25.002754	25.003660	25.004547	25.005421	25.006269	25.007097	25.007896	25.008667	25.009405	25.010105	25.010769	25.011393	25.011971	25.012505	25.012993	25.013428	25.013817	25.014149	25.014429	25.014656	25.014826	25.014938	25.014996	25.014996	25.014940	25.014824	25.014656	25.014429	25.014149	25.013815	25.013430	25.012989	25.012505	25.011972	25.011391	25.010771	25.010107	25.009403	25.008669	25.007898	25.007095	25.006271	25.005419	25.004549	25.003658	25.002756	25.001842	25.000923	
25.000698	25.001389	25.002077	25.002756	25.003426	25.004082	25.004723	25.005346	25.005951	25.006531	25.007084	25.007614	25.008112	25.008583	25.009018	25.009420	25.009785	25.010117	25.010406	25.010658	25.010870	25.011042	25.011169	25.011253	25.011295	25.011297	25.011253	25.011169	25.011040	25.010872	25.010660	25.010406	25.010117	25.009787	25.009422	25.009018	25.008583	25.008114	25.007612	25.007088	25.006531	25.005949	25.005348	25.004723	25.004086	25.003426	25.002758	25.002075	25.001389	25.000694	
25.000465	25.000931	25.001389	25.001844	25.002289	25.002729	25.003159	25.003574	25.003979	25.004366	25.004740	25.005089	25.005426	25.005739	25.006033	25.006302	25.006546	25.006765	25.006962	25.007130	25.007271	25.007383	25.007469	25.007526	25.007555	25.007553	25.007526	25.007469	25.007385	25.007271	25.007130	25.006962	25.006767	25.006546	25.006300	25.006031	25.005737	25.005424	25.005093	25.004738	25.004368	25.003979	25.003576	25.003160	25.002731	25.002293	25.001842	25.001389	25.000929	25.000465	
25.000233	25.000465	25.000696	25.000925	25.001148	25.001368	25.001581	25.001793	25.001993	25.002188	25.002373	25.002552	25.002720	25.002876	25.003021	25.003155	25.003279	25.003389	25.003487	25.003571	25.003643	25.003700	25.003740	25.003771	25.003784	25.003784	25.003769	25.003742	25.003696	25.003641	25.003571	25.003487	25.003387	25.003277	25.003157	25.003021	25.002876	25.002718	25.002552	25.002375	25.002188	25.001993	25.001791	25.001583	25.001369	25.001148	25.000923	25.000696	25.000465	25.000233	
