25.001488	25.002968	25.004436	25.005890	25.007320	25.008724	25.010094	25.011425	25.012714	25.013954	25.015141	25.016270	25.017338	25.018339	25.019274	25.020130	25.020916	25.021620	25.022240	25.022778	25.023228	25.023592	25.023865	25.024048	25.024139	25.024139	25.024048	25.023865	25.023590	25.023228	25.022778	25.022240	25.021620	25.020916	25.020132	25.019272	25.018339	25.017338	25.016270	25.015141	25.013954	25.012711	25.011425	25.010094	25.008724	25.007320	25.005890	25.004436	25.002966	25.001488	
25.002968	25.005924	25.008858	25.011759	25.014614	25.017414	25.020149	25.022808	25.025379	25.027855	25.030222	25.032478	25.034611	25.036610	25.038469	25.040190	25.041752	25.043156	25.044397	25.045467	25.046371	25.047094	25.047640	25.048004	25.048187	25.048187	25.048004	25.047638	25.047092	25.046370	25.045467	25.044395	25.043156	25.041752	25.040186	25.038471	25.036610	25.034609	25.032478	25.030224	25.027851	25.025379	25.022806	25.020149	25.017414	25.014614	25.011759	25.008858	25.005924	25.002968	
25.004438	25.008860	25.013245	25.017582	25.021854	25.026039	25.030128	25.034103	25.037949	25.041649	25.045191	25.048563	25.051750	25.054741	25.057526	25.060089	25.062428	25.064529	25.066383	25.067989	25.069336	25.070419	25.071234	25.071779	25.072052	25.072052	25.071777	25.071232	25.070417	25.069332	25.067989	25.066385	25.064529	25.062426	25.060091	25.057524	25.054741	25.051750	25.048561	25.045191	25.041647	25.037947	25.034103	25.030128	25.026039	25.021852	25.017582	25.013245	25.008860	25.004436	
25.005890	25.011759	25.017584	25.023342	25.029007	25.034565	25.039993	25.045269	25.050373	25.055286	25.059990	25.064463	25.068695	25.072666	25.076361	25.079765	25.082867	25.085657	25.088120	25.090248	25.092035	25.093475	25.094559	25.095280	25.095644	25.095642	25.095282	25.094559	25.093472	25.092037	25.090252	25.088120	25.085657	25.082869	25.079765	25.076359	25.072664	25.068695	25.064465	25.059988	25.055285	25.050373	25.045269	25.039993	25.034567	25.029007	25.023338	25.017582	25.011761	25.005890	
25.007320	25.014614	25.021854	25.029007	25.036053	25.042961	25.049706	25.056263	25.062607	25.068712	25.074556	25.080120	25.085379	25.090315	25.094906	25.099136	25.102993	25.106461	25.109522	25.112167	25.114388	25.116177	25.117521	25.118423	25.118874	25.118874	25.118423	25.117523	25.116179	25.114391	25.112167	25.109524	25.106461	25.102995	25.099138	25.094906	25.090313	25.085381	25.080120	25.074556	25.068714	25.062607	25.056263	25.049707	25.042961	25.036053	25.029007	25.021852	25.014614	25.007320	
25.008724	25.017414	25.026039	25.034565	25.042961	25.051193	25.059231	25.067043	25.074604	25.081879	25.088846	25.095470	25.101740	25.107618	25.113094	25.118134	25.122728	25.126858	25.130508	25.133661	25.136309	25.138435	25.140041	25.141113	25.141651	25.141651	25.141113	25.140043	25.138439	25.136311	25.133663	25.130508	25.126860	25.122730	25.118134	25.113091	25.107620	25.101738	25.095472	25.088844	25.081879	25.074604	25.067043	25.059231	25.051195	25.042959	25.034565	25.026039	25.017414	25.008724	
25.010094	25.020149	25.030128	25.039993	25.049706	25.059231	25.068531	25.077570	25.086315	25.094734	25.102793	25.110466	25.117714	25.124519	25.130846	25.136684	25.141998	25.146776	25.150997	25.154648	25.157709	25.160175	25.162025	25.163273	25.163891	25.163893	25.163271	25.162029	25.160173	25.157711	25.154648	25.150999	25.146778	25.142002	25.136683	25.130850	25.124516	25.117714	25.110462	25.102795	25.094736	25.086317	25.077572	25.068531	25.059231	25.049707	25.039991	25.030128	25.020149	25.010094	
25.011427	25.022808	25.034103	25.045269	25.056263	25.067043	25.077568	25.087803	25.097702	25.107231	25.116356	25.125032	25.133242	25.140942	25.148109	25.154711	25.160732	25.166138	25.170916	25.175045	25.178513	25.181301	25.183403	25.184807	25.185513	25.185511	25.184809	25.183403	25.181301	25.178513	25.175047	25.170918	25.166142	25.160730	25.154715	25.148109	25.140944	25.133240	25.125034	25.116354	25.107231	25.097702	25.087805	25.077570	25.067045	25.056263	25.045269	25.034101	25.022808	25.011425	
25.012712	25.025379	25.037949	25.050371	25.062607	25.074600	25.086315	25.097702	25.108717	25.119320	25.129471	25.139133	25.148262	25.156834	25.164806	25.172155	25.178850	25.184872	25.190186	25.194782	25.198639	25.201744	25.204079	25.205647	25.206425	25.206429	25.205643	25.204081	25.201740	25.198639	25.194782	25.190189	25.184870	25.178854	25.172157	25.164810	25.156832	25.148264	25.139130	25.129471	25.119322	25.108719	25.097702	25.086317	25.074602	25.062607	25.050371	25.037949	25.025379	25.012714	
25.013954	25.027855	25.041649	25.055285	25.068710	25.081879	25.094734	25.107229	25.119320	25.130959	25.142099	25.152700	25.162724	25.172127	25.180878	25.188946	25.196295	25.202898	25.208736	25.213779	25.218012	25.221416	25.223988	25.225697	25.226562	25.226559	25.225700	25.223980	25.221416	25.218010	25.213779	25.208735	25.202902	25.196297	25.188950	25.180880	25.172129	25.162724	25.152699	25.142099	25.130959	25.119324	25.107233	25.094734	25.081879	25.068710	25.055286	25.041649	25.027855	25.013954	
25.015139	25.030224	25.045193	25.059988	25.074556	25.088840	25.102795	25.116352	25.129471	25.142097	25.154186	25.165691	25.176565	25.186771	25.196266	25.205017	25.212994	25.220161	25.226490	25.231966	25.236557	25.240253	25.243034	25.244902	25.245831	25.245834	25.244896	25.243038	25.240252	25.236559	25.231964	25.226494	25.220161	25.212997	25.205019	25.196268	25.186771	25.176563	25.165691	25.154188	25.142101	25.129473	25.116354	25.102795	25.088844	25.074558	25.059986	25.045193	25.030224	25.015141	
25.016272	25.032476	25.048561	25.064463	25.080120	25.095470	25.110462	25.125034	25.139132	25.152699	25.165691	25.178051	25.189739	25.200705	25.210911	25.220314	25.228886	25.236584	25.243393	25.249268	25.254208	25.258175	25.261173	25.263166	25.264175	25.264172	25.263170	25.261166	25.258179	25.254204	25.249271	25.243389	25.236588	25.228884	25.220316	25.210911	25.200703	25.189739	25.178053	25.165691	25.152702	25.139133	25.125034	25.110462	25.095474	25.080118	25.064465	25.048563	25.032480	25.016270	
25.017338	25.034611	25.051750	25.068695	25.085377	25.101738	25.117712	25.133240	25.148262	25.162724	25.176563	25.189739	25.202190	25.213879	25.224752	25.234776	25.243908	25.252117	25.259363	25.265633	25.270889	25.275124	25.278309	25.280445	25.281507	25.281513	25.280441	25.278313	25.275120	25.270891	25.265629	25.259367	25.252113	25.243908	25.234776	25.224751	25.213879	25.202190	25.189739	25.176565	25.162724	25.148266	25.133240	25.117714	25.101738	25.085379	25.068695	25.051750	25.034609	25.017340	
25.018341	25.036610	25.054741	25.072664	25.090315	25.107616	25.124516	25.140940	25.156832	25.172127	25.186771	25.200703	25.213879	25.226238	25.237743	25.248343	25.258003	25.266685	25.274357	25.280983	25.286549	25.291021	25.294399	25.296646	25.297783	25.297779	25.296654	25.294394	25.291025	25.286547	25.280987	25.274357	25.266689	25.258005	25.248344	25.237743	25.226240	25.213879	25.200705	25.186771	25.172131	25.156830	25.140942	25.124516	25.107620	25.090313	25.072666	25.054741	25.036613	25.018341	
25.019272	25.038471	25.057526	25.076359	25.094904	25.113091	25.130844	25.148109	25.164804	25.180880	25.196266	25.210911	25.224751	25.237743	25.249830	25.260971	25.271122	25.280247	25.288303	25.295273	25.301117	25.305824	25.309362	25.311735	25.312920	25.312923	25.311733	25.309366	25.305820	25.301121	25.295269	25.288307	25.280245	25.271124	25.260971	25.249832	25.237745	25.224754	25.210911	25.196270	25.180878	25.164806	25.148108	25.130846	25.113091	25.094906	25.076359	25.057526	25.038471	25.019274	
25.020134	25.040188	25.060089	25.079762	25.099136	25.118132	25.136683	25.154709	25.172157	25.188944	25.205019	25.220314	25.234776	25.248344	25.260971	25.272610	25.283215	25.292742	25.301163	25.308435	25.314545	25.319458	25.323162	25.325632	25.326874	25.326874	25.325636	25.323158	25.319458	25.314545	25.308439	25.301161	25.292744	25.283215	25.272610	25.260973	25.248344	25.234776	25.220318	25.205017	25.188946	25.172155	25.154711	25.136684	25.118134	25.099138	25.079765	25.060089	25.040188	25.020132	
25.020916	25.041750	25.062428	25.082865	25.102989	25.122730	25.141996	25.160730	25.178848	25.196297	25.212992	25.228884	25.243908	25.258003	25.271122	25.283211	25.294228	25.304129	25.312874	25.320435	25.326777	25.331886	25.335728	25.338301	25.339588	25.339588	25.338299	25.335732	25.331884	25.326780	25.320436	25.312878	25.304127	25.294230	25.283215	25.271126	25.258005	25.243908	25.228882	25.212994	25.196295	25.178850	25.160732	25.141998	25.122728	25.102993	25.082867	25.062429	25.041748	25.020916	
25.021618	25.043156	25.064526	25.085655	25.106457	25.126854	25.146778	25.166134	25.184870	25.202896	25.220161	25.236584	25.252113	25.266685	25.280245	25.292740	25.304127	25.314362	25.323402	25.331217	25.337774	25.343048	25.347027	25.349682	25.351013	25.351015	25.349684	25.347027	25.343052	25.337776	25.331219	25.323402	25.314365	25.304129	25.292744	25.280247	25.266685	25.252113	25.236588	25.220160	25.202898	25.184872	25.166138	25.146776	25.126858	25.106457	25.085657	25.064526	25.043156	25.021618	
25.022240	25.044395	25.066383	25.088118	25.109518	25.130505	25.150993	25.170918	25.190182	25.208735	25.226490	25.243389	25.259361	25.274353	25.288303	25.301161	25.312874	25.323402	25.332703	25.340740	25.347486	25.352917	25.357006	25.359737	25.361109	25.361107	25.359741	25.357004	25.352917	25.347488	25.340742	25.332703	25.323404	25.312876	25.301163	25.288303	25.274355	25.259363	25.243389	25.226490	25.208736	25.190186	25.170916	25.150997	25.130505	25.109520	25.088118	25.066383	25.044395	25.022240	
25.022778	25.045467	25.067986	25.090248	25.112165	25.133657	25.154644	25.175041	25.194782	25.213776	25.231964	25.249269	25.265631	25.280983	25.295269	25.308437	25.320435	25.331215	25.340740	25.348974	25.355883	25.361441	25.365627	25.368431	25.369831	25.369835	25.368429	25.365629	25.361443	25.355885	25.348972	25.340744	25.331217	25.320435	25.308439	25.295271	25.280983	25.265629	25.249269	25.231964	25.213778	25.194780	25.175045	25.154644	25.133659	25.112164	25.090248	25.067986	25.045467	25.022778	
25.023228	25.046370	25.069332	25.092033	25.114388	25.136305	25.157703	25.178509	25.198635	25.218010	25.236553	25.254208	25.270889	25.286547	25.301113	25.314545	25.326775	25.337772	25.347485	25.355881	25.362926	25.368597	25.372868	25.375721	25.377155	25.377151	25.375723	25.372869	25.368595	25.362928	25.355885	25.347485	25.337774	25.326778	25.314545	25.301117	25.286549	25.270889	25.254204	25.236555	25.218008	25.198639	25.178511	25.157707	25.136303	25.114388	25.092033	25.069332	25.046368	25.023228	
25.023590	25.047092	25.070415	25.093472	25.116173	25.138433	25.160170	25.181297	25.201740	25.221413	25.240252	25.258173	25.275120	25.291019	25.305820	25.319454	25.331882	25.343048	25.352913	25.361439	25.368595	25.374353	25.378691	25.381592	25.383041	25.383045	25.381592	25.378689	25.374355	25.368597	25.361441	25.352913	25.343048	25.331882	25.319458	25.305820	25.291021	25.275120	25.258175	25.240250	25.221413	25.201740	25.181297	25.160170	25.138433	25.116173	25.093472	25.070415	25.047092	25.023592	
25.023865	25.047638	25.071232	25.094555	25.117519	25.140038	25.162024	25.183399	25.204075	25.223980	25.243031	25.261166	25.278305	25.294394	25.309361	25.323158	25.335726	25.347023	25.357002	25.365627	25.372866	25.378689	25.383080	25.386013	25.387482	25.387482	25.386013	25.383078	25.378693	25.372868	25.365627	25.357002	25.347023	25.335728	25.323158	25.309362	25.294395	25.278305	25.261164	25.243032	25.223980	25.204075	25.183397	25.162025	25.140038	25.117519	25.094555	25.071232	25.047640	25.023865	
25.024048	25.048004	25.071777	25.095280	25.118420	25.141109	25.163265	25.184803	25.205639	25.225693	25.244896	25.263163	25.280437	25.296648	25.311729	25.325630	25.338299	25.349680	25.359737	25.368427	25.375723	25.381592	25.386013	25.388969	25.390450	25.390450	25.388969	25.386011	25.381592	25.375725	25.368429	25.359737	25.349682	25.338299	25.325632	25.311731	25.296646	25.280437	25.263165	25.244892	25.225693	25.205639	25.184803	25.163265	25.141109	25.118420	25.095280	25.071779	25.048004	25.024048	
25.024139	25.048187	25.072052	25.095642	25.118870	25.141647	25.163887	25.185505	25.206421	25.226555	25.245827	25.264168	25.281506	25.297779	25.312918	25.326872	25.339584	25.351013	25.361107	25.369831	25.377151	25.383041	25.387482	25.390450	25.391937	25.391937	25.390450	25.387482	25.383045	25.377155	25.369831	25.361107	25.351013	25.339586	25.326874	25.312918	25.297775	25.281506	25.264168	25.245825	25.226553	25.206421	25.185505	25.163887	25.141647	25.118870	25.095642	25.072052	25.048187	25.024139	
25.024139	25.048187	25.072052	25.095642	25.118870	25.141647	25.163887	25.185505	25.206421	25.226555	25.245827	25.264168	25.281506	25.297779	25.312918	25.326872	25.339584	25.351013	25.361107	25.369831	25.377151	25.383041	25.387482	25.390450	25.391937	25.391937	25.390450	25.387482	25.383045	25.377155	25.369831	25.361107	25.351013	25.339586	25.326874	25.312918	25.297775	25.281506	25.264168	25.245825	25.226553	25.206421	25.185505	25.163887	25.141647	25.118870	25.095642	25.072052	25.048187	25.024139	
25.024048	25.048004	25.071777	25.095280	25.118420	25.141109	25.163265	25.184803	25.205639	25.225693	25.244896	25.263163	25.280437	25.296648	25.311729	25.325630	25.338299	25.349680	25.359737	25.368427	25.375723	25.381592	25.386013	25.388969	25.390450	25.390450	25.388969	25.386011	25.381592	25.375725	25.368429	25.359737	25.349682	25.338299	25.325632	25.311731	25.296646	25.280437	25.263165	25.244892	25.225693	25.205639	25.184803	25.163265	25.141109	25.118420	25.095280	25.071779	25.048004	25.024048	
25.023865	25.047638	25.071232	25.094555	25.117519	25.140038	25.162024	25.183399	25.204075	25.223980	25.243031	25.261166	25.278305	25.294394	25.309361	25.323158	25.335726	25.347023	25.357002	25.365627	25.372866	25.378689	25.383080	25.386013	25.387482	25.387482	25.386013	25.383078	25.378693	25.372868	25.365627	25.357002	25.347023	25.335728	25.323158	25.309362	25.294395	25.278305	25.261164	25.243032	25.223980	25.204075	25.183397	25.162025	25.140038	25.117519	25.094555	25.071232	25.047640	25.023865	
25.023590	25.047092	25.070415	25.093472	25.116173	25.138433	25.160170	25.181297	25.201740	25.221413	25.240252	25.258173	25.275120	25.291019	25.305820	25.319454	25.331882	25.343048	25.352913	25.361439	25.368595	25.374353	25.378691	25.381592	25.383041	25.383045	25.381592	25.378689	25.374355	25.368597	25.361441	25.352913	25.343048	25.331882	25.319458	25.305820	25.291021	25.275120	25.258175	25.240250	25.221413	25.201740	25.181297	25.160170	25.138433	25.116173	25.093472	25.070415	25.047092	25.023592	
25.023228	25.046370	25.069332	25.092033	25.114388	25.136305	25.157703	25.178509	25.198635	25.218010	25.236553	25.254208	25.270889	25.286547	25.301113	25.314545	25.326775	25.337772	25.347485	25.355881	25.362926	25.368597	25.372868	25.375721	25.377155	25.377151	25.375723	25.372869	25.368595	25.362928	25.355885	25.347485	25.337774	25.326778	25.314545	25.301117	25.286549	25.270889	25.254204	25.236555	25.218008	25.198639	25.178511	25.157707	25.136303	25.114388	25.092033	25.069332	25.046368	25.023228	
25.022778	25.045467	25.067986	25.090248	25.112165	25.133657	25.154644	25.175041	25.194782	25.213776	25.231964	25.249269	25.265631	25.280983	25.295269	25.308437	25.320435	25.331215	25.340740	25.348974	25.355883	25.361441	25.365627	25.368431	25.369831	25.369835	25.368429	25.365629	25.361443	25.355885	25.348972	25.340744	25.331217	25.320435	25.308439	25.295271	25.280983	25.265629	25.249269	25.231964	25.213778	25.194780	25.175045	25.154644	25.133659	25.112164	25.090248	25.067986	25.045467	25.022778	
25.022240	25.044395	25.066383	25.088118	25.109518	25.130505	25.150993	25.170918	25.190182	25.208735	25.226490	25.243389	25.259361	25.274353	25.288303	25.301161	25.312874	25.323402	25.332703	25.340740	25.347486	25.352917	25.357006	25.359737	25.361109	25.361107	25.359741	25.357004	25.352917	25.347488	25.340742	25.332703	25.323404	25.312876	25.301163	25.288303	25.274355	25.259363	25.243389	25.226490	25.208736	25.190186	25.170916	25.150997	25.130505	25.109520	25.088118	25.066383	25.044395	25.022240	
25.021618	25.043156	25.064526	25.085655	25.106457	25.126854	25.146778	25.166134	25.184870	25.202896	25.220161	25.236584	25.252113	25.266685	25.280245	25.292740	25.304127	25.314362	25.323402	25.331217	25.337774	25.343048	25.347027	25.349682	25.351013	25.351015	25.349684	25.347027	25.343052	25.337776	25.331219	25.323402	25.314365	25.304129	25.292744	25.280247	25.266685	25.252113	25.236588	25.220160	25.202898	25.184872	25.166138	25.146776	25.126858	25.106457	25.085657	25.064526	25.043156	25.021618	
25.020916	25.041750	25.062428	25.082865	25.102989	25.122730	25.141996	25.160730	25.178848	25.196297	25.212992	25.228884	25.243908	25.258003	25.271122	25.283211	25.294228	25.304129	25.312874	25.320435	25.326777	25.331886	25.335728	25.338301	25.339588	25.339588	25.338299	25.335732	25.331884	25.326780	25.320436	25.312878	25.304127	25.294230	25.283215	25.271126	25.258005	25.243908	25.228882	25.212994	25.196295	25.178850	25.160732	25.141998	25.122728	25.102993	25.082867	25.062429	25.041748	25.020916	
25.020134	25.040188	25.060089	25.079762	25.099136	25.118132	25.136683	25.154709	25.172157	25.188944	25.205019	25.220314	25.234776	25.248344	25.260971	25.272610	25.283215	25.292742	25.301163	25.308435	25.314545	25.319458	25.323162	25.325632	25.326874	25.326874	25.325636	25.323158	25.319458	25.314545	25.308439	25.301161	25.292744	25.283215	25.272610	25.260973	25.248344	25.234776	25.220318	25.205017	25.188946	25.172155	25.154711	25.136684	25.118134	25.099138	25.079765	25.060089	25.040188	25.020132	
25.019272	25.038471	25.057526	25.076359	25.094904	25.113091	25.130844	25.148109	25.164804	25.180880	25.196266	25.210911	25.224751	25.237743	25.249830	25.260971	25.271122	25.280247	25.288303	25.295273	25.301117	25.305824	25.309362	25.311735	25.312920	25.312923	25.311733	25.309366	25.305820	25.301121	25.295269	25.288307	25.280245	25.271124	25.260971	25.249832	25.237745	25.224754	25.210911	25.196270	25.180878	25.164806	25.148108	25.130846	25.113091	25.094906	25.076359	25.057526	25.038471	25.019274	
25.018341	25.036610	25.054741	25.072664	25.090315	25.107616	25.124516	25.140940	25.156832	25.172127	25.186771	25.200703	25.213879	25.226238	25.237743	25.248343	25.258003	25.266685	25.274357	25.280983	25.286549	25.291021	25.294399	25.296646	25.297783	25.297779	25.296654	25.294394	25.291025	25.286547	25.280987	25.274357	25.266689	25.258005	25.248344	25.237743	25.226240	25.213879	25.200705	25.186771	25.172131	25.156830	25.140942	25.124516	25.107620	25.090313	25.072666	25.054741	25.036613	25.018341	
25.017338	25.034611	25.051750	25.068695	25.085377	25.101738	25.117712	25.133240	25.148262	25.162724	25.176563	25.189739	25.202190	25.213879	25.224752	25.234776	25.243908	25.252117	25.259363	25.265633	25.270889	25.275124	25.278309	25.280445	25.281507	25.281513	25.280441	25.278313	25.275120	25.270891	25.265629	25.259367	25.252113	25.243908	25.234776	25.224751	25.213879	25.202190	25.189739	25.176565	25.162724	25.148266	25.133240	25.117714	25.101738	25.085379	25.068695	25.051750	25.034609	25.017340	
25.016272	25.032476	25.048561	25.064463	25.080120	25.095470	25.110462	25.125034	25.139132	25.152699	25.165691	25.178051	25.189739	25.200705	25.210911	25.220314	25.228886	25.236584	25.243393	25.249268	25.254208	25.258175	25.261173	25.263166	25.264175	25.264172	25.263170	25.261166	25.258179	25.254204	25.249271	25.243389	25.236588	25.228884	25.220316	25.210911	25.200703	25.189739	25.178053	25.165691	25.152702	25.139133	25.125034	25.110462	25.095474	25.080118	25.064465	25.048563	25.032480	25.016270	
25.015139	25.030224	25.045193	25.059988	25.074556	25.088840	25.102795	25.116352	25.129471	25.142097	25.154186	25.165691	25.176565	25.186771	25.196266	25.205017	25.212994	25.220161	25.226490	25.231966	25.236557	25.240253	25.243034	25.244902	25.245831	25.245834	25.244896	25.243038	25.240252	25.236559	25.231964	25.226494	25.220161	25.212997	25.205019	25.196268	25.186771	25.176563	25.165691	25.154188	25.142101	25.129473	25.116354	25.102795	25.088844	25.074558	25.059986	25.045193	25.030224	25.015141	
25.013954	25.027855	25.041649	25.055285	25.068710	25.081879	25.094734	25.107229	25.119320	25.130959	25.142099	25.152700	25.162724	25.172127	25.180878	25.188946	25.196295	25.202898	25.208736	25.213779	25.218012	25.221416	25.223988	25.225697	25.226562	25.226559	25.225700	25.223980	25.221416	25.218010	25.213779	25.208735	25.202902	25.196297	25.188950	25.180880	25.172129	25.162724	25.152699	25.142099	25.130959	25.119324	25.107233	25.094734	25.081879	25.068710	25.055286	25.041649	25.027855	25.013954	
25.012712	25.025379	25.037949	25.050371	25.062607	25.074600	25.086315	25.097702	25.108717	25.119320	25.129471	25.139133	25.148262	25.156834	25.164806	25.172155	25.178850	25.184872	25.190186	25.194782	25.198639	25.201744	25.204079	25.205647	25.206425	25.206429	25.205643	25.204081	25.201740	25.198639	25.194782	25.190189	25.184870	25.178854	25.172157	25.164810	25.156832	25.148264	25.139130	25.129471	25.119322	25.108719	25.097702	25.086317	25.074602	25.062607	25.050371	25.037949	25.025379	25.012714	
25.011427	25.022808	25.034103	25.045269	25.056263	25.067043	25.077568	25.087803	25.097702	25.107231	25.116356	25.125032	25.133242	25.140942	25.148109	25.154711	25.160732	25.166138	25.170916	25.175045	25.178513	25.181301	25.183403	25.184807	25.185513	25.185511	25.184809	25.183403	25.181301	25.178513	25.175047	25.170918	25.166142	25.160730	25.154715	25.148109	25.140944	25.133240	25.125034	25.116354	25.107231	25.097702	25.087805	25.077570	25.067045	25.056263	25.045269	25.034101	25.022808	25.011425	
25.010094	25.020149	25.030128	25.039993	25.049706	25.059231	25.068531	25.077570	25.086315	25.094734	25.102793	25.110466	25.117714	25.124519	25.130846	25.136684	25.141998	25.146776	25.150997	25.154648	25.157709	25.160175	25.162025	25.163273	25.163891	25.163893	25.163271	25.162029	25.160173	25.157711	25.154648	25.150999	25.146778	25.142002	25.136683	25.130850	25.124516	25.117714	25.110462	25.102795	25.094736	25.086317	25.077572	25.068531	25.059231	25.049707	25.039991	25.030128	25.020149	25.010094	
25.008724	25.017414	25.026039	25.034565	25.042961	25.051193	25.059231	25.067043	25.074604	25.081879	25.088846	25.095470	25.101740	25.107618	25.113094	25.118134	25.122728	25.126858	25.130508	25.133661	25.136309	25.138435	25.140041	25.141113	25.141651	25.141651	25.141113	25.140043	25.138439	25.136311	25.133663	25.130508	25.126860	25.122730	25.118134	25.113091	25.107620	25.101738	25.095472	25.088844	25.081879	25.074604	25.067043	25.059231	25.051195	25.042959	25.034565	25.026039	25.017414	25.008724	
25.007320	25.014614	25.021854	25.029007	25.036053	25.042961	25.049706	25.056263	25.062607	25.068712	25.074556	25.080120	25.085379	25.090315	25.094906	25.099136	25.102993	25.106461	25.109522	25.112167	25.114388	25.116177	25.117521	25.118423	25.118874	25.118874	25.118423	25.117523	25.116179	25.114391	25.112167	25.109524	25.106461	25.102995	25.099138	25.094906	25.090313	25.085381	25.080120	25.074556	25.068714	25.062607	25.056263	25.049707	25.042961	25.036053	25.029007	25.021852	25.014614	25.007320	
25.005890	25.011759	25.017584	25.023342	25.029007	25.034565	25.039993	25.045269	25.050373	25.055286	25.059990	25.064463	25.068695	25.072666	25.076361	25.079765	25.082867	25.085657	25.088120	25.090248	25.092035	25.093475	25.094559	25.095280	25.095644	25.095642	25.095282	25.094559	25.093472	25.092037	25.090252	25.088120	25.085657	25.082869	25.079765	25.076359	25.072664	25.068695	25.064465	25.059988	25.055285	25.050373	25.045269	25.039993	25.034567	25.029007	25.023338	25.017582	25.011761	25.005890	
25.004438	25.008860	25.013245	25.017582	25.021854	25.026039	25.030128	25.034103	25.037949	25.041649	25.045191	25.048563	25.051750	25.054741	25.057526	25.060089	25.062428	25.064529	25.066383	25.067989	25.069336	25.070419	25.071234	25.071779	25.072052	25.072052	25.071777	25.071232	25.070417	25.069332	25.067989	25.066385	25.064529	25.062426	25.060091	25.057524	25.054741	25.051750	25.048561	25.045191	25.041647	25.037947	25.034103	25.030128	25.026039	25.021852	25.017582	25.013245	25.008860	25.004436	
25.002968	25.005924	25.008858	25.011759	25.014614	25.017414	25.020149	25.022808	25.025379	25.027855	25.030222	25.032478	25.034611	25.036610	25.038469	25.040190	25.041752	25.043156	25.044397	25.045467	25.046371	25.047094	25.047640	25.048004	25.048187	25.048187	25.048004	25.047638	25.047092	25.046370	25.045467	25.044395	25.043156	25.041752	25.040186	25.038471	25.036610	25.034609	25.032478	25.030224	25.027851	25.025379	25.022806	25.020149	25.017414	25.014614	25.011759	25.008858	25.005924	25.002968	
25.001488	25.002968	25.004436	25.005890	25.007320	25.008724	25.010094	25.011425	25.012714	25.013954	25.015141	25.016270	25.017338	25.018339	25.019274	25.020130	25.020916	25.021620	25.022240	25.022778	25.023228	25.023592	25.023865	25.024048	25.024139	25.024139	25.024048	25.023865	25.023590	25.023228	25.022778	25.022240	25.021620	25.020916	25.020132	25.019272	25.018339	25.017338	25.016270	25.015141	25.013954	25.012711	25.011425	25.010094	25.008724	25.007320	25.005890	25.004436	25.002966	25.001488	
