25.001751	25.003494	25.005224	25.006935	25.008619	25.010269	25.011883	25.013451	25.014967	25.016428	25.017826	25.019154	25.020412	25.021591	25.022692	25.023703	25.024624	25.025452	25.026184	25.026817	25.027348	25.027775	25.028097	25.028313	25.028419	25.028419	25.028313	25.028099	25.027775	25.027348	25.026819	25.026184	25.025454	25.024624	25.023703	25.022690	25.021591	25.020412	25.019156	25.017824	25.016430	25.014969	25.013451	25.011885	25.010271	25.008617	25.006935	25.005224	25.003494	25.001751	
25.003494	25.006973	25.010429	25.013844	25.017204	25.020502	25.023722	25.026852	25.029877	25.032793	25.035582	25.038239	25.040747	25.043102	25.045296	25.047316	25.049156	25.050812	25.052271	25.053534	25.054594	25.055447	25.056087	25.056519	25.056732	25.056732	25.056519	25.056089	25.055447	25.054592	25.053532	25.052269	25.050810	25.049156	25.047314	25.045296	25.043102	25.040749	25.038239	25.035583	25.032791	25.029881	25.026852	25.023724	25.020502	25.017206	25.013844	25.010429	25.006975	25.003494	
25.005222	25.010429	25.015594	25.020699	25.025726	25.030659	25.035469	25.040150	25.044676	25.049034	25.053204	25.057175	25.060928	25.064449	25.067726	25.070747	25.073500	25.075974	25.078159	25.080048	25.081631	25.082905	25.083866	25.084509	25.084829	25.084831	25.084511	25.083866	25.082905	25.081631	25.080044	25.078157	25.075974	25.073502	25.070747	25.067726	25.064449	25.060928	25.057177	25.053204	25.049034	25.044678	25.040150	25.035471	25.030659	25.025726	25.020700	25.015593	25.010429	25.005222	
25.006935	25.013844	25.020699	25.027477	25.034151	25.040693	25.047085	25.053295	25.059303	25.065088	25.070625	25.075897	25.080875	25.085552	25.089903	25.093910	25.097565	25.100849	25.103750	25.106255	25.108360	25.110050	25.111328	25.112179	25.112606	25.112606	25.112179	25.111328	25.110050	25.108356	25.106255	25.103748	25.100849	25.097565	25.093912	25.089903	25.085552	25.080879	25.075893	25.070629	25.065088	25.059307	25.053299	25.047085	25.040697	25.034153	25.027477	25.020700	25.013844	25.006935	
25.008621	25.017204	25.025728	25.034153	25.042444	25.050579	25.058517	25.066238	25.073706	25.080896	25.087780	25.094326	25.100519	25.106331	25.111736	25.116722	25.121260	25.125343	25.128944	25.132063	25.134674	25.136780	25.138363	25.139425	25.139954	25.139954	25.139423	25.138363	25.136780	25.134674	25.132059	25.128946	25.125341	25.121262	25.116722	25.111736	25.106331	25.100519	25.094330	25.087780	25.080898	25.073709	25.066240	25.058521	25.050581	25.042446	25.034149	25.025726	25.017206	25.008617	
25.010273	25.020504	25.030657	25.040695	25.050579	25.060268	25.069736	25.078930	25.087831	25.096397	25.104599	25.112404	25.119781	25.126705	25.133148	25.139084	25.144497	25.149357	25.153656	25.157364	25.160484	25.162989	25.164879	25.166138	25.166773	25.166773	25.166138	25.164879	25.162987	25.160480	25.157366	25.153652	25.149357	25.144497	25.139086	25.133148	25.126705	25.119781	25.112404	25.104603	25.096397	25.087833	25.078934	25.069736	25.060272	25.050579	25.040695	25.030655	25.020502	25.010271	
25.011883	25.023722	25.035471	25.047085	25.058519	25.069736	25.080681	25.091326	25.101620	25.111534	25.121021	25.130051	25.138588	25.146601	25.154053	25.160923	25.167181	25.172810	25.177776	25.182076	25.185677	25.188580	25.190763	25.192226	25.192959	25.192957	25.192226	25.190765	25.188580	25.185678	25.182074	25.177780	25.172810	25.167185	25.160923	25.154053	25.146599	25.138588	25.130053	25.121023	25.111538	25.101624	25.091328	25.080685	25.069735	25.058521	25.047085	25.035471	25.023720	25.011883	
25.013451	25.026852	25.040150	25.053295	25.066238	25.078932	25.091326	25.103371	25.115026	25.126245	25.136986	25.147205	25.156870	25.165936	25.174377	25.182148	25.189238	25.195602	25.201229	25.206091	25.210173	25.213455	25.215929	25.217581	25.218410	25.218410	25.217583	25.215929	25.213455	25.210171	25.206093	25.201229	25.195604	25.189236	25.182152	25.174376	25.165936	25.156872	25.147207	25.136988	25.126247	25.115028	25.103373	25.091328	25.078934	25.066240	25.053295	25.040150	25.026852	25.013451	
25.014965	25.029879	25.044676	25.059303	25.073708	25.087831	25.101620	25.115028	25.127996	25.140480	25.152428	25.163805	25.174553	25.184647	25.194033	25.202690	25.210569	25.217659	25.223915	25.229328	25.233868	25.237522	25.240273	25.242115	25.243034	25.243036	25.242115	25.240273	25.237522	25.233868	25.229326	25.223917	25.217659	25.210571	25.202690	25.194035	25.184647	25.174557	25.163807	25.152431	25.140482	25.127998	25.115026	25.101624	25.087831	25.073709	25.059303	25.044678	25.029877	25.014969	
25.016428	25.032791	25.049034	25.065090	25.080896	25.096397	25.111532	25.126245	25.140480	25.154179	25.167299	25.179777	25.191580	25.202652	25.212959	25.222452	25.231112	25.238884	25.245756	25.251694	25.256676	25.260685	25.263706	25.265724	25.266739	25.266739	25.265728	25.263708	25.260689	25.256676	25.251696	25.245756	25.238888	25.231110	25.222456	25.212961	25.202656	25.191580	25.179781	25.167299	25.154182	25.140480	25.126247	25.111532	25.096397	25.080894	25.065088	25.049030	25.032791	25.016426	
25.017822	25.035583	25.053205	25.070625	25.087778	25.104599	25.121021	25.136986	25.152431	25.167297	25.181528	25.195072	25.207874	25.219893	25.231071	25.241383	25.250767	25.259209	25.266659	25.273106	25.278511	25.282862	25.286139	25.288332	25.289429	25.289429	25.288334	25.286140	25.282864	25.278515	25.273106	25.266663	25.259209	25.250771	25.241381	25.231075	25.219894	25.207878	25.195074	25.181532	25.167297	25.152431	25.136986	25.121023	25.104597	25.087776	25.070621	25.053205	25.035580	25.017826	
25.019157	25.038239	25.057177	25.075895	25.094328	25.112400	25.130051	25.147205	25.163803	25.179777	25.195072	25.209625	25.223387	25.236298	25.248318	25.259386	25.269480	25.278545	25.286556	25.293478	25.299292	25.303967	25.307487	25.309841	25.311024	25.311024	25.309845	25.307489	25.303967	25.299290	25.293482	25.286558	25.278545	25.269482	25.259390	25.248316	25.236301	25.223385	25.209629	25.195074	25.179781	25.163803	25.147209	25.130047	25.112404	25.094326	25.075893	25.057171	25.038239	25.019154	
25.020411	25.040749	25.060928	25.080875	25.100517	25.119780	25.138586	25.156868	25.174553	25.191578	25.207874	25.223385	25.238045	25.251806	25.264610	25.276415	25.287163	25.296829	25.305361	25.312744	25.318932	25.323917	25.327667	25.330177	25.331436	25.331436	25.330179	25.327671	25.323915	25.318935	25.312742	25.305367	25.296827	25.287167	25.276417	25.264614	25.251810	25.238049	25.223387	25.207878	25.191580	25.174557	25.156866	25.138588	25.119778	25.100519	25.080873	25.060926	25.040745	25.020412	
25.021595	25.043102	25.064449	25.085550	25.106329	25.126701	25.146597	25.165934	25.184643	25.202648	25.219893	25.236294	25.251806	25.266361	25.279907	25.292387	25.303764	25.313984	25.323013	25.330816	25.337368	25.342636	25.346607	25.349262	25.350594	25.350594	25.349264	25.346607	25.342640	25.337368	25.330820	25.323013	25.313984	25.303762	25.292391	25.279909	25.266365	25.251808	25.236300	25.219894	25.202654	25.184643	25.165939	25.146595	25.126703	25.106325	25.085550	25.064445	25.043102	25.021591	
25.022690	25.045296	25.067726	25.089899	25.111732	25.133144	25.154049	25.174374	25.194029	25.212957	25.231068	25.248314	25.264610	25.279907	25.294138	25.307257	25.319206	25.329948	25.339437	25.347641	25.354519	25.360062	25.364231	25.367022	25.368418	25.368420	25.367020	25.364231	25.360060	25.354523	25.347641	25.339439	25.329950	25.319210	25.307259	25.294142	25.279907	25.264614	25.248314	25.231075	25.212955	25.194035	25.174370	25.154053	25.133142	25.111736	25.089897	25.067726	25.045292	25.022690	
25.023703	25.047314	25.070744	25.093908	25.116714	25.139080	25.160921	25.182144	25.202686	25.222450	25.241377	25.259384	25.276411	25.292387	25.307255	25.320957	25.333443	25.344662	25.354576	25.363140	25.370333	25.376114	25.380476	25.383385	25.384850	25.384848	25.383389	25.380474	25.376118	25.370331	25.363144	25.354574	25.344666	25.333443	25.320961	25.307259	25.292391	25.276413	25.259388	25.241379	25.222454	25.202686	25.182148	25.160919	25.139084	25.116714	25.093910	25.070742	25.047314	25.023701	
25.024622	25.049152	25.073498	25.097561	25.121254	25.144493	25.167179	25.189234	25.210564	25.231108	25.250763	25.269474	25.287163	25.303761	25.319206	25.333443	25.346413	25.358070	25.368366	25.377270	25.384733	25.390747	25.395271	25.398304	25.399815	25.399817	25.398300	25.395271	25.390747	25.384735	25.377270	25.368366	25.358070	25.346413	25.333445	25.319210	25.303761	25.287165	25.269476	25.250767	25.231106	25.210571	25.189232	25.167181	25.144489	25.121258	25.097559	25.073498	25.049152	25.024624	
25.025452	25.050804	25.075970	25.100843	25.125336	25.149353	25.172806	25.195599	25.217655	25.238876	25.259205	25.278540	25.296825	25.313980	25.329948	25.344662	25.358070	25.370117	25.380764	25.389957	25.397682	25.403893	25.408577	25.411701	25.413271	25.413271	25.411701	25.408573	25.403893	25.397682	25.389959	25.380764	25.370117	25.358070	25.344662	25.329948	25.313984	25.296825	25.278543	25.259205	25.238884	25.217655	25.195601	25.172804	25.149357	25.125336	25.100847	25.075968	25.050808	25.025452	
25.026184	25.052269	25.078156	25.103745	25.128939	25.153648	25.177773	25.201225	25.223911	25.245752	25.266655	25.286552	25.305359	25.323013	25.339436	25.354574	25.368366	25.380760	25.391708	25.401176	25.409117	25.415512	25.420322	25.423544	25.425156	25.425156	25.423542	25.420322	25.415508	25.409115	25.401176	25.391710	25.380760	25.368366	25.354574	25.339436	25.323013	25.305363	25.286552	25.266659	25.245750	25.223913	25.201225	25.177776	25.153648	25.128942	25.103743	25.078156	25.052269	25.026184	
25.026815	25.053532	25.080044	25.106251	25.132057	25.157360	25.182068	25.206085	25.229322	25.251686	25.273102	25.293474	25.312738	25.330814	25.347639	25.363140	25.377266	25.389957	25.401176	25.410866	25.419003	25.425547	25.430479	25.433775	25.435429	25.435429	25.433775	25.430477	25.425549	25.419003	25.410866	25.401176	25.389959	25.377266	25.363140	25.347637	25.330814	25.312740	25.293476	25.273102	25.251690	25.229321	25.206089	25.182070	25.157362	25.132055	25.106251	25.080044	25.053532	25.026815	
25.027348	25.054592	25.081627	25.108355	25.134670	25.160477	25.185673	25.210167	25.233860	25.256672	25.278507	25.299286	25.318930	25.337364	25.354519	25.370331	25.384735	25.397678	25.409115	25.419001	25.427296	25.433973	25.438999	25.442364	25.444048	25.444050	25.442364	25.438999	25.433973	25.427296	25.419003	25.409117	25.397678	25.384735	25.370331	25.354519	25.337364	25.318932	25.299286	25.278507	25.256672	25.233862	25.210167	25.185673	25.160477	25.134670	25.108356	25.081627	25.054590	25.027348	
25.027773	25.055445	25.082905	25.110046	25.136774	25.162983	25.188576	25.213448	25.237514	25.260679	25.282856	25.303959	25.323912	25.342634	25.360058	25.376114	25.390743	25.403891	25.415508	25.425549	25.433971	25.440750	25.445858	25.449272	25.450985	25.450983	25.449272	25.445858	25.440750	25.433971	25.425547	25.415508	25.403893	25.390743	25.376114	25.360056	25.342632	25.323910	25.303961	25.282858	25.260681	25.237514	25.213448	25.188574	25.162981	25.136776	25.110046	25.082903	25.055441	25.027773	
25.028099	25.056086	25.083864	25.111324	25.138359	25.164873	25.190758	25.215923	25.240265	25.263699	25.286135	25.307482	25.327663	25.346603	25.364227	25.380470	25.395271	25.408571	25.420322	25.430477	25.438999	25.445858	25.451023	25.454479	25.456209	25.456207	25.454479	25.451023	25.445858	25.439001	25.430479	25.420322	25.408573	25.395271	25.380472	25.364227	25.346603	25.327663	25.307482	25.286133	25.263700	25.240267	25.215923	25.190758	25.164871	25.138359	25.111322	25.083860	25.056087	25.028095	
25.028313	25.056519	25.084505	25.112175	25.139420	25.166136	25.192219	25.217577	25.242107	25.265720	25.288326	25.309837	25.330173	25.349258	25.367016	25.383385	25.398298	25.411701	25.423542	25.433777	25.442364	25.449272	25.454479	25.457960	25.459702	25.459705	25.457958	25.454479	25.449272	25.442364	25.433773	25.423540	25.411701	25.398296	25.383385	25.367018	25.349258	25.330173	25.309837	25.288326	25.265720	25.242107	25.217575	25.192221	25.166136	25.139420	25.112175	25.084507	25.056515	25.028311	
25.028419	25.056732	25.084827	25.112602	25.139950	25.166767	25.192951	25.218405	25.243031	25.266731	25.289423	25.311018	25.331432	25.350586	25.368414	25.384846	25.399815	25.413269	25.425152	25.435427	25.444046	25.450983	25.456209	25.459705	25.461452	25.461452	25.459702	25.456207	25.450983	25.444046	25.435425	25.425154	25.413269	25.399815	25.384842	25.368416	25.350586	25.331430	25.311016	25.289425	25.266733	25.243029	25.218407	25.192951	25.166767	25.139950	25.112602	25.084827	25.056730	25.028419	
25.028419	25.056732	25.084827	25.112602	25.139950	25.166767	25.192951	25.218405	25.243031	25.266731	25.289423	25.311018	25.331432	25.350586	25.368414	25.384846	25.399815	25.413269	25.425152	25.435427	25.444046	25.450983	25.456209	25.459705	25.461452	25.461452	25.459702	25.456207	25.450983	25.444046	25.435425	25.425154	25.413269	25.399815	25.384842	25.368416	25.350586	25.331430	25.311016	25.289425	25.266733	25.243029	25.218407	25.192951	25.166767	25.139950	25.112602	25.084827	25.056730	25.028419	
25.028313	25.056519	25.084505	25.112175	25.139420	25.166136	25.192219	25.217577	25.242107	25.265720	25.288326	25.309837	25.330173	25.349258	25.367016	25.383385	25.398298	25.411701	25.423542	25.433777	25.442364	25.449272	25.454479	25.457960	25.459702	25.459705	25.457958	25.454479	25.449272	25.442364	25.433773	25.423540	25.411701	25.398296	25.383385	25.367018	25.349258	25.330173	25.309837	25.288326	25.265720	25.242107	25.217575	25.192221	25.166136	25.139420	25.112175	25.084507	25.056515	25.028311	
25.028099	25.056086	25.083864	25.111324	25.138359	25.164873	25.190758	25.215923	25.240265	25.263699	25.286135	25.307482	25.327663	25.346603	25.364227	25.380470	25.395271	25.408571	25.420322	25.430477	25.438999	25.445858	25.451023	25.454479	25.456209	25.456207	25.454479	25.451023	25.445858	25.439001	25.430479	25.420322	25.408573	25.395271	25.380472	25.364227	25.346603	25.327663	25.307482	25.286133	25.263700	25.240267	25.215923	25.190758	25.164871	25.138359	25.111322	25.083860	25.056087	25.028095	
25.027773	25.055445	25.082905	25.110046	25.136774	25.162983	25.188576	25.213448	25.237514	25.260679	25.282856	25.303959	25.323912	25.342634	25.360058	25.376114	25.390743	25.403891	25.415508	25.425549	25.433971	25.440750	25.445858	25.449272	25.450985	25.450983	25.449272	25.445858	25.440750	25.433971	25.425547	25.415508	25.403893	25.390743	25.376114	25.360056	25.342632	25.323910	25.303961	25.282858	25.260681	25.237514	25.213448	25.188574	25.162981	25.136776	25.110046	25.082903	25.055441	25.027773	
25.027348	25.054592	25.081627	25.108355	25.134670	25.160477	25.185673	25.210167	25.233860	25.256672	25.278507	25.299286	25.318930	25.337364	25.354519	25.370331	25.384735	25.397678	25.409115	25.419001	25.427296	25.433973	25.438999	25.442364	25.444048	25.444050	25.442364	25.438999	25.433973	25.427296	25.419003	25.409117	25.397678	25.384735	25.370331	25.354519	25.337364	25.318932	25.299286	25.278507	25.256672	25.233862	25.210167	25.185673	25.160477	25.134670	25.108356	25.081627	25.054590	25.027348	
25.026815	25.053532	25.080044	25.106251	25.132057	25.157360	25.182068	25.206085	25.229322	25.251686	25.273102	25.293474	25.312738	25.330814	25.347639	25.363140	25.377266	25.389957	25.401176	25.410866	25.419003	25.425547	25.430479	25.433775	25.435429	25.435429	25.433775	25.430477	25.425549	25.419003	25.410866	25.401176	25.389959	25.377266	25.363140	25.347637	25.330814	25.312740	25.293476	25.273102	25.251690	25.229321	25.206089	25.182070	25.157362	25.132055	25.106251	25.080044	25.053532	25.026815	
25.026184	25.052269	25.078156	25.103745	25.128939	25.153648	25.177773	25.201225	25.223911	25.245752	25.266655	25.286552	25.305359	25.323013	25.339436	25.354574	25.368366	25.380760	25.391708	25.401176	25.409117	25.415512	25.420322	25.423544	25.425156	25.425156	25.423542	25.420322	25.415508	25.409115	25.401176	25.391710	25.380760	25.368366	25.354574	25.339436	25.323013	25.305363	25.286552	25.266659	25.245750	25.223913	25.201225	25.177776	25.153648	25.128942	25.103743	25.078156	25.052269	25.026184	
25.025452	25.050804	25.075970	25.100843	25.125336	25.149353	25.172806	25.195599	25.217655	25.238876	25.259205	25.278540	25.296825	25.313980	25.329948	25.344662	25.358070	25.370117	25.380764	25.389957	25.397682	25.403893	25.408577	25.411701	25.413271	25.413271	25.411701	25.408573	25.403893	25.397682	25.389959	25.380764	25.370117	25.358070	25.344662	25.329948	25.313984	25.296825	25.278543	25.259205	25.238884	25.217655	25.195601	25.172804	25.149357	25.125336	25.100847	25.075968	25.050808	25.025452	
25.024622	25.049152	25.073498	25.097561	25.121254	25.144493	25.167179	25.189234	25.210564	25.231108	25.250763	25.269474	25.287163	25.303761	25.319206	25.333443	25.346413	25.358070	25.368366	25.377270	25.384733	25.390747	25.395271	25.398304	25.399815	25.399817	25.398300	25.395271	25.390747	25.384735	25.377270	25.368366	25.358070	25.346413	25.333445	25.319210	25.303761	25.287165	25.269476	25.250767	25.231106	25.210571	25.189232	25.167181	25.144489	25.121258	25.097559	25.073498	25.049152	25.024624	
25.023703	25.047314	25.070744	25.093908	25.116714	25.139080	25.160921	25.182144	25.202686	25.222450	25.241377	25.259384	25.276411	25.292387	25.307255	25.320957	25.333443	25.344662	25.354576	25.363140	25.370333	25.376114	25.380476	25.383385	25.384850	25.384848	25.383389	25.380474	25.376118	25.370331	25.363144	25.354574	25.344666	25.333443	25.320961	25.307259	25.292391	25.276413	25.259388	25.241379	25.222454	25.202686	25.182148	25.160919	25.139084	25.116714	25.093910	25.070742	25.047314	25.023701	
25.022690	25.045296	25.067726	25.089899	25.111732	25.133144	25.154049	25.174374	25.194029	25.212957	25.231068	25.248314	25.264610	25.279907	25.294138	25.307257	25.319206	25.329948	25.339437	25.347641	25.354519	25.360062	25.364231	25.367022	25.368418	25.368420	25.367020	25.364231	25.360060	25.354523	25.347641	25.339439	25.329950	25.319210	25.307259	25.294142	25.279907	25.264614	25.248314	25.231075	25.212955	25.194035	25.174370	25.154053	25.133142	25.111736	25.089897	25.067726	25.045292	25.022690	
25.021595	25.043102	25.064449	25.085550	25.106329	25.126701	25.146597	25.165934	25.184643	25.202648	25.219893	25.236294	25.251806	25.266361	25.279907	25.292387	25.303764	25.313984	25.323013	25.330816	25.337368	25.342636	25.346607	25.349262	25.350594	25.350594	25.349264	25.346607	25.342640	25.337368	25.330820	25.323013	25.313984	25.303762	25.292391	25.279909	25.266365	25.251808	25.236300	25.219894	25.202654	25.184643	25.165939	25.146595	25.126703	25.106325	25.085550	25.064445	25.043102	25.021591	
25.020411	25.040749	25.060928	25.080875	25.100517	25.119780	25.138586	25.156868	25.174553	25.191578	25.207874	25.223385	25.238045	25.251806	25.264610	25.276415	25.287163	25.296829	25.305361	25.312744	25.318932	25.323917	25.327667	25.330177	25.331436	25.331436	25.330179	25.327671	25.323915	25.318935	25.312742	25.305367	25.296827	25.287167	25.276417	25.264614	25.251810	25.238049	25.223387	25.207878	25.191580	25.174557	25.156866	25.138588	25.119778	25.100519	25.080873	25.060926	25.040745	25.020412	
25.019157	25.038239	25.057177	25.075895	25.094328	25.112400	25.130051	25.147205	25.163803	25.179777	25.195072	25.209625	25.223387	25.236298	25.248318	25.259386	25.269480	25.278545	25.286556	25.293478	25.299292	25.303967	25.307487	25.309841	25.311024	25.311024	25.309845	25.307489	25.303967	25.299290	25.293482	25.286558	25.278545	25.269482	25.259390	25.248316	25.236301	25.223385	25.209629	25.195074	25.179781	25.163803	25.147209	25.130047	25.112404	25.094326	25.075893	25.057171	25.038239	25.019154	
25.017822	25.035583	25.053205	25.070625	25.087778	25.104599	25.121021	25.136986	25.152431	25.167297	25.181528	25.195072	25.207874	25.219893	25.231071	25.241383	25.250767	25.259209	25.266659	25.273106	25.278511	25.282862	25.286139	25.288332	25.289429	25.289429	25.288334	25.286140	25.282864	25.278515	25.273106	25.266663	25.259209	25.250771	25.241381	25.231075	25.219894	25.207878	25.195074	25.181532	25.167297	25.152431	25.136986	25.121023	25.104597	25.087776	25.070621	25.053205	25.035580	25.017826	
25.016428	25.032791	25.049034	25.065090	25.080896	25.096397	25.111532	25.126245	25.140480	25.154179	25.167299	25.179777	25.191580	25.202652	25.212959	25.222452	25.231112	25.238884	25.245756	25.251694	25.256676	25.260685	25.263706	25.265724	25.266739	25.266739	25.265728	25.263708	25.260689	25.256676	25.251696	25.245756	25.238888	25.231110	25.222456	25.212961	25.202656	25.191580	25.179781	25.167299	25.154182	25.140480	25.126247	25.111532	25.096397	25.080894	25.065088	25.049030	25.032791	25.016426	
25.014965	25.029879	25.044676	25.059303	25.073708	25.087831	25.101620	25.115028	25.127996	25.140480	25.152428	25.163805	25.174553	25.184647	25.194033	25.202690	25.210569	25.217659	25.223915	25.229328	25.233868	25.237522	25.240273	25.242115	25.243034	25.243036	25.242115	25.240273	25.237522	25.233868	25.229326	25.223917	25.217659	25.210571	25.202690	25.194035	25.184647	25.174557	25.163807	25.152431	25.140482	25.127998	25.115026	25.101624	25.087831	25.073709	25.059303	25.044678	25.029877	25.014969	
25.013451	25.026852	25.040150	25.053295	25.066238	25.078932	25.091326	25.103371	25.115026	25.126245	25.136986	25.147205	25.156870	25.165936	25.174377	25.182148	25.189238	25.195602	25.201229	25.206091	25.210173	25.213455	25.215929	25.217581	25.218410	25.218410	25.217583	25.215929	25.213455	25.210171	25.206093	25.201229	25.195604	25.189236	25.182152	25.174376	25.165936	25.156872	25.147207	25.136988	25.126247	25.115028	25.103373	25.091328	25.078934	25.066240	25.053295	25.040150	25.026852	25.013451	
25.011883	25.023722	25.035471	25.047085	25.058519	25.069736	25.080681	25.091326	25.101620	25.111534	25.121021	25.130051	25.138588	25.146601	25.154053	25.160923	25.167181	25.172810	25.177776	25.182076	25.185677	25.188580	25.190763	25.192226	25.192959	25.192957	25.192226	25.190765	25.188580	25.185678	25.182074	25.177780	25.172810	25.167185	25.160923	25.154053	25.146599	25.138588	25.130053	25.121023	25.111538	25.101624	25.091328	25.080685	25.069735	25.058521	25.047085	25.035471	25.023720	25.011883	
25.010273	25.020504	25.030657	25.040695	25.050579	25.060268	25.069736	25.078930	25.087831	25.096397	25.104599	25.112404	25.119781	25.126705	25.133148	25.139084	25.144497	25.149357	25.153656	25.157364	25.160484	25.162989	25.164879	25.166138	25.166773	25.166773	25.166138	25.164879	25.162987	25.160480	25.157366	25.153652	25.149357	25.144497	25.139086	25.133148	25.126705	25.119781	25.112404	25.104603	25.096397	25.087833	25.078934	25.069736	25.060272	25.050579	25.040695	25.030655	25.020502	25.010271	
25.008621	25.017204	25.025728	25.034153	25.042444	25.050579	25.058517	25.066238	25.073706	25.080896	25.087780	25.094326	25.100519	25.106331	25.111736	25.116722	25.121260	25.125343	25.128944	25.132063	25.134674	25.136780	25.138363	25.139425	25.139954	25.139954	25.139423	25.138363	25.136780	25.134674	25.132059	25.128946	25.125341	25.121262	25.116722	25.111736	25.106331	25.100519	25.094330	25.087780	25.080898	25.073709	25.066240	25.058521	25.050581	25.042446	25.034149	25.025726	25.017206	25.008617	
25.006935	25.013844	25.020699	25.027477	25.034151	25.040693	25.047085	25.053295	25.059303	25.065088	25.070625	25.075897	25.080875	25.085552	25.089903	25.093910	25.097565	25.100849	25.103750	25.106255	25.108360	25.110050	25.111328	25.112179	25.112606	25.112606	25.112179	25.111328	25.110050	25.108356	25.106255	25.103748	25.100849	25.097565	25.093912	25.089903	25.085552	25.080879	25.075893	25.070629	25.065088	25.059307	25.053299	25.047085	25.040697	25.034153	25.027477	25.020700	25.013844	25.006935	
25.005222	25.010429	25.015594	25.020699	25.025726	25.030659	25.035469	25.040150	25.044676	25.049034	25.053204	25.057175	25.060928	25.064449	25.067726	25.070747	25.073500	25.075974	25.078159	25.080048	25.081631	25.082905	25.083866	25.084509	25.084829	25.084831	25.084511	25.083866	25.082905	25.081631	25.080044	25.078157	25.075974	25.073502	25.070747	25.067726	25.064449	25.060928	25.057177	25.053204	25.049034	25.044678	25.040150	25.035471	25.030659	25.025726	25.020700	25.015593	25.010429	25.005222	
25.003494	25.006973	25.010429	25.013844	25.017204	25.020502	25.023722	25.026852	25.029877	25.032793	25.035582	25.038239	25.040747	25.043102	25.045296	25.047316	25.049156	25.050812	25.052271	25.053534	25.054594	25.055447	25.056087	25.056519	25.056732	25.056732	25.056519	25.056089	25.055447	25.054592	25.053532	25.052269	25.050810	25.049156	25.047314	25.045296	25.043102	25.040749	25.038239	25.035583	25.032791	25.029881	25.026852	25.023724	25.020502	25.017206	25.013844	25.010429	25.006975	25.003494	
25.001751	25.003494	25.005224	25.006935	25.008619	25.010269	25.011883	25.013451	25.014967	25.016428	25.017826	25.019154	25.020412	25.021591	25.022692	25.023703	25.024624	25.025452	25.026184	25.026817	25.027348	25.027775	25.028097	25.028313	25.028419	25.028419	25.028313	25.028099	25.027775	25.027348	25.026819	25.026184	25.025454	25.024624	25.023703	25.022690	25.021591	25.020412	25.019156	25.017824	25.016430	25.014969	25.013451	25.011885	25.010271	25.008617	25.006935	25.005224	25.003494	25.001751	
