25.000427	25.000851	25.001274	25.001690	25.002098	25.002502	25.002895	25.003277	25.003645	25.004000	25.004341	25.004665	25.004971	25.005259	25.005527	25.005772	25.005997	25.006197	25.006378	25.006531	25.006660	25.006765	25.006844	25.006897	25.006922	25.006924	25.006893	25.006844	25.006763	25.006660	25.006531	25.006376	25.006199	25.005997	25.005774	25.005524	25.005259	25.004971	25.004665	25.004341	25.004002	25.003645	25.003277	25.002895	25.002502	25.002100	25.001690	25.001274	25.000851	25.000427	
25.000851	25.001698	25.002541	25.003372	25.004190	25.004993	25.005777	25.006538	25.007275	25.007984	25.008665	25.009312	25.009922	25.010498	25.011030	25.011524	25.011972	25.012375	25.012730	25.013039	25.013294	25.013504	25.013662	25.013763	25.013817	25.013815	25.013765	25.013659	25.013504	25.013294	25.013039	25.012730	25.012375	25.011971	25.011520	25.011032	25.010496	25.009924	25.009312	25.008667	25.007988	25.007278	25.006540	25.005779	25.004993	25.004192	25.003372	25.002541	25.001698	25.000851	
25.001270	25.002541	25.003798	25.005041	25.006264	25.007465	25.008638	25.009779	25.010880	25.011940	25.012955	25.013924	25.014839	25.015697	25.016497	25.017231	25.017900	25.018505	25.019035	25.019493	25.019882	25.020191	25.020426	25.020582	25.020660	25.020660	25.020580	25.020428	25.020191	25.019880	25.019493	25.019035	25.018503	25.017899	25.017231	25.016493	25.015694	25.014835	25.013926	25.012959	25.011944	25.010880	25.009781	25.008640	25.007467	25.006266	25.005043	25.003799	25.002541	25.001272	
25.001690	25.003370	25.005043	25.006691	25.008320	25.009911	25.011467	25.012981	25.014442	25.015850	25.017200	25.018482	25.019695	25.020834	25.021896	25.022873	25.023762	25.024563	25.025269	25.025879	25.026390	25.026802	25.027115	25.027319	25.027424	25.027424	25.027321	25.027111	25.026802	25.026390	25.025877	25.025269	25.024559	25.023762	25.022871	25.021894	25.020836	25.019699	25.018484	25.017202	25.015854	25.014446	25.012980	25.011467	25.009911	25.008318	25.006691	25.005043	25.003372	25.001690	
25.002098	25.004192	25.006264	25.008320	25.010338	25.012318	25.014254	25.016132	25.017952	25.019703	25.021378	25.022974	25.024479	25.025898	25.027212	25.028427	25.029533	25.030527	25.031404	25.032162	25.032799	25.033314	25.033697	25.033955	25.034084	25.034084	25.033955	25.033695	25.033310	25.032799	25.032162	25.031403	25.030525	25.029531	25.028427	25.027214	25.025896	25.024481	25.022976	25.021381	25.019703	25.017952	25.016132	25.014254	25.012318	25.010336	25.008318	25.006264	25.004192	25.002098	
25.002502	25.004993	25.007469	25.009911	25.012318	25.014679	25.016983	25.019224	25.021391	25.023476	25.025475	25.027376	25.029171	25.030857	25.032429	25.033875	25.035192	25.036377	25.037422	25.038326	25.039085	25.039694	25.040154	25.040462	25.040615	25.040615	25.040461	25.040154	25.039692	25.039083	25.038324	25.037422	25.036373	25.035191	25.033871	25.032425	25.030859	25.029173	25.027378	25.025475	25.023478	25.021393	25.019226	25.016983	25.014679	25.012318	25.009911	25.007467	25.004993	25.002502	
25.002895	25.005779	25.008638	25.011467	25.014252	25.016983	25.019651	25.022242	25.024750	25.027161	25.029474	25.031673	25.033752	25.035704	25.037519	25.039194	25.040718	25.042088	25.043295	25.044342	25.045219	25.045927	25.046459	25.046814	25.046993	25.046993	25.046816	25.046457	25.045925	25.045219	25.044344	25.043297	25.042088	25.040714	25.039190	25.037519	25.035702	25.033752	25.031673	25.029474	25.027163	25.024750	25.022240	25.019650	25.016983	25.014252	25.011467	25.008638	25.005777	25.002895	
25.003277	25.006538	25.009781	25.012978	25.016132	25.019224	25.022243	25.025177	25.028015	25.030746	25.033363	25.035851	25.038208	25.040413	25.042469	25.044361	25.046089	25.047638	25.049007	25.050190	25.051186	25.051983	25.052586	25.052990	25.053190	25.053194	25.052990	25.052586	25.051983	25.051186	25.050190	25.049007	25.047638	25.046089	25.044361	25.042467	25.040413	25.038204	25.035851	25.033360	25.030746	25.028013	25.025177	25.022242	25.019222	25.016132	25.012980	25.009779	25.006538	25.003277	
25.003647	25.007278	25.010881	25.014446	25.017952	25.021391	25.024752	25.028015	25.031174	25.034212	25.037125	25.039894	25.042511	25.044971	25.047256	25.049362	25.051283	25.053009	25.054531	25.055851	25.056955	25.057846	25.058514	25.058966	25.059191	25.059187	25.058964	25.058514	25.057846	25.056953	25.055851	25.054531	25.053011	25.051281	25.049362	25.047255	25.044968	25.042511	25.039892	25.037123	25.034210	25.031174	25.028015	25.024750	25.021393	25.017952	25.014444	25.010880	25.007278	25.003647	
25.004002	25.007988	25.011944	25.015854	25.019703	25.023479	25.027164	25.030748	25.034212	25.037548	25.040745	25.043783	25.046658	25.049356	25.051865	25.054180	25.056284	25.058178	25.059853	25.061298	25.062511	25.063488	25.064224	25.064714	25.064960	25.064960	25.064714	25.064222	25.063486	25.062511	25.061298	25.059853	25.058176	25.056286	25.054176	25.051863	25.049355	25.046658	25.043781	25.040743	25.037550	25.034212	25.030746	25.027163	25.023476	25.019703	25.015850	25.011942	25.007988	25.004002	
25.004341	25.008667	25.012959	25.017200	25.021381	25.025475	25.029474	25.033361	25.037125	25.040745	25.044210	25.047508	25.050629	25.053555	25.056278	25.058784	25.061073	25.063126	25.064941	25.066513	25.067829	25.068888	25.069687	25.070221	25.070488	25.070486	25.070219	25.069687	25.068888	25.067829	25.066513	25.064941	25.063128	25.061073	25.058784	25.056274	25.053553	25.050627	25.047508	25.044209	25.040743	25.037123	25.033363	25.029474	25.025473	25.021378	25.017200	25.012959	25.008667	25.004341	
25.004663	25.009314	25.013924	25.018486	25.022974	25.027378	25.031672	25.035852	25.039894	25.043785	25.047508	25.051052	25.054403	25.057550	25.060474	25.063171	25.065628	25.067837	25.069788	25.071474	25.072891	25.074028	25.074886	25.075459	25.075747	25.075745	25.075459	25.074886	25.074028	25.072887	25.071472	25.069790	25.067837	25.065628	25.063171	25.060474	25.057549	25.054405	25.051052	25.047508	25.043783	25.039892	25.035851	25.031673	25.027376	25.022972	25.018482	25.013924	25.009312	25.004665	
25.004971	25.009922	25.014841	25.019697	25.024483	25.029171	25.033752	25.038204	25.042511	25.046658	25.050629	25.054403	25.057976	25.061325	25.064445	25.067316	25.069937	25.072289	25.074368	25.076164	25.077673	25.078888	25.079800	25.080412	25.080717	25.080719	25.080410	25.079798	25.078886	25.077671	25.076164	25.074368	25.072290	25.069935	25.067318	25.064445	25.061329	25.057976	25.054405	25.050627	25.046658	25.042511	25.038204	25.033752	25.029173	25.024479	25.019695	25.014837	25.009924	25.004971	
25.005257	25.010498	25.015696	25.020838	25.025894	25.030859	25.035702	25.040413	25.044971	25.049356	25.053553	25.057549	25.061325	25.064871	25.068169	25.071209	25.073975	25.076469	25.078667	25.080566	25.082161	25.083445	25.084412	25.085056	25.085384	25.085381	25.085058	25.084412	25.083443	25.082161	25.080566	25.078667	25.076468	25.073978	25.071209	25.068169	25.064873	25.061329	25.057550	25.053555	25.049355	25.044970	25.040413	25.035702	25.030857	25.025896	25.020834	25.015694	25.010494	25.005260	
25.005524	25.011028	25.016495	25.021893	25.027214	25.032427	25.037519	25.042469	25.047256	25.051865	25.056278	25.060474	25.064445	25.068169	25.071632	25.074829	25.077740	25.080355	25.082666	25.084663	25.086338	25.087688	25.088703	25.089384	25.089722	25.089724	25.089384	25.088703	25.087688	25.086338	25.084663	25.082664	25.080357	25.077742	25.074829	25.071636	25.068169	25.064445	25.060474	25.056276	25.051865	25.047256	25.042467	25.037518	25.032429	25.027212	25.021893	25.016491	25.011032	25.005526	
25.005772	25.011520	25.017229	25.022871	25.028425	25.033875	25.039192	25.044361	25.049362	25.054178	25.058784	25.063171	25.067318	25.071209	25.074829	25.078167	25.081205	25.083939	25.086353	25.088440	25.090191	25.091597	25.092659	25.093369	25.093725	25.093727	25.093369	25.092661	25.091599	25.090191	25.088440	25.086355	25.083939	25.081207	25.078169	25.074829	25.071209	25.067318	25.063171	25.058786	25.054176	25.049362	25.044363	25.039192	25.033875	25.028425	25.022869	25.017231	25.011522	25.005772	
25.005997	25.011971	25.017899	25.023758	25.029533	25.035189	25.040718	25.046089	25.051285	25.056284	25.061073	25.065628	25.069937	25.073980	25.077740	25.081205	25.084366	25.087204	25.089710	25.091877	25.093697	25.095161	25.096264	25.097002	25.097370	25.097370	25.097004	25.096264	25.095163	25.093699	25.091881	25.089714	25.087206	25.084366	25.081207	25.077742	25.073978	25.069935	25.065630	25.061071	25.056286	25.051283	25.046087	25.040718	25.035191	25.029531	25.023758	25.017899	25.011971	25.005997	
25.006199	25.012375	25.018501	25.024563	25.030525	25.036375	25.042088	25.047638	25.053009	25.058182	25.063126	25.067839	25.072289	25.076469	25.080357	25.083939	25.087204	25.090139	25.092731	25.094971	25.096849	25.098364	25.099503	25.100266	25.100647	25.100647	25.100264	25.099503	25.098362	25.096851	25.094971	25.092735	25.090137	25.087206	25.083939	25.080357	25.076468	25.072289	25.067837	25.063128	25.058178	25.053009	25.047636	25.042088	25.036373	25.030525	25.024559	25.018501	25.012375	25.006199	
25.006378	25.012730	25.019035	25.025265	25.031403	25.037422	25.043297	25.049007	25.054535	25.059853	25.064945	25.069786	25.074368	25.078667	25.082668	25.086353	25.089714	25.092731	25.095398	25.097702	25.099636	25.101192	25.102364	25.103148	25.103540	25.103540	25.103149	25.102364	25.101192	25.099636	25.097704	25.095398	25.092735	25.089714	25.086355	25.082666	25.078667	25.074368	25.069790	25.064941	25.059853	25.054531	25.049007	25.043297	25.037422	25.031403	25.025265	25.019035	25.012730	25.006376	
25.006531	25.013037	25.019493	25.025879	25.032162	25.038324	25.044342	25.050194	25.055851	25.061300	25.066513	25.071476	25.076164	25.080566	25.084663	25.088440	25.091881	25.094971	25.097702	25.100063	25.102043	25.103638	25.104836	25.105640	25.106041	25.106043	25.105640	25.104839	25.103636	25.102043	25.100063	25.097704	25.094971	25.091881	25.088440	25.084665	25.080566	25.076166	25.071474	25.066513	25.061296	25.055851	25.050190	25.044344	25.038322	25.032162	25.025877	25.019493	25.013039	25.006531	
25.006660	25.013294	25.019880	25.026388	25.032799	25.039085	25.045219	25.051186	25.056957	25.062511	25.067829	25.072889	25.077675	25.082161	25.086342	25.090191	25.093700	25.096849	25.099636	25.102043	25.104065	25.105688	25.106915	25.107729	25.108143	25.108143	25.107733	25.106913	25.105690	25.104061	25.102043	25.099636	25.096853	25.093700	25.090191	25.086338	25.082165	25.077675	25.072891	25.067827	25.062511	25.056957	25.051186	25.045219	25.039083	25.032799	25.026386	25.019878	25.013294	25.006660	
25.006763	25.013504	25.020191	25.026802	25.033312	25.039694	25.045927	25.051987	25.057846	25.063490	25.068890	25.074028	25.078886	25.083447	25.087687	25.091600	25.095161	25.098366	25.101192	25.103638	25.105690	25.107340	25.108582	25.109413	25.109829	25.109829	25.109417	25.108583	25.107340	25.105690	25.103638	25.101192	25.098364	25.095163	25.091599	25.087688	25.083447	25.078888	25.074028	25.068890	25.063488	25.057846	25.051985	25.045927	25.039692	25.033310	25.026800	25.020189	25.013500	25.006763	
25.006844	25.013659	25.020424	25.027111	25.033697	25.040154	25.046459	25.052586	25.058516	25.064224	25.069687	25.074886	25.079802	25.084412	25.088707	25.092659	25.096266	25.099503	25.102367	25.104839	25.106915	25.108582	25.109842	25.110680	25.111103	25.111103	25.110683	25.109842	25.108583	25.106915	25.104839	25.102365	25.099503	25.096264	25.092661	25.088703	25.084415	25.079800	25.074886	25.069687	25.064224	25.058517	25.052588	25.046457	25.040154	25.033695	25.027111	25.020424	25.013660	25.006844	
25.006897	25.013763	25.020580	25.027319	25.033955	25.040462	25.046816	25.052990	25.058964	25.064716	25.070225	25.075462	25.080414	25.085060	25.089386	25.093370	25.097002	25.100266	25.103149	25.105642	25.107731	25.109415	25.110680	25.111530	25.111954	25.111954	25.111530	25.110683	25.109413	25.107733	25.105640	25.103149	25.100266	25.097004	25.093369	25.089386	25.085060	25.080414	25.075459	25.070221	25.064714	25.058966	25.052990	25.046814	25.040461	25.033955	25.027321	25.020580	25.013763	25.006895	
25.006920	25.013817	25.020657	25.027424	25.034084	25.040615	25.046993	25.053192	25.059191	25.064962	25.070490	25.075748	25.080719	25.085384	25.089725	25.093725	25.097370	25.100647	25.103542	25.106041	25.108141	25.109831	25.111103	25.111954	25.112381	25.112381	25.111954	25.111105	25.109833	25.108143	25.106045	25.103542	25.100649	25.097372	25.093725	25.089725	25.085382	25.080717	25.075745	25.070488	25.064960	25.059189	25.053190	25.046993	25.040615	25.034084	25.027426	25.020660	25.013817	25.006922	
25.006920	25.013817	25.020657	25.027424	25.034084	25.040615	25.046993	25.053192	25.059191	25.064962	25.070490	25.075748	25.080719	25.085384	25.089725	25.093725	25.097370	25.100647	25.103542	25.106041	25.108141	25.109831	25.111103	25.111954	25.112381	25.112381	25.111954	25.111105	25.109833	25.108143	25.106045	25.103542	25.100649	25.097372	25.093725	25.089725	25.085382	25.080717	25.075745	25.070488	25.064960	25.059189	25.053190	25.046993	25.040615	25.034084	25.027426	25.020660	25.013817	25.006922	
25.006897	25.013763	25.020580	25.027319	25.033955	25.040462	25.046816	25.052990	25.058964	25.064716	25.070225	25.075462	25.080414	25.085060	25.089386	25.093370	25.097002	25.100266	25.103149	25.105642	25.107731	25.109415	25.110680	25.111530	25.111954	25.111954	25.111530	25.110683	25.109413	25.107733	25.105640	25.103149	25.100266	25.097004	25.093369	25.089386	25.085060	25.080414	25.075459	25.070221	25.064714	25.058966	25.052990	25.046814	25.040461	25.033955	25.027321	25.020580	25.013763	25.006895	
25.006844	25.013659	25.020424	25.027111	25.033697	25.040154	25.046459	25.052586	25.058516	25.064224	25.069687	25.074886	25.079802	25.084412	25.088707	25.092659	25.096266	25.099503	25.102367	25.104839	25.106915	25.108582	25.109842	25.110680	25.111103	25.111103	25.110683	25.109842	25.108583	25.106915	25.104839	25.102365	25.099503	25.096264	25.092661	25.088703	25.084415	25.079800	25.074886	25.069687	25.064224	25.058517	25.052588	25.046457	25.040154	25.033695	25.027111	25.020424	25.013660	25.006844	
25.006763	25.013504	25.020191	25.026802	25.033312	25.039694	25.045927	25.051987	25.057846	25.063490	25.068890	25.074028	25.078886	25.083447	25.087687	25.091600	25.095161	25.098366	25.101192	25.103638	25.105690	25.107340	25.108582	25.109413	25.109829	25.109829	25.109417	25.108583	25.107340	25.105690	25.103638	25.101192	25.098364	25.095163	25.091599	25.087688	25.083447	25.078888	25.074028	25.068890	25.063488	25.057846	25.051985	25.045927	25.039692	25.033310	25.026800	25.020189	25.013500	25.006763	
25.006660	25.013294	25.019880	25.026388	25.032799	25.039085	25.045219	25.051186	25.056957	25.062511	25.067829	25.072889	25.077675	25.082161	25.086342	25.090191	25.093700	25.096849	25.099636	25.102043	25.104065	25.105688	25.106915	25.107729	25.108143	25.108143	25.107733	25.106913	25.105690	25.104061	25.102043	25.099636	25.096853	25.093700	25.090191	25.086338	25.082165	25.077675	25.072891	25.067827	25.062511	25.056957	25.051186	25.045219	25.039083	25.032799	25.026386	25.019878	25.013294	25.006660	
25.006531	25.013037	25.019493	25.025879	25.032162	25.038324	25.044342	25.050194	25.055851	25.061300	25.066513	25.071476	25.076164	25.080566	25.084663	25.088440	25.091881	25.094971	25.097702	25.100063	25.102043	25.103638	25.104836	25.105640	25.106041	25.106043	25.105640	25.104839	25.103636	25.102043	25.100063	25.097704	25.094971	25.091881	25.088440	25.084665	25.080566	25.076166	25.071474	25.066513	25.061296	25.055851	25.050190	25.044344	25.038322	25.032162	25.025877	25.019493	25.013039	25.006531	
25.006378	25.012730	25.019035	25.025265	25.031403	25.037422	25.043297	25.049007	25.054535	25.059853	25.064945	25.069786	25.074368	25.078667	25.082668	25.086353	25.089714	25.092731	25.095398	25.097702	25.099636	25.101192	25.102364	25.103148	25.103540	25.103540	25.103149	25.102364	25.101192	25.099636	25.097704	25.095398	25.092735	25.089714	25.086355	25.082666	25.078667	25.074368	25.069790	25.064941	25.059853	25.054531	25.049007	25.043297	25.037422	25.031403	25.025265	25.019035	25.012730	25.006376	
25.006199	25.012375	25.018501	25.024563	25.030525	25.036375	25.042088	25.047638	25.053009	25.058182	25.063126	25.067839	25.072289	25.076469	25.080357	25.083939	25.087204	25.090139	25.092731	25.094971	25.096849	25.098364	25.099503	25.100266	25.100647	25.100647	25.100264	25.099503	25.098362	25.096851	25.094971	25.092735	25.090137	25.087206	25.083939	25.080357	25.076468	25.072289	25.067837	25.063128	25.058178	25.053009	25.047636	25.042088	25.036373	25.030525	25.024559	25.018501	25.012375	25.006199	
25.005997	25.011971	25.017899	25.023758	25.029533	25.035189	25.040718	25.046089	25.051285	25.056284	25.061073	25.065628	25.069937	25.073980	25.077740	25.081205	25.084366	25.087204	25.089710	25.091877	25.093697	25.095161	25.096264	25.097002	25.097370	25.097370	25.097004	25.096264	25.095163	25.093699	25.091881	25.089714	25.087206	25.084366	25.081207	25.077742	25.073978	25.069935	25.065630	25.061071	25.056286	25.051283	25.046087	25.040718	25.035191	25.029531	25.023758	25.017899	25.011971	25.005997	
25.005772	25.011520	25.017229	25.022871	25.028425	25.033875	25.039192	25.044361	25.049362	25.054178	25.058784	25.063171	25.067318	25.071209	25.074829	25.078167	25.081205	25.083939	25.086353	25.088440	25.090191	25.091597	25.092659	25.093369	25.093725	25.093727	25.093369	25.092661	25.091599	25.090191	25.088440	25.086355	25.083939	25.081207	25.078169	25.074829	25.071209	25.067318	25.063171	25.058786	25.054176	25.049362	25.044363	25.039192	25.033875	25.028425	25.022869	25.017231	25.011522	25.005772	
25.005524	25.011028	25.016495	25.021893	25.027214	25.032427	25.037519	25.042469	25.047256	25.051865	25.056278	25.060474	25.064445	25.068169	25.071632	25.074829	25.077740	25.080355	25.082666	25.084663	25.086338	25.087688	25.088703	25.089384	25.089722	25.089724	25.089384	25.088703	25.087688	25.086338	25.084663	25.082664	25.080357	25.077742	25.074829	25.071636	25.068169	25.064445	25.060474	25.056276	25.051865	25.047256	25.042467	25.037518	25.032429	25.027212	25.021893	25.016491	25.011032	25.005526	
25.005257	25.010498	25.015696	25.020838	25.025894	25.030859	25.035702	25.040413	25.044971	25.049356	25.053553	25.057549	25.061325	25.064871	25.068169	25.071209	25.073975	25.076469	25.078667	25.080566	25.082161	25.083445	25.084412	25.085056	25.085384	25.085381	25.085058	25.084412	25.083443	25.082161	25.080566	25.078667	25.076468	25.073978	25.071209	25.068169	25.064873	25.061329	25.057550	25.053555	25.049355	25.044970	25.040413	25.035702	25.030857	25.025896	25.020834	25.015694	25.010494	25.005260	
25.004971	25.009922	25.014841	25.019697	25.024483	25.029171	25.033752	25.038204	25.042511	25.046658	25.050629	25.054403	25.057976	25.061325	25.064445	25.067316	25.069937	25.072289	25.074368	25.076164	25.077673	25.078888	25.079800	25.080412	25.080717	25.080719	25.080410	25.079798	25.078886	25.077671	25.076164	25.074368	25.072290	25.069935	25.067318	25.064445	25.061329	25.057976	25.054405	25.050627	25.046658	25.042511	25.038204	25.033752	25.029173	25.024479	25.019695	25.014837	25.009924	25.004971	
25.004663	25.009314	25.013924	25.018486	25.022974	25.027378	25.031672	25.035852	25.039894	25.043785	25.047508	25.051052	25.054403	25.057550	25.060474	25.063171	25.065628	25.067837	25.069788	25.071474	25.072891	25.074028	25.074886	25.075459	25.075747	25.075745	25.075459	25.074886	25.074028	25.072887	25.071472	25.069790	25.067837	25.065628	25.063171	25.060474	25.057549	25.054405	25.051052	25.047508	25.043783	25.039892	25.035851	25.031673	25.027376	25.022972	25.018482	25.013924	25.009312	25.004665	
25.004341	25.008667	25.012959	25.017200	25.021381	25.025475	25.029474	25.033361	25.037125	25.040745	25.044210	25.047508	25.050629	25.053555	25.056278	25.058784	25.061073	25.063126	25.064941	25.066513	25.067829	25.068888	25.069687	25.070221	25.070488	25.070486	25.070219	25.069687	25.068888	25.067829	25.066513	25.064941	25.063128	25.061073	25.058784	25.056274	25.053553	25.050627	25.047508	25.044209	25.040743	25.037123	25.033363	25.029474	25.025473	25.021378	25.017200	25.012959	25.008667	25.004341	
25.004002	25.007988	25.011944	25.015854	25.019703	25.023479	25.027164	25.030748	25.034212	25.037548	25.040745	25.043783	25.046658	25.049356	25.051865	25.054180	25.056284	25.058178	25.059853	25.061298	25.062511	25.063488	25.064224	25.064714	25.064960	25.064960	25.064714	25.064222	25.063486	25.062511	25.061298	25.059853	25.058176	25.056286	25.054176	25.051863	25.049355	25.046658	25.043781	25.040743	25.037550	25.034212	25.030746	25.027163	25.023476	25.019703	25.015850	25.011942	25.007988	25.004002	
25.003647	25.007278	25.010881	25.014446	25.017952	25.021391	25.024752	25.028015	25.031174	25.034212	25.037125	25.039894	25.042511	25.044971	25.047256	25.049362	25.051283	25.053009	25.054531	25.055851	25.056955	25.057846	25.058514	25.058966	25.059191	25.059187	25.058964	25.058514	25.057846	25.056953	25.055851	25.054531	25.053011	25.051281	25.049362	25.047255	25.044968	25.042511	25.039892	25.037123	25.034210	25.031174	25.028015	25.024750	25.021393	25.017952	25.014444	25.010880	25.007278	25.003647	
25.003277	25.006538	25.009781	25.012978	25.016132	25.019224	25.022243	25.025177	25.028015	25.030746	25.033363	25.035851	25.038208	25.040413	25.042469	25.044361	25.046089	25.047638	25.049007	25.050190	25.051186	25.051983	25.052586	25.052990	25.053190	25.053194	25.052990	25.052586	25.051983	25.051186	25.050190	25.049007	25.047638	25.046089	25.044361	25.042467	25.040413	25.038204	25.035851	25.033360	25.030746	25.028013	25.025177	25.022242	25.019222	25.016132	25.012980	25.009779	25.006538	25.003277	
25.002895	25.005779	25.008638	25.011467	25.014252	25.016983	25.019651	25.022242	25.024750	25.027161	25.029474	25.031673	25.033752	25.035704	25.037519	25.039194	25.040718	25.042088	25.043295	25.044342	25.045219	25.045927	25.046459	25.046814	25.046993	25.046993	25.046816	25.046457	25.045925	25.045219	25.044344	25.043297	25.042088	25.040714	25.039190	25.037519	25.035702	25.033752	25.031673	25.029474	25.027163	25.024750	25.022240	25.019650	25.016983	25.014252	25.011467	25.008638	25.005777	25.002895	
25.002502	25.004993	25.007469	25.009911	25.012318	25.014679	25.016983	25.019224	25.021391	25.023476	25.025475	25.027376	25.029171	25.030857	25.032429	25.033875	25.035192	25.036377	25.037422	25.038326	25.039085	25.039694	25.040154	25.040462	25.040615	25.040615	25.040461	25.040154	25.039692	25.039083	25.038324	25.037422	25.036373	25.035191	25.033871	25.032425	25.030859	25.029173	25.027378	25.025475	25.023478	25.021393	25.019226	25.016983	25.014679	25.012318	25.009911	25.007467	25.004993	25.002502	
25.002098	25.004192	25.006264	25.008320	25.010338	25.012318	25.014254	25.016132	25.017952	25.019703	25.021378	25.022974	25.024479	25.025898	25.027212	25.028427	25.029533	25.030527	25.031404	25.032162	25.032799	25.033314	25.033697	25.033955	25.034084	25.034084	25.033955	25.033695	25.033310	25.032799	25.032162	25.031403	25.030525	25.029531	25.028427	25.027214	25.025896	25.024481	25.022976	25.021381	25.019703	25.017952	25.016132	25.014254	25.012318	25.010336	25.008318	25.006264	25.004192	25.002098	
25.001690	25.003370	25.005043	25.006691	25.008320	25.009911	25.011467	25.012981	25.014442	25.015850	25.017200	25.018482	25.019695	25.020834	25.021896	25.022873	25.023762	25.024563	25.025269	25.025879	25.026390	25.026802	25.027115	25.027319	25.027424	25.027424	25.027321	25.027111	25.026802	25.026390	25.025877	25.025269	25.024559	25.023762	25.022871	25.021894	25.020836	25.019699	25.018484	25.017202	25.015854	25.014446	25.012980	25.011467	25.009911	25.008318	25.006691	25.005043	25.003372	25.001690	
25.001270	25.002541	25.003798	25.005041	25.006264	25.007465	25.008638	25.009779	25.010880	25.011940	25.012955	25.013924	25.014839	25.015697	25.016497	25.017231	25.017900	25.018505	25.019035	25.019493	25.019882	25.020191	25.020426	25.020582	25.020660	25.020660	25.020580	25.020428	25.020191	25.019880	25.019493	25.019035	25.018503	25.017899	25.017231	25.016493	25.015694	25.014835	25.013926	25.012959	25.011944	25.010880	25.009781	25.008640	25.007467	25.006266	25.005043	25.003799	25.002541	25.001272	
25.000851	25.001698	25.002541	25.003372	25.004190	25.004993	25.005777	25.006538	25.007275	25.007984	25.008665	25.009312	25.009922	25.010498	25.011030	25.011524	25.011972	25.012375	25.012730	25.013039	25.013294	25.013504	25.013662	25.013763	25.013817	25.013815	25.013765	25.013659	25.013504	25.013294	25.013039	25.012730	25.012375	25.011971	25.011520	25.011032	25.010496	25.009924	25.009312	25.008667	25.007988	25.007278	25.006540	25.005779	25.004993	25.004192	25.003372	25.002541	25.001698	25.000851	
25.000427	25.000851	25.001274	25.001690	25.002098	25.002502	25.002895	25.003277	25.003645	25.004000	25.004341	25.004665	25.004971	25.005259	25.005527	25.005772	25.005997	25.006197	25.006378	25.006531	25.006660	25.006765	25.006844	25.006897	25.006922	25.006924	25.006893	25.006844	25.006763	25.006660	25.006531	25.006376	25.006199	25.005997	25.005774	25.005524	25.005259	25.004971	25.004665	25.004341	25.004002	25.003645	25.003277	25.002895	25.002502	25.002100	25.001690	25.001274	25.000851	25.000427	
