25.002129	25.004250	25.006351	25.008432	25.010479	25.012489	25.014450	25.016356	25.018198	25.019974	25.021671	25.023293	25.024820	25.026255	25.027590	25.028820	25.029942	25.030949	25.031839	25.032608	25.033255	25.033775	25.034164	25.034428	25.034557	25.034557	25.034428	25.034164	25.033773	25.033255	25.032608	25.031841	25.030949	25.029943	25.028820	25.027590	25.026257	25.024818	25.023291	25.021673	25.019974	25.018200	25.016357	25.014450	25.012489	25.010479	25.008432	25.006351	25.004250	25.002129	
25.004250	25.008480	25.012680	25.016830	25.020920	25.024929	25.028843	25.032648	25.036331	25.039875	25.043266	25.046494	25.049545	25.052410	25.055075	25.057531	25.059771	25.061779	25.063557	25.065094	25.066383	25.067421	25.068201	25.068724	25.068985	25.068987	25.068722	25.068199	25.067421	25.066383	25.065096	25.063557	25.061783	25.059771	25.057529	25.055077	25.052410	25.049545	25.046494	25.043266	25.039873	25.036331	25.032650	25.028847	25.024929	25.020920	25.016832	25.012680	25.008480	25.004250	
25.006353	25.012680	25.018959	25.025169	25.031281	25.037277	25.043127	25.048819	25.054321	25.059622	25.064693	25.069523	25.074083	25.078365	25.082352	25.086025	25.089371	25.092379	25.095036	25.097332	25.099258	25.100811	25.101978	25.102760	25.103149	25.103149	25.102760	25.101978	25.100809	25.099258	25.097332	25.095036	25.092377	25.089373	25.086027	25.082352	25.078369	25.074085	25.069519	25.064693	25.059620	25.054323	25.048820	25.043129	25.037279	25.031281	25.025169	25.018959	25.012680	25.006351	
25.008434	25.016832	25.025169	25.033409	25.041525	25.049480	25.057251	25.064800	25.072111	25.079142	25.085876	25.092285	25.098343	25.104027	25.109318	25.114191	25.118633	25.122623	25.126154	25.129200	25.131760	25.133818	25.135368	25.136406	25.136925	25.136925	25.136406	25.135368	25.133818	25.131760	25.129200	25.126152	25.122625	25.118633	25.114193	25.109318	25.104025	25.098341	25.092285	25.085876	25.079144	25.072109	25.064804	25.057255	25.049480	25.041527	25.033409	25.025169	25.016830	25.008432	
25.010483	25.020922	25.031282	25.041527	25.051609	25.061501	25.071152	25.080544	25.089621	25.098366	25.106731	25.114698	25.122227	25.129292	25.135866	25.141926	25.147446	25.152409	25.156792	25.160582	25.163759	25.166317	25.168247	25.169533	25.170179	25.170181	25.169533	25.168245	25.166317	25.163761	25.160580	25.156792	25.152409	25.147446	25.141926	25.135864	25.129292	25.122227	25.114697	25.106735	25.098366	25.089624	25.080544	25.071156	25.061501	25.051609	25.041527	25.031281	25.020920	25.010481	
25.012489	25.024929	25.037277	25.049480	25.061501	25.073280	25.084791	25.095974	25.106796	25.117214	25.127186	25.136677	25.145647	25.154066	25.161901	25.169121	25.175701	25.181610	25.186836	25.191349	25.195139	25.198187	25.200485	25.202019	25.202789	25.202789	25.202019	25.200483	25.198187	25.195137	25.191353	25.186836	25.181612	25.175699	25.169123	25.161900	25.154064	25.145645	25.136675	25.127186	25.117214	25.106796	25.095976	25.084793	25.073284	25.061501	25.049480	25.037277	25.024929	25.012489	
25.014450	25.028845	25.043129	25.057251	25.071152	25.084789	25.098103	25.111046	25.123566	25.135616	25.147156	25.158134	25.168516	25.178255	25.187321	25.195675	25.203287	25.210129	25.216171	25.221394	25.225777	25.229305	25.231962	25.233740	25.234631	25.234631	25.233738	25.231960	25.229303	25.225779	25.221394	25.216171	25.210127	25.203285	25.195675	25.187323	25.178257	25.168514	25.158134	25.147156	25.135618	25.123566	25.111044	25.098104	25.084793	25.071156	25.057251	25.043129	25.028843	25.014450	
25.016357	25.032648	25.048819	25.064800	25.080544	25.095974	25.111046	25.125692	25.139868	25.153507	25.166567	25.178995	25.190744	25.201771	25.212032	25.221489	25.230103	25.237846	25.244688	25.250599	25.255562	25.259552	25.262560	25.264572	25.265579	25.265579	25.264572	25.262562	25.259552	25.255560	25.250599	25.244686	25.237844	25.230103	25.221487	25.212029	25.201771	25.190742	25.178993	25.166567	25.153507	25.139866	25.125694	25.111046	25.095976	25.080544	25.064802	25.048817	25.032650	25.016356	
25.018200	25.036331	25.054325	25.072107	25.089622	25.106796	25.123564	25.139866	25.155636	25.170815	25.185345	25.199177	25.212250	25.224518	25.235937	25.246460	25.256046	25.264662	25.272276	25.278852	25.284374	25.288816	25.292164	25.294399	25.295521	25.295523	25.294401	25.292164	25.288818	25.284374	25.278852	25.272274	25.264662	25.256046	25.246456	25.235939	25.224518	25.212250	25.199177	25.185349	25.170815	25.155636	25.139866	25.123566	25.106796	25.089622	25.072109	25.054323	25.036329	25.018200	
25.019974	25.039875	25.059620	25.079142	25.098362	25.117210	25.135616	25.153505	25.170813	25.187473	25.203423	25.218599	25.232952	25.246418	25.258947	25.270496	25.281017	25.290478	25.298828	25.306049	25.312109	25.316984	25.320656	25.323116	25.324345	25.324347	25.323114	25.320660	25.316986	25.312111	25.306051	25.298828	25.290474	25.281017	25.270496	25.258945	25.246418	25.232950	25.218603	25.203426	25.187477	25.170815	25.153507	25.135616	25.117212	25.098364	25.079144	25.059620	25.039873	25.019974	
25.021675	25.043264	25.064693	25.085875	25.106731	25.127182	25.147152	25.166565	25.185345	25.203423	25.220728	25.237198	25.252766	25.267378	25.280977	25.293507	25.304926	25.315186	25.324253	25.332085	25.338661	25.343950	25.347939	25.350601	25.351940	25.351936	25.350605	25.347939	25.343952	25.338661	25.332087	25.324249	25.315186	25.304924	25.293507	25.280977	25.267376	25.252769	25.237198	25.220732	25.203424	25.185349	25.166565	25.147154	25.127184	25.106731	25.085876	25.064693	25.043264	25.021673	
25.023289	25.046494	25.069519	25.092281	25.114695	25.136673	25.158131	25.178993	25.199175	25.218597	25.237198	25.254894	25.271626	25.287327	25.301939	25.315403	25.327675	25.338703	25.348442	25.356865	25.363926	25.369616	25.373894	25.376762	25.378193	25.378199	25.376759	25.373898	25.369614	25.363930	25.356863	25.348442	25.338699	25.327673	25.315405	25.301937	25.287331	25.271626	25.254898	25.237198	25.218603	25.199173	25.178993	25.158133	25.136673	25.114693	25.092281	25.069519	25.046494	25.023289	
25.024818	25.049541	25.074083	25.098339	25.122223	25.145643	25.168512	25.190739	25.212246	25.232948	25.252766	25.271626	25.289452	25.306187	25.321756	25.336107	25.349182	25.360931	25.371315	25.380283	25.387815	25.393873	25.398438	25.401487	25.403021	25.403017	25.401493	25.398438	25.393875	25.387814	25.380285	25.371313	25.360931	25.349182	25.336105	25.321758	25.306187	25.289455	25.271626	25.252769	25.232948	25.212248	25.190741	25.168512	25.145641	25.122225	25.098339	25.074081	25.049543	25.024818	
25.026253	25.052410	25.078362	25.104023	25.129288	25.154060	25.178251	25.201767	25.224514	25.246412	25.267376	25.287323	25.306183	25.323883	25.340353	25.355532	25.369362	25.381794	25.392773	25.402267	25.410229	25.416641	25.421465	25.424698	25.426311	25.426315	25.424694	25.421471	25.416639	25.410233	25.402267	25.392773	25.381794	25.369364	25.355536	25.340355	25.323887	25.306187	25.287327	25.267376	25.246414	25.224514	25.201767	25.178253	25.154064	25.129288	25.104025	25.078365	25.052410	25.026253	
25.027588	25.055073	25.082350	25.109314	25.135860	25.161896	25.187317	25.212027	25.235931	25.258942	25.280972	25.301935	25.321754	25.340351	25.357660	25.373611	25.388145	25.401207	25.412746	25.422720	25.431091	25.437824	25.442898	25.446289	25.447992	25.447990	25.446293	25.442898	25.437828	25.431091	25.422722	25.412748	25.401207	25.388149	25.373611	25.357662	25.340353	25.321756	25.301937	25.280975	25.258944	25.235931	25.212025	25.187317	25.161896	25.135862	25.109314	25.082352	25.055075	25.027588	
25.028820	25.057529	25.086021	25.114187	25.141918	25.169117	25.195669	25.221481	25.246452	25.270491	25.293499	25.315399	25.336102	25.355532	25.373610	25.390272	25.405453	25.419098	25.431152	25.441572	25.450314	25.457352	25.462648	25.466194	25.467968	25.467972	25.466194	25.462652	25.457352	25.450317	25.441574	25.431152	25.419100	25.405455	25.390276	25.373611	25.355534	25.336105	25.315401	25.293503	25.270493	25.246452	25.221481	25.195667	25.169117	25.141920	25.114189	25.086021	25.057529	25.028820	
25.029938	25.059767	25.089367	25.118628	25.147442	25.175694	25.203281	25.230095	25.256039	25.281012	25.304916	25.327667	25.349176	25.369358	25.388142	25.405453	25.421227	25.435402	25.447924	25.458748	25.467833	25.475138	25.480648	25.484325	25.486174	25.486172	25.484329	25.480644	25.475143	25.467834	25.458750	25.447926	25.435402	25.421228	25.405457	25.388145	25.369362	25.349178	25.327671	25.304920	25.281013	25.256039	25.230097	25.203281	25.175694	25.147442	25.118629	25.089369	25.059769	25.029940	
25.030949	25.061775	25.092373	25.122620	25.152401	25.181604	25.210119	25.237839	25.264652	25.290466	25.315178	25.338694	25.360924	25.381786	25.401201	25.419096	25.435400	25.450052	25.462996	25.474186	25.483572	25.491129	25.496819	25.500626	25.502531	25.502533	25.500626	25.496819	25.491127	25.483576	25.474186	25.462997	25.450054	25.435402	25.419100	25.401205	25.381790	25.360928	25.338696	25.315180	25.290470	25.264656	25.237839	25.210121	25.181606	25.152403	25.122622	25.092377	25.061779	25.030949	
25.031837	25.063553	25.095032	25.126144	25.156784	25.186825	25.216164	25.244677	25.272266	25.298820	25.324244	25.348434	25.371304	25.392769	25.412741	25.431149	25.447922	25.462994	25.476315	25.487820	25.497482	25.505251	25.511108	25.515022	25.516985	25.516983	25.515022	25.511108	25.505253	25.497482	25.487823	25.476315	25.462997	25.447926	25.431152	25.412745	25.392769	25.371307	25.348436	25.324245	25.298820	25.272270	25.244680	25.216164	25.186827	25.156784	25.126148	25.095032	25.063557	25.031837	
25.032608	25.065090	25.097324	25.129192	25.160570	25.191341	25.221386	25.250591	25.278843	25.306038	25.332077	25.356853	25.380276	25.402258	25.422714	25.441566	25.458744	25.474182	25.487820	25.499609	25.509502	25.517460	25.523455	25.527470	25.529474	25.529476	25.527466	25.523457	25.517460	25.509502	25.499611	25.487823	25.474186	25.458746	25.441570	25.422718	25.402260	25.380280	25.356855	25.332077	25.306042	25.278845	25.250591	25.221386	25.191341	25.160572	25.129194	25.097328	25.065090	25.032608	
25.033253	25.066378	25.099255	25.131752	25.163750	25.195129	25.225767	25.255550	25.284365	25.312099	25.338650	25.363918	25.387806	25.410221	25.431084	25.450310	25.467827	25.483570	25.497478	25.509501	25.519588	25.527706	25.533821	25.537910	25.539959	25.539959	25.537910	25.533821	25.527710	25.519592	25.509502	25.497482	25.483574	25.467831	25.450310	25.431086	25.410223	25.387806	25.363920	25.338654	25.312099	25.284367	25.255550	25.225771	25.195129	25.163752	25.131752	25.099255	25.066381	25.033253	
25.033770	25.067417	25.100803	25.133812	25.166309	25.198177	25.229294	25.259544	25.288807	25.316977	25.343943	25.369602	25.393864	25.416632	25.437819	25.457342	25.475136	25.491123	25.505249	25.517460	25.527704	25.535950	25.542160	25.546314	25.548393	25.548393	25.546312	25.542160	25.535952	25.527706	25.517464	25.505251	25.491127	25.475138	25.457346	25.437820	25.416632	25.393866	25.369606	25.343945	25.316975	25.288807	25.259544	25.229296	25.198177	25.166309	25.133812	25.100803	25.067417	25.033773	
25.034164	25.068195	25.101971	25.135361	25.168236	25.200474	25.231953	25.262550	25.292152	25.320648	25.347927	25.373886	25.398426	25.421459	25.442890	25.462643	25.480640	25.496817	25.511105	25.523453	25.533819	25.542158	25.548443	25.552643	25.554749	25.554749	25.552643	25.548443	25.542160	25.533823	25.523457	25.511108	25.496815	25.480642	25.462645	25.442894	25.421459	25.398428	25.373890	25.347927	25.320648	25.292152	25.262550	25.231953	25.200474	25.168236	25.135361	25.101971	25.068199	25.034164	
25.034424	25.068718	25.102753	25.136398	25.169525	25.202011	25.233727	25.264561	25.294392	25.323103	25.350592	25.376747	25.401480	25.424686	25.446285	25.466187	25.484324	25.500620	25.515018	25.527466	25.537907	25.546312	25.552643	25.556877	25.558998	25.558998	25.556877	25.552643	25.546314	25.537910	25.527466	25.515020	25.500622	25.484325	25.466190	25.446285	25.424688	25.401482	25.376751	25.350594	25.323105	25.294392	25.264561	25.233728	25.202009	25.169525	25.136398	25.102753	25.068720	25.034426	
25.034557	25.068979	25.103144	25.136917	25.170170	25.202778	25.234619	25.265568	25.295513	25.324333	25.351925	25.378185	25.403008	25.426304	25.447983	25.467964	25.486168	25.502525	25.516981	25.529472	25.539955	25.548393	25.554749	25.558998	25.561127	25.561127	25.558998	25.554749	25.548393	25.539957	25.529472	25.516983	25.502529	25.486168	25.467964	25.447985	25.426308	25.403011	25.378189	25.351929	25.324335	25.295513	25.265568	25.234619	25.202780	25.170170	25.136917	25.103146	25.068981	25.034557	
25.034557	25.068979	25.103144	25.136917	25.170170	25.202778	25.234619	25.265568	25.295513	25.324333	25.351925	25.378185	25.403008	25.426304	25.447983	25.467964	25.486168	25.502525	25.516981	25.529472	25.539955	25.548393	25.554749	25.558998	25.561127	25.561127	25.558998	25.554749	25.548393	25.539957	25.529472	25.516983	25.502529	25.486168	25.467964	25.447985	25.426308	25.403011	25.378189	25.351929	25.324335	25.295513	25.265568	25.234619	25.202780	25.170170	25.136917	25.103146	25.068981	25.034557	
25.034424	25.068718	25.102753	25.136398	25.169525	25.202011	25.233727	25.264561	25.294392	25.323103	25.350592	25.376747	25.401480	25.424686	25.446285	25.466187	25.484324	25.500620	25.515018	25.527466	25.537907	25.546312	25.552643	25.556877	25.558998	25.558998	25.556877	25.552643	25.546314	25.537910	25.527466	25.515020	25.500622	25.484325	25.466190	25.446285	25.424688	25.401482	25.376751	25.350594	25.323105	25.294392	25.264561	25.233728	25.202009	25.169525	25.136398	25.102753	25.068720	25.034426	
25.034164	25.068195	25.101971	25.135361	25.168236	25.200474	25.231953	25.262550	25.292152	25.320648	25.347927	25.373886	25.398426	25.421459	25.442890	25.462643	25.480640	25.496817	25.511105	25.523453	25.533819	25.542158	25.548443	25.552643	25.554749	25.554749	25.552643	25.548443	25.542160	25.533823	25.523457	25.511108	25.496815	25.480642	25.462645	25.442894	25.421459	25.398428	25.373890	25.347927	25.320648	25.292152	25.262550	25.231953	25.200474	25.168236	25.135361	25.101971	25.068199	25.034164	
25.033770	25.067417	25.100803	25.133812	25.166309	25.198177	25.229294	25.259544	25.288807	25.316977	25.343943	25.369602	25.393864	25.416632	25.437819	25.457342	25.475136	25.491123	25.505249	25.517460	25.527704	25.535950	25.542160	25.546314	25.548393	25.548393	25.546312	25.542160	25.535952	25.527706	25.517464	25.505251	25.491127	25.475138	25.457346	25.437820	25.416632	25.393866	25.369606	25.343945	25.316975	25.288807	25.259544	25.229296	25.198177	25.166309	25.133812	25.100803	25.067417	25.033773	
25.033253	25.066378	25.099255	25.131752	25.163750	25.195129	25.225767	25.255550	25.284365	25.312099	25.338650	25.363918	25.387806	25.410221	25.431084	25.450310	25.467827	25.483570	25.497478	25.509501	25.519588	25.527706	25.533821	25.537910	25.539959	25.539959	25.537910	25.533821	25.527710	25.519592	25.509502	25.497482	25.483574	25.467831	25.450310	25.431086	25.410223	25.387806	25.363920	25.338654	25.312099	25.284367	25.255550	25.225771	25.195129	25.163752	25.131752	25.099255	25.066381	25.033253	
25.032608	25.065090	25.097324	25.129192	25.160570	25.191341	25.221386	25.250591	25.278843	25.306038	25.332077	25.356853	25.380276	25.402258	25.422714	25.441566	25.458744	25.474182	25.487820	25.499609	25.509502	25.517460	25.523455	25.527470	25.529474	25.529476	25.527466	25.523457	25.517460	25.509502	25.499611	25.487823	25.474186	25.458746	25.441570	25.422718	25.402260	25.380280	25.356855	25.332077	25.306042	25.278845	25.250591	25.221386	25.191341	25.160572	25.129194	25.097328	25.065090	25.032608	
25.031837	25.063553	25.095032	25.126144	25.156784	25.186825	25.216164	25.244677	25.272266	25.298820	25.324244	25.348434	25.371304	25.392769	25.412741	25.431149	25.447922	25.462994	25.476315	25.487820	25.497482	25.505251	25.511108	25.515022	25.516985	25.516983	25.515022	25.511108	25.505253	25.497482	25.487823	25.476315	25.462997	25.447926	25.431152	25.412745	25.392769	25.371307	25.348436	25.324245	25.298820	25.272270	25.244680	25.216164	25.186827	25.156784	25.126148	25.095032	25.063557	25.031837	
25.030949	25.061775	25.092373	25.122620	25.152401	25.181604	25.210119	25.237839	25.264652	25.290466	25.315178	25.338694	25.360924	25.381786	25.401201	25.419096	25.435400	25.450052	25.462996	25.474186	25.483572	25.491129	25.496819	25.500626	25.502531	25.502533	25.500626	25.496819	25.491127	25.483576	25.474186	25.462997	25.450054	25.435402	25.419100	25.401205	25.381790	25.360928	25.338696	25.315180	25.290470	25.264656	25.237839	25.210121	25.181606	25.152403	25.122622	25.092377	25.061779	25.030949	
25.029938	25.059767	25.089367	25.118628	25.147442	25.175694	25.203281	25.230095	25.256039	25.281012	25.304916	25.327667	25.349176	25.369358	25.388142	25.405453	25.421227	25.435402	25.447924	25.458748	25.467833	25.475138	25.480648	25.484325	25.486174	25.486172	25.484329	25.480644	25.475143	25.467834	25.458750	25.447926	25.435402	25.421228	25.405457	25.388145	25.369362	25.349178	25.327671	25.304920	25.281013	25.256039	25.230097	25.203281	25.175694	25.147442	25.118629	25.089369	25.059769	25.029940	
25.028820	25.057529	25.086021	25.114187	25.141918	25.169117	25.195669	25.221481	25.246452	25.270491	25.293499	25.315399	25.336102	25.355532	25.373610	25.390272	25.405453	25.419098	25.431152	25.441572	25.450314	25.457352	25.462648	25.466194	25.467968	25.467972	25.466194	25.462652	25.457352	25.450317	25.441574	25.431152	25.419100	25.405455	25.390276	25.373611	25.355534	25.336105	25.315401	25.293503	25.270493	25.246452	25.221481	25.195667	25.169117	25.141920	25.114189	25.086021	25.057529	25.028820	
25.027588	25.055073	25.082350	25.109314	25.135860	25.161896	25.187317	25.212027	25.235931	25.258942	25.280972	25.301935	25.321754	25.340351	25.357660	25.373611	25.388145	25.401207	25.412746	25.422720	25.431091	25.437824	25.442898	25.446289	25.447992	25.447990	25.446293	25.442898	25.437828	25.431091	25.422722	25.412748	25.401207	25.388149	25.373611	25.357662	25.340353	25.321756	25.301937	25.280975	25.258944	25.235931	25.212025	25.187317	25.161896	25.135862	25.109314	25.082352	25.055075	25.027588	
25.026253	25.052410	25.078362	25.104023	25.129288	25.154060	25.178251	25.201767	25.224514	25.246412	25.267376	25.287323	25.306183	25.323883	25.340353	25.355532	25.369362	25.381794	25.392773	25.402267	25.410229	25.416641	25.421465	25.424698	25.426311	25.426315	25.424694	25.421471	25.416639	25.410233	25.402267	25.392773	25.381794	25.369364	25.355536	25.340355	25.323887	25.306187	25.287327	25.267376	25.246414	25.224514	25.201767	25.178253	25.154064	25.129288	25.104025	25.078365	25.052410	25.026253	
25.024818	25.049541	25.074083	25.098339	25.122223	25.145643	25.168512	25.190739	25.212246	25.232948	25.252766	25.271626	25.289452	25.306187	25.321756	25.336107	25.349182	25.360931	25.371315	25.380283	25.387815	25.393873	25.398438	25.401487	25.403021	25.403017	25.401493	25.398438	25.393875	25.387814	25.380285	25.371313	25.360931	25.349182	25.336105	25.321758	25.306187	25.289455	25.271626	25.252769	25.232948	25.212248	25.190741	25.168512	25.145641	25.122225	25.098339	25.074081	25.049543	25.024818	
25.023289	25.046494	25.069519	25.092281	25.114695	25.136673	25.158131	25.178993	25.199175	25.218597	25.237198	25.254894	25.271626	25.287327	25.301939	25.315403	25.327675	25.338703	25.348442	25.356865	25.363926	25.369616	25.373894	25.376762	25.378193	25.378199	25.376759	25.373898	25.369614	25.363930	25.356863	25.348442	25.338699	25.327673	25.315405	25.301937	25.287331	25.271626	25.254898	25.237198	25.218603	25.199173	25.178993	25.158133	25.136673	25.114693	25.092281	25.069519	25.046494	25.023289	
25.021675	25.043264	25.064693	25.085875	25.106731	25.127182	25.147152	25.166565	25.185345	25.203423	25.220728	25.237198	25.252766	25.267378	25.280977	25.293507	25.304926	25.315186	25.324253	25.332085	25.338661	25.343950	25.347939	25.350601	25.351940	25.351936	25.350605	25.347939	25.343952	25.338661	25.332087	25.324249	25.315186	25.304924	25.293507	25.280977	25.267376	25.252769	25.237198	25.220732	25.203424	25.185349	25.166565	25.147154	25.127184	25.106731	25.085876	25.064693	25.043264	25.021673	
25.019974	25.039875	25.059620	25.079142	25.098362	25.117210	25.135616	25.153505	25.170813	25.187473	25.203423	25.218599	25.232952	25.246418	25.258947	25.270496	25.281017	25.290478	25.298828	25.306049	25.312109	25.316984	25.320656	25.323116	25.324345	25.324347	25.323114	25.320660	25.316986	25.312111	25.306051	25.298828	25.290474	25.281017	25.270496	25.258945	25.246418	25.232950	25.218603	25.203426	25.187477	25.170815	25.153507	25.135616	25.117212	25.098364	25.079144	25.059620	25.039873	25.019974	
25.018200	25.036331	25.054325	25.072107	25.089622	25.106796	25.123564	25.139866	25.155636	25.170815	25.185345	25.199177	25.212250	25.224518	25.235937	25.246460	25.256046	25.264662	25.272276	25.278852	25.284374	25.288816	25.292164	25.294399	25.295521	25.295523	25.294401	25.292164	25.288818	25.284374	25.278852	25.272274	25.264662	25.256046	25.246456	25.235939	25.224518	25.212250	25.199177	25.185349	25.170815	25.155636	25.139866	25.123566	25.106796	25.089622	25.072109	25.054323	25.036329	25.018200	
25.016357	25.032648	25.048819	25.064800	25.080544	25.095974	25.111046	25.125692	25.139868	25.153507	25.166567	25.178995	25.190744	25.201771	25.212032	25.221489	25.230103	25.237846	25.244688	25.250599	25.255562	25.259552	25.262560	25.264572	25.265579	25.265579	25.264572	25.262562	25.259552	25.255560	25.250599	25.244686	25.237844	25.230103	25.221487	25.212029	25.201771	25.190742	25.178993	25.166567	25.153507	25.139866	25.125694	25.111046	25.095976	25.080544	25.064802	25.048817	25.032650	25.016356	
25.014450	25.028845	25.043129	25.057251	25.071152	25.084789	25.098103	25.111046	25.123566	25.135616	25.147156	25.158134	25.168516	25.178255	25.187321	25.195675	25.203287	25.210129	25.216171	25.221394	25.225777	25.229305	25.231962	25.233740	25.234631	25.234631	25.233738	25.231960	25.229303	25.225779	25.221394	25.216171	25.210127	25.203285	25.195675	25.187323	25.178257	25.168514	25.158134	25.147156	25.135618	25.123566	25.111044	25.098104	25.084793	25.071156	25.057251	25.043129	25.028843	25.014450	
25.012489	25.024929	25.037277	25.049480	25.061501	25.073280	25.084791	25.095974	25.106796	25.117214	25.127186	25.136677	25.145647	25.154066	25.161901	25.169121	25.175701	25.181610	25.186836	25.191349	25.195139	25.198187	25.200485	25.202019	25.202789	25.202789	25.202019	25.200483	25.198187	25.195137	25.191353	25.186836	25.181612	25.175699	25.169123	25.161900	25.154064	25.145645	25.136675	25.127186	25.117214	25.106796	25.095976	25.084793	25.073284	25.061501	25.049480	25.037277	25.024929	25.012489	
25.010483	25.020922	25.031282	25.041527	25.051609	25.061501	25.071152	25.080544	25.089621	25.098366	25.106731	25.114698	25.122227	25.129292	25.135866	25.141926	25.147446	25.152409	25.156792	25.160582	25.163759	25.166317	25.168247	25.169533	25.170179	25.170181	25.169533	25.168245	25.166317	25.163761	25.160580	25.156792	25.152409	25.147446	25.141926	25.135864	25.129292	25.122227	25.114697	25.106735	25.098366	25.089624	25.080544	25.071156	25.061501	25.051609	25.041527	25.031281	25.020920	25.010481	
25.008434	25.016832	25.025169	25.033409	25.041525	25.049480	25.057251	25.064800	25.072111	25.079142	25.085876	25.092285	25.098343	25.104027	25.109318	25.114191	25.118633	25.122623	25.126154	25.129200	25.131760	25.133818	25.135368	25.136406	25.136925	25.136925	25.136406	25.135368	25.133818	25.131760	25.129200	25.126152	25.122625	25.118633	25.114193	25.109318	25.104025	25.098341	25.092285	25.085876	25.079144	25.072109	25.064804	25.057255	25.049480	25.041527	25.033409	25.025169	25.016830	25.008432	
25.006353	25.012680	25.018959	25.025169	25.031281	25.037277	25.043127	25.048819	25.054321	25.059622	25.064693	25.069523	25.074083	25.078365	25.082352	25.086025	25.089371	25.092379	25.095036	25.097332	25.099258	25.100811	25.101978	25.102760	25.103149	25.103149	25.102760	25.101978	25.100809	25.099258	25.097332	25.095036	25.092377	25.089373	25.086027	25.082352	25.078369	25.074085	25.069519	25.064693	25.059620	25.054323	25.048820	25.043129	25.037279	25.031281	25.025169	25.018959	25.012680	25.006351	
25.004250	25.008480	25.012680	25.016830	25.020920	25.024929	25.028843	25.032648	25.036331	25.039875	25.043266	25.046494	25.049545	25.052410	25.055075	25.057531	25.059771	25.061779	25.063557	25.065094	25.066383	25.067421	25.068201	25.068724	25.068985	25.068987	25.068722	25.068199	25.067421	25.066383	25.065096	25.063557	25.061783	25.059771	25.057529	25.055077	25.052410	25.049545	25.046494	25.043266	25.039873	25.036331	25.032650	25.028847	25.024929	25.020920	25.016832	25.012680	25.008480	25.004250	
25.002129	25.004250	25.006351	25.008432	25.010479	25.012489	25.014450	25.016356	25.018198	25.019974	25.021671	25.023293	25.024820	25.026255	25.027590	25.028820	25.029942	25.030949	25.031839	25.032608	25.033255	25.033775	25.034164	25.034428	25.034557	25.034557	25.034428	25.034164	25.033773	25.033255	25.032608	25.031841	25.030949	25.029943	25.028820	25.027590	25.026257	25.024818	25.023291	25.021673	25.019974	25.018200	25.016357	25.014450	25.012489	25.010479	25.008432	25.006351	25.004250	25.002129	
