25.003204	25.006397	25.009567	25.012701	25.015785	25.018810	25.021767	25.024635	25.027416	25.030090	25.032650	25.035086	25.037392	25.039551	25.041565	25.043419	25.045109	25.046627	25.047970	25.049129	25.050102	25.050886	25.051476	25.051872	25.052067	25.052069	25.051870	25.051476	25.050884	25.050104	25.049129	25.047972	25.046629	25.045109	25.043419	25.041565	25.039553	25.037392	25.035088	25.032648	25.030088	25.027416	25.024635	25.021767	25.018810	25.015785	25.012699	25.009567	25.006399	25.003206	
25.006401	25.012775	25.019100	25.025352	25.031511	25.037552	25.043446	25.049181	25.054726	25.060066	25.065174	25.070042	25.074638	25.078957	25.082972	25.086676	25.090046	25.093081	25.095757	25.098072	25.100014	25.101578	25.102757	25.103542	25.103939	25.103939	25.103546	25.102755	25.101582	25.100016	25.098076	25.095760	25.093081	25.090046	25.086676	25.082970	25.078957	25.074638	25.070040	25.065174	25.060066	25.054726	25.049181	25.043447	25.037552	25.031513	25.025356	25.019100	25.012775	25.006399	
25.009567	25.019100	25.028561	25.037910	25.047119	25.056149	25.064966	25.073538	25.081829	25.089813	25.097458	25.104727	25.111607	25.118057	25.124069	25.129601	25.134645	25.139175	25.143185	25.146643	25.149548	25.151890	25.153648	25.154827	25.155418	25.155418	25.154825	25.153650	25.151888	25.149551	25.146645	25.143185	25.139179	25.134647	25.129601	25.124067	25.118059	25.111607	25.104729	25.097458	25.089811	25.081831	25.073536	25.064968	25.056149	25.047121	25.037910	25.028561	25.019100	25.009569	
25.012703	25.025356	25.037910	25.050323	25.062548	25.074533	25.086237	25.097616	25.108624	25.119223	25.129364	25.139025	25.148148	25.156717	25.164688	25.172039	25.178730	25.184752	25.190063	25.194662	25.198517	25.201620	25.203960	25.205524	25.206306	25.206306	25.205524	25.203959	25.201622	25.198519	25.194664	25.190067	25.184753	25.178732	25.172041	25.164688	25.156717	25.148148	25.139023	25.129364	25.119223	25.108624	25.097616	25.086239	25.074535	25.062550	25.050327	25.037910	25.025354	25.012701	
25.015785	25.031513	25.047119	25.062546	25.077740	25.092634	25.107185	25.121325	25.135008	25.148174	25.160789	25.172785	25.184135	25.194778	25.204689	25.213821	25.222145	25.229618	25.236231	25.241940	25.246735	25.250591	25.253498	25.255440	25.256416	25.256414	25.255440	25.253498	25.250591	25.246737	25.241943	25.236235	25.229622	25.222149	25.213821	25.204693	25.194778	25.184135	25.172787	25.160789	25.148176	25.135010	25.121323	25.107183	25.092638	25.077740	25.062550	25.047119	25.031513	25.015785	
25.018810	25.037552	25.056149	25.074533	25.092634	25.110390	25.127724	25.144577	25.160877	25.176575	25.191597	25.205902	25.219416	25.232107	25.243912	25.254799	25.264709	25.273626	25.281494	25.288307	25.294016	25.298615	25.302074	25.304394	25.305552	25.305552	25.304392	25.302074	25.298615	25.294018	25.288311	25.281498	25.273630	25.264713	25.254803	25.243914	25.232109	25.219418	25.205902	25.191597	25.176577	25.160877	25.144577	25.127724	25.110390	25.092638	25.074535	25.056149	25.037552	25.018810	
25.021767	25.043447	25.064966	25.086235	25.107183	25.127720	25.147781	25.167276	25.186144	25.204300	25.221687	25.238228	25.253876	25.268551	25.282219	25.294804	25.306280	25.316587	25.325705	25.333576	25.340187	25.345501	25.349510	25.352188	25.353531	25.353531	25.352188	25.349512	25.345505	25.340191	25.333580	25.325708	25.316591	25.306286	25.294807	25.282221	25.268551	25.253876	25.238228	25.221689	25.204300	25.186146	25.167274	25.147783	25.127724	25.107183	25.086237	25.064968	25.043446	25.021765	
25.024635	25.049181	25.073536	25.097614	25.121323	25.144575	25.167276	25.189350	25.210697	25.231256	25.250931	25.269665	25.287365	25.303986	25.319447	25.333704	25.346685	25.358364	25.368668	25.377590	25.385067	25.391087	25.395617	25.398653	25.400171	25.400173	25.398655	25.395622	25.391090	25.385065	25.377592	25.368671	25.358366	25.346689	25.333706	25.319448	25.303989	25.287365	25.269665	25.250931	25.231258	25.210699	25.189348	25.167278	25.144573	25.121325	25.097616	25.073536	25.049179	25.024635	
25.027416	25.054726	25.081829	25.108622	25.135006	25.160877	25.186140	25.210697	25.234461	25.257332	25.279232	25.300068	25.319775	25.338261	25.355476	25.371328	25.385788	25.398769	25.410248	25.420162	25.428490	25.435184	25.440233	25.443605	25.445297	25.445297	25.443607	25.440235	25.435186	25.428493	25.420164	25.410252	25.398773	25.385788	25.371332	25.355476	25.338261	25.319777	25.300068	25.279232	25.257332	25.234463	25.210697	25.186142	25.160877	25.135006	25.108622	25.081831	25.054724	25.027416	
25.030090	25.060064	25.089809	25.119217	25.148172	25.176573	25.204296	25.231255	25.257328	25.282436	25.306467	25.329346	25.350964	25.371265	25.390144	25.407558	25.423412	25.437675	25.450264	25.461153	25.470287	25.477642	25.483177	25.486881	25.488737	25.488737	25.486883	25.483179	25.477646	25.470287	25.461159	25.450266	25.437677	25.423416	25.407558	25.390148	25.371265	25.350965	25.329346	25.306467	25.282438	25.257330	25.231255	25.204296	25.176571	25.148174	25.119221	25.089809	25.060066	25.030088	
25.032650	25.065174	25.097454	25.129360	25.160784	25.191593	25.221684	25.250927	25.279230	25.306465	25.332550	25.357365	25.380836	25.402847	25.423349	25.442230	25.459450	25.474911	25.488583	25.500389	25.510307	25.518280	25.524292	25.528311	25.530323	25.530323	25.528313	25.524296	25.518284	25.510311	25.500393	25.488586	25.474913	25.459452	25.442234	25.423351	25.402851	25.380836	25.357365	25.332550	25.306465	25.279230	25.250927	25.221684	25.191593	25.160786	25.129360	25.097454	25.065174	25.032650	
25.035088	25.070040	25.104725	25.139019	25.172781	25.205894	25.238224	25.269661	25.300064	25.329342	25.357365	25.384039	25.409248	25.432922	25.454935	25.475243	25.493729	25.510359	25.525040	25.537739	25.548389	25.556963	25.563419	25.567739	25.569902	25.569902	25.567741	25.563421	25.556967	25.548389	25.537743	25.525040	25.510361	25.493732	25.475243	25.454939	25.432922	25.409248	25.384041	25.357361	25.329342	25.300062	25.269661	25.238224	25.205894	25.172783	25.139019	25.104723	25.070042	25.035084	
25.037392	25.074635	25.111603	25.148144	25.184128	25.219412	25.253870	25.287359	25.319771	25.350960	25.380833	25.409248	25.436127	25.461336	25.484814	25.506435	25.526152	25.543861	25.559517	25.573040	25.584398	25.593529	25.600414	25.605015	25.607321	25.607323	25.605015	25.600418	25.593533	25.584398	25.573042	25.559521	25.543863	25.526155	25.506437	25.484814	25.461338	25.436127	25.409246	25.380831	25.350960	25.319771	25.287361	25.253872	25.219410	25.184130	25.148144	25.111603	25.074635	25.037390	
25.039551	25.078953	25.118053	25.156712	25.194771	25.232101	25.268545	25.303982	25.338253	25.371260	25.402843	25.432917	25.461334	25.488018	25.512836	25.535725	25.556568	25.575314	25.591866	25.606178	25.618183	25.627851	25.635126	25.639999	25.642437	25.642435	25.639999	25.635128	25.627853	25.618187	25.606180	25.591866	25.575314	25.556572	25.535728	25.512838	25.488020	25.461336	25.432919	25.402843	25.371258	25.338253	25.303980	25.268545	25.232101	25.194771	25.156713	25.118053	25.078953	25.039551	
25.041565	25.082966	25.124062	25.164680	25.204685	25.243904	25.282211	25.319439	25.355467	25.390139	25.423344	25.454929	25.484810	25.512836	25.538933	25.562969	25.584888	25.604572	25.621975	25.637009	25.649635	25.659786	25.667439	25.672554	25.675116	25.675119	25.672554	25.667440	25.659786	25.649637	25.637012	25.621979	25.604576	25.584888	25.562973	25.538933	25.512836	25.484810	25.454931	25.423346	25.390137	25.355469	25.319439	25.282211	25.243906	25.204681	25.164680	25.124062	25.082968	25.041563	
25.043419	25.086672	25.129595	25.172033	25.213812	25.254791	25.294796	25.333694	25.371321	25.407551	25.442226	25.475235	25.506433	25.535721	25.562969	25.588095	25.610975	25.631550	25.649721	25.665434	25.678614	25.689226	25.697214	25.702560	25.705238	25.705236	25.702560	25.697212	25.689226	25.678614	25.665436	25.649723	25.631554	25.610977	25.588093	25.562971	25.535725	25.506435	25.475239	25.442225	25.407553	25.371323	25.333696	25.294798	25.254789	25.213812	25.172031	25.129593	25.086670	25.043417	
25.045107	25.090042	25.134642	25.178724	25.222137	25.264702	25.306274	25.346676	25.385777	25.423405	25.459440	25.493725	25.526150	25.556566	25.584885	25.610973	25.634758	25.656124	25.675011	25.691326	25.705027	25.716043	25.724350	25.729900	25.732681	25.732685	25.729900	25.724350	25.716045	25.705029	25.691328	25.675013	25.656124	25.634758	25.610975	25.584885	25.556564	25.526148	25.493725	25.459442	25.423407	25.385777	25.346678	25.306274	25.264704	25.222137	25.178724	25.134640	25.090042	25.045107	
25.046623	25.093075	25.139170	25.184746	25.229610	25.273617	25.316582	25.358353	25.398760	25.437664	25.474901	25.510349	25.543854	25.575308	25.604568	25.631550	25.656122	25.678217	25.697729	25.714603	25.728758	25.740150	25.748732	25.754475	25.757347	25.757347	25.754475	25.748734	25.740154	25.728760	25.714603	25.697731	25.678219	25.656122	25.631550	25.604568	25.575310	25.543854	25.510353	25.474903	25.437664	25.398762	25.358353	25.316582	25.273617	25.229610	25.184742	25.139172	25.093075	25.046625	
25.047966	25.095753	25.143179	25.190056	25.236223	25.281487	25.325695	25.368660	25.410236	25.450253	25.488571	25.525030	25.559509	25.591856	25.621971	25.649715	25.675007	25.697727	25.717812	25.735161	25.749729	25.761448	25.770277	25.776180	25.779140	25.779140	25.776180	25.770281	25.761446	25.749733	25.735165	25.717812	25.697729	25.675007	25.649715	25.621973	25.591858	25.559509	25.525032	25.488575	25.450258	25.410240	25.368662	25.325695	25.281487	25.236221	25.190058	25.143177	25.095753	25.047968	
25.049126	25.098068	25.146637	25.194654	25.241930	25.288296	25.333565	25.377577	25.420151	25.461142	25.500378	25.537727	25.573032	25.606171	25.637001	25.665428	25.691322	25.714600	25.735161	25.752937	25.767853	25.779858	25.788897	25.794949	25.797977	25.797976	25.794949	25.788898	25.779860	25.767853	25.752937	25.735161	25.714600	25.691322	25.665430	25.637005	25.606173	25.573034	25.537729	25.500381	25.461143	25.420153	25.377577	25.333565	25.288296	25.241932	25.194654	25.146637	25.098068	25.049126	
25.050102	25.100010	25.149544	25.198509	25.246725	25.294006	25.340176	25.385052	25.428478	25.470274	25.510296	25.548378	25.584385	25.618174	25.649626	25.678604	25.705019	25.728754	25.749729	25.767851	25.783066	25.795303	25.804527	25.810694	25.813784	25.813786	25.810694	25.804529	25.795303	25.783066	25.767853	25.749727	25.728752	25.705021	25.678608	25.649628	25.618176	25.584389	25.548378	25.510296	25.470276	25.428478	25.385054	25.340176	25.294006	25.246723	25.198509	25.149544	25.100010	25.050100	
25.050882	25.101574	25.151880	25.201611	25.250580	25.298599	25.345490	25.391075	25.435171	25.477627	25.518269	25.556950	25.593517	25.627840	25.659775	25.689215	25.716034	25.740147	25.761442	25.779854	25.795303	25.807737	25.817101	25.823368	25.826504	25.826504	25.823366	25.817102	25.807739	25.795303	25.779856	25.761444	25.740147	25.716038	25.689219	25.659779	25.627842	25.593521	25.556953	25.518272	25.477631	25.435173	25.391075	25.345491	25.298603	25.250582	25.201612	25.151880	25.101574	25.050882	
25.051472	25.102753	25.153643	25.203949	25.253485	25.302063	25.349499	25.395607	25.440220	25.483164	25.524279	25.563406	25.600399	25.635117	25.667427	25.697203	25.724339	25.748724	25.770271	25.788895	25.804523	25.817101	25.826574	25.832912	25.836086	25.836088	25.832912	25.826576	25.817101	25.804527	25.788897	25.770275	25.748726	25.724342	25.697205	25.667431	25.635120	25.600407	25.563410	25.524282	25.483166	25.440224	25.395607	25.349499	25.302063	25.253489	25.203949	25.153641	25.102753	25.051474	
25.051867	25.103539	25.154819	25.205511	25.255428	25.304379	25.352175	25.398638	25.443594	25.486866	25.528297	25.567726	25.605000	25.639986	25.672543	25.702549	25.729891	25.754463	25.776176	25.794941	25.810690	25.823362	25.832909	25.839298	25.842495	25.842495	25.839296	25.832912	25.823364	25.810694	25.794945	25.776176	25.754467	25.729893	25.702553	25.672544	25.639990	25.605005	25.567730	25.528301	25.486870	25.443596	25.398643	25.352177	25.304382	25.255428	25.205515	25.154819	25.103542	25.051868	
25.052063	25.103931	25.155409	25.206297	25.256401	25.305538	25.353518	25.400158	25.445282	25.488722	25.530312	25.569889	25.607307	25.642422	25.675104	25.705227	25.732672	25.757341	25.779133	25.797970	25.813780	25.826500	25.836082	25.842493	25.845705	25.845707	25.842495	25.836084	25.826504	25.813782	25.797974	25.779135	25.757339	25.732674	25.705227	25.675110	25.642427	25.607313	25.569893	25.530315	25.488728	25.445288	25.400162	25.353521	25.305540	25.256403	25.206297	25.155411	25.103935	25.052067	
25.052063	25.103931	25.155409	25.206297	25.256401	25.305538	25.353518	25.400158	25.445282	25.488722	25.530312	25.569889	25.607307	25.642422	25.675104	25.705227	25.732672	25.757341	25.779133	25.797970	25.813780	25.826500	25.836082	25.842493	25.845705	25.845707	25.842495	25.836084	25.826504	25.813782	25.797974	25.779135	25.757339	25.732674	25.705227	25.675110	25.642427	25.607313	25.569893	25.530315	25.488728	25.445288	25.400162	25.353521	25.305540	25.256403	25.206297	25.155411	25.103935	25.052067	
25.051867	25.103539	25.154819	25.205511	25.255428	25.304379	25.352175	25.398638	25.443594	25.486866	25.528297	25.567726	25.605000	25.639986	25.672543	25.702549	25.729891	25.754463	25.776176	25.794941	25.810690	25.823362	25.832909	25.839298	25.842495	25.842495	25.839296	25.832912	25.823364	25.810694	25.794945	25.776176	25.754467	25.729893	25.702553	25.672544	25.639990	25.605005	25.567730	25.528301	25.486870	25.443596	25.398643	25.352177	25.304382	25.255428	25.205515	25.154819	25.103542	25.051868	
25.051472	25.102753	25.153643	25.203949	25.253485	25.302063	25.349499	25.395607	25.440220	25.483164	25.524279	25.563406	25.600399	25.635117	25.667427	25.697203	25.724339	25.748724	25.770271	25.788895	25.804523	25.817101	25.826574	25.832912	25.836086	25.836088	25.832912	25.826576	25.817101	25.804527	25.788897	25.770275	25.748726	25.724342	25.697205	25.667431	25.635120	25.600407	25.563410	25.524282	25.483166	25.440224	25.395607	25.349499	25.302063	25.253489	25.203949	25.153641	25.102753	25.051474	
25.050882	25.101574	25.151880	25.201611	25.250580	25.298599	25.345490	25.391075	25.435171	25.477627	25.518269	25.556950	25.593517	25.627840	25.659775	25.689215	25.716034	25.740147	25.761442	25.779854	25.795303	25.807737	25.817101	25.823368	25.826504	25.826504	25.823366	25.817102	25.807739	25.795303	25.779856	25.761444	25.740147	25.716038	25.689219	25.659779	25.627842	25.593521	25.556953	25.518272	25.477631	25.435173	25.391075	25.345491	25.298603	25.250582	25.201612	25.151880	25.101574	25.050882	
25.050102	25.100010	25.149544	25.198509	25.246725	25.294006	25.340176	25.385052	25.428478	25.470274	25.510296	25.548378	25.584385	25.618174	25.649626	25.678604	25.705019	25.728754	25.749729	25.767851	25.783066	25.795303	25.804527	25.810694	25.813784	25.813786	25.810694	25.804529	25.795303	25.783066	25.767853	25.749727	25.728752	25.705021	25.678608	25.649628	25.618176	25.584389	25.548378	25.510296	25.470276	25.428478	25.385054	25.340176	25.294006	25.246723	25.198509	25.149544	25.100010	25.050100	
25.049126	25.098068	25.146637	25.194654	25.241930	25.288296	25.333565	25.377577	25.420151	25.461142	25.500378	25.537727	25.573032	25.606171	25.637001	25.665428	25.691322	25.714600	25.735161	25.752937	25.767853	25.779858	25.788897	25.794949	25.797977	25.797976	25.794949	25.788898	25.779860	25.767853	25.752937	25.735161	25.714600	25.691322	25.665430	25.637005	25.606173	25.573034	25.537729	25.500381	25.461143	25.420153	25.377577	25.333565	25.288296	25.241932	25.194654	25.146637	25.098068	25.049126	
25.047966	25.095753	25.143179	25.190056	25.236223	25.281487	25.325695	25.368660	25.410236	25.450253	25.488571	25.525030	25.559509	25.591856	25.621971	25.649715	25.675007	25.697727	25.717812	25.735161	25.749729	25.761448	25.770277	25.776180	25.779140	25.779140	25.776180	25.770281	25.761446	25.749733	25.735165	25.717812	25.697729	25.675007	25.649715	25.621973	25.591858	25.559509	25.525032	25.488575	25.450258	25.410240	25.368662	25.325695	25.281487	25.236221	25.190058	25.143177	25.095753	25.047968	
25.046623	25.093075	25.139170	25.184746	25.229610	25.273617	25.316582	25.358353	25.398760	25.437664	25.474901	25.510349	25.543854	25.575308	25.604568	25.631550	25.656122	25.678217	25.697729	25.714603	25.728758	25.740150	25.748732	25.754475	25.757347	25.757347	25.754475	25.748734	25.740154	25.728760	25.714603	25.697731	25.678219	25.656122	25.631550	25.604568	25.575310	25.543854	25.510353	25.474903	25.437664	25.398762	25.358353	25.316582	25.273617	25.229610	25.184742	25.139172	25.093075	25.046625	
25.045107	25.090042	25.134642	25.178724	25.222137	25.264702	25.306274	25.346676	25.385777	25.423405	25.459440	25.493725	25.526150	25.556566	25.584885	25.610973	25.634758	25.656124	25.675011	25.691326	25.705027	25.716043	25.724350	25.729900	25.732681	25.732685	25.729900	25.724350	25.716045	25.705029	25.691328	25.675013	25.656124	25.634758	25.610975	25.584885	25.556564	25.526148	25.493725	25.459442	25.423407	25.385777	25.346678	25.306274	25.264704	25.222137	25.178724	25.134640	25.090042	25.045107	
25.043419	25.086672	25.129595	25.172033	25.213812	25.254791	25.294796	25.333694	25.371321	25.407551	25.442226	25.475235	25.506433	25.535721	25.562969	25.588095	25.610975	25.631550	25.649721	25.665434	25.678614	25.689226	25.697214	25.702560	25.705238	25.705236	25.702560	25.697212	25.689226	25.678614	25.665436	25.649723	25.631554	25.610977	25.588093	25.562971	25.535725	25.506435	25.475239	25.442225	25.407553	25.371323	25.333696	25.294798	25.254789	25.213812	25.172031	25.129593	25.086670	25.043417	
25.041565	25.082966	25.124062	25.164680	25.204685	25.243904	25.282211	25.319439	25.355467	25.390139	25.423344	25.454929	25.484810	25.512836	25.538933	25.562969	25.584888	25.604572	25.621975	25.637009	25.649635	25.659786	25.667439	25.672554	25.675116	25.675119	25.672554	25.667440	25.659786	25.649637	25.637012	25.621979	25.604576	25.584888	25.562973	25.538933	25.512836	25.484810	25.454931	25.423346	25.390137	25.355469	25.319439	25.282211	25.243906	25.204681	25.164680	25.124062	25.082968	25.041563	
25.039551	25.078953	25.118053	25.156712	25.194771	25.232101	25.268545	25.303982	25.338253	25.371260	25.402843	25.432917	25.461334	25.488018	25.512836	25.535725	25.556568	25.575314	25.591866	25.606178	25.618183	25.627851	25.635126	25.639999	25.642437	25.642435	25.639999	25.635128	25.627853	25.618187	25.606180	25.591866	25.575314	25.556572	25.535728	25.512838	25.488020	25.461336	25.432919	25.402843	25.371258	25.338253	25.303980	25.268545	25.232101	25.194771	25.156713	25.118053	25.078953	25.039551	
25.037392	25.074635	25.111603	25.148144	25.184128	25.219412	25.253870	25.287359	25.319771	25.350960	25.380833	25.409248	25.436127	25.461336	25.484814	25.506435	25.526152	25.543861	25.559517	25.573040	25.584398	25.593529	25.600414	25.605015	25.607321	25.607323	25.605015	25.600418	25.593533	25.584398	25.573042	25.559521	25.543863	25.526155	25.506437	25.484814	25.461338	25.436127	25.409246	25.380831	25.350960	25.319771	25.287361	25.253872	25.219410	25.184130	25.148144	25.111603	25.074635	25.037390	
25.035088	25.070040	25.104725	25.139019	25.172781	25.205894	25.238224	25.269661	25.300064	25.329342	25.357365	25.384039	25.409248	25.432922	25.454935	25.475243	25.493729	25.510359	25.525040	25.537739	25.548389	25.556963	25.563419	25.567739	25.569902	25.569902	25.567741	25.563421	25.556967	25.548389	25.537743	25.525040	25.510361	25.493732	25.475243	25.454939	25.432922	25.409248	25.384041	25.357361	25.329342	25.300062	25.269661	25.238224	25.205894	25.172783	25.139019	25.104723	25.070042	25.035084	
25.032650	25.065174	25.097454	25.129360	25.160784	25.191593	25.221684	25.250927	25.279230	25.306465	25.332550	25.357365	25.380836	25.402847	25.423349	25.442230	25.459450	25.474911	25.488583	25.500389	25.510307	25.518280	25.524292	25.528311	25.530323	25.530323	25.528313	25.524296	25.518284	25.510311	25.500393	25.488586	25.474913	25.459452	25.442234	25.423351	25.402851	25.380836	25.357365	25.332550	25.306465	25.279230	25.250927	25.221684	25.191593	25.160786	25.129360	25.097454	25.065174	25.032650	
25.030090	25.060064	25.089809	25.119217	25.148172	25.176573	25.204296	25.231255	25.257328	25.282436	25.306467	25.329346	25.350964	25.371265	25.390144	25.407558	25.423412	25.437675	25.450264	25.461153	25.470287	25.477642	25.483177	25.486881	25.488737	25.488737	25.486883	25.483179	25.477646	25.470287	25.461159	25.450266	25.437677	25.423416	25.407558	25.390148	25.371265	25.350965	25.329346	25.306467	25.282438	25.257330	25.231255	25.204296	25.176571	25.148174	25.119221	25.089809	25.060066	25.030088	
25.027416	25.054726	25.081829	25.108622	25.135006	25.160877	25.186140	25.210697	25.234461	25.257332	25.279232	25.300068	25.319775	25.338261	25.355476	25.371328	25.385788	25.398769	25.410248	25.420162	25.428490	25.435184	25.440233	25.443605	25.445297	25.445297	25.443607	25.440235	25.435186	25.428493	25.420164	25.410252	25.398773	25.385788	25.371332	25.355476	25.338261	25.319777	25.300068	25.279232	25.257332	25.234463	25.210697	25.186142	25.160877	25.135006	25.108622	25.081831	25.054724	25.027416	
25.024635	25.049181	25.073536	25.097614	25.121323	25.144575	25.167276	25.189350	25.210697	25.231256	25.250931	25.269665	25.287365	25.303986	25.319447	25.333704	25.346685	25.358364	25.368668	25.377590	25.385067	25.391087	25.395617	25.398653	25.400171	25.400173	25.398655	25.395622	25.391090	25.385065	25.377592	25.368671	25.358366	25.346689	25.333706	25.319448	25.303989	25.287365	25.269665	25.250931	25.231258	25.210699	25.189348	25.167278	25.144573	25.121325	25.097616	25.073536	25.049179	25.024635	
25.021767	25.043447	25.064966	25.086235	25.107183	25.127720	25.147781	25.167276	25.186144	25.204300	25.221687	25.238228	25.253876	25.268551	25.282219	25.294804	25.306280	25.316587	25.325705	25.333576	25.340187	25.345501	25.349510	25.352188	25.353531	25.353531	25.352188	25.349512	25.345505	25.340191	25.333580	25.325708	25.316591	25.306286	25.294807	25.282221	25.268551	25.253876	25.238228	25.221689	25.204300	25.186146	25.167274	25.147783	25.127724	25.107183	25.086237	25.064968	25.043446	25.021765	
25.018810	25.037552	25.056149	25.074533	25.092634	25.110390	25.127724	25.144577	25.160877	25.176575	25.191597	25.205902	25.219416	25.232107	25.243912	25.254799	25.264709	25.273626	25.281494	25.288307	25.294016	25.298615	25.302074	25.304394	25.305552	25.305552	25.304392	25.302074	25.298615	25.294018	25.288311	25.281498	25.273630	25.264713	25.254803	25.243914	25.232109	25.219418	25.205902	25.191597	25.176577	25.160877	25.144577	25.127724	25.110390	25.092638	25.074535	25.056149	25.037552	25.018810	
25.015785	25.031513	25.047119	25.062546	25.077740	25.092634	25.107185	25.121325	25.135008	25.148174	25.160789	25.172785	25.184135	25.194778	25.204689	25.213821	25.222145	25.229618	25.236231	25.241940	25.246735	25.250591	25.253498	25.255440	25.256416	25.256414	25.255440	25.253498	25.250591	25.246737	25.241943	25.236235	25.229622	25.222149	25.213821	25.204693	25.194778	25.184135	25.172787	25.160789	25.148176	25.135010	25.121323	25.107183	25.092638	25.077740	25.062550	25.047119	25.031513	25.015785	
25.012703	25.025356	25.037910	25.050323	25.062548	25.074533	25.086237	25.097616	25.108624	25.119223	25.129364	25.139025	25.148148	25.156717	25.164688	25.172039	25.178730	25.184752	25.190063	25.194662	25.198517	25.201620	25.203960	25.205524	25.206306	25.206306	25.205524	25.203959	25.201622	25.198519	25.194664	25.190067	25.184753	25.178732	25.172041	25.164688	25.156717	25.148148	25.139023	25.129364	25.119223	25.108624	25.097616	25.086239	25.074535	25.062550	25.050327	25.037910	25.025354	25.012701	
25.009567	25.019100	25.028561	25.037910	25.047119	25.056149	25.064966	25.073538	25.081829	25.089813	25.097458	25.104727	25.111607	25.118057	25.124069	25.129601	25.134645	25.139175	25.143185	25.146643	25.149548	25.151890	25.153648	25.154827	25.155418	25.155418	25.154825	25.153650	25.151888	25.149551	25.146645	25.143185	25.139179	25.134647	25.129601	25.124067	25.118059	25.111607	25.104729	25.097458	25.089811	25.081831	25.073536	25.064968	25.056149	25.047121	25.037910	25.028561	25.019100	25.009569	
25.006401	25.012775	25.019100	25.025352	25.031511	25.037552	25.043446	25.049181	25.054726	25.060066	25.065174	25.070042	25.074638	25.078957	25.082972	25.086676	25.090046	25.093081	25.095757	25.098072	25.100014	25.101578	25.102757	25.103542	25.103939	25.103939	25.103546	25.102755	25.101582	25.100016	25.098076	25.095760	25.093081	25.090046	25.086676	25.082970	25.078957	25.074638	25.070040	25.065174	25.060066	25.054726	25.049181	25.043447	25.037552	25.031513	25.025356	25.019100	25.012775	25.006399	
25.003204	25.006397	25.009567	25.012701	25.015785	25.018810	25.021767	25.024635	25.027416	25.030090	25.032650	25.035086	25.037392	25.039551	25.041565	25.043419	25.045109	25.046627	25.047970	25.049129	25.050102	25.050886	25.051476	25.051872	25.052067	25.052069	25.051870	25.051476	25.050884	25.050104	25.049129	25.047972	25.046629	25.045109	25.043419	25.041565	25.039553	25.037392	25.035088	25.032648	25.030088	25.027416	25.024635	25.021767	25.018810	25.015785	25.012699	25.009567	25.006399	25.003206	
