25.000000	25.000000	25.000000	25.000000	25.000000	25.000000	25.000000	25.000000	25.000000	25.000004	25.000008	25.000011	25.000023	25.000031	25.000059	25.000074	25.000122	25.000147	25.000216	25.000244	25.000317	25.000345	25.000402	25.000418	25.000439	25.000439	25.000416	25.000402	25.000345	25.000319	25.000244	25.000217	25.000147	25.000124	25.000072	25.000059	25.000031	25.000023	25.000008	25.000006	25.000002	25.000002	25.000000	25.000000	25.000000	25.000000	25.000000	25.000000	25.000000	25.000000	
25.000000	25.000000	25.000000	25.000000	25.000000	25.000000	25.000000	25.000000	25.000004	25.000011	25.000017	25.000042	25.000057	25.000114	25.000151	25.000263	25.000320	25.000496	25.000578	25.000790	25.000877	25.001076	25.001141	25.001261	25.001284	25.001286	25.001259	25.001143	25.001076	25.000875	25.000793	25.000576	25.000498	25.000320	25.000263	25.000147	25.000114	25.000055	25.000040	25.000015	25.000011	25.000004	25.000002	25.000000	25.000000	25.000000	25.000000	25.000000	25.000000	25.000000	
25.000000	25.000000	25.000000	25.000000	25.000000	25.000000	25.000004	25.000004	25.000015	25.000023	25.000061	25.000088	25.000187	25.000250	25.000462	25.000582	25.000946	25.001129	25.001625	25.001848	25.002377	25.002583	25.002989	25.003111	25.003265	25.003265	25.003113	25.002991	25.002583	25.002378	25.001848	25.001629	25.001129	25.000948	25.000580	25.000462	25.000246	25.000187	25.000084	25.000061	25.000025	25.000015	25.000004	25.000004	25.000000	25.000000	25.000000	25.000000	25.000000	25.000000	
25.000000	25.000000	25.000000	25.000000	25.000000	25.000004	25.000004	25.000019	25.000031	25.000084	25.000122	25.000275	25.000380	25.000738	25.000956	25.001635	25.002007	25.003035	25.003540	25.004770	25.005306	25.006435	25.006849	25.007528	25.007683	25.007685	25.007526	25.006847	25.006435	25.005306	25.004772	25.003536	25.003035	25.002007	25.001637	25.000956	25.000736	25.000378	25.000275	25.000122	25.000082	25.000031	25.000021	25.000008	25.000004	25.000000	25.000000	25.000000	25.000000	25.000000	
25.000000	25.000000	25.000000	25.000000	25.000002	25.000006	25.000023	25.000034	25.000103	25.000156	25.000370	25.000525	25.001080	25.001444	25.002590	25.003273	25.005190	25.006220	25.008787	25.010025	25.012726	25.013859	25.015938	25.016621	25.017403	25.017399	25.016621	25.015936	25.013859	25.012724	25.010023	25.008787	25.006222	25.005188	25.003273	25.002590	25.001442	25.001076	25.000526	25.000370	25.000156	25.000103	25.000038	25.000025	25.000006	25.000002	25.000000	25.000000	25.000000	25.000000	
25.000000	25.000000	25.000000	25.000000	25.000004	25.000023	25.000038	25.000118	25.000183	25.000458	25.000675	25.001446	25.002005	25.003765	25.004917	25.008154	25.010075	25.014883	25.017452	25.023159	25.025864	25.031075	25.033150	25.036274	25.037056	25.037056	25.036274	25.033150	25.031073	25.025864	25.023161	25.017452	25.014881	25.010071	25.008154	25.004915	25.003763	25.002003	25.001448	25.000675	25.000458	25.000183	25.000118	25.000038	25.000023	25.000004	25.000002	25.000000	25.000000	25.000000	
25.000000	25.000000	25.000000	25.000004	25.000023	25.000040	25.000124	25.000198	25.000521	25.000793	25.001785	25.002560	25.005032	25.006798	25.011789	25.015032	25.023212	25.028027	25.038849	25.044559	25.055880	25.061089	25.069759	25.072882	25.076138	25.076136	25.072880	25.069759	25.061089	25.055882	25.044559	25.038849	25.028023	25.023212	25.015030	25.011787	25.006796	25.005032	25.002562	25.001785	25.000793	25.000519	25.000200	25.000120	25.000038	25.000019	25.000004	25.000002	25.000000	25.000000	
25.000000	25.000000	25.000004	25.000019	25.000036	25.000118	25.000198	25.000546	25.000864	25.002024	25.003014	25.006187	25.008663	25.015694	25.020687	25.033361	25.041544	25.060106	25.070932	25.092777	25.104097	25.123930	25.132601	25.144464	25.147717	25.147718	25.144461	25.132601	25.123932	25.104097	25.092779	25.070930	25.060108	25.041540	25.033360	25.020683	25.015692	25.008663	25.006189	25.003016	25.002022	25.000862	25.000542	25.000198	25.000114	25.000034	25.000015	25.000004	25.000000	25.000000	
25.000000	25.000002	25.000015	25.000031	25.000101	25.000183	25.000519	25.000864	25.002110	25.003273	25.007004	25.010178	25.019238	25.026272	25.044203	25.056881	25.085833	25.104399	25.142330	25.164173	25.203602	25.223433	25.253540	25.265400	25.276690	25.276688	25.265404	25.253540	25.223436	25.203602	25.164175	25.142328	25.104397	25.085833	25.056877	25.044205	25.026270	25.019239	25.010178	25.007004	25.003273	25.002108	25.000862	25.000517	25.000183	25.000101	25.000029	25.000013	25.000002	25.000000	
25.000000	25.000010	25.000023	25.000080	25.000154	25.000458	25.000793	25.002024	25.003273	25.007298	25.011032	25.021738	25.030804	25.054028	25.071962	25.113180	25.142136	25.201857	25.239786	25.309566	25.348991	25.412083	25.442188	25.479855	25.491140	25.491140	25.479855	25.442190	25.412086	25.348993	25.309565	25.239786	25.201855	25.142136	25.113182	25.071960	25.054028	25.030804	25.021740	25.011030	25.007298	25.003271	25.002022	25.000793	25.000454	25.000156	25.000082	25.000023	25.000010	25.000000	
25.000006	25.000015	25.000061	25.000118	25.000368	25.000671	25.001785	25.003016	25.007004	25.011032	25.022640	25.033348	25.060934	25.084162	25.137863	25.179083	25.264778	25.324493	25.435858	25.505634	25.620819	25.683912	25.771631	25.809298	25.842148	25.842148	25.809298	25.771633	25.683910	25.620821	25.505636	25.435858	25.324493	25.264774	25.179083	25.137865	25.084160	25.060932	25.033348	25.022640	25.011030	25.007004	25.003014	25.001781	25.000671	25.000370	25.000118	25.000061	25.000013	25.000006	
25.000010	25.000040	25.000084	25.000275	25.000523	25.001448	25.002560	25.006189	25.010178	25.021740	25.033350	25.063427	25.091011	25.155170	25.208874	25.321327	25.407015	25.568518	25.679876	25.867502	25.982687	26.151768	26.239491	26.340267	26.373117	26.373117	26.340267	26.239492	26.151768	25.982685	25.867504	25.679874	25.568516	25.407017	25.321327	25.208874	25.155172	25.091007	25.063423	25.033346	25.021736	25.010178	25.006187	25.002560	25.001446	25.000523	25.000273	25.000084	25.000040	25.000008	
25.000023	25.000055	25.000187	25.000376	25.001080	25.002003	25.005033	25.008661	25.019239	25.030800	25.060934	25.091011	25.161407	25.225569	25.360868	25.473316	25.687195	25.848690	26.124878	26.312500	26.597034	26.766117	26.982349	27.083128	27.164032	27.164032	27.083128	26.982349	26.766117	26.597034	26.312500	26.124876	25.848690	25.687195	25.473316	25.360868	25.225569	25.161407	25.091009	25.060930	25.030798	25.019238	25.008661	25.005032	25.002003	25.001080	25.000376	25.000185	25.000053	25.000023	
25.000031	25.000116	25.000248	25.000738	25.001442	25.003767	25.006798	25.015692	25.026272	25.054028	25.084160	25.155174	25.225571	25.375095	25.510395	25.769924	25.983799	26.353973	26.630154	27.058279	27.342812	27.727612	27.943844	28.172895	28.253798	28.253798	28.172895	27.943844	27.727610	27.342810	27.058279	26.630154	26.353973	25.983797	25.769924	25.510391	25.375095	25.225567	25.155170	25.084158	25.054028	25.026268	25.015690	25.006798	25.003763	25.001442	25.000738	25.000246	25.000116	25.000031	
25.000061	25.000149	25.000463	25.000956	25.002590	25.004915	25.011791	25.020685	25.044205	25.071960	25.137863	25.208874	25.360867	25.510393	25.799648	26.059174	26.513134	26.883303	27.466629	27.894751	28.493868	28.878666	29.333206	29.562252	29.732201	29.732197	29.562254	29.333204	28.878666	28.493868	27.894751	27.466629	26.883303	26.513136	26.059174	25.799646	25.510393	25.360867	25.208874	25.137863	25.071959	25.044203	25.020685	25.011787	25.004913	25.002590	25.000954	25.000462	25.000147	25.000061	
25.000074	25.000263	25.000582	25.001638	25.003273	25.008156	25.015030	25.033361	25.056875	25.113180	25.179081	25.321325	25.473320	25.769924	26.059175	26.570225	27.024178	27.749306	28.332628	29.168407	29.767521	30.517204	30.971739	31.417540	31.587479	31.587482	31.417534	30.971743	30.517202	29.767521	29.168407	28.332624	27.749306	27.024178	26.570221	26.059174	25.769924	25.473318	25.321323	25.179083	25.113182	25.056875	25.033360	25.015028	25.008156	25.003273	25.001638	25.000580	25.000263	25.000074	
25.000124	25.000320	25.000950	25.002007	25.005190	25.010071	25.023214	25.041540	25.085833	25.142134	25.264772	25.407013	25.687195	25.983799	26.513134	27.024179	27.850513	28.575634	29.633566	30.469343	31.553421	32.303097	33.124527	33.570316	33.877274	33.877270	33.570320	33.124527	32.303101	31.553419	30.469345	29.633566	28.575634	27.850510	27.024178	26.513134	25.983799	25.687193	25.407017	25.264772	25.142134	25.085833	25.041540	25.023212	25.010071	25.005192	25.002007	25.000948	25.000320	25.000124	
25.000147	25.000496	25.001127	25.003035	25.006222	25.014885	25.028025	25.060112	25.104397	25.201857	25.324493	25.568514	25.848690	26.353970	26.883305	27.749308	28.575634	29.799786	30.857716	32.265163	33.349236	34.609833	35.431255	36.180313	36.487267	36.487267	36.180309	35.431259	34.609833	33.349236	32.265163	30.857714	29.799786	28.575634	27.749306	26.883305	26.353971	25.848690	25.568514	25.324493	25.201855	25.104395	25.060108	25.028023	25.014883	25.006220	25.003036	25.001129	25.000498	25.000147	
25.000214	25.000576	25.001625	25.003536	25.008787	25.017450	25.038853	25.070934	25.142332	25.239786	25.435856	25.679874	26.124874	26.630152	27.466629	28.332626	29.633566	30.857714	32.518990	33.926437	35.626007	36.886600	38.173244	38.922295	39.402912	39.402912	38.922298	38.173244	36.886600	35.626007	33.926437	32.518990	30.857712	29.633566	28.332626	27.466629	26.630154	26.124874	25.679876	25.435858	25.239784	25.142328	25.070930	25.038849	25.017450	25.008787	25.003536	25.001629	25.000576	25.000216	
25.000244	25.000790	25.001846	25.004770	25.010021	25.023163	25.044559	25.092781	25.164173	25.309568	25.505632	25.867502	26.312498	27.058279	27.894751	29.168409	30.469343	32.265163	33.926437	35.987671	37.687241	39.531544	40.818192	41.913536	42.394150	42.394150	41.913536	40.818192	39.531548	37.687241	35.987671	33.926437	32.265163	30.469343	29.168407	27.894751	27.058277	26.312500	25.867502	25.505634	25.309566	25.164175	25.092781	25.044559	25.023161	25.010023	25.004774	25.001848	25.000792	25.000244	
25.000317	25.000877	25.002377	25.005304	25.012726	25.025864	25.055882	25.104095	25.203604	25.348991	25.620823	25.982685	26.597036	27.342810	28.493870	29.767521	31.553419	33.349236	35.626007	37.687241	40.014038	41.858349	43.618809	44.714157	45.371597	45.371593	44.714157	43.618813	41.858349	40.014042	37.687241	35.626007	33.349236	31.553421	29.767521	28.493870	27.342812	26.597034	25.982685	25.620823	25.348991	25.203602	25.104095	25.055882	25.025864	25.012726	25.005304	25.002380	25.000877	25.000317	
25.000345	25.001076	25.002583	25.006435	25.013859	25.031071	25.061089	25.123930	25.223434	25.412086	25.683910	26.151770	26.766117	27.727612	28.878666	30.517204	32.303101	34.609833	36.886600	39.531544	41.858349	44.223488	45.983955	47.388191	48.045628	48.045631	47.388191	45.983955	44.223495	41.858349	39.531548	36.886597	34.609833	32.303097	30.517204	28.878666	27.727612	26.766117	26.151770	25.683910	25.412083	25.223433	25.123928	25.061089	25.031075	25.013857	25.006439	25.002581	25.001076	25.000343	
25.000401	25.001141	25.002991	25.006849	25.015938	25.033150	25.069759	25.132599	25.253540	25.442190	25.771635	26.239492	26.982353	27.943848	29.333206	30.971743	33.124527	35.431259	38.173244	40.818192	43.618813	45.983955	48.102219	49.506454	50.297405	50.297409	49.506454	48.102219	45.983955	43.618813	40.818192	38.173248	35.431259	33.124531	30.971739	29.333206	27.943846	26.982353	26.239491	25.771633	25.442188	25.253536	25.132599	25.069759	25.033150	25.015938	25.006847	25.002991	25.001141	25.000401	
25.000420	25.001259	25.003113	25.007526	25.016617	25.036270	25.072882	25.144463	25.265402	25.479855	25.809298	26.340267	27.083130	28.172894	29.562256	31.417536	33.570324	36.180313	38.922298	41.913540	44.714157	47.388191	49.506454	51.093864	51.884811	51.884811	51.093864	49.506454	47.388191	44.714153	41.913540	38.922298	36.180313	33.570320	31.417538	29.562252	28.172894	27.083128	26.340265	25.809298	25.479853	25.265400	25.144463	25.072880	25.036274	25.016617	25.007528	25.003111	25.001261	25.000418	
25.000439	25.001286	25.003265	25.007683	25.017399	25.037054	25.076136	25.147717	25.276688	25.491140	25.842148	26.373117	27.164032	28.253799	29.732201	31.587481	33.877274	36.487267	39.402916	42.394154	45.371593	48.045628	50.297405	51.884811	52.725578	52.725574	51.884808	50.297405	48.045631	45.371597	42.394150	39.402912	36.487267	33.877274	31.587481	29.732199	28.253798	27.164032	26.373117	25.842148	25.491138	25.276686	25.147717	25.076134	25.037052	25.017399	25.007681	25.003263	25.001286	25.000439	
25.000439	25.001286	25.003265	25.007683	25.017399	25.037054	25.076136	25.147717	25.276688	25.491140	25.842148	26.373117	27.164032	28.253799	29.732201	31.587481	33.877274	36.487267	39.402916	42.394154	45.371593	48.045628	50.297405	51.884811	52.725578	52.725574	51.884808	50.297405	48.045631	45.371597	42.394150	39.402912	36.487267	33.877274	31.587481	29.732199	28.253798	27.164032	26.373117	25.842148	25.491138	25.276686	25.147717	25.076134	25.037052	25.017399	25.007681	25.003263	25.001286	25.000439	
25.000420	25.001259	25.003113	25.007526	25.016617	25.036270	25.072882	25.144463	25.265402	25.479855	25.809298	26.340267	27.083130	28.172894	29.562256	31.417536	33.570324	36.180313	38.922298	41.913540	44.714157	47.388191	49.506454	51.093864	51.884811	51.884811	51.093864	49.506454	47.388191	44.714153	41.913540	38.922298	36.180313	33.570320	31.417538	29.562252	28.172894	27.083128	26.340265	25.809298	25.479853	25.265400	25.144463	25.072880	25.036274	25.016617	25.007528	25.003111	25.001261	25.000418	
25.000401	25.001141	25.002991	25.006849	25.015938	25.033150	25.069759	25.132599	25.253540	25.442190	25.771635	26.239492	26.982353	27.943848	29.333206	30.971743	33.124527	35.431259	38.173244	40.818192	43.618813	45.983955	48.102219	49.506454	50.297405	50.297409	49.506454	48.102219	45.983955	43.618813	40.818192	38.173248	35.431259	33.124531	30.971739	29.333206	27.943846	26.982353	26.239491	25.771633	25.442188	25.253536	25.132599	25.069759	25.033150	25.015938	25.006847	25.002991	25.001141	25.000401	
25.000345	25.001076	25.002583	25.006435	25.013859	25.031071	25.061089	25.123930	25.223434	25.412086	25.683910	26.151770	26.766117	27.727612	28.878666	30.517204	32.303101	34.609833	36.886600	39.531544	41.858349	44.223488	45.983955	47.388191	48.045628	48.045631	47.388191	45.983955	44.223495	41.858349	39.531548	36.886597	34.609833	32.303097	30.517204	28.878666	27.727612	26.766117	26.151770	25.683910	25.412083	25.223433	25.123928	25.061089	25.031075	25.013857	25.006439	25.002581	25.001076	25.000343	
25.000317	25.000877	25.002377	25.005304	25.012726	25.025864	25.055882	25.104095	25.203604	25.348991	25.620823	25.982685	26.597036	27.342810	28.493870	29.767521	31.553419	33.349236	35.626007	37.687241	40.014038	41.858349	43.618809	44.714157	45.371597	45.371593	44.714157	43.618813	41.858349	40.014042	37.687241	35.626007	33.349236	31.553421	29.767521	28.493870	27.342812	26.597034	25.982685	25.620823	25.348991	25.203602	25.104095	25.055882	25.025864	25.012726	25.005304	25.002380	25.000877	25.000317	
25.000244	25.000790	25.001846	25.004770	25.010021	25.023163	25.044559	25.092781	25.164173	25.309568	25.505632	25.867502	26.312498	27.058279	27.894751	29.168409	30.469343	32.265163	33.926437	35.987671	37.687241	39.531544	40.818192	41.913536	42.394150	42.394150	41.913536	40.818192	39.531548	37.687241	35.987671	33.926437	32.265163	30.469343	29.168407	27.894751	27.058277	26.312500	25.867502	25.505634	25.309566	25.164175	25.092781	25.044559	25.023161	25.010023	25.004774	25.001848	25.000792	25.000244	
25.000214	25.000576	25.001625	25.003536	25.008787	25.017450	25.038853	25.070934	25.142332	25.239786	25.435856	25.679874	26.124874	26.630152	27.466629	28.332626	29.633566	30.857714	32.518990	33.926437	35.626007	36.886600	38.173244	38.922295	39.402912	39.402912	38.922298	38.173244	36.886600	35.626007	33.926437	32.518990	30.857712	29.633566	28.332626	27.466629	26.630154	26.124874	25.679876	25.435858	25.239784	25.142328	25.070930	25.038849	25.017450	25.008787	25.003536	25.001629	25.000576	25.000216	
25.000147	25.000496	25.001127	25.003035	25.006222	25.014885	25.028025	25.060112	25.104397	25.201857	25.324493	25.568514	25.848690	26.353970	26.883305	27.749308	28.575634	29.799786	30.857716	32.265163	33.349236	34.609833	35.431255	36.180313	36.487267	36.487267	36.180309	35.431259	34.609833	33.349236	32.265163	30.857714	29.799786	28.575634	27.749306	26.883305	26.353971	25.848690	25.568514	25.324493	25.201855	25.104395	25.060108	25.028023	25.014883	25.006220	25.003036	25.001129	25.000498	25.000147	
25.000124	25.000320	25.000950	25.002007	25.005190	25.010071	25.023214	25.041540	25.085833	25.142134	25.264772	25.407013	25.687195	25.983799	26.513134	27.024179	27.850513	28.575634	29.633566	30.469343	31.553421	32.303097	33.124527	33.570316	33.877274	33.877270	33.570320	33.124527	32.303101	31.553419	30.469345	29.633566	28.575634	27.850510	27.024178	26.513134	25.983799	25.687193	25.407017	25.264772	25.142134	25.085833	25.041540	25.023212	25.010071	25.005192	25.002007	25.000948	25.000320	25.000124	
25.000074	25.000263	25.000582	25.001638	25.003273	25.008156	25.015030	25.033361	25.056875	25.113180	25.179081	25.321325	25.473320	25.769924	26.059175	26.570225	27.024178	27.749306	28.332628	29.168407	29.767521	30.517204	30.971739	31.417540	31.587479	31.587482	31.417534	30.971743	30.517202	29.767521	29.168407	28.332624	27.749306	27.024178	26.570221	26.059174	25.769924	25.473318	25.321323	25.179083	25.113182	25.056875	25.033360	25.015028	25.008156	25.003273	25.001638	25.000580	25.000263	25.000074	
25.000061	25.000149	25.000463	25.000956	25.002590	25.004915	25.011791	25.020685	25.044205	25.071960	25.137863	25.208874	25.360867	25.510393	25.799648	26.059174	26.513134	26.883303	27.466629	27.894751	28.493868	28.878666	29.333206	29.562252	29.732201	29.732197	29.562254	29.333204	28.878666	28.493868	27.894751	27.466629	26.883303	26.513136	26.059174	25.799646	25.510393	25.360867	25.208874	25.137863	25.071959	25.044203	25.020685	25.011787	25.004913	25.002590	25.000954	25.000462	25.000147	25.000061	
25.000031	25.000116	25.000248	25.000738	25.001442	25.003767	25.006798	25.015692	25.026272	25.054028	25.084160	25.155174	25.225571	25.375095	25.510395	25.769924	25.983799	26.353973	26.630154	27.058279	27.342812	27.727612	27.943844	28.172895	28.253798	28.253798	28.172895	27.943844	27.727610	27.342810	27.058279	26.630154	26.353973	25.983797	25.769924	25.510391	25.375095	25.225567	25.155170	25.084158	25.054028	25.026268	25.015690	25.006798	25.003763	25.001442	25.000738	25.000246	25.000116	25.000031	
25.000023	25.000055	25.000187	25.000376	25.001080	25.002003	25.005033	25.008661	25.019239	25.030800	25.060934	25.091011	25.161407	25.225569	25.360868	25.473316	25.687195	25.848690	26.124878	26.312500	26.597034	26.766117	26.982349	27.083128	27.164032	27.164032	27.083128	26.982349	26.766117	26.597034	26.312500	26.124876	25.848690	25.687195	25.473316	25.360868	25.225569	25.161407	25.091009	25.060930	25.030798	25.019238	25.008661	25.005032	25.002003	25.001080	25.000376	25.000185	25.000053	25.000023	
25.000010	25.000040	25.000084	25.000275	25.000523	25.001448	25.002560	25.006189	25.010178	25.021740	25.033350	25.063427	25.091011	25.155170	25.208874	25.321327	25.407015	25.568518	25.679876	25.867502	25.982687	26.151768	26.239491	26.340267	26.373117	26.373117	26.340267	26.239492	26.151768	25.982685	25.867504	25.679874	25.568516	25.407017	25.321327	25.208874	25.155172	25.091007	25.063423	25.033346	25.021736	25.010178	25.006187	25.002560	25.001446	25.000523	25.000273	25.000084	25.000040	25.000008	
25.000006	25.000015	25.000061	25.000118	25.000368	25.000671	25.001785	25.003016	25.007004	25.011032	25.022640	25.033348	25.060934	25.084162	25.137863	25.179083	25.264778	25.324493	25.435858	25.505634	25.620819	25.683912	25.771631	25.809298	25.842148	25.842148	25.809298	25.771633	25.683910	25.620821	25.505636	25.435858	25.324493	25.264774	25.179083	25.137865	25.084160	25.060932	25.033348	25.022640	25.011030	25.007004	25.003014	25.001781	25.000671	25.000370	25.000118	25.000061	25.000013	25.000006	
25.000000	25.000010	25.000023	25.000080	25.000154	25.000458	25.000793	25.002024	25.003273	25.007298	25.011032	25.021738	25.030804	25.054028	25.071962	25.113180	25.142136	25.201857	25.239786	25.309566	25.348991	25.412083	25.442188	25.479855	25.491140	25.491140	25.479855	25.442190	25.412086	25.348993	25.309565	25.239786	25.201855	25.142136	25.113182	25.071960	25.054028	25.030804	25.021740	25.011030	25.007298	25.003271	25.002022	25.000793	25.000454	25.000156	25.000082	25.000023	25.000010	25.000000	
25.000000	25.000002	25.000015	25.000031	25.000101	25.000183	25.000519	25.000864	25.002110	25.003273	25.007004	25.010178	25.019238	25.026272	25.044203	25.056881	25.085833	25.104399	25.142330	25.164173	25.203602	25.223433	25.253540	25.265400	25.276690	25.276688	25.265404	25.253540	25.223436	25.203602	25.164175	25.142328	25.104397	25.085833	25.056877	25.044205	25.026270	25.019239	25.010178	25.007004	25.003273	25.002108	25.000862	25.000517	25.000183	25.000101	25.000029	25.000013	25.000002	25.000000	
25.000000	25.000000	25.000004	25.000019	25.000036	25.000118	25.000198	25.000546	25.000864	25.002024	25.003014	25.006187	25.008663	25.015694	25.020687	25.033361	25.041544	25.060106	25.070932	25.092777	25.104097	25.123930	25.132601	25.144464	25.147717	25.147718	25.144461	25.132601	25.123932	25.104097	25.092779	25.070930	25.060108	25.041540	25.033360	25.020683	25.015692	25.008663	25.006189	25.003016	25.002022	25.000862	25.000542	25.000198	25.000114	25.000034	25.000015	25.000004	25.000000	25.000000	
25.000000	25.000000	25.000000	25.000004	25.000023	25.000040	25.000124	25.000198	25.000521	25.000793	25.001785	25.002560	25.005032	25.006798	25.011789	25.015032	25.023212	25.028027	25.038849	25.044559	25.055880	25.061089	25.069759	25.072882	25.076138	25.076136	25.072880	25.069759	25.061089	25.055882	25.044559	25.038849	25.028023	25.023212	25.015030	25.011787	25.006796	25.005032	25.002562	25.001785	25.000793	25.000519	25.000200	25.000120	25.000038	25.000019	25.000004	25.000002	25.000000	25.000000	
25.000000	25.000000	25.000000	25.000000	25.000004	25.000023	25.000038	25.000118	25.000183	25.000458	25.000675	25.001446	25.002005	25.003765	25.004917	25.008154	25.010075	25.014883	25.017452	25.023159	25.025864	25.031075	25.033150	25.036274	25.037056	25.037056	25.036274	25.033150	25.031073	25.025864	25.023161	25.017452	25.014881	25.010071	25.008154	25.004915	25.003763	25.002003	25.001448	25.000675	25.000458	25.000183	25.000118	25.000038	25.000023	25.000004	25.000002	25.000000	25.000000	25.000000	
25.000000	25.000000	25.000000	25.000000	25.000002	25.000006	25.000023	25.000034	25.000103	25.000156	25.000370	25.000525	25.001080	25.001444	25.002590	25.003273	25.005190	25.006220	25.008787	25.010025	25.012726	25.013859	25.015938	25.016621	25.017403	25.017399	25.016621	25.015936	25.013859	25.012724	25.010023	25.008787	25.006222	25.005188	25.003273	25.002590	25.001442	25.001076	25.000526	25.000370	25.000156	25.000103	25.000038	25.000025	25.000006	25.000002	25.000000	25.000000	25.000000	25.000000	
25.000000	25.000000	25.000000	25.000000	25.000000	25.000004	25.000004	25.000019	25.000031	25.000084	25.000122	25.000275	25.000380	25.000738	25.000956	25.001635	25.002007	25.003035	25.003540	25.004770	25.005306	25.006435	25.006849	25.007528	25.007683	25.007685	25.007526	25.006847	25.006435	25.005306	25.004772	25.003536	25.003035	25.002007	25.001637	25.000956	25.000736	25.000378	25.000275	25.000122	25.000082	25.000031	25.000021	25.000008	25.000004	25.000000	25.000000	25.000000	25.000000	25.000000	
25.000000	25.000000	25.000000	25.000000	25.000000	25.000000	25.000004	25.000004	25.000015	25.000023	25.000061	25.000088	25.000187	25.000250	25.000462	25.000582	25.000946	25.001129	25.001625	25.001848	25.002377	25.002583	25.002989	25.003111	25.003265	25.003265	25.003113	25.002991	25.002583	25.002378	25.001848	25.001629	25.001129	25.000948	25.000580	25.000462	25.000246	25.000187	25.000084	25.000061	25.000025	25.000015	25.000004	25.000004	25.000000	25.000000	25.000000	25.000000	25.000000	25.000000	
25.000000	25.000000	25.000000	25.000000	25.000000	25.000000	25.000000	25.000000	25.000004	25.000011	25.000017	25.000042	25.000057	25.000114	25.000151	25.000263	25.000320	25.000496	25.000578	25.000790	25.000877	25.001076	25.001141	25.001261	25.001284	25.001286	25.001259	25.001143	25.001076	25.000875	25.000793	25.000576	25.000498	25.000320	25.000263	25.000147	25.000114	25.000055	25.000040	25.000015	25.000011	25.000004	25.000002	25.000000	25.000000	25.000000	25.000000	25.000000	25.000000	25.000000	
25.000000	25.000000	25.000000	25.000000	25.000000	25.000000	25.000000	25.000000	25.000000	25.000004	25.000008	25.000011	25.000023	25.000031	25.000059	25.000074	25.000122	25.000147	25.000216	25.000244	25.000317	25.000345	25.000402	25.000418	25.000439	25.000439	25.000416	25.000402	25.000345	25.000319	25.000244	25.000217	25.000147	25.000124	25.000072	25.000059	25.000031	25.000023	25.000008	25.000006	25.000002	25.000002	25.000000	25.000000	25.000000	25.000000	25.000000	25.000000	25.000000	25.000000	
