25.001846	25.003685	25.005508	25.007313	25.009090	25.010830	25.012533	25.014185	25.015785	25.017323	25.018799	25.020201	25.021526	25.022770	25.023930	25.024996	25.025969	25.026842	25.027615	25.028282	25.028839	25.029291	25.029631	25.029858	25.029972	25.029972	25.029858	25.029633	25.029293	25.028841	25.028282	25.027615	25.026842	25.025967	25.024998	25.023930	25.022772	25.021526	25.020199	25.018799	25.017324	25.015785	25.014187	25.012531	25.010830	25.009090	25.007313	25.005510	25.003685	25.001846	
25.003683	25.007355	25.010998	25.014601	25.018147	25.021622	25.025019	25.028316	25.031509	25.034584	25.037525	25.040325	25.042973	25.045458	25.047768	25.049900	25.051838	25.053583	25.055122	25.056454	25.057571	25.058472	25.059149	25.059603	25.059830	25.059830	25.059605	25.059151	25.058472	25.057573	25.056456	25.055122	25.053585	25.051840	25.049898	25.047768	25.045456	25.042973	25.040325	25.037525	25.034584	25.031511	25.028320	25.025017	25.021624	25.018145	25.014599	25.010998	25.007357	25.003685	
25.005508	25.010998	25.016447	25.021830	25.027134	25.032330	25.037405	25.042343	25.047115	25.051712	25.056110	25.060299	25.064255	25.067970	25.071426	25.074610	25.077511	25.080120	25.082424	25.084415	25.086086	25.087429	25.088444	25.089121	25.089460	25.089462	25.089123	25.088444	25.087433	25.086086	25.084415	25.082424	25.080120	25.077513	25.074612	25.071426	25.067966	25.064255	25.060295	25.056112	25.051712	25.047115	25.042343	25.037407	25.032331	25.027132	25.021832	25.016445	25.010998	25.005510	
25.007313	25.014601	25.021830	25.028980	25.036015	25.042915	25.049656	25.056204	25.062542	25.068642	25.074482	25.080038	25.085293	25.090221	25.094810	25.099039	25.102890	25.106354	25.109411	25.112053	25.114273	25.116058	25.117405	25.118301	25.118753	25.118755	25.118305	25.117405	25.116058	25.114277	25.112055	25.109413	25.106354	25.102892	25.099037	25.094810	25.090223	25.085293	25.080040	25.074482	25.068644	25.062544	25.056206	25.049656	25.042915	25.036013	25.028978	25.021828	25.014599	25.007313	
25.009090	25.018145	25.027134	25.036015	25.044762	25.053337	25.061712	25.069855	25.077732	25.085312	25.092571	25.099478	25.106007	25.112137	25.117836	25.123091	25.127880	25.132183	25.135984	25.139269	25.142025	25.144245	25.145918	25.147034	25.147594	25.147596	25.147036	25.145916	25.144249	25.142027	25.139271	25.135983	25.132183	25.127880	25.123093	25.117836	25.112135	25.106007	25.099480	25.092571	25.085314	25.077732	25.069855	25.061714	25.053339	25.044762	25.036015	25.027132	25.018143	25.009090	
25.010834	25.021624	25.032330	25.042915	25.053337	25.063559	25.073538	25.083241	25.092627	25.101662	25.110310	25.118538	25.126320	25.133621	25.140417	25.146677	25.152382	25.157513	25.162041	25.165956	25.169241	25.171886	25.173878	25.175209	25.175877	25.175877	25.175211	25.173878	25.171886	25.169243	25.165958	25.162041	25.157513	25.152384	25.146679	25.140415	25.133621	25.126320	25.118540	25.110310	25.101662	25.092628	25.083241	25.073542	25.063560	25.053341	25.042917	25.032330	25.021622	25.010830	
25.012535	25.025017	25.037409	25.049652	25.061714	25.073540	25.085087	25.096310	25.107170	25.117622	25.127628	25.137152	25.146152	25.154602	25.162464	25.169708	25.176311	25.182243	25.187485	25.192013	25.195816	25.198874	25.201180	25.202719	25.203493	25.203491	25.202721	25.201180	25.198875	25.195816	25.192013	25.187485	25.182241	25.176311	25.169708	25.162464	25.154602	25.146154	25.137154	25.127628	25.117622	25.107170	25.096313	25.085087	25.073540	25.061716	25.049656	25.037407	25.025017	25.012531	
25.014187	25.028316	25.042341	25.056206	25.069855	25.083241	25.096310	25.109015	25.121307	25.133137	25.144466	25.155243	25.165432	25.174995	25.183895	25.192097	25.199570	25.206284	25.212217	25.217344	25.221645	25.225107	25.227716	25.229462	25.230335	25.230335	25.229462	25.227716	25.225109	25.221645	25.217342	25.212214	25.206284	25.199566	25.192095	25.183895	25.174995	25.165434	25.155245	25.144466	25.133139	25.121307	25.109016	25.096313	25.083241	25.069857	25.056206	25.042343	25.028316	25.014187	
25.015785	25.031509	25.047115	25.062542	25.077732	25.092625	25.107168	25.121307	25.134983	25.148151	25.160751	25.172749	25.184086	25.194725	25.204628	25.213753	25.222069	25.229542	25.236143	25.241848	25.246635	25.250488	25.253387	25.255331	25.256306	25.256302	25.255333	25.253391	25.250488	25.246637	25.241848	25.236145	25.229540	25.222069	25.213753	25.204628	25.194725	25.184086	25.172749	25.160753	25.148151	25.134985	25.121307	25.107170	25.092627	25.077732	25.062542	25.047115	25.031511	25.015783	
25.017326	25.034584	25.051710	25.068642	25.085312	25.101658	25.117622	25.133137	25.148151	25.162598	25.176434	25.189592	25.202042	25.213715	25.224585	25.234600	25.243729	25.251926	25.259172	25.265434	25.270691	25.274918	25.278103	25.280233	25.281300	25.281300	25.280233	25.278103	25.274921	25.270689	25.265436	25.259172	25.251926	25.243725	25.234602	25.224586	25.213718	25.202042	25.189596	25.176434	25.162598	25.148149	25.133137	25.117622	25.101660	25.085312	25.068642	25.051712	25.034582	25.017326	
25.018799	25.037525	25.056110	25.074482	25.092567	25.110310	25.127626	25.144464	25.160749	25.176434	25.191437	25.205725	25.219225	25.231899	25.243690	25.254557	25.264458	25.273359	25.281219	25.288013	25.293716	25.298306	25.301760	25.304071	25.305229	25.305229	25.304073	25.301762	25.298304	25.293716	25.288013	25.281221	25.273357	25.264462	25.254559	25.243690	25.231899	25.219229	25.205725	25.191441	25.176430	25.160753	25.144463	25.127628	25.110310	25.092571	25.074482	25.056108	25.037525	25.018797	
25.020201	25.040325	25.060295	25.080036	25.099478	25.118534	25.137150	25.155239	25.172745	25.189590	25.205723	25.221071	25.235582	25.249199	25.261871	25.273548	25.284191	25.293751	25.302200	25.309504	25.315628	25.320560	25.324276	25.326759	25.328003	25.328003	25.326759	25.324276	25.320562	25.315630	25.309505	25.302200	25.293755	25.284191	25.273552	25.261871	25.249201	25.235584	25.221073	25.205723	25.189594	25.172745	25.155243	25.137150	25.118538	25.099478	25.080036	25.060295	25.040325	25.020203	
25.021526	25.042969	25.064251	25.085291	25.106003	25.126320	25.146149	25.165432	25.184082	25.202038	25.219223	25.235584	25.251043	25.265556	25.279060	25.291504	25.302841	25.313034	25.322037	25.329815	25.336346	25.341600	25.345558	25.348206	25.349531	25.349531	25.348206	25.345558	25.341602	25.336348	25.329817	25.322037	25.313034	25.302845	25.291504	25.279060	25.265556	25.251047	25.235582	25.219227	25.202036	25.184082	25.165432	25.146152	25.126318	25.106007	25.085293	25.064253	25.042973	25.021526	
25.022770	25.045456	25.067966	25.090219	25.112133	25.133617	25.154602	25.174992	25.194725	25.213713	25.231897	25.249195	25.265554	25.280903	25.295189	25.308352	25.320347	25.331123	25.340649	25.348879	25.355789	25.361343	25.365532	25.368332	25.369736	25.369736	25.368332	25.365532	25.361343	25.355789	25.348881	25.340649	25.331127	25.320349	25.308353	25.295189	25.280905	25.265554	25.249199	25.231895	25.213715	25.194721	25.174992	25.154600	25.133621	25.112133	25.090221	25.067966	25.045454	25.022772	
25.023926	25.047766	25.071423	25.094809	25.117832	25.140415	25.162457	25.183891	25.204622	25.224583	25.243687	25.261869	25.279055	25.295189	25.310198	25.324032	25.336632	25.347963	25.357969	25.366619	25.373877	25.379721	25.384117	25.387062	25.388535	25.388535	25.387060	25.384117	25.379719	25.373878	25.366621	25.357971	25.347965	25.336636	25.324032	25.310200	25.295189	25.279058	25.261869	25.243687	25.224583	25.204624	25.183891	25.162460	25.140413	25.117834	25.094809	25.071423	25.047764	25.023928	
25.024994	25.049894	25.074608	25.099033	25.123089	25.146675	25.169708	25.192089	25.213749	25.234594	25.254555	25.273544	25.291502	25.308350	25.324032	25.338478	25.351648	25.363480	25.373934	25.382969	25.390551	25.396652	25.401249	25.404320	25.405861	25.405861	25.404320	25.401249	25.396652	25.390553	25.382969	25.373936	25.363482	25.351648	25.338482	25.324032	25.308350	25.291500	25.273546	25.254555	25.234596	25.213749	25.192093	25.169704	25.146675	25.123089	25.099037	25.074606	25.049896	25.024996	
25.025967	25.051838	25.077507	25.102888	25.127876	25.152380	25.176306	25.199564	25.222061	25.243721	25.264454	25.284185	25.302837	25.320345	25.336632	25.351646	25.365324	25.377619	25.388477	25.397865	25.405741	25.412081	25.416855	25.420048	25.421646	25.421648	25.420048	25.416855	25.412083	25.405743	25.397865	25.388477	25.377619	25.365326	25.351646	25.336634	25.320347	25.302841	25.284187	25.264454	25.243721	25.222065	25.199564	25.176308	25.152380	25.127876	25.102886	25.077509	25.051834	25.025969	
25.026840	25.053579	25.080116	25.106350	25.132179	25.157505	25.182240	25.206276	25.229536	25.251921	25.273354	25.293747	25.313030	25.331123	25.347961	25.363478	25.377617	25.390324	25.401548	25.411249	25.419395	25.425945	25.430880	25.434181	25.435837	25.435833	25.434181	25.430882	25.425945	25.419395	25.411251	25.401550	25.390324	25.377617	25.363476	25.347961	25.331123	25.313030	25.293749	25.273355	25.251923	25.229534	25.206278	25.182238	25.157509	25.132179	25.106350	25.080116	25.053581	25.026840	
25.027615	25.055122	25.082420	25.109407	25.135979	25.162037	25.187477	25.212210	25.236134	25.259167	25.281212	25.302197	25.322029	25.340645	25.357967	25.373930	25.388477	25.401546	25.413095	25.423079	25.431454	25.438194	25.443272	25.446667	25.448368	25.448370	25.446667	25.443272	25.438194	25.431456	25.423080	25.413097	25.401550	25.388477	25.373934	25.357967	25.340645	25.322029	25.302197	25.281212	25.259167	25.236137	25.212210	25.187481	25.162037	25.135983	25.109406	25.082420	25.055120	25.027615	
25.028278	25.056454	25.084412	25.112049	25.139265	25.165951	25.192009	25.217335	25.241840	25.265427	25.288010	25.309496	25.329813	25.348877	25.366615	25.382965	25.397861	25.411249	25.423077	25.433300	25.441879	25.448780	25.453981	25.457460	25.459202	25.459202	25.457458	25.453983	25.448784	25.441879	25.433300	25.423079	25.411251	25.397861	25.382965	25.366615	25.348875	25.329811	25.309498	25.288010	25.265429	25.241842	25.217339	25.192009	25.165953	25.139263	25.112053	25.084412	25.056454	25.028278	
25.028839	25.057571	25.086084	25.114269	25.142021	25.169237	25.195808	25.221638	25.246628	25.270683	25.293711	25.315626	25.336342	25.355782	25.373875	25.390549	25.405735	25.419392	25.431454	25.441879	25.450626	25.457668	25.462967	25.466515	25.468294	25.468290	25.466518	25.462971	25.457666	25.450626	25.441879	25.431454	25.419392	25.405739	25.390549	25.373875	25.355783	25.336340	25.315624	25.293709	25.270683	25.246628	25.221642	25.195808	25.169235	25.142023	25.114269	25.086082	25.057570	25.028839	
25.029289	25.058472	25.087427	25.116055	25.144241	25.171879	25.198868	25.225101	25.250481	25.274912	25.298302	25.320553	25.341595	25.361340	25.379713	25.396646	25.412079	25.425941	25.438194	25.448780	25.457668	25.464815	25.470201	25.473803	25.475607	25.475609	25.473801	25.470200	25.464815	25.457668	25.448780	25.438192	25.425941	25.412077	25.396648	25.379715	25.361340	25.341595	25.320555	25.298300	25.274910	25.250481	25.225101	25.198868	25.171881	25.144241	25.116055	25.087429	25.058468	25.029289	
25.029633	25.059147	25.088442	25.117401	25.145912	25.173872	25.201172	25.227711	25.253384	25.278097	25.301754	25.324268	25.345554	25.365526	25.384113	25.401245	25.416849	25.430878	25.443270	25.453981	25.462967	25.470203	25.475647	25.479292	25.481117	25.481115	25.479294	25.475649	25.470201	25.462967	25.453981	25.443270	25.430878	25.416851	25.401241	25.384113	25.365524	25.345552	25.324270	25.301754	25.278095	25.253384	25.227709	25.201172	25.173872	25.145912	25.117397	25.088440	25.059147	25.029629	
25.029858	25.059601	25.089119	25.118298	25.147032	25.175201	25.202713	25.229454	25.255325	25.280226	25.304066	25.326752	25.348200	25.368328	25.387054	25.404316	25.420046	25.434177	25.446665	25.457457	25.466515	25.473803	25.479292	25.482962	25.484802	25.484802	25.482962	25.479294	25.473803	25.466518	25.457458	25.446667	25.434177	25.420044	25.404316	25.387054	25.368328	25.348202	25.326752	25.304066	25.280224	25.255323	25.229454	25.202713	25.175203	25.147030	25.118298	25.089115	25.059599	25.029858	
25.029972	25.059830	25.089458	25.118750	25.147591	25.175873	25.203485	25.230328	25.256294	25.281292	25.305223	25.327995	25.349525	25.369728	25.388531	25.405857	25.421642	25.435833	25.448364	25.459198	25.468290	25.475607	25.481117	25.484802	25.486647	25.486647	25.484802	25.481117	25.475609	25.468292	25.459200	25.448366	25.435833	25.421642	25.405857	25.388531	25.369728	25.349527	25.327995	25.305222	25.281292	25.256296	25.230328	25.203484	25.175869	25.147589	25.118748	25.089455	25.059826	25.029972	
25.029972	25.059830	25.089458	25.118750	25.147591	25.175873	25.203485	25.230328	25.256294	25.281292	25.305223	25.327995	25.349525	25.369728	25.388531	25.405857	25.421642	25.435833	25.448364	25.459198	25.468290	25.475607	25.481117	25.484802	25.486647	25.486647	25.484802	25.481117	25.475609	25.468292	25.459200	25.448366	25.435833	25.421642	25.405857	25.388531	25.369728	25.349527	25.327995	25.305222	25.281292	25.256296	25.230328	25.203484	25.175869	25.147589	25.118748	25.089455	25.059826	25.029972	
25.029858	25.059601	25.089119	25.118298	25.147032	25.175201	25.202713	25.229454	25.255325	25.280226	25.304066	25.326752	25.348200	25.368328	25.387054	25.404316	25.420046	25.434177	25.446665	25.457457	25.466515	25.473803	25.479292	25.482962	25.484802	25.484802	25.482962	25.479294	25.473803	25.466518	25.457458	25.446667	25.434177	25.420044	25.404316	25.387054	25.368328	25.348202	25.326752	25.304066	25.280224	25.255323	25.229454	25.202713	25.175203	25.147030	25.118298	25.089115	25.059599	25.029858	
25.029633	25.059147	25.088442	25.117401	25.145912	25.173872	25.201172	25.227711	25.253384	25.278097	25.301754	25.324268	25.345554	25.365526	25.384113	25.401245	25.416849	25.430878	25.443270	25.453981	25.462967	25.470203	25.475647	25.479292	25.481117	25.481115	25.479294	25.475649	25.470201	25.462967	25.453981	25.443270	25.430878	25.416851	25.401241	25.384113	25.365524	25.345552	25.324270	25.301754	25.278095	25.253384	25.227709	25.201172	25.173872	25.145912	25.117397	25.088440	25.059147	25.029629	
25.029289	25.058472	25.087427	25.116055	25.144241	25.171879	25.198868	25.225101	25.250481	25.274912	25.298302	25.320553	25.341595	25.361340	25.379713	25.396646	25.412079	25.425941	25.438194	25.448780	25.457668	25.464815	25.470201	25.473803	25.475607	25.475609	25.473801	25.470200	25.464815	25.457668	25.448780	25.438192	25.425941	25.412077	25.396648	25.379715	25.361340	25.341595	25.320555	25.298300	25.274910	25.250481	25.225101	25.198868	25.171881	25.144241	25.116055	25.087429	25.058468	25.029289	
25.028839	25.057571	25.086084	25.114269	25.142021	25.169237	25.195808	25.221638	25.246628	25.270683	25.293711	25.315626	25.336342	25.355782	25.373875	25.390549	25.405735	25.419392	25.431454	25.441879	25.450626	25.457668	25.462967	25.466515	25.468294	25.468290	25.466518	25.462971	25.457666	25.450626	25.441879	25.431454	25.419392	25.405739	25.390549	25.373875	25.355783	25.336340	25.315624	25.293709	25.270683	25.246628	25.221642	25.195808	25.169235	25.142023	25.114269	25.086082	25.057570	25.028839	
25.028278	25.056454	25.084412	25.112049	25.139265	25.165951	25.192009	25.217335	25.241840	25.265427	25.288010	25.309496	25.329813	25.348877	25.366615	25.382965	25.397861	25.411249	25.423077	25.433300	25.441879	25.448780	25.453981	25.457460	25.459202	25.459202	25.457458	25.453983	25.448784	25.441879	25.433300	25.423079	25.411251	25.397861	25.382965	25.366615	25.348875	25.329811	25.309498	25.288010	25.265429	25.241842	25.217339	25.192009	25.165953	25.139263	25.112053	25.084412	25.056454	25.028278	
25.027615	25.055122	25.082420	25.109407	25.135979	25.162037	25.187477	25.212210	25.236134	25.259167	25.281212	25.302197	25.322029	25.340645	25.357967	25.373930	25.388477	25.401546	25.413095	25.423079	25.431454	25.438194	25.443272	25.446667	25.448368	25.448370	25.446667	25.443272	25.438194	25.431456	25.423080	25.413097	25.401550	25.388477	25.373934	25.357967	25.340645	25.322029	25.302197	25.281212	25.259167	25.236137	25.212210	25.187481	25.162037	25.135983	25.109406	25.082420	25.055120	25.027615	
25.026840	25.053579	25.080116	25.106350	25.132179	25.157505	25.182240	25.206276	25.229536	25.251921	25.273354	25.293747	25.313030	25.331123	25.347961	25.363478	25.377617	25.390324	25.401548	25.411249	25.419395	25.425945	25.430880	25.434181	25.435837	25.435833	25.434181	25.430882	25.425945	25.419395	25.411251	25.401550	25.390324	25.377617	25.363476	25.347961	25.331123	25.313030	25.293749	25.273355	25.251923	25.229534	25.206278	25.182238	25.157509	25.132179	25.106350	25.080116	25.053581	25.026840	
25.025967	25.051838	25.077507	25.102888	25.127876	25.152380	25.176306	25.199564	25.222061	25.243721	25.264454	25.284185	25.302837	25.320345	25.336632	25.351646	25.365324	25.377619	25.388477	25.397865	25.405741	25.412081	25.416855	25.420048	25.421646	25.421648	25.420048	25.416855	25.412083	25.405743	25.397865	25.388477	25.377619	25.365326	25.351646	25.336634	25.320347	25.302841	25.284187	25.264454	25.243721	25.222065	25.199564	25.176308	25.152380	25.127876	25.102886	25.077509	25.051834	25.025969	
25.024994	25.049894	25.074608	25.099033	25.123089	25.146675	25.169708	25.192089	25.213749	25.234594	25.254555	25.273544	25.291502	25.308350	25.324032	25.338478	25.351648	25.363480	25.373934	25.382969	25.390551	25.396652	25.401249	25.404320	25.405861	25.405861	25.404320	25.401249	25.396652	25.390553	25.382969	25.373936	25.363482	25.351648	25.338482	25.324032	25.308350	25.291500	25.273546	25.254555	25.234596	25.213749	25.192093	25.169704	25.146675	25.123089	25.099037	25.074606	25.049896	25.024996	
25.023926	25.047766	25.071423	25.094809	25.117832	25.140415	25.162457	25.183891	25.204622	25.224583	25.243687	25.261869	25.279055	25.295189	25.310198	25.324032	25.336632	25.347963	25.357969	25.366619	25.373877	25.379721	25.384117	25.387062	25.388535	25.388535	25.387060	25.384117	25.379719	25.373878	25.366621	25.357971	25.347965	25.336636	25.324032	25.310200	25.295189	25.279058	25.261869	25.243687	25.224583	25.204624	25.183891	25.162460	25.140413	25.117834	25.094809	25.071423	25.047764	25.023928	
25.022770	25.045456	25.067966	25.090219	25.112133	25.133617	25.154602	25.174992	25.194725	25.213713	25.231897	25.249195	25.265554	25.280903	25.295189	25.308352	25.320347	25.331123	25.340649	25.348879	25.355789	25.361343	25.365532	25.368332	25.369736	25.369736	25.368332	25.365532	25.361343	25.355789	25.348881	25.340649	25.331127	25.320349	25.308353	25.295189	25.280905	25.265554	25.249199	25.231895	25.213715	25.194721	25.174992	25.154600	25.133621	25.112133	25.090221	25.067966	25.045454	25.022772	
25.021526	25.042969	25.064251	25.085291	25.106003	25.126320	25.146149	25.165432	25.184082	25.202038	25.219223	25.235584	25.251043	25.265556	25.279060	25.291504	25.302841	25.313034	25.322037	25.329815	25.336346	25.341600	25.345558	25.348206	25.349531	25.349531	25.348206	25.345558	25.341602	25.336348	25.329817	25.322037	25.313034	25.302845	25.291504	25.279060	25.265556	25.251047	25.235582	25.219227	25.202036	25.184082	25.165432	25.146152	25.126318	25.106007	25.085293	25.064253	25.042973	25.021526	
25.020201	25.040325	25.060295	25.080036	25.099478	25.118534	25.137150	25.155239	25.172745	25.189590	25.205723	25.221071	25.235582	25.249199	25.261871	25.273548	25.284191	25.293751	25.302200	25.309504	25.315628	25.320560	25.324276	25.326759	25.328003	25.328003	25.326759	25.324276	25.320562	25.315630	25.309505	25.302200	25.293755	25.284191	25.273552	25.261871	25.249201	25.235584	25.221073	25.205723	25.189594	25.172745	25.155243	25.137150	25.118538	25.099478	25.080036	25.060295	25.040325	25.020203	
25.018799	25.037525	25.056110	25.074482	25.092567	25.110310	25.127626	25.144464	25.160749	25.176434	25.191437	25.205725	25.219225	25.231899	25.243690	25.254557	25.264458	25.273359	25.281219	25.288013	25.293716	25.298306	25.301760	25.304071	25.305229	25.305229	25.304073	25.301762	25.298304	25.293716	25.288013	25.281221	25.273357	25.264462	25.254559	25.243690	25.231899	25.219229	25.205725	25.191441	25.176430	25.160753	25.144463	25.127628	25.110310	25.092571	25.074482	25.056108	25.037525	25.018797	
25.017326	25.034584	25.051710	25.068642	25.085312	25.101658	25.117622	25.133137	25.148151	25.162598	25.176434	25.189592	25.202042	25.213715	25.224585	25.234600	25.243729	25.251926	25.259172	25.265434	25.270691	25.274918	25.278103	25.280233	25.281300	25.281300	25.280233	25.278103	25.274921	25.270689	25.265436	25.259172	25.251926	25.243725	25.234602	25.224586	25.213718	25.202042	25.189596	25.176434	25.162598	25.148149	25.133137	25.117622	25.101660	25.085312	25.068642	25.051712	25.034582	25.017326	
25.015785	25.031509	25.047115	25.062542	25.077732	25.092625	25.107168	25.121307	25.134983	25.148151	25.160751	25.172749	25.184086	25.194725	25.204628	25.213753	25.222069	25.229542	25.236143	25.241848	25.246635	25.250488	25.253387	25.255331	25.256306	25.256302	25.255333	25.253391	25.250488	25.246637	25.241848	25.236145	25.229540	25.222069	25.213753	25.204628	25.194725	25.184086	25.172749	25.160753	25.148151	25.134985	25.121307	25.107170	25.092627	25.077732	25.062542	25.047115	25.031511	25.015783	
25.014187	25.028316	25.042341	25.056206	25.069855	25.083241	25.096310	25.109015	25.121307	25.133137	25.144466	25.155243	25.165432	25.174995	25.183895	25.192097	25.199570	25.206284	25.212217	25.217344	25.221645	25.225107	25.227716	25.229462	25.230335	25.230335	25.229462	25.227716	25.225109	25.221645	25.217342	25.212214	25.206284	25.199566	25.192095	25.183895	25.174995	25.165434	25.155245	25.144466	25.133139	25.121307	25.109016	25.096313	25.083241	25.069857	25.056206	25.042343	25.028316	25.014187	
25.012535	25.025017	25.037409	25.049652	25.061714	25.073540	25.085087	25.096310	25.107170	25.117622	25.127628	25.137152	25.146152	25.154602	25.162464	25.169708	25.176311	25.182243	25.187485	25.192013	25.195816	25.198874	25.201180	25.202719	25.203493	25.203491	25.202721	25.201180	25.198875	25.195816	25.192013	25.187485	25.182241	25.176311	25.169708	25.162464	25.154602	25.146154	25.137154	25.127628	25.117622	25.107170	25.096313	25.085087	25.073540	25.061716	25.049656	25.037407	25.025017	25.012531	
25.010834	25.021624	25.032330	25.042915	25.053337	25.063559	25.073538	25.083241	25.092627	25.101662	25.110310	25.118538	25.126320	25.133621	25.140417	25.146677	25.152382	25.157513	25.162041	25.165956	25.169241	25.171886	25.173878	25.175209	25.175877	25.175877	25.175211	25.173878	25.171886	25.169243	25.165958	25.162041	25.157513	25.152384	25.146679	25.140415	25.133621	25.126320	25.118540	25.110310	25.101662	25.092628	25.083241	25.073542	25.063560	25.053341	25.042917	25.032330	25.021622	25.010830	
25.009090	25.018145	25.027134	25.036015	25.044762	25.053337	25.061712	25.069855	25.077732	25.085312	25.092571	25.099478	25.106007	25.112137	25.117836	25.123091	25.127880	25.132183	25.135984	25.139269	25.142025	25.144245	25.145918	25.147034	25.147594	25.147596	25.147036	25.145916	25.144249	25.142027	25.139271	25.135983	25.132183	25.127880	25.123093	25.117836	25.112135	25.106007	25.099480	25.092571	25.085314	25.077732	25.069855	25.061714	25.053339	25.044762	25.036015	25.027132	25.018143	25.009090	
25.007313	25.014601	25.021830	25.028980	25.036015	25.042915	25.049656	25.056204	25.062542	25.068642	25.074482	25.080038	25.085293	25.090221	25.094810	25.099039	25.102890	25.106354	25.109411	25.112053	25.114273	25.116058	25.117405	25.118301	25.118753	25.118755	25.118305	25.117405	25.116058	25.114277	25.112055	25.109413	25.106354	25.102892	25.099037	25.094810	25.090223	25.085293	25.080040	25.074482	25.068644	25.062544	25.056206	25.049656	25.042915	25.036013	25.028978	25.021828	25.014599	25.007313	
25.005508	25.010998	25.016447	25.021830	25.027134	25.032330	25.037405	25.042343	25.047115	25.051712	25.056110	25.060299	25.064255	25.067970	25.071426	25.074610	25.077511	25.080120	25.082424	25.084415	25.086086	25.087429	25.088444	25.089121	25.089460	25.089462	25.089123	25.088444	25.087433	25.086086	25.084415	25.082424	25.080120	25.077513	25.074612	25.071426	25.067966	25.064255	25.060295	25.056112	25.051712	25.047115	25.042343	25.037407	25.032331	25.027132	25.021832	25.016445	25.010998	25.005510	
25.003683	25.007355	25.010998	25.014601	25.018147	25.021622	25.025019	25.028316	25.031509	25.034584	25.037525	25.040325	25.042973	25.045458	25.047768	25.049900	25.051838	25.053583	25.055122	25.056454	25.057571	25.058472	25.059149	25.059603	25.059830	25.059830	25.059605	25.059151	25.058472	25.057573	25.056456	25.055122	25.053585	25.051840	25.049898	25.047768	25.045456	25.042973	25.040325	25.037525	25.034584	25.031511	25.028320	25.025017	25.021624	25.018145	25.014599	25.010998	25.007357	25.003685	
25.001846	25.003685	25.005508	25.007313	25.009090	25.010830	25.012533	25.014185	25.015785	25.017323	25.018799	25.020201	25.021526	25.022770	25.023930	25.024996	25.025969	25.026842	25.027615	25.028282	25.028839	25.029291	25.029631	25.029858	25.029972	25.029972	25.029858	25.029633	25.029293	25.028841	25.028282	25.027615	25.026842	25.025967	25.024998	25.023930	25.022772	25.021526	25.020199	25.018799	25.017324	25.015785	25.014187	25.012531	25.010830	25.009090	25.007313	25.005510	25.003685	25.001846	
