25.009769	25.019489	25.029198	25.038763	25.048298	25.057596	25.066839	25.075756	25.084581	25.092987	25.101255	25.109020	25.116589	25.123579	25.130302	25.136383	25.142117	25.147160	25.151775	25.155666	25.159054	25.161703	25.163769	25.165110	25.165806	25.165806	25.165110	25.163769	25.161701	25.159050	25.155666	25.151775	25.147160	25.142117	25.136381	25.130302	25.123579	25.116589	25.109020	25.101255	25.092987	25.084583	25.075756	25.066841	25.057596	25.048298	25.038761	25.029198	25.019489	25.009768	
25.019487	25.038967	25.058254	25.077499	25.096365	25.115149	25.133369	25.151447	25.168776	25.185881	25.202061	25.217915	25.232681	25.246990	25.260075	25.272549	25.283688	25.294052	25.303005	25.311016	25.317574	25.323032	25.327034	25.329800	25.331142	25.331142	25.329798	25.327032	25.323032	25.317572	25.311016	25.303005	25.294054	25.283688	25.272549	25.260077	25.246990	25.232681	25.217913	25.202063	25.185879	25.168774	25.151447	25.133369	25.115150	25.096367	25.077499	25.058252	25.038967	25.019487	
25.029198	25.058250	25.087269	25.115858	25.144363	25.172155	25.199785	25.226433	25.252810	25.277935	25.302647	25.325859	25.348478	25.369377	25.389465	25.407644	25.424778	25.439856	25.453646	25.465286	25.475397	25.483322	25.489498	25.493509	25.495586	25.495584	25.493511	25.489494	25.483322	25.475395	25.465286	25.453646	25.439854	25.424778	25.407640	25.389463	25.369373	25.348478	25.325859	25.302647	25.277935	25.252808	25.226433	25.199787	25.172157	25.144361	25.115860	25.087269	25.058250	25.029198	
25.038761	25.077499	25.115862	25.154137	25.191664	25.229021	25.265263	25.301208	25.335680	25.369694	25.401886	25.433407	25.462788	25.491234	25.517269	25.542068	25.564234	25.584839	25.602650	25.618580	25.631622	25.642479	25.650436	25.655937	25.658611	25.658611	25.655935	25.650434	25.642473	25.631618	25.618576	25.602646	25.584839	25.564232	25.542068	25.517269	25.491234	25.462786	25.433407	25.401886	25.369694	25.335682	25.301208	25.265261	25.229023	25.191662	25.154137	25.115858	25.077497	25.038761	
25.048300	25.096365	25.144363	25.191662	25.238808	25.284790	25.330490	25.374577	25.418198	25.459774	25.500643	25.539053	25.576460	25.611038	25.644258	25.674339	25.702675	25.727629	25.750431	25.769695	25.786413	25.799526	25.809738	25.816380	25.819811	25.819813	25.816376	25.809734	25.799526	25.786411	25.769691	25.750429	25.727625	25.702673	25.674337	25.644257	25.611036	25.576458	25.539055	25.500641	25.459774	25.418198	25.374577	25.330490	25.284790	25.238806	25.191660	25.144363	25.096363	25.048298	
25.057596	25.115154	25.172155	25.229023	25.284790	25.340290	25.394146	25.447548	25.498783	25.549305	25.597153	25.643972	25.687647	25.729897	25.768599	25.805429	25.838377	25.868980	25.895458	25.919113	25.938505	25.954624	25.966454	25.974625	25.978601	25.978600	25.974621	25.966454	25.954622	25.938501	25.919109	25.895454	25.868980	25.838375	25.805428	25.768597	25.729895	25.687645	25.643969	25.597157	25.549303	25.498783	25.447548	25.394148	25.340286	25.284790	25.229023	25.172155	25.115150	25.057596	
25.066845	25.133369	25.199787	25.265259	25.330490	25.394146	25.457375	25.518414	25.578758	25.636320	25.692856	25.746040	25.797779	25.845663	25.891611	25.933268	25.972456	26.007013	26.038548	26.065228	26.088348	26.106512	26.120632	26.129829	26.134579	26.134579	26.129827	26.120630	26.106512	26.088346	26.065228	26.038548	26.007011	25.972454	25.933266	25.891607	25.845661	25.797775	25.746037	25.692852	25.636320	25.578758	25.518410	25.457373	25.394146	25.330490	25.265259	25.199785	25.133368	25.066841	
25.075756	25.151449	25.226433	25.301212	25.374577	25.447552	25.518410	25.588617	25.656034	25.722450	25.785419	25.846956	25.904438	25.959965	26.010904	26.059309	26.102676	26.142895	26.177748	26.208834	26.234358	26.255543	26.271116	26.281853	26.287088	26.287086	26.281849	26.271116	26.255539	26.234358	26.208832	26.177746	26.142895	26.102673	26.059307	26.010902	25.959965	25.904434	25.846952	25.785416	25.722450	25.656033	25.588619	25.518410	25.447548	25.374577	25.301208	25.226433	25.151445	25.075756	
25.084581	25.168776	25.252811	25.335680	25.418201	25.498783	25.578756	25.656034	25.732361	25.805243	25.876740	25.944086	26.009508	26.070150	26.128242	26.181004	26.230551	26.274323	26.314192	26.347982	26.377213	26.400219	26.418068	26.429722	26.435722	26.435722	26.429720	26.418068	26.400217	26.377211	26.347980	26.314190	26.274319	26.230551	26.181004	26.128244	26.070147	26.009508	25.944084	25.876736	25.805243	25.732359	25.656031	25.578756	25.498779	25.418200	25.335678	25.252811	25.168774	25.084581	
25.092987	25.185883	25.277935	25.369694	25.459774	25.549307	25.636322	25.722448	25.805241	25.886711	25.964052	26.039524	26.110132	26.178232	26.240810	26.300167	26.353451	26.402765	26.445587	26.483702	26.515064	26.541035	26.560177	26.573334	26.579769	26.579769	26.573336	26.560173	26.541035	26.515060	26.483702	26.445583	26.402765	26.353447	26.300167	26.240808	26.178234	26.110132	26.039524	25.964050	25.886709	25.805241	25.722448	25.636316	25.549305	25.459772	25.369694	25.277931	25.185881	25.092987	
25.101257	25.202063	25.302649	25.401886	25.500641	25.597155	25.692852	25.785419	25.876736	25.964050	26.049578	26.130272	26.208529	26.281189	26.350674	26.413902	26.473156	26.525612	26.573294	26.613792	26.648746	26.676319	26.697666	26.711630	26.718809	26.718809	26.711632	26.697666	26.676319	26.648746	26.613791	26.573292	26.525612	26.473156	26.413902	26.350677	26.281189	26.208529	26.130272	26.049578	25.964050	25.876736	25.785416	25.692852	25.597153	25.500641	25.401882	25.302647	25.202061	25.101255	
25.109022	25.217915	25.325859	25.433407	25.539057	25.643969	25.746042	25.846954	25.944086	26.039524	26.130272	26.218678	26.301533	26.381296	26.454735	26.524252	26.586784	26.644537	26.694798	26.739431	26.776241	26.806656	26.829123	26.844530	26.852083	26.852083	26.844530	26.829121	26.806656	26.776241	26.739431	26.694794	26.644537	26.586786	26.524254	26.454735	26.381298	26.301537	26.218678	26.130274	26.039524	25.944084	25.846954	25.746037	25.643970	25.539053	25.433405	25.325857	25.217915	25.109018	
25.116590	25.232685	25.348480	25.462788	25.576456	25.687647	25.797777	25.904438	26.009508	26.110134	26.208529	26.301537	26.391556	26.475313	26.555237	26.628124	26.696274	26.756750	26.811584	26.858276	26.898476	26.930267	26.954813	26.970917	26.979170	26.979172	26.970915	26.954815	26.930267	26.898478	26.858276	26.811584	26.756748	26.696276	26.628124	26.555241	26.475311	26.391558	26.301533	26.208529	26.110130	26.009510	25.904434	25.797777	25.687645	25.576458	25.462786	25.348478	25.232681	25.116589	
25.123579	25.246990	25.369375	25.491234	25.611038	25.729895	25.845665	25.959965	26.070152	26.178234	26.281193	26.381296	26.475315	26.565620	26.648960	26.727659	26.798630	26.864006	26.921047	26.971573	27.013355	27.047779	27.073280	27.090721	27.099295	27.099293	27.090721	27.073277	27.047781	27.013355	26.971573	26.921049	26.864006	26.798630	26.727661	26.648960	26.565624	26.475311	26.381298	26.281191	26.178234	26.070147	25.959965	25.845659	25.729893	25.611036	25.491234	25.369373	25.246990	25.123579	
25.130302	25.260078	25.389465	25.517273	25.644257	25.768600	25.891607	26.010906	26.128242	26.240812	26.350676	26.454739	26.555237	26.648962	26.738178	26.819746	26.895815	26.963497	27.024698	27.076958	27.121820	27.157410	27.184799	27.202824	27.212036	27.212036	27.202824	27.184803	27.157408	27.121822	27.076958	27.024700	26.963497	26.895817	26.819744	26.738180	26.648960	26.555241	26.454735	26.350679	26.240807	26.128246	26.010902	25.891609	25.768595	25.644257	25.517267	25.389465	25.260075	25.130302	
25.136383	25.272551	25.407644	25.542068	25.674343	25.805428	25.933268	26.059307	26.181007	26.300167	26.413906	26.524252	26.628128	26.727659	26.819748	26.906479	26.984905	27.056946	27.119987	27.175655	27.221838	27.259764	27.287952	27.307165	27.316643	27.316643	27.307167	27.287951	27.259769	27.221836	27.175659	27.119984	27.056948	26.984903	26.906479	26.819744	26.727661	26.628122	26.524254	26.413900	26.300171	26.181000	26.059309	25.933266	25.805431	25.674337	25.542070	25.407640	25.272552	25.136381	
25.142117	25.283689	25.424778	25.564236	25.702673	25.838379	25.972454	26.102680	26.230549	26.353453	26.473156	26.586790	26.696274	26.798634	26.895813	26.984907	27.067755	27.141689	27.208338	27.265434	27.314285	27.353165	27.382992	27.402687	27.412716	27.412716	27.402683	27.382996	27.353163	27.314289	27.265430	27.208344	27.141685	27.067759	26.984901	26.895815	26.798630	26.696274	26.586784	26.473158	26.353447	26.230549	26.102676	25.972454	25.838375	25.702675	25.564230	25.424778	25.283688	25.142117	
25.147160	25.294052	25.439857	25.584839	25.727631	25.868979	26.007015	26.142895	26.274323	26.402763	26.525616	26.644537	26.756752	26.864004	26.963501	27.056944	27.141689	27.219299	27.287428	27.347393	27.397305	27.438156	27.468620	27.489317	27.499561	27.499559	27.489319	27.468618	27.438162	27.397301	27.347397	27.287422	27.219303	27.141687	27.056946	26.963497	26.864004	26.756748	26.644537	26.525612	26.402765	26.274319	26.142895	26.007011	25.868980	25.727623	25.584839	25.439854	25.294056	25.147160	
25.151775	25.303005	25.453648	25.602652	25.750431	25.895460	26.038548	26.177750	26.314192	26.445587	26.573292	26.694799	26.811583	26.921053	27.024696	27.119987	27.208340	27.287426	27.358496	27.419575	27.471661	27.513256	27.545059	27.566128	27.576820	27.576824	27.566124	27.545061	27.513256	27.471664	27.419571	27.358500	27.287424	27.208344	27.119984	27.024700	26.921051	26.811584	26.694798	26.573294	26.445587	26.314190	26.177748	26.038548	25.895454	25.750431	25.602646	25.453648	25.303001	25.151775	
25.155668	25.311018	25.465288	25.618578	25.769695	25.919113	26.065228	26.208834	26.347984	26.483702	26.613796	26.739429	26.858280	26.971569	27.076962	27.175655	27.265434	27.347395	27.419575	27.482899	27.535780	27.578918	27.611197	27.633051	27.643906	27.643902	27.633053	27.611197	27.578922	27.535778	27.482903	27.419571	27.347397	27.265432	27.175661	27.076962	26.971573	26.858278	26.739431	26.613792	26.483702	26.347982	26.208832	26.065228	25.919111	25.769691	25.618578	25.465282	25.311020	25.155666	
25.159052	25.317574	25.475397	25.631622	25.786411	25.938505	26.088348	26.234362	26.377213	26.515066	26.648746	26.776245	26.898474	27.013359	27.121820	27.221838	27.314285	27.397305	27.471663	27.535780	27.590275	27.633942	27.667213	27.689333	27.700516	27.700521	27.689331	27.667213	27.633942	27.590279	27.535778	27.471664	27.397305	27.314289	27.221840	27.121826	27.013355	26.898476	26.776245	26.648746	26.515062	26.377213	26.234358	26.088346	25.938503	25.786411	25.631618	25.475399	25.317570	25.159052	
25.161701	25.323030	25.483322	25.642475	25.799528	25.954624	26.106514	26.255543	26.400223	26.541037	26.676325	26.806656	26.930271	27.047779	27.157410	27.259766	27.353165	27.438156	27.513256	27.578917	27.633942	27.678669	27.712257	27.734917	27.746210	27.746210	27.734917	27.712257	27.678673	27.633940	27.578922	27.513256	27.438160	27.353167	27.259769	27.157410	27.047781	26.930271	26.806656	26.676323	26.541035	26.400217	26.255541	26.106512	25.954620	25.799526	25.642475	25.483320	25.323032	25.161701	
25.163769	25.327034	25.489496	25.650434	25.809738	25.966457	26.120634	26.271118	26.418070	26.560177	26.697666	26.829124	26.954815	27.073282	27.184801	27.287952	27.382994	27.468620	27.545057	27.611198	27.667213	27.712257	27.746456	27.769274	27.780769	27.780773	27.769272	27.746456	27.712257	27.667213	27.611197	27.545063	27.468620	27.382996	27.287952	27.184805	27.073280	26.954815	26.829121	26.697666	26.560173	26.418070	26.271118	26.120632	25.966454	25.809736	25.650433	25.489494	25.327030	25.163767	
25.165112	25.329800	25.493509	25.655935	25.816380	25.974623	26.129829	26.281853	26.429722	26.573336	26.711630	26.844532	26.970917	27.090721	27.202824	27.307167	27.402683	27.489319	27.566128	27.633049	27.689333	27.734917	27.769272	27.792364	27.803917	27.803917	27.792368	27.769272	27.734919	27.689327	27.633053	27.566128	27.489319	27.402687	27.307169	27.202827	27.090721	26.970915	26.844530	26.711632	26.573338	26.429722	26.281853	26.129833	25.974625	25.816380	25.655933	25.493507	25.329796	25.165110	
25.165806	25.331142	25.495586	25.658611	25.819813	25.978603	26.134581	26.287090	26.435724	26.579771	26.718809	26.852083	26.979170	27.099293	27.212036	27.316643	27.412716	27.499561	27.576820	27.643906	27.700520	27.746212	27.780771	27.803915	27.815538	27.815540	27.803917	27.780775	27.746208	27.700520	27.643902	27.576822	27.499561	27.412720	27.316645	27.212040	27.099297	26.979170	26.852083	26.718809	26.579769	26.435724	26.287088	26.134579	25.978603	25.819813	25.658611	25.495586	25.331142	25.165804	
25.165806	25.331142	25.495586	25.658611	25.819813	25.978603	26.134581	26.287090	26.435724	26.579771	26.718809	26.852083	26.979170	27.099293	27.212036	27.316643	27.412716	27.499561	27.576820	27.643906	27.700520	27.746212	27.780771	27.803915	27.815538	27.815540	27.803917	27.780775	27.746208	27.700520	27.643902	27.576822	27.499561	27.412720	27.316645	27.212040	27.099297	26.979170	26.852083	26.718809	26.579769	26.435724	26.287088	26.134579	25.978603	25.819813	25.658611	25.495586	25.331142	25.165804	
25.165112	25.329800	25.493509	25.655935	25.816380	25.974623	26.129829	26.281853	26.429722	26.573336	26.711630	26.844532	26.970917	27.090721	27.202824	27.307167	27.402683	27.489319	27.566128	27.633049	27.689333	27.734917	27.769272	27.792364	27.803917	27.803917	27.792368	27.769272	27.734919	27.689327	27.633053	27.566128	27.489319	27.402687	27.307169	27.202827	27.090721	26.970915	26.844530	26.711632	26.573338	26.429722	26.281853	26.129833	25.974625	25.816380	25.655933	25.493507	25.329796	25.165110	
25.163769	25.327034	25.489496	25.650434	25.809738	25.966457	26.120634	26.271118	26.418070	26.560177	26.697666	26.829124	26.954815	27.073282	27.184801	27.287952	27.382994	27.468620	27.545057	27.611198	27.667213	27.712257	27.746456	27.769274	27.780769	27.780773	27.769272	27.746456	27.712257	27.667213	27.611197	27.545063	27.468620	27.382996	27.287952	27.184805	27.073280	26.954815	26.829121	26.697666	26.560173	26.418070	26.271118	26.120632	25.966454	25.809736	25.650433	25.489494	25.327030	25.163767	
25.161701	25.323030	25.483322	25.642475	25.799528	25.954624	26.106514	26.255543	26.400223	26.541037	26.676325	26.806656	26.930271	27.047779	27.157410	27.259766	27.353165	27.438156	27.513256	27.578917	27.633942	27.678669	27.712257	27.734917	27.746210	27.746210	27.734917	27.712257	27.678673	27.633940	27.578922	27.513256	27.438160	27.353167	27.259769	27.157410	27.047781	26.930271	26.806656	26.676323	26.541035	26.400217	26.255541	26.106512	25.954620	25.799526	25.642475	25.483320	25.323032	25.161701	
25.159052	25.317574	25.475397	25.631622	25.786411	25.938505	26.088348	26.234362	26.377213	26.515066	26.648746	26.776245	26.898474	27.013359	27.121820	27.221838	27.314285	27.397305	27.471663	27.535780	27.590275	27.633942	27.667213	27.689333	27.700516	27.700521	27.689331	27.667213	27.633942	27.590279	27.535778	27.471664	27.397305	27.314289	27.221840	27.121826	27.013355	26.898476	26.776245	26.648746	26.515062	26.377213	26.234358	26.088346	25.938503	25.786411	25.631618	25.475399	25.317570	25.159052	
25.155668	25.311018	25.465288	25.618578	25.769695	25.919113	26.065228	26.208834	26.347984	26.483702	26.613796	26.739429	26.858280	26.971569	27.076962	27.175655	27.265434	27.347395	27.419575	27.482899	27.535780	27.578918	27.611197	27.633051	27.643906	27.643902	27.633053	27.611197	27.578922	27.535778	27.482903	27.419571	27.347397	27.265432	27.175661	27.076962	26.971573	26.858278	26.739431	26.613792	26.483702	26.347982	26.208832	26.065228	25.919111	25.769691	25.618578	25.465282	25.311020	25.155666	
25.151775	25.303005	25.453648	25.602652	25.750431	25.895460	26.038548	26.177750	26.314192	26.445587	26.573292	26.694799	26.811583	26.921053	27.024696	27.119987	27.208340	27.287426	27.358496	27.419575	27.471661	27.513256	27.545059	27.566128	27.576820	27.576824	27.566124	27.545061	27.513256	27.471664	27.419571	27.358500	27.287424	27.208344	27.119984	27.024700	26.921051	26.811584	26.694798	26.573294	26.445587	26.314190	26.177748	26.038548	25.895454	25.750431	25.602646	25.453648	25.303001	25.151775	
25.147160	25.294052	25.439857	25.584839	25.727631	25.868979	26.007015	26.142895	26.274323	26.402763	26.525616	26.644537	26.756752	26.864004	26.963501	27.056944	27.141689	27.219299	27.287428	27.347393	27.397305	27.438156	27.468620	27.489317	27.499561	27.499559	27.489319	27.468618	27.438162	27.397301	27.347397	27.287422	27.219303	27.141687	27.056946	26.963497	26.864004	26.756748	26.644537	26.525612	26.402765	26.274319	26.142895	26.007011	25.868980	25.727623	25.584839	25.439854	25.294056	25.147160	
25.142117	25.283689	25.424778	25.564236	25.702673	25.838379	25.972454	26.102680	26.230549	26.353453	26.473156	26.586790	26.696274	26.798634	26.895813	26.984907	27.067755	27.141689	27.208338	27.265434	27.314285	27.353165	27.382992	27.402687	27.412716	27.412716	27.402683	27.382996	27.353163	27.314289	27.265430	27.208344	27.141685	27.067759	26.984901	26.895815	26.798630	26.696274	26.586784	26.473158	26.353447	26.230549	26.102676	25.972454	25.838375	25.702675	25.564230	25.424778	25.283688	25.142117	
25.136383	25.272551	25.407644	25.542068	25.674343	25.805428	25.933268	26.059307	26.181007	26.300167	26.413906	26.524252	26.628128	26.727659	26.819748	26.906479	26.984905	27.056946	27.119987	27.175655	27.221838	27.259764	27.287952	27.307165	27.316643	27.316643	27.307167	27.287951	27.259769	27.221836	27.175659	27.119984	27.056948	26.984903	26.906479	26.819744	26.727661	26.628122	26.524254	26.413900	26.300171	26.181000	26.059309	25.933266	25.805431	25.674337	25.542070	25.407640	25.272552	25.136381	
25.130302	25.260078	25.389465	25.517273	25.644257	25.768600	25.891607	26.010906	26.128242	26.240812	26.350676	26.454739	26.555237	26.648962	26.738178	26.819746	26.895815	26.963497	27.024698	27.076958	27.121820	27.157410	27.184799	27.202824	27.212036	27.212036	27.202824	27.184803	27.157408	27.121822	27.076958	27.024700	26.963497	26.895817	26.819744	26.738180	26.648960	26.555241	26.454735	26.350679	26.240807	26.128246	26.010902	25.891609	25.768595	25.644257	25.517267	25.389465	25.260075	25.130302	
25.123579	25.246990	25.369375	25.491234	25.611038	25.729895	25.845665	25.959965	26.070152	26.178234	26.281193	26.381296	26.475315	26.565620	26.648960	26.727659	26.798630	26.864006	26.921047	26.971573	27.013355	27.047779	27.073280	27.090721	27.099295	27.099293	27.090721	27.073277	27.047781	27.013355	26.971573	26.921049	26.864006	26.798630	26.727661	26.648960	26.565624	26.475311	26.381298	26.281191	26.178234	26.070147	25.959965	25.845659	25.729893	25.611036	25.491234	25.369373	25.246990	25.123579	
25.116590	25.232685	25.348480	25.462788	25.576456	25.687647	25.797777	25.904438	26.009508	26.110134	26.208529	26.301537	26.391556	26.475313	26.555237	26.628124	26.696274	26.756750	26.811584	26.858276	26.898476	26.930267	26.954813	26.970917	26.979170	26.979172	26.970915	26.954815	26.930267	26.898478	26.858276	26.811584	26.756748	26.696276	26.628124	26.555241	26.475311	26.391558	26.301533	26.208529	26.110130	26.009510	25.904434	25.797777	25.687645	25.576458	25.462786	25.348478	25.232681	25.116589	
25.109022	25.217915	25.325859	25.433407	25.539057	25.643969	25.746042	25.846954	25.944086	26.039524	26.130272	26.218678	26.301533	26.381296	26.454735	26.524252	26.586784	26.644537	26.694798	26.739431	26.776241	26.806656	26.829123	26.844530	26.852083	26.852083	26.844530	26.829121	26.806656	26.776241	26.739431	26.694794	26.644537	26.586786	26.524254	26.454735	26.381298	26.301537	26.218678	26.130274	26.039524	25.944084	25.846954	25.746037	25.643970	25.539053	25.433405	25.325857	25.217915	25.109018	
25.101257	25.202063	25.302649	25.401886	25.500641	25.597155	25.692852	25.785419	25.876736	25.964050	26.049578	26.130272	26.208529	26.281189	26.350674	26.413902	26.473156	26.525612	26.573294	26.613792	26.648746	26.676319	26.697666	26.711630	26.718809	26.718809	26.711632	26.697666	26.676319	26.648746	26.613791	26.573292	26.525612	26.473156	26.413902	26.350677	26.281189	26.208529	26.130272	26.049578	25.964050	25.876736	25.785416	25.692852	25.597153	25.500641	25.401882	25.302647	25.202061	25.101255	
25.092987	25.185883	25.277935	25.369694	25.459774	25.549307	25.636322	25.722448	25.805241	25.886711	25.964052	26.039524	26.110132	26.178232	26.240810	26.300167	26.353451	26.402765	26.445587	26.483702	26.515064	26.541035	26.560177	26.573334	26.579769	26.579769	26.573336	26.560173	26.541035	26.515060	26.483702	26.445583	26.402765	26.353447	26.300167	26.240808	26.178234	26.110132	26.039524	25.964050	25.886709	25.805241	25.722448	25.636316	25.549305	25.459772	25.369694	25.277931	25.185881	25.092987	
25.084581	25.168776	25.252811	25.335680	25.418201	25.498783	25.578756	25.656034	25.732361	25.805243	25.876740	25.944086	26.009508	26.070150	26.128242	26.181004	26.230551	26.274323	26.314192	26.347982	26.377213	26.400219	26.418068	26.429722	26.435722	26.435722	26.429720	26.418068	26.400217	26.377211	26.347980	26.314190	26.274319	26.230551	26.181004	26.128244	26.070147	26.009508	25.944084	25.876736	25.805243	25.732359	25.656031	25.578756	25.498779	25.418200	25.335678	25.252811	25.168774	25.084581	
25.075756	25.151449	25.226433	25.301212	25.374577	25.447552	25.518410	25.588617	25.656034	25.722450	25.785419	25.846956	25.904438	25.959965	26.010904	26.059309	26.102676	26.142895	26.177748	26.208834	26.234358	26.255543	26.271116	26.281853	26.287088	26.287086	26.281849	26.271116	26.255539	26.234358	26.208832	26.177746	26.142895	26.102673	26.059307	26.010902	25.959965	25.904434	25.846952	25.785416	25.722450	25.656033	25.588619	25.518410	25.447548	25.374577	25.301208	25.226433	25.151445	25.075756	
25.066845	25.133369	25.199787	25.265259	25.330490	25.394146	25.457375	25.518414	25.578758	25.636320	25.692856	25.746040	25.797779	25.845663	25.891611	25.933268	25.972456	26.007013	26.038548	26.065228	26.088348	26.106512	26.120632	26.129829	26.134579	26.134579	26.129827	26.120630	26.106512	26.088346	26.065228	26.038548	26.007011	25.972454	25.933266	25.891607	25.845661	25.797775	25.746037	25.692852	25.636320	25.578758	25.518410	25.457373	25.394146	25.330490	25.265259	25.199785	25.133368	25.066841	
25.057596	25.115154	25.172155	25.229023	25.284790	25.340290	25.394146	25.447548	25.498783	25.549305	25.597153	25.643972	25.687647	25.729897	25.768599	25.805429	25.838377	25.868980	25.895458	25.919113	25.938505	25.954624	25.966454	25.974625	25.978601	25.978600	25.974621	25.966454	25.954622	25.938501	25.919109	25.895454	25.868980	25.838375	25.805428	25.768597	25.729895	25.687645	25.643969	25.597157	25.549303	25.498783	25.447548	25.394148	25.340286	25.284790	25.229023	25.172155	25.115150	25.057596	
25.048300	25.096365	25.144363	25.191662	25.238808	25.284790	25.330490	25.374577	25.418198	25.459774	25.500643	25.539053	25.576460	25.611038	25.644258	25.674339	25.702675	25.727629	25.750431	25.769695	25.786413	25.799526	25.809738	25.816380	25.819811	25.819813	25.816376	25.809734	25.799526	25.786411	25.769691	25.750429	25.727625	25.702673	25.674337	25.644257	25.611036	25.576458	25.539055	25.500641	25.459774	25.418198	25.374577	25.330490	25.284790	25.238806	25.191660	25.144363	25.096363	25.048298	
25.038761	25.077499	25.115862	25.154137	25.191664	25.229021	25.265263	25.301208	25.335680	25.369694	25.401886	25.433407	25.462788	25.491234	25.517269	25.542068	25.564234	25.584839	25.602650	25.618580	25.631622	25.642479	25.650436	25.655937	25.658611	25.658611	25.655935	25.650434	25.642473	25.631618	25.618576	25.602646	25.584839	25.564232	25.542068	25.517269	25.491234	25.462786	25.433407	25.401886	25.369694	25.335682	25.301208	25.265261	25.229023	25.191662	25.154137	25.115858	25.077497	25.038761	
25.029198	25.058250	25.087269	25.115858	25.144363	25.172155	25.199785	25.226433	25.252810	25.277935	25.302647	25.325859	25.348478	25.369377	25.389465	25.407644	25.424778	25.439856	25.453646	25.465286	25.475397	25.483322	25.489498	25.493509	25.495586	25.495584	25.493511	25.489494	25.483322	25.475395	25.465286	25.453646	25.439854	25.424778	25.407640	25.389463	25.369373	25.348478	25.325859	25.302647	25.277935	25.252808	25.226433	25.199787	25.172157	25.144361	25.115860	25.087269	25.058250	25.029198	
25.019487	25.038967	25.058254	25.077499	25.096365	25.115149	25.133369	25.151447	25.168776	25.185881	25.202061	25.217915	25.232681	25.246990	25.260075	25.272549	25.283688	25.294052	25.303005	25.311016	25.317574	25.323032	25.327034	25.329800	25.331142	25.331142	25.329798	25.327032	25.323032	25.317572	25.311016	25.303005	25.294054	25.283688	25.272549	25.260077	25.246990	25.232681	25.217913	25.202063	25.185879	25.168774	25.151447	25.133369	25.115150	25.096367	25.077499	25.058252	25.038967	25.019487	
25.009769	25.019489	25.029198	25.038763	25.048298	25.057596	25.066839	25.075756	25.084581	25.092987	25.101255	25.109020	25.116589	25.123579	25.130302	25.136383	25.142117	25.147160	25.151775	25.155666	25.159054	25.161703	25.163769	25.165110	25.165806	25.165806	25.165110	25.163769	25.161701	25.159050	25.155666	25.151775	25.147160	25.142117	25.136381	25.130302	25.123579	25.116589	25.109020	25.101255	25.092987	25.084583	25.075756	25.066841	25.057596	25.048298	25.038761	25.029198	25.019489	25.009768	
