25.005215	25.010406	25.015560	25.020657	25.025677	25.030596	25.035410	25.040081	25.044613	25.048965	25.053146	25.057116	25.060879	25.064404	25.067696	25.070721	25.073486	25.075966	25.078167	25.080059	25.081654	25.082935	25.083900	25.084547	25.084873	25.084869	25.084549	25.083904	25.082935	25.081657	25.080059	25.078167	25.075966	25.073486	25.070719	25.067696	25.064404	25.060881	25.057114	25.053146	25.048967	25.044613	25.040081	25.035408	25.030598	25.025679	25.020655	25.015560	25.010406	25.005213	
25.010406	25.020775	25.031061	25.041237	25.051252	25.061089	25.070679	25.080023	25.089046	25.097759	25.106083	25.114027	25.121521	25.128576	25.135126	25.141186	25.146690	25.151657	25.156033	25.159824	25.163000	25.165562	25.167490	25.168779	25.169426	25.169426	25.168779	25.167488	25.165565	25.163000	25.159826	25.156029	25.151657	25.146688	25.141186	25.135126	25.128578	25.121521	25.114029	25.106083	25.097761	25.089048	25.080021	25.070681	25.061089	25.051250	25.041239	25.031059	25.020775	25.010406	
25.015562	25.031059	25.046452	25.061659	25.076649	25.091335	25.105701	25.119646	25.133171	25.146168	25.158644	25.170494	25.181730	25.192249	25.202074	25.211105	25.219364	25.226765	25.233328	25.238983	25.243746	25.247566	25.250454	25.252384	25.253349	25.253347	25.252380	25.250456	25.247566	25.243748	25.238981	25.233330	25.226763	25.219364	25.211105	25.202076	25.192249	25.181730	25.170492	25.158646	25.146168	25.133171	25.119648	25.105701	25.091335	25.076651	25.061657	25.046452	25.031059	25.015562	
25.020655	25.041237	25.061661	25.081861	25.101742	25.121265	25.140305	25.158852	25.176769	25.194061	25.210583	25.226353	25.241226	25.255236	25.268238	25.280266	25.291195	25.301050	25.309734	25.317266	25.323566	25.328657	25.332481	25.335045	25.336325	25.336327	25.335045	25.332478	25.328659	25.323568	25.317266	25.309734	25.301052	25.291195	25.280266	25.268238	25.255238	25.241230	25.226353	25.210585	25.194061	25.176769	25.158854	25.140305	25.121265	25.101742	25.081863	25.061657	25.041239	25.020657	
25.025677	25.051254	25.076649	25.101744	25.126480	25.150711	25.174416	25.197430	25.219746	25.241190	25.261772	25.281326	25.299868	25.317226	25.333439	25.348339	25.361969	25.374180	25.385012	25.394339	25.402203	25.408504	25.413273	25.416451	25.418049	25.418045	25.416451	25.413273	25.408504	25.402203	25.394342	25.385012	25.374180	25.361971	25.348343	25.333443	25.317228	25.299870	25.281328	25.261776	25.241188	25.219746	25.197428	25.174416	25.150711	25.126476	25.101742	25.076649	25.051254	25.025677	
25.030598	25.061087	25.091335	25.121265	25.150711	25.179630	25.207836	25.235308	25.261852	25.287462	25.311941	25.335299	25.357334	25.378084	25.397345	25.415161	25.431347	25.445950	25.458813	25.469971	25.479305	25.486845	25.492506	25.496305	25.498203	25.498201	25.496305	25.492506	25.486845	25.479305	25.469971	25.458813	25.445951	25.431349	25.415163	25.397346	25.378086	25.357338	25.335300	25.311939	25.287468	25.261850	25.235310	25.207836	25.179630	25.150711	25.121262	25.091335	25.061089	25.030598	
25.035408	25.070679	25.105703	25.140305	25.174416	25.207836	25.240524	25.272261	25.303032	25.332609	25.360992	25.387959	25.413525	25.437468	25.459824	25.480371	25.499166	25.516006	25.530941	25.543808	25.554649	25.563341	25.569914	25.574297	25.576496	25.576500	25.574295	25.569916	25.563341	25.554649	25.543808	25.530939	25.516006	25.499168	25.480377	25.459827	25.437469	25.413530	25.387960	25.360998	25.332607	25.303036	25.272263	25.240524	25.207836	25.174412	25.140305	25.105701	25.070679	25.035410	
25.040081	25.080021	25.119648	25.158852	25.197428	25.235310	25.272259	25.308249	25.343021	25.376568	25.408634	25.439232	25.468103	25.495281	25.520515	25.543850	25.565056	25.584183	25.601034	25.615650	25.627878	25.637754	25.645170	25.650146	25.652634	25.652630	25.650146	25.645168	25.637756	25.627878	25.615650	25.601034	25.584183	25.565058	25.543852	25.520515	25.495285	25.468103	25.439236	25.408634	25.376572	25.343021	25.308249	25.272261	25.235306	25.197430	25.158848	25.119648	25.080021	25.040081	
25.044609	25.089046	25.133171	25.176767	25.219744	25.261852	25.303032	25.343019	25.381786	25.419052	25.454813	25.488789	25.520996	25.551165	25.579327	25.605221	25.628891	25.650112	25.668926	25.685139	25.698795	25.709747	25.718029	25.723549	25.726324	25.726322	25.723547	25.718029	25.709745	25.698795	25.685139	25.668922	25.650110	25.628891	25.605219	25.579329	25.551167	25.521000	25.488789	25.454815	25.419050	25.381788	25.343021	25.303030	25.261852	25.219740	25.176769	25.133169	25.089046	25.044611	
25.048965	25.097755	25.146168	25.194061	25.241188	25.287464	25.332607	25.376568	25.419052	25.460033	25.499207	25.536587	25.571857	25.605057	25.635887	25.664387	25.690300	25.713661	25.734249	25.752106	25.767044	25.779110	25.788166	25.794249	25.797283	25.797283	25.794247	25.788166	25.779110	25.767044	25.752106	25.734249	25.713663	25.690300	25.664391	25.635887	25.605061	25.571857	25.536587	25.499210	25.460035	25.419048	25.376568	25.332607	25.287462	25.241190	25.194057	25.146168	25.097755	25.048965	
25.053146	25.106081	25.158644	25.210583	25.261774	25.311941	25.360996	25.408634	25.454813	25.499207	25.541807	25.582283	25.620653	25.656591	25.690136	25.720985	25.749184	25.774464	25.796875	25.816189	25.832457	25.845505	25.855371	25.861946	25.865253	25.865255	25.861946	25.855371	25.845505	25.832457	25.816193	25.796875	25.774466	25.749187	25.720987	25.690140	25.656593	25.620653	25.582283	25.541809	25.499207	25.454813	25.408634	25.360994	25.311939	25.261774	25.210583	25.158644	25.106081	25.053144	
25.057114	25.114027	25.170490	25.226353	25.281326	25.335300	25.387960	25.439234	25.488787	25.536587	25.582283	25.625877	25.667023	25.705742	25.741707	25.774950	25.805174	25.832422	25.856438	25.877262	25.894688	25.908762	25.919329	25.926422	25.929962	25.929962	25.926420	25.919327	25.908762	25.894690	25.877262	25.856438	25.832422	25.805174	25.774952	25.741707	25.705744	25.667025	25.625877	25.582283	25.536587	25.488785	25.439234	25.387957	25.335300	25.281326	25.226353	25.170490	25.114027	25.057114	
25.060879	25.121521	25.181728	25.241230	25.299868	25.357338	25.413528	25.468105	25.521000	25.571857	25.620653	25.667023	25.710972	25.752148	25.790565	25.825911	25.858208	25.887171	25.912838	25.934971	25.953602	25.968552	25.979851	25.987385	25.991173	25.991169	25.987387	25.979851	25.968552	25.953602	25.934969	25.912840	25.887173	25.858208	25.825912	25.790569	25.752148	25.710972	25.667027	25.620653	25.571857	25.521000	25.468102	25.413528	25.357336	25.299868	25.241228	25.181728	25.121519	25.060879	
25.064404	25.128576	25.192251	25.255236	25.317230	25.378086	25.437469	25.495283	25.551163	25.605057	25.656591	25.705742	25.752146	25.795799	25.836357	25.873837	25.907925	25.938644	25.965731	25.989208	26.008865	26.024727	26.036648	26.044640	26.048634	26.048634	26.044643	26.036648	26.024727	26.008863	25.989208	25.965731	25.938648	25.907925	25.873837	25.836359	25.795799	25.752148	25.705744	25.656593	25.605057	25.551163	25.495281	25.437469	25.378086	25.317226	25.255238	25.192247	25.128576	25.064404	
25.067694	25.135126	25.202076	25.268240	25.333441	25.397346	25.459824	25.520515	25.579327	25.635885	25.690136	25.741707	25.790565	25.836359	25.879074	25.918381	25.954290	25.986500	26.015036	26.039650	26.060362	26.076992	26.089552	26.097931	26.102144	26.102140	26.097935	26.089552	26.076990	26.060362	26.039650	26.015038	25.986502	25.954290	25.918383	25.879074	25.836359	25.790565	25.741707	25.690136	25.635887	25.579327	25.520514	25.459826	25.397343	25.333443	25.268238	25.202076	25.135126	25.067696	
25.070719	25.141184	25.211105	25.280266	25.348343	25.415161	25.480373	25.543850	25.605217	25.664389	25.720985	25.774948	25.825911	25.873838	25.918381	25.959530	25.996965	26.030691	26.060440	26.086212	26.107801	26.125216	26.138309	26.147087	26.151474	26.151474	26.147087	26.138309	26.125216	26.107803	26.086214	26.060440	26.030693	25.996965	25.959530	25.918381	25.873837	25.825911	25.774950	25.720985	25.664391	25.605217	25.543850	25.480373	25.415163	25.348339	25.280266	25.211103	25.141186	25.070721	
25.073486	25.146688	25.219364	25.291195	25.361969	25.431349	25.499166	25.565056	25.628893	25.690300	25.749184	25.805174	25.858208	25.907925	25.954287	25.996965	26.035938	26.070913	26.101883	26.128609	26.151089	26.169146	26.182777	26.191877	26.196447	26.196445	26.191877	26.182777	26.169144	26.151091	26.128609	26.101885	26.070915	26.035938	25.996967	25.954288	25.907925	25.858210	25.805176	25.749186	25.690298	25.628895	25.565054	25.499166	25.431345	25.361969	25.291191	25.219364	25.146690	25.073486	
25.075966	25.151655	25.226765	25.301050	25.374180	25.445953	25.516006	25.584183	25.650112	25.713659	25.774466	25.832420	25.887171	25.938644	25.986500	26.030693	26.070911	26.107132	26.139091	26.166771	26.189970	26.208672	26.222738	26.232161	26.236876	26.236876	26.232162	26.222736	26.208672	26.189968	26.166775	26.139093	26.107136	26.070913	26.030693	25.986502	25.938646	25.887173	25.832424	25.774466	25.713663	25.650108	25.584185	25.516003	25.445950	25.374178	25.301048	25.226763	25.151657	25.075966	
25.078163	25.156031	25.233326	25.309731	25.385010	25.458813	25.530941	25.601030	25.668922	25.734249	25.796873	25.856438	25.912838	25.965729	26.015034	26.060438	26.101883	26.139091	26.172026	26.200462	26.224365	26.243576	26.258074	26.267754	26.272612	26.272612	26.267754	26.258074	26.243576	26.224369	26.200462	26.172029	26.139093	26.101885	26.060440	26.015034	25.965729	25.912838	25.856438	25.796875	25.734247	25.668924	25.601032	25.530941	25.458809	25.385010	25.309731	25.233328	25.156029	25.078165	
25.080057	25.159824	25.238983	25.317265	25.394341	25.469971	25.543806	25.615650	25.685137	25.752104	25.816189	25.877262	25.934969	25.989204	26.039650	26.086212	26.128609	26.166771	26.200459	26.229626	26.254076	26.273781	26.288609	26.298538	26.303509	26.303507	26.298538	26.288607	26.273781	26.254076	26.229626	26.200462	26.166775	26.128609	26.086212	26.039650	25.989204	25.934971	25.877258	25.816191	25.752102	25.685137	25.615650	25.543806	25.469973	25.394341	25.317268	25.238981	25.159826	25.080059	
25.081654	25.163000	25.243744	25.323566	25.402199	25.479305	25.554646	25.627878	25.698795	25.767044	25.832455	25.894688	25.953598	26.008863	26.060360	26.107803	26.151089	26.189968	26.224367	26.254076	26.279043	26.299114	26.314255	26.324373	26.329445	26.329447	26.324371	26.314257	26.299116	26.279043	26.254076	26.224369	26.189968	26.151091	26.107801	26.060360	26.008865	25.953598	25.894693	25.832455	25.767046	25.698795	25.627878	25.554646	25.479305	25.402201	25.323565	25.243748	25.162998	25.081656	
25.082933	25.165564	25.247566	25.328657	25.408504	25.486847	25.563341	25.637753	25.709747	25.779108	25.845505	25.908760	25.968552	26.024725	26.076992	26.125217	26.169144	26.208672	26.243576	26.273783	26.299114	26.319523	26.334885	26.345169	26.350317	26.350319	26.345171	26.334885	26.319523	26.299114	26.273777	26.243576	26.208672	26.169146	26.125216	26.076992	26.024727	25.968554	25.908758	25.845509	25.779110	25.709747	25.637756	25.563341	25.486845	25.408504	25.328657	25.247564	25.165564	25.082933	
25.083902	25.167488	25.250456	25.332478	25.413271	25.492506	25.569916	25.645170	25.718029	25.788168	25.855371	25.919329	25.979851	26.036646	26.089550	26.138309	26.182777	26.222736	26.258074	26.288609	26.314257	26.334885	26.350437	26.360836	26.366049	26.366047	26.360836	26.350439	26.334885	26.314255	26.288607	26.258070	26.222736	26.182775	26.138309	26.089550	26.036648	25.979849	25.919331	25.855370	25.788168	25.718027	25.645168	25.569914	25.492506	25.413273	25.332478	25.250456	25.167488	25.083902	
25.084547	25.168781	25.252378	25.335045	25.416447	25.496307	25.574297	25.650150	25.723549	25.794250	25.861948	25.926422	25.987385	26.044641	26.097931	26.147083	26.191877	26.232162	26.267754	26.298540	26.324371	26.345169	26.360838	26.371319	26.376568	26.376568	26.371319	26.360836	26.345169	26.324371	26.298538	26.267754	26.232159	26.191875	26.147085	26.097935	26.044640	25.987389	25.926420	25.861948	25.794247	25.723545	25.650146	25.574293	25.496307	25.416447	25.335045	25.252380	25.168781	25.084547	
25.084871	25.169426	25.253349	25.336327	25.418045	25.498203	25.576498	25.652632	25.726326	25.797287	25.865255	25.929962	25.991171	26.048634	26.102139	26.151472	26.196444	26.236876	26.272614	26.303509	26.329445	26.350319	26.366047	26.376568	26.381842	26.381840	26.376570	26.366049	26.350319	26.329445	26.303505	26.272612	26.236876	26.196445	26.151474	26.102142	26.048635	25.991173	25.929962	25.865253	25.797283	25.726322	25.652630	25.576500	25.498203	25.418045	25.336323	25.253347	25.169424	25.084871	
25.084871	25.169426	25.253349	25.336327	25.418045	25.498203	25.576498	25.652632	25.726326	25.797287	25.865255	25.929962	25.991171	26.048634	26.102139	26.151472	26.196444	26.236876	26.272614	26.303509	26.329445	26.350319	26.366047	26.376568	26.381842	26.381840	26.376570	26.366049	26.350319	26.329445	26.303505	26.272612	26.236876	26.196445	26.151474	26.102142	26.048635	25.991173	25.929962	25.865253	25.797283	25.726322	25.652630	25.576500	25.498203	25.418045	25.336323	25.253347	25.169424	25.084871	
25.084547	25.168781	25.252378	25.335045	25.416447	25.496307	25.574297	25.650150	25.723549	25.794250	25.861948	25.926422	25.987385	26.044641	26.097931	26.147083	26.191877	26.232162	26.267754	26.298540	26.324371	26.345169	26.360838	26.371319	26.376568	26.376568	26.371319	26.360836	26.345169	26.324371	26.298538	26.267754	26.232159	26.191875	26.147085	26.097935	26.044640	25.987389	25.926420	25.861948	25.794247	25.723545	25.650146	25.574293	25.496307	25.416447	25.335045	25.252380	25.168781	25.084547	
25.083902	25.167488	25.250456	25.332478	25.413271	25.492506	25.569916	25.645170	25.718029	25.788168	25.855371	25.919329	25.979851	26.036646	26.089550	26.138309	26.182777	26.222736	26.258074	26.288609	26.314257	26.334885	26.350437	26.360836	26.366049	26.366047	26.360836	26.350439	26.334885	26.314255	26.288607	26.258070	26.222736	26.182775	26.138309	26.089550	26.036648	25.979849	25.919331	25.855370	25.788168	25.718027	25.645168	25.569914	25.492506	25.413273	25.332478	25.250456	25.167488	25.083902	
25.082933	25.165564	25.247566	25.328657	25.408504	25.486847	25.563341	25.637753	25.709747	25.779108	25.845505	25.908760	25.968552	26.024725	26.076992	26.125217	26.169144	26.208672	26.243576	26.273783	26.299114	26.319523	26.334885	26.345169	26.350317	26.350319	26.345171	26.334885	26.319523	26.299114	26.273777	26.243576	26.208672	26.169146	26.125216	26.076992	26.024727	25.968554	25.908758	25.845509	25.779110	25.709747	25.637756	25.563341	25.486845	25.408504	25.328657	25.247564	25.165564	25.082933	
25.081654	25.163000	25.243744	25.323566	25.402199	25.479305	25.554646	25.627878	25.698795	25.767044	25.832455	25.894688	25.953598	26.008863	26.060360	26.107803	26.151089	26.189968	26.224367	26.254076	26.279043	26.299114	26.314255	26.324373	26.329445	26.329447	26.324371	26.314257	26.299116	26.279043	26.254076	26.224369	26.189968	26.151091	26.107801	26.060360	26.008865	25.953598	25.894693	25.832455	25.767046	25.698795	25.627878	25.554646	25.479305	25.402201	25.323565	25.243748	25.162998	25.081656	
25.080057	25.159824	25.238983	25.317265	25.394341	25.469971	25.543806	25.615650	25.685137	25.752104	25.816189	25.877262	25.934969	25.989204	26.039650	26.086212	26.128609	26.166771	26.200459	26.229626	26.254076	26.273781	26.288609	26.298538	26.303509	26.303507	26.298538	26.288607	26.273781	26.254076	26.229626	26.200462	26.166775	26.128609	26.086212	26.039650	25.989204	25.934971	25.877258	25.816191	25.752102	25.685137	25.615650	25.543806	25.469973	25.394341	25.317268	25.238981	25.159826	25.080059	
25.078163	25.156031	25.233326	25.309731	25.385010	25.458813	25.530941	25.601030	25.668922	25.734249	25.796873	25.856438	25.912838	25.965729	26.015034	26.060438	26.101883	26.139091	26.172026	26.200462	26.224365	26.243576	26.258074	26.267754	26.272612	26.272612	26.267754	26.258074	26.243576	26.224369	26.200462	26.172029	26.139093	26.101885	26.060440	26.015034	25.965729	25.912838	25.856438	25.796875	25.734247	25.668924	25.601032	25.530941	25.458809	25.385010	25.309731	25.233328	25.156029	25.078165	
25.075966	25.151655	25.226765	25.301050	25.374180	25.445953	25.516006	25.584183	25.650112	25.713659	25.774466	25.832420	25.887171	25.938644	25.986500	26.030693	26.070911	26.107132	26.139091	26.166771	26.189970	26.208672	26.222738	26.232161	26.236876	26.236876	26.232162	26.222736	26.208672	26.189968	26.166775	26.139093	26.107136	26.070913	26.030693	25.986502	25.938646	25.887173	25.832424	25.774466	25.713663	25.650108	25.584185	25.516003	25.445950	25.374178	25.301048	25.226763	25.151657	25.075966	
25.073486	25.146688	25.219364	25.291195	25.361969	25.431349	25.499166	25.565056	25.628893	25.690300	25.749184	25.805174	25.858208	25.907925	25.954287	25.996965	26.035938	26.070913	26.101883	26.128609	26.151089	26.169146	26.182777	26.191877	26.196447	26.196445	26.191877	26.182777	26.169144	26.151091	26.128609	26.101885	26.070915	26.035938	25.996967	25.954288	25.907925	25.858210	25.805176	25.749186	25.690298	25.628895	25.565054	25.499166	25.431345	25.361969	25.291191	25.219364	25.146690	25.073486	
25.070719	25.141184	25.211105	25.280266	25.348343	25.415161	25.480373	25.543850	25.605217	25.664389	25.720985	25.774948	25.825911	25.873838	25.918381	25.959530	25.996965	26.030691	26.060440	26.086212	26.107801	26.125216	26.138309	26.147087	26.151474	26.151474	26.147087	26.138309	26.125216	26.107803	26.086214	26.060440	26.030693	25.996965	25.959530	25.918381	25.873837	25.825911	25.774950	25.720985	25.664391	25.605217	25.543850	25.480373	25.415163	25.348339	25.280266	25.211103	25.141186	25.070721	
25.067694	25.135126	25.202076	25.268240	25.333441	25.397346	25.459824	25.520515	25.579327	25.635885	25.690136	25.741707	25.790565	25.836359	25.879074	25.918381	25.954290	25.986500	26.015036	26.039650	26.060362	26.076992	26.089552	26.097931	26.102144	26.102140	26.097935	26.089552	26.076990	26.060362	26.039650	26.015038	25.986502	25.954290	25.918383	25.879074	25.836359	25.790565	25.741707	25.690136	25.635887	25.579327	25.520514	25.459826	25.397343	25.333443	25.268238	25.202076	25.135126	25.067696	
25.064404	25.128576	25.192251	25.255236	25.317230	25.378086	25.437469	25.495283	25.551163	25.605057	25.656591	25.705742	25.752146	25.795799	25.836357	25.873837	25.907925	25.938644	25.965731	25.989208	26.008865	26.024727	26.036648	26.044640	26.048634	26.048634	26.044643	26.036648	26.024727	26.008863	25.989208	25.965731	25.938648	25.907925	25.873837	25.836359	25.795799	25.752148	25.705744	25.656593	25.605057	25.551163	25.495281	25.437469	25.378086	25.317226	25.255238	25.192247	25.128576	25.064404	
25.060879	25.121521	25.181728	25.241230	25.299868	25.357338	25.413528	25.468105	25.521000	25.571857	25.620653	25.667023	25.710972	25.752148	25.790565	25.825911	25.858208	25.887171	25.912838	25.934971	25.953602	25.968552	25.979851	25.987385	25.991173	25.991169	25.987387	25.979851	25.968552	25.953602	25.934969	25.912840	25.887173	25.858208	25.825912	25.790569	25.752148	25.710972	25.667027	25.620653	25.571857	25.521000	25.468102	25.413528	25.357336	25.299868	25.241228	25.181728	25.121519	25.060879	
25.057114	25.114027	25.170490	25.226353	25.281326	25.335300	25.387960	25.439234	25.488787	25.536587	25.582283	25.625877	25.667023	25.705742	25.741707	25.774950	25.805174	25.832422	25.856438	25.877262	25.894688	25.908762	25.919329	25.926422	25.929962	25.929962	25.926420	25.919327	25.908762	25.894690	25.877262	25.856438	25.832422	25.805174	25.774952	25.741707	25.705744	25.667025	25.625877	25.582283	25.536587	25.488785	25.439234	25.387957	25.335300	25.281326	25.226353	25.170490	25.114027	25.057114	
25.053146	25.106081	25.158644	25.210583	25.261774	25.311941	25.360996	25.408634	25.454813	25.499207	25.541807	25.582283	25.620653	25.656591	25.690136	25.720985	25.749184	25.774464	25.796875	25.816189	25.832457	25.845505	25.855371	25.861946	25.865253	25.865255	25.861946	25.855371	25.845505	25.832457	25.816193	25.796875	25.774466	25.749187	25.720987	25.690140	25.656593	25.620653	25.582283	25.541809	25.499207	25.454813	25.408634	25.360994	25.311939	25.261774	25.210583	25.158644	25.106081	25.053144	
25.048965	25.097755	25.146168	25.194061	25.241188	25.287464	25.332607	25.376568	25.419052	25.460033	25.499207	25.536587	25.571857	25.605057	25.635887	25.664387	25.690300	25.713661	25.734249	25.752106	25.767044	25.779110	25.788166	25.794249	25.797283	25.797283	25.794247	25.788166	25.779110	25.767044	25.752106	25.734249	25.713663	25.690300	25.664391	25.635887	25.605061	25.571857	25.536587	25.499210	25.460035	25.419048	25.376568	25.332607	25.287462	25.241190	25.194057	25.146168	25.097755	25.048965	
25.044609	25.089046	25.133171	25.176767	25.219744	25.261852	25.303032	25.343019	25.381786	25.419052	25.454813	25.488789	25.520996	25.551165	25.579327	25.605221	25.628891	25.650112	25.668926	25.685139	25.698795	25.709747	25.718029	25.723549	25.726324	25.726322	25.723547	25.718029	25.709745	25.698795	25.685139	25.668922	25.650110	25.628891	25.605219	25.579329	25.551167	25.521000	25.488789	25.454815	25.419050	25.381788	25.343021	25.303030	25.261852	25.219740	25.176769	25.133169	25.089046	25.044611	
25.040081	25.080021	25.119648	25.158852	25.197428	25.235310	25.272259	25.308249	25.343021	25.376568	25.408634	25.439232	25.468103	25.495281	25.520515	25.543850	25.565056	25.584183	25.601034	25.615650	25.627878	25.637754	25.645170	25.650146	25.652634	25.652630	25.650146	25.645168	25.637756	25.627878	25.615650	25.601034	25.584183	25.565058	25.543852	25.520515	25.495285	25.468103	25.439236	25.408634	25.376572	25.343021	25.308249	25.272261	25.235306	25.197430	25.158848	25.119648	25.080021	25.040081	
25.035408	25.070679	25.105703	25.140305	25.174416	25.207836	25.240524	25.272261	25.303032	25.332609	25.360992	25.387959	25.413525	25.437468	25.459824	25.480371	25.499166	25.516006	25.530941	25.543808	25.554649	25.563341	25.569914	25.574297	25.576496	25.576500	25.574295	25.569916	25.563341	25.554649	25.543808	25.530939	25.516006	25.499168	25.480377	25.459827	25.437469	25.413530	25.387960	25.360998	25.332607	25.303036	25.272263	25.240524	25.207836	25.174412	25.140305	25.105701	25.070679	25.035410	
25.030598	25.061087	25.091335	25.121265	25.150711	25.179630	25.207836	25.235308	25.261852	25.287462	25.311941	25.335299	25.357334	25.378084	25.397345	25.415161	25.431347	25.445950	25.458813	25.469971	25.479305	25.486845	25.492506	25.496305	25.498203	25.498201	25.496305	25.492506	25.486845	25.479305	25.469971	25.458813	25.445951	25.431349	25.415163	25.397346	25.378086	25.357338	25.335300	25.311939	25.287468	25.261850	25.235310	25.207836	25.179630	25.150711	25.121262	25.091335	25.061089	25.030598	
25.025677	25.051254	25.076649	25.101744	25.126480	25.150711	25.174416	25.197430	25.219746	25.241190	25.261772	25.281326	25.299868	25.317226	25.333439	25.348339	25.361969	25.374180	25.385012	25.394339	25.402203	25.408504	25.413273	25.416451	25.418049	25.418045	25.416451	25.413273	25.408504	25.402203	25.394342	25.385012	25.374180	25.361971	25.348343	25.333443	25.317228	25.299870	25.281328	25.261776	25.241188	25.219746	25.197428	25.174416	25.150711	25.126476	25.101742	25.076649	25.051254	25.025677	
25.020655	25.041237	25.061661	25.081861	25.101742	25.121265	25.140305	25.158852	25.176769	25.194061	25.210583	25.226353	25.241226	25.255236	25.268238	25.280266	25.291195	25.301050	25.309734	25.317266	25.323566	25.328657	25.332481	25.335045	25.336325	25.336327	25.335045	25.332478	25.328659	25.323568	25.317266	25.309734	25.301052	25.291195	25.280266	25.268238	25.255238	25.241230	25.226353	25.210585	25.194061	25.176769	25.158854	25.140305	25.121265	25.101742	25.081863	25.061657	25.041239	25.020657	
25.015562	25.031059	25.046452	25.061659	25.076649	25.091335	25.105701	25.119646	25.133171	25.146168	25.158644	25.170494	25.181730	25.192249	25.202074	25.211105	25.219364	25.226765	25.233328	25.238983	25.243746	25.247566	25.250454	25.252384	25.253349	25.253347	25.252380	25.250456	25.247566	25.243748	25.238981	25.233330	25.226763	25.219364	25.211105	25.202076	25.192249	25.181730	25.170492	25.158646	25.146168	25.133171	25.119648	25.105701	25.091335	25.076651	25.061657	25.046452	25.031059	25.015562	
25.010406	25.020775	25.031061	25.041237	25.051252	25.061089	25.070679	25.080023	25.089046	25.097759	25.106083	25.114027	25.121521	25.128576	25.135126	25.141186	25.146690	25.151657	25.156033	25.159824	25.163000	25.165562	25.167490	25.168779	25.169426	25.169426	25.168779	25.167488	25.165565	25.163000	25.159826	25.156029	25.151657	25.146688	25.141186	25.135126	25.128578	25.121521	25.114029	25.106083	25.097761	25.089048	25.080021	25.070681	25.061089	25.051250	25.041239	25.031059	25.020775	25.010406	
25.005215	25.010406	25.015560	25.020657	25.025677	25.030596	25.035410	25.040081	25.044613	25.048965	25.053146	25.057116	25.060879	25.064404	25.067696	25.070721	25.073486	25.075966	25.078167	25.080059	25.081654	25.082935	25.083900	25.084547	25.084873	25.084869	25.084549	25.083904	25.082935	25.081657	25.080059	25.078167	25.075966	25.073486	25.070719	25.067696	25.064404	25.060881	25.057114	25.053146	25.048967	25.044613	25.040081	25.035408	25.030598	25.025679	25.020655	25.015560	25.010406	25.005213	
