25.006630	25.013546	25.020332	25.027960	25.035297	25.043972	25.052151	25.062061	25.071209	25.082348	25.092392	25.104517	25.115173	25.127804	25.138592	25.151043	25.161320	25.172760	25.181801	25.191364	25.198450	25.205338	25.209864	25.213474	25.215031	25.215029	25.213472	25.209864	25.205338	25.198450	25.191362	25.181801	25.172758	25.161320	25.151041	25.138592	25.127804	25.115175	25.104515	25.092392	25.082348	25.071209	25.062061	25.052151	25.043972	25.035297	25.027958	25.020330	25.013544	25.006630	
25.013546	25.026968	25.041531	25.055687	25.072048	25.087650	25.106354	25.123825	25.145065	25.164471	25.188004	25.208988	25.234077	25.255863	25.281321	25.302755	25.327042	25.346720	25.368093	25.384533	25.401291	25.413136	25.423836	25.430042	25.433722	25.433722	25.430040	25.423836	25.413137	25.401291	25.384535	25.368092	25.346718	25.327040	25.302757	25.281321	25.255865	25.234077	25.208992	25.188004	25.164474	25.145065	25.123825	25.106350	25.087646	25.072046	25.055685	25.041527	25.026966	25.013546	
25.020332	25.041529	25.062355	25.085712	25.108242	25.134800	25.159914	25.190248	25.218336	25.252422	25.283268	25.320362	25.353098	25.391731	25.424870	25.462944	25.494511	25.529501	25.557266	25.586514	25.608273	25.629345	25.643242	25.654282	25.659060	25.659060	25.654282	25.643242	25.629349	25.608274	25.586514	25.557264	25.529499	25.494511	25.462944	25.424870	25.391731	25.353100	25.320362	25.283272	25.252419	25.218340	25.190245	25.159912	25.134794	25.108242	25.085709	25.062351	25.041527	25.020330	
25.027958	25.055687	25.085712	25.114986	25.148693	25.180965	25.219482	25.255634	25.299356	25.339520	25.387939	25.431376	25.482990	25.528078	25.580448	25.624805	25.674755	25.715479	25.759439	25.793463	25.827927	25.852438	25.874443	25.887283	25.894852	25.894852	25.887285	25.874445	25.852440	25.827929	25.793463	25.759438	25.715477	25.674753	25.624804	25.580448	25.528080	25.482990	25.431376	25.387939	25.339521	25.299355	25.255634	25.219479	25.180965	25.148691	25.114986	25.085711	25.055687	25.027958	
25.035297	25.072048	25.108240	25.148693	25.187881	25.233831	25.277542	25.329996	25.378897	25.437813	25.491518	25.555616	25.612610	25.679354	25.737045	25.802814	25.857769	25.918201	25.966536	26.017052	26.054928	26.091326	26.115507	26.134575	26.142891	26.142891	26.134575	26.115507	26.091324	26.054930	26.017052	25.966534	25.918203	25.857765	25.802814	25.737041	25.679356	25.612610	25.555614	25.491520	25.437811	25.378899	25.329996	25.277542	25.233829	25.187883	25.148691	25.108238	25.072046	25.035297	
25.043970	25.087646	25.134796	25.180964	25.233833	25.284767	25.345123	25.402210	25.470688	25.534115	25.609921	25.678518	25.759302	25.830507	25.912457	25.982506	26.060654	26.124962	26.193733	26.247459	26.301376	26.340075	26.374500	26.394770	26.406609	26.406609	26.394772	26.374496	26.340076	26.301376	26.247459	26.193735	26.124958	26.060654	25.982502	25.912457	25.830505	25.759300	25.678516	25.609921	25.534119	25.470688	25.402212	25.345121	25.284767	25.233829	25.180965	25.134794	25.087648	25.043970	
25.052151	25.106352	25.159912	25.219481	25.277542	25.345125	25.409931	25.487015	25.559540	25.646069	25.725733	25.819839	25.904375	26.002348	26.087910	26.184435	26.265938	26.354618	26.426294	26.500412	26.556581	26.609985	26.645840	26.673817	26.686146	26.686146	26.673817	26.645842	26.609982	26.556583	26.500414	26.426291	26.354618	26.265932	26.184437	26.087910	26.002346	25.904375	25.819838	25.725733	25.646070	25.559540	25.487015	25.409929	25.345121	25.277544	25.219479	25.159912	25.106350	25.052151	
25.062061	25.123821	25.190247	25.255634	25.329998	25.402212	25.487017	25.567993	25.664137	25.754135	25.860512	25.957846	26.071175	26.172207	26.287144	26.386526	26.496119	26.587349	26.683781	26.759998	26.835588	26.890484	26.938747	26.967503	26.984097	26.984097	26.967503	26.938747	26.890484	26.835588	26.759996	26.683783	26.587347	26.496117	26.386524	26.287144	26.172203	26.071175	25.957844	25.860510	25.754135	25.664137	25.567993	25.487015	25.402210	25.329994	25.255636	25.190245	25.123823	25.062061	
25.071209	25.145065	25.218336	25.299355	25.378899	25.470688	25.559542	25.664137	25.763615	25.880947	25.990234	26.117783	26.233757	26.366508	26.483887	26.614655	26.726444	26.846569	26.944880	27.045269	27.122307	27.194630	27.243807	27.281693	27.298603	27.298599	27.281693	27.243805	27.194630	27.122305	27.045269	26.944876	26.846569	26.726440	26.614651	26.483883	26.366508	26.233757	26.117783	25.990234	25.880947	25.763615	25.664135	25.559540	25.470684	25.378901	25.299355	25.218338	25.145065	25.071209	
25.082348	25.164473	25.252420	25.339520	25.437813	25.534117	25.646072	25.754135	25.880947	26.001083	26.141317	26.271259	26.420603	26.555475	26.706903	26.839565	26.983925	27.105700	27.232708	27.334431	27.433981	27.507248	27.570805	27.609184	27.631037	27.631035	27.609180	27.570805	27.507248	27.433983	27.334427	27.232708	27.105694	26.983925	26.839565	26.706903	26.555475	26.420603	26.271259	26.141315	26.001083	25.880947	25.754135	25.646067	25.534119	25.437811	25.339520	25.252420	25.164474	25.082348	
25.092392	25.188004	25.283272	25.387943	25.491520	25.609921	25.725735	25.860508	25.990234	26.141317	26.283857	26.448021	26.599289	26.770092	26.923183	27.091400	27.237194	27.391701	27.519905	27.649010	27.749470	27.842474	27.906601	27.955318	27.977367	27.977367	27.955318	27.906597	27.842474	27.749466	27.649010	27.519903	27.391701	27.237194	27.091398	26.923183	26.770090	26.599289	26.448019	26.283855	26.141315	25.990234	25.860508	25.725735	25.609921	25.491520	25.387939	25.283272	25.188004	25.092392	
25.104517	25.208992	25.320362	25.431376	25.555614	25.678516	25.819838	25.957844	26.117783	26.271259	26.448017	26.614040	26.802214	26.974533	27.165283	27.334770	27.516584	27.672150	27.832092	27.962034	28.087389	28.180977	28.261002	28.310024	28.337542	28.337540	28.310020	28.261003	28.180977	28.087389	27.962032	27.832090	27.672146	27.516584	27.334770	27.165283	26.974531	26.802212	26.614040	26.448019	26.271257	26.117785	25.957846	25.819839	25.678516	25.555614	25.431377	25.320360	25.208992	25.104517	
25.115175	25.234079	25.353100	25.482992	25.612610	25.759300	25.904375	26.071173	26.233757	26.420601	26.599287	26.802212	26.991848	27.202919	27.394836	27.602665	27.785427	27.976290	28.136990	28.296461	28.422373	28.537245	28.617615	28.677788	28.705421	28.705423	28.677788	28.617615	28.537247	28.422375	28.296459	28.136988	27.976290	27.785427	27.602665	27.394836	27.202919	26.991850	26.802212	26.599287	26.420601	26.233757	26.071173	25.904375	25.759300	25.612610	25.482990	25.353100	25.234077	25.115175	
25.127804	25.255863	25.391731	25.528080	25.679354	25.830507	26.002346	26.172203	26.366508	26.555473	26.770090	26.974529	27.202921	27.415121	27.646580	27.855284	28.075865	28.267414	28.461437	28.621426	28.773479	28.888702	28.985769	29.046122	29.079494	29.079494	29.046120	28.985769	28.888706	28.773479	28.621429	28.461433	28.267412	28.075863	27.855284	27.646580	27.415119	27.202921	26.974529	26.770092	26.555473	26.366508	26.172205	26.002346	25.830505	25.679352	25.528078	25.391731	25.255863	25.127804	
25.138594	25.281324	25.424870	25.580450	25.737045	25.912457	26.087910	26.287144	26.483883	26.706905	26.923180	27.165283	27.394836	27.646582	27.878891	28.126720	28.347940	28.575506	28.770008	28.960133	29.112526	29.249466	29.346735	29.418467	29.451910	29.451910	29.418465	29.346737	29.249466	29.112528	28.960129	28.770012	28.575502	28.347940	28.126719	27.878895	27.646580	27.394840	27.165283	26.923183	26.706905	26.483883	26.287144	26.087910	25.912457	25.737043	25.580448	25.424870	25.281321	25.138594	
25.151041	25.302755	25.462944	25.624805	25.802816	25.982502	26.184437	26.386522	26.614651	26.839561	27.091398	27.334766	27.602665	27.855280	28.126719	28.375168	28.633802	28.861826	29.089296	29.279743	29.457996	29.595150	29.708935	29.780769	29.819893	29.819893	29.780769	29.708935	29.595152	29.457994	29.279745	29.089296	28.861824	28.633802	28.375172	28.126717	27.855286	27.602665	27.334770	27.091398	26.839563	26.614651	26.386522	26.184437	25.982502	25.802814	25.624805	25.462942	25.302757	25.151041	
25.161320	25.327038	25.494511	25.674753	25.857767	26.060654	26.265932	26.496119	26.726440	26.983927	27.237192	27.516584	27.785425	28.075863	28.347939	28.633804	28.892883	29.155346	29.383131	29.602386	29.780849	29.938768	30.052675	30.135391	30.174555	30.174555	30.135391	30.052677	29.938768	29.780853	29.602386	29.383131	29.155346	28.892885	28.633804	28.347940	28.075863	27.785427	27.516586	27.237194	26.983927	26.726440	26.496120	26.265932	26.060656	25.857767	25.674755	25.494511	25.327042	25.161320	
25.172758	25.346718	25.529499	25.715477	25.918203	26.124960	26.354618	26.587347	26.846569	27.105696	27.391701	27.672146	27.976288	28.267412	28.575504	28.861822	29.155346	29.418114	29.676243	29.895708	30.097971	30.256020	30.385128	30.467903	30.512295	30.512295	30.467903	30.385126	30.256021	30.097973	29.895710	29.676245	29.418114	29.155346	28.861826	28.575506	28.267412	27.976292	27.672148	27.391703	27.105696	26.846569	26.587347	26.354618	26.124960	25.918203	25.715477	25.529499	25.346718	25.172760	
25.181799	25.368088	25.557266	25.759438	25.966534	26.193733	26.426291	26.683781	26.944878	27.232708	27.519901	27.832094	28.136986	28.461437	28.770010	29.089296	29.383129	29.676243	29.934582	30.179424	30.381823	30.558161	30.687342	30.779705	30.824116	30.824116	30.779703	30.687342	30.558163	30.381823	30.179424	29.934582	29.676243	29.383133	29.089298	28.770012	28.461435	28.136990	27.832094	27.519901	27.232708	26.944878	26.683783	26.426292	26.193733	25.966536	25.759439	25.557264	25.368092	25.181801	
25.191362	25.384535	25.586510	25.793465	26.017050	26.247459	26.500412	26.759996	27.045265	27.334427	27.649010	27.962032	28.296461	28.621426	28.960129	29.279741	29.602386	29.895708	30.179424	30.424404	30.646706	30.823124	30.965015	31.057413	31.106197	31.106197	31.057413	30.965015	30.823124	30.646706	30.424404	30.179424	29.895710	29.602386	29.279745	28.960133	28.621429	28.296459	27.962032	27.649014	27.334431	27.045269	26.759996	26.500412	26.247461	26.017052	25.793465	25.586515	25.384535	25.191364	
25.198450	25.401291	25.608276	25.827927	26.054928	26.301373	26.556583	26.835587	27.122305	27.433979	27.749468	28.087389	28.422371	28.773479	29.112524	29.457994	29.780849	30.097973	30.381823	30.646702	30.869087	31.059849	31.201786	31.301701	31.350498	31.350498	31.301701	31.201786	31.059849	30.869087	30.646704	30.381824	30.097971	29.780851	29.457996	29.112526	28.773481	28.422375	28.087391	27.749470	27.433983	27.122307	26.835587	26.556583	26.301376	26.054928	25.827930	25.608274	25.401293	25.198450	
25.205339	25.413137	25.629349	25.852438	26.091324	26.340075	26.609985	26.890484	27.194626	27.507248	27.842474	28.180975	28.537245	28.888702	29.249466	29.595148	29.938768	30.256020	30.558159	30.823124	31.059849	31.250660	31.401756	31.501690	31.553638	31.553638	31.501690	31.401754	31.250660	31.059849	30.823124	30.558161	30.256023	29.938766	29.595152	29.249470	28.888706	28.537247	28.180979	27.842476	27.507250	27.194630	26.890488	26.609987	26.340076	26.091330	25.852440	25.629349	25.413137	25.205341	
25.209864	25.423836	25.643242	25.874445	26.115507	26.374498	26.645840	26.938745	27.243805	27.570803	27.906597	28.261002	28.617613	28.985767	29.346737	29.708933	30.052675	30.385126	30.687342	30.965015	31.201786	31.401754	31.552876	31.657610	31.709564	31.709566	31.657608	31.552876	31.401754	31.201786	30.965015	30.687344	30.385126	30.052677	29.708935	29.346741	28.985771	28.617619	28.261005	27.906601	27.570808	27.243809	26.938747	26.645844	26.374504	26.115511	25.874447	25.643242	25.423836	25.209864	
25.213472	25.430042	25.654282	25.887283	26.134575	26.394772	26.673817	26.967501	27.281693	27.609180	27.955318	28.310022	28.677786	29.046120	29.418465	29.780769	30.135391	30.467903	30.779701	31.057413	31.301701	31.501692	31.657608	31.762352	31.815960	31.815958	31.762354	31.657608	31.501690	31.301701	31.057415	30.779703	30.467907	30.135393	29.780771	29.418468	29.046122	28.677790	28.310024	27.955322	27.609184	27.281694	26.967506	26.673820	26.394775	26.134579	25.887287	25.654285	25.430040	25.213474	
25.215031	25.433722	25.659060	25.894852	26.142889	26.406607	26.686146	26.984097	27.298603	27.631037	27.977367	28.337538	28.705420	29.079494	29.451912	29.819893	30.174555	30.512295	30.824118	31.106197	31.350498	31.553638	31.709564	31.815960	31.869568	31.869566	31.815956	31.709564	31.553640	31.350498	31.106201	30.824120	30.512299	30.174557	29.819895	29.451910	29.079498	28.705423	28.337543	27.977371	27.631039	27.298603	26.984102	26.686150	26.406612	26.142895	25.894855	25.659060	25.433722	25.215029	
25.215031	25.433722	25.659060	25.894852	26.142889	26.406607	26.686146	26.984097	27.298603	27.631037	27.977367	28.337538	28.705420	29.079494	29.451912	29.819893	30.174555	30.512295	30.824118	31.106197	31.350498	31.553638	31.709564	31.815960	31.869568	31.869566	31.815956	31.709564	31.553640	31.350498	31.106201	30.824120	30.512299	30.174557	29.819895	29.451910	29.079498	28.705423	28.337543	27.977371	27.631039	27.298603	26.984102	26.686150	26.406612	26.142895	25.894855	25.659060	25.433722	25.215029	
25.213472	25.430042	25.654282	25.887283	26.134575	26.394772	26.673817	26.967501	27.281693	27.609180	27.955318	28.310022	28.677786	29.046120	29.418465	29.780769	30.135391	30.467903	30.779701	31.057413	31.301701	31.501692	31.657608	31.762352	31.815960	31.815958	31.762354	31.657608	31.501690	31.301701	31.057415	30.779703	30.467907	30.135393	29.780771	29.418468	29.046122	28.677790	28.310024	27.955322	27.609184	27.281694	26.967506	26.673820	26.394775	26.134579	25.887287	25.654285	25.430040	25.213474	
25.209864	25.423836	25.643242	25.874445	26.115507	26.374498	26.645840	26.938745	27.243805	27.570803	27.906597	28.261002	28.617613	28.985767	29.346737	29.708933	30.052675	30.385126	30.687342	30.965015	31.201786	31.401754	31.552876	31.657610	31.709564	31.709566	31.657608	31.552876	31.401754	31.201786	30.965015	30.687344	30.385126	30.052677	29.708935	29.346741	28.985771	28.617619	28.261005	27.906601	27.570808	27.243809	26.938747	26.645844	26.374504	26.115511	25.874447	25.643242	25.423836	25.209864	
25.205339	25.413137	25.629349	25.852438	26.091324	26.340075	26.609985	26.890484	27.194626	27.507248	27.842474	28.180975	28.537245	28.888702	29.249466	29.595148	29.938768	30.256020	30.558159	30.823124	31.059849	31.250660	31.401756	31.501690	31.553638	31.553638	31.501690	31.401754	31.250660	31.059849	30.823124	30.558161	30.256023	29.938766	29.595152	29.249470	28.888706	28.537247	28.180979	27.842476	27.507250	27.194630	26.890488	26.609987	26.340076	26.091330	25.852440	25.629349	25.413137	25.205341	
25.198450	25.401291	25.608276	25.827927	26.054928	26.301373	26.556583	26.835587	27.122305	27.433979	27.749468	28.087389	28.422371	28.773479	29.112524	29.457994	29.780849	30.097973	30.381823	30.646702	30.869087	31.059849	31.201786	31.301701	31.350498	31.350498	31.301701	31.201786	31.059849	30.869087	30.646704	30.381824	30.097971	29.780851	29.457996	29.112526	28.773481	28.422375	28.087391	27.749470	27.433983	27.122307	26.835587	26.556583	26.301376	26.054928	25.827930	25.608274	25.401293	25.198450	
25.191362	25.384535	25.586510	25.793465	26.017050	26.247459	26.500412	26.759996	27.045265	27.334427	27.649010	27.962032	28.296461	28.621426	28.960129	29.279741	29.602386	29.895708	30.179424	30.424404	30.646706	30.823124	30.965015	31.057413	31.106197	31.106197	31.057413	30.965015	30.823124	30.646706	30.424404	30.179424	29.895710	29.602386	29.279745	28.960133	28.621429	28.296459	27.962032	27.649014	27.334431	27.045269	26.759996	26.500412	26.247461	26.017052	25.793465	25.586515	25.384535	25.191364	
25.181799	25.368088	25.557266	25.759438	25.966534	26.193733	26.426291	26.683781	26.944878	27.232708	27.519901	27.832094	28.136986	28.461437	28.770010	29.089296	29.383129	29.676243	29.934582	30.179424	30.381823	30.558161	30.687342	30.779705	30.824116	30.824116	30.779703	30.687342	30.558163	30.381823	30.179424	29.934582	29.676243	29.383133	29.089298	28.770012	28.461435	28.136990	27.832094	27.519901	27.232708	26.944878	26.683783	26.426292	26.193733	25.966536	25.759439	25.557264	25.368092	25.181801	
25.172758	25.346718	25.529499	25.715477	25.918203	26.124960	26.354618	26.587347	26.846569	27.105696	27.391701	27.672146	27.976288	28.267412	28.575504	28.861822	29.155346	29.418114	29.676243	29.895708	30.097971	30.256020	30.385128	30.467903	30.512295	30.512295	30.467903	30.385126	30.256021	30.097973	29.895710	29.676245	29.418114	29.155346	28.861826	28.575506	28.267412	27.976292	27.672148	27.391703	27.105696	26.846569	26.587347	26.354618	26.124960	25.918203	25.715477	25.529499	25.346718	25.172760	
25.161320	25.327038	25.494511	25.674753	25.857767	26.060654	26.265932	26.496119	26.726440	26.983927	27.237192	27.516584	27.785425	28.075863	28.347939	28.633804	28.892883	29.155346	29.383131	29.602386	29.780849	29.938768	30.052675	30.135391	30.174555	30.174555	30.135391	30.052677	29.938768	29.780853	29.602386	29.383131	29.155346	28.892885	28.633804	28.347940	28.075863	27.785427	27.516586	27.237194	26.983927	26.726440	26.496120	26.265932	26.060656	25.857767	25.674755	25.494511	25.327042	25.161320	
25.151041	25.302755	25.462944	25.624805	25.802816	25.982502	26.184437	26.386522	26.614651	26.839561	27.091398	27.334766	27.602665	27.855280	28.126719	28.375168	28.633802	28.861826	29.089296	29.279743	29.457996	29.595150	29.708935	29.780769	29.819893	29.819893	29.780769	29.708935	29.595152	29.457994	29.279745	29.089296	28.861824	28.633802	28.375172	28.126717	27.855286	27.602665	27.334770	27.091398	26.839563	26.614651	26.386522	26.184437	25.982502	25.802814	25.624805	25.462942	25.302757	25.151041	
25.138594	25.281324	25.424870	25.580450	25.737045	25.912457	26.087910	26.287144	26.483883	26.706905	26.923180	27.165283	27.394836	27.646582	27.878891	28.126720	28.347940	28.575506	28.770008	28.960133	29.112526	29.249466	29.346735	29.418467	29.451910	29.451910	29.418465	29.346737	29.249466	29.112528	28.960129	28.770012	28.575502	28.347940	28.126719	27.878895	27.646580	27.394840	27.165283	26.923183	26.706905	26.483883	26.287144	26.087910	25.912457	25.737043	25.580448	25.424870	25.281321	25.138594	
25.127804	25.255863	25.391731	25.528080	25.679354	25.830507	26.002346	26.172203	26.366508	26.555473	26.770090	26.974529	27.202921	27.415121	27.646580	27.855284	28.075865	28.267414	28.461437	28.621426	28.773479	28.888702	28.985769	29.046122	29.079494	29.079494	29.046120	28.985769	28.888706	28.773479	28.621429	28.461433	28.267412	28.075863	27.855284	27.646580	27.415119	27.202921	26.974529	26.770092	26.555473	26.366508	26.172205	26.002346	25.830505	25.679352	25.528078	25.391731	25.255863	25.127804	
25.115175	25.234079	25.353100	25.482992	25.612610	25.759300	25.904375	26.071173	26.233757	26.420601	26.599287	26.802212	26.991848	27.202919	27.394836	27.602665	27.785427	27.976290	28.136990	28.296461	28.422373	28.537245	28.617615	28.677788	28.705421	28.705423	28.677788	28.617615	28.537247	28.422375	28.296459	28.136988	27.976290	27.785427	27.602665	27.394836	27.202919	26.991850	26.802212	26.599287	26.420601	26.233757	26.071173	25.904375	25.759300	25.612610	25.482990	25.353100	25.234077	25.115175	
25.104517	25.208992	25.320362	25.431376	25.555614	25.678516	25.819838	25.957844	26.117783	26.271259	26.448017	26.614040	26.802214	26.974533	27.165283	27.334770	27.516584	27.672150	27.832092	27.962034	28.087389	28.180977	28.261002	28.310024	28.337542	28.337540	28.310020	28.261003	28.180977	28.087389	27.962032	27.832090	27.672146	27.516584	27.334770	27.165283	26.974531	26.802212	26.614040	26.448019	26.271257	26.117785	25.957846	25.819839	25.678516	25.555614	25.431377	25.320360	25.208992	25.104517	
25.092392	25.188004	25.283272	25.387943	25.491520	25.609921	25.725735	25.860508	25.990234	26.141317	26.283857	26.448021	26.599289	26.770092	26.923183	27.091400	27.237194	27.391701	27.519905	27.649010	27.749470	27.842474	27.906601	27.955318	27.977367	27.977367	27.955318	27.906597	27.842474	27.749466	27.649010	27.519903	27.391701	27.237194	27.091398	26.923183	26.770090	26.599289	26.448019	26.283855	26.141315	25.990234	25.860508	25.725735	25.609921	25.491520	25.387939	25.283272	25.188004	25.092392	
25.082348	25.164473	25.252420	25.339520	25.437813	25.534117	25.646072	25.754135	25.880947	26.001083	26.141317	26.271259	26.420603	26.555475	26.706903	26.839565	26.983925	27.105700	27.232708	27.334431	27.433981	27.507248	27.570805	27.609184	27.631037	27.631035	27.609180	27.570805	27.507248	27.433983	27.334427	27.232708	27.105694	26.983925	26.839565	26.706903	26.555475	26.420603	26.271259	26.141315	26.001083	25.880947	25.754135	25.646067	25.534119	25.437811	25.339520	25.252420	25.164474	25.082348	
25.071209	25.145065	25.218336	25.299355	25.378899	25.470688	25.559542	25.664137	25.763615	25.880947	25.990234	26.117783	26.233757	26.366508	26.483887	26.614655	26.726444	26.846569	26.944880	27.045269	27.122307	27.194630	27.243807	27.281693	27.298603	27.298599	27.281693	27.243805	27.194630	27.122305	27.045269	26.944876	26.846569	26.726440	26.614651	26.483883	26.366508	26.233757	26.117783	25.990234	25.880947	25.763615	25.664135	25.559540	25.470684	25.378901	25.299355	25.218338	25.145065	25.071209	
25.062061	25.123821	25.190247	25.255634	25.329998	25.402212	25.487017	25.567993	25.664137	25.754135	25.860512	25.957846	26.071175	26.172207	26.287144	26.386526	26.496119	26.587349	26.683781	26.759998	26.835588	26.890484	26.938747	26.967503	26.984097	26.984097	26.967503	26.938747	26.890484	26.835588	26.759996	26.683783	26.587347	26.496117	26.386524	26.287144	26.172203	26.071175	25.957844	25.860510	25.754135	25.664137	25.567993	25.487015	25.402210	25.329994	25.255636	25.190245	25.123823	25.062061	
25.052151	25.106352	25.159912	25.219481	25.277542	25.345125	25.409931	25.487015	25.559540	25.646069	25.725733	25.819839	25.904375	26.002348	26.087910	26.184435	26.265938	26.354618	26.426294	26.500412	26.556581	26.609985	26.645840	26.673817	26.686146	26.686146	26.673817	26.645842	26.609982	26.556583	26.500414	26.426291	26.354618	26.265932	26.184437	26.087910	26.002346	25.904375	25.819838	25.725733	25.646070	25.559540	25.487015	25.409929	25.345121	25.277544	25.219479	25.159912	25.106350	25.052151	
25.043970	25.087646	25.134796	25.180964	25.233833	25.284767	25.345123	25.402210	25.470688	25.534115	25.609921	25.678518	25.759302	25.830507	25.912457	25.982506	26.060654	26.124962	26.193733	26.247459	26.301376	26.340075	26.374500	26.394770	26.406609	26.406609	26.394772	26.374496	26.340076	26.301376	26.247459	26.193735	26.124958	26.060654	25.982502	25.912457	25.830505	25.759300	25.678516	25.609921	25.534119	25.470688	25.402212	25.345121	25.284767	25.233829	25.180965	25.134794	25.087648	25.043970	
25.035297	25.072048	25.108240	25.148693	25.187881	25.233831	25.277542	25.329996	25.378897	25.437813	25.491518	25.555616	25.612610	25.679354	25.737045	25.802814	25.857769	25.918201	25.966536	26.017052	26.054928	26.091326	26.115507	26.134575	26.142891	26.142891	26.134575	26.115507	26.091324	26.054930	26.017052	25.966534	25.918203	25.857765	25.802814	25.737041	25.679356	25.612610	25.555614	25.491520	25.437811	25.378899	25.329996	25.277542	25.233829	25.187883	25.148691	25.108238	25.072046	25.035297	
25.027958	25.055687	25.085712	25.114986	25.148693	25.180965	25.219482	25.255634	25.299356	25.339520	25.387939	25.431376	25.482990	25.528078	25.580448	25.624805	25.674755	25.715479	25.759439	25.793463	25.827927	25.852438	25.874443	25.887283	25.894852	25.894852	25.887285	25.874445	25.852440	25.827929	25.793463	25.759438	25.715477	25.674753	25.624804	25.580448	25.528080	25.482990	25.431376	25.387939	25.339521	25.299355	25.255634	25.219479	25.180965	25.148691	25.114986	25.085711	25.055687	25.027958	
25.020332	25.041529	25.062355	25.085712	25.108242	25.134800	25.159914	25.190248	25.218336	25.252422	25.283268	25.320362	25.353098	25.391731	25.424870	25.462944	25.494511	25.529501	25.557266	25.586514	25.608273	25.629345	25.643242	25.654282	25.659060	25.659060	25.654282	25.643242	25.629349	25.608274	25.586514	25.557264	25.529499	25.494511	25.462944	25.424870	25.391731	25.353100	25.320362	25.283272	25.252419	25.218340	25.190245	25.159912	25.134794	25.108242	25.085709	25.062351	25.041527	25.020330	
25.013546	25.026968	25.041531	25.055687	25.072048	25.087650	25.106354	25.123825	25.145065	25.164471	25.188004	25.208988	25.234077	25.255863	25.281321	25.302755	25.327042	25.346720	25.368093	25.384533	25.401291	25.413136	25.423836	25.430042	25.433722	25.433722	25.430040	25.423836	25.413137	25.401291	25.384535	25.368092	25.346718	25.327040	25.302757	25.281321	25.255865	25.234077	25.208992	25.188004	25.164474	25.145065	25.123825	25.106350	25.087646	25.072046	25.055685	25.041527	25.026966	25.013546	
25.006630	25.013546	25.020332	25.027960	25.035297	25.043972	25.052151	25.062061	25.071209	25.082348	25.092392	25.104517	25.115173	25.127804	25.138592	25.151043	25.161320	25.172760	25.181801	25.191364	25.198450	25.205338	25.209864	25.213474	25.215031	25.215029	25.213472	25.209864	25.205338	25.198450	25.191362	25.181801	25.172758	25.161320	25.151041	25.138592	25.127804	25.115175	25.104515	25.092392	25.082348	25.071209	25.062061	25.052151	25.043972	25.035297	25.027958	25.020330	25.013544	25.006630	
