25.005711	25.011398	25.017044	25.022631	25.028126	25.033527	25.038792	25.043922	25.048878	25.053667	25.058239	25.062607	25.066725	25.070606	25.074207	25.077541	25.080566	25.083303	25.085711	25.087801	25.089546	25.090960	25.092018	25.092731	25.093086	25.093086	25.092731	25.092018	25.090958	25.089548	25.087799	25.085709	25.083303	25.080570	25.077541	25.074207	25.070604	25.066727	25.062607	25.058239	25.053665	25.048880	25.043922	25.038792	25.033527	25.028126	25.022629	25.017044	25.011398	25.005711	
25.011398	25.022755	25.034031	25.045170	25.056158	25.066919	25.077450	25.087673	25.097591	25.107119	25.116276	25.124966	25.133217	25.140936	25.148155	25.154781	25.160852	25.166286	25.171112	25.175266	25.178770	25.181576	25.183702	25.185118	25.185829	25.185829	25.185116	25.183702	25.181578	25.178770	25.175266	25.171112	25.166286	25.160851	25.154785	25.148153	25.140938	25.133217	25.124968	25.116274	25.107121	25.097591	25.087671	25.077452	25.066917	25.056156	25.045170	25.034031	25.022755	25.011398	
25.017044	25.034031	25.050880	25.067558	25.083961	25.100084	25.115803	25.131123	25.145916	25.160206	25.173853	25.186893	25.199184	25.210775	25.221519	25.231480	25.240513	25.248678	25.255861	25.262100	25.267315	25.271534	25.274696	25.276819	25.277882	25.277882	25.276821	25.274696	25.271534	25.267315	25.262100	25.255861	25.248676	25.240515	25.231476	25.221525	25.210773	25.199188	25.186895	25.173853	25.160206	25.145916	25.131123	25.115799	25.100082	25.083961	25.067556	25.050880	25.034027	25.017044	
25.022629	25.045172	25.067558	25.089674	25.111485	25.132847	25.153757	25.174049	25.193741	25.212654	25.230831	25.248081	25.264463	25.279785	25.294115	25.307274	25.319324	25.330111	25.339691	25.347937	25.354891	25.360464	25.364685	25.367493	25.368904	25.368908	25.367493	25.364685	25.360464	25.354895	25.347937	25.339691	25.330112	25.319321	25.307276	25.294113	25.279789	25.264462	25.248085	25.230831	25.212656	25.193741	25.174049	25.153755	25.132845	25.111483	25.089672	25.067554	25.045170	25.022631	
25.028126	25.056156	25.083965	25.111485	25.138559	25.165159	25.191097	25.216379	25.240791	25.264374	25.286892	25.308413	25.328697	25.347820	25.365557	25.381985	25.396898	25.410368	25.422220	25.432518	25.441124	25.448084	25.453304	25.456812	25.458561	25.458561	25.456812	25.453304	25.448086	25.441124	25.432520	25.422220	25.410366	25.396898	25.381981	25.365559	25.347816	25.328699	25.308413	25.286896	25.264372	25.240791	25.216377	25.191093	25.165157	25.138556	25.111483	25.083963	25.056156	25.028126	
25.033525	25.066917	25.100082	25.132847	25.165159	25.196806	25.227783	25.257845	25.287018	25.315039	25.341965	25.367521	25.391788	25.414490	25.435717	25.455212	25.473063	25.489044	25.503237	25.515451	25.525755	25.534010	25.540260	25.544422	25.546516	25.546516	25.544422	25.540264	25.534010	25.525757	25.515450	25.503235	25.489044	25.473061	25.455212	25.435715	25.414492	25.391788	25.367523	25.341965	25.315039	25.287016	25.257843	25.227779	25.196804	25.165155	25.132847	25.100082	25.066917	25.033525	
25.038792	25.077452	25.115803	25.153757	25.191095	25.227783	25.263557	25.298426	25.332096	25.364618	25.395678	25.425358	25.453335	25.479708	25.504171	25.526825	25.547394	25.565971	25.582319	25.596521	25.608389	25.617987	25.625187	25.630024	25.632439	25.632439	25.630028	25.625185	25.617990	25.608387	25.596521	25.582317	25.565968	25.547394	25.526823	25.504169	25.479704	25.453335	25.425354	25.395679	25.364614	25.332096	25.298422	25.263556	25.227783	25.191095	25.153755	25.115801	25.077450	25.038792	
25.043922	25.087673	25.131121	25.174049	25.216379	25.257843	25.298424	25.337811	25.376028	25.412743	25.448017	25.481504	25.513294	25.543037	25.570843	25.596386	25.619770	25.640713	25.659306	25.675308	25.688808	25.699623	25.707811	25.713264	25.716009	25.716009	25.713264	25.707813	25.699623	25.688808	25.675308	25.659306	25.640709	25.619772	25.596384	25.570843	25.543036	25.513290	25.481506	25.448017	25.412743	25.376026	25.337811	25.298424	25.257843	25.216377	25.174047	25.131119	25.087671	25.043922	
25.048880	25.097591	25.145918	25.193741	25.240793	25.287018	25.332096	25.376030	25.418461	25.459435	25.498577	25.535969	25.571228	25.604452	25.635284	25.663824	25.689747	25.713150	25.733753	25.751644	25.766603	25.778696	25.787767	25.793863	25.796906	25.796904	25.793865	25.787767	25.778696	25.766603	25.751646	25.733751	25.713150	25.689743	25.663826	25.635281	25.604452	25.571224	25.535969	25.498577	25.459435	25.418461	25.376026	25.332096	25.287018	25.240791	25.193741	25.145916	25.097591	25.048878	
25.053665	25.107121	25.160204	25.212658	25.264374	25.315041	25.364618	25.412743	25.459435	25.504299	25.547392	25.588310	25.627144	25.663494	25.697460	25.728676	25.757244	25.782833	25.805546	25.825104	25.841595	25.854813	25.864815	25.871477	25.874828	25.874832	25.871477	25.864815	25.854813	25.841595	25.825104	25.805546	25.782833	25.757244	25.728676	25.697464	25.663494	25.627148	25.588310	25.547392	25.504299	25.459433	25.412743	25.364616	25.315039	25.264374	25.212654	25.160206	25.107119	25.053665	
25.058237	25.116276	25.173855	25.230831	25.286898	25.341965	25.395683	25.448019	25.498581	25.547392	25.594036	25.638578	25.680592	25.720173	25.756914	25.790913	25.821804	25.849682	25.874237	25.895550	25.913374	25.927780	25.938591	25.945850	25.949474	25.949474	25.945852	25.938589	25.927780	25.913376	25.895550	25.874237	25.849682	25.821804	25.790913	25.756912	25.720175	25.680592	25.638578	25.594036	25.547394	25.498577	25.448017	25.395679	25.341967	25.286894	25.230833	25.173853	25.116276	25.058239	
25.062607	25.124966	25.186893	25.248085	25.308414	25.367527	25.425358	25.481506	25.535969	25.588310	25.638577	25.686321	25.731617	25.774029	25.813648	25.850069	25.883389	25.913246	25.939737	25.962559	25.981792	25.997215	26.008883	26.016659	26.020567	26.020569	26.016657	26.008884	25.997215	25.981794	25.962559	25.939735	25.913250	25.883389	25.850071	25.813646	25.774029	25.731617	25.686321	25.638577	25.588310	25.535967	25.481504	25.425354	25.367523	25.308414	25.248081	25.186893	25.124966	25.062607	
25.066725	25.133217	25.199188	25.264463	25.328701	25.391788	25.453335	25.513292	25.571228	25.627146	25.680595	25.731617	25.779762	25.825102	25.867203	25.906149	25.941545	25.973482	26.001617	26.026031	26.046457	26.062958	26.075348	26.083664	26.087818	26.087814	26.083664	26.075346	26.062958	26.046459	26.026033	26.001617	25.973482	25.941547	25.906149	25.867203	25.825104	25.779762	25.731617	25.680592	25.627146	25.571226	25.513290	25.453333	25.391788	25.328697	25.264462	25.199184	25.133215	25.066723	
25.070606	25.140938	25.210775	25.279789	25.347822	25.414494	25.479708	25.543039	25.604452	25.663494	25.720177	25.774029	25.825104	25.872942	25.917618	25.958698	25.996269	26.029949	26.059818	26.085564	26.107250	26.124647	26.137798	26.146572	26.150978	26.150978	26.146570	26.137802	26.124647	26.107250	26.085564	26.059818	26.029949	25.996267	25.958700	25.917614	25.872944	25.825102	25.774029	25.720173	25.663494	25.604452	25.543037	25.479706	25.414490	25.347822	25.279785	25.210773	25.140936	25.070606	
25.074207	25.148155	25.221525	25.294115	25.365561	25.435719	25.504173	25.570843	25.635284	25.697464	25.756914	25.813650	25.867203	25.917616	25.964445	26.007751	26.047125	26.082636	26.113930	26.141079	26.163799	26.182146	26.195927	26.205173	26.209791	26.209791	26.205172	26.195927	26.182144	26.163799	26.141075	26.113932	26.082634	26.047125	26.007750	25.964447	25.917616	25.867203	25.813646	25.756912	25.697460	25.635283	25.570843	25.504169	25.435717	25.365559	25.294115	25.221521	25.148155	25.074207	
25.077541	25.154785	25.231480	25.307274	25.381987	25.455212	25.526825	25.596388	25.663826	25.728676	25.790913	25.850071	25.906149	25.958698	26.007751	26.052877	26.094130	26.131126	26.163923	26.192202	26.216015	26.235125	26.249569	26.259201	26.264042	26.264040	26.259199	26.249567	26.235123	26.216011	26.192202	26.163923	26.131126	26.094130	26.052879	26.007750	25.958700	25.906147	25.850071	25.790909	25.728676	25.663822	25.596386	25.526823	25.455210	25.381985	25.307272	25.231480	25.154781	25.077541	
25.080568	25.160851	25.240513	25.319324	25.396898	25.473063	25.547394	25.619770	25.689747	25.757244	25.821802	25.883389	25.941545	25.996269	26.047123	26.094130	26.136889	26.175432	26.209421	26.238886	26.263565	26.283476	26.298443	26.308479	26.313494	26.313496	26.308477	26.298439	26.283476	26.263561	26.238886	26.209421	26.175432	26.136889	26.094130	26.047125	25.996267	25.941545	25.883385	25.821804	25.757240	25.689747	25.619770	25.547392	25.473061	25.396896	25.319324	25.240515	25.160852	25.080568	
25.083303	25.166285	25.248678	25.330111	25.410368	25.489044	25.565969	25.640713	25.713150	25.782833	25.849682	25.913248	25.973484	26.029949	26.082636	26.131126	26.175432	26.215191	26.250412	26.280804	26.306377	26.326912	26.342426	26.352776	26.357975	26.357975	26.352776	26.342422	26.326912	26.306377	26.280802	26.250412	26.215191	26.175432	26.131126	26.082632	26.029949	25.973480	25.913248	25.849682	25.782833	25.713148	25.640713	25.565969	25.489042	25.410366	25.330109	25.248676	25.166286	25.083303	
25.085711	25.171112	25.255859	25.339693	25.422222	25.503235	25.582317	25.659302	25.733753	25.805542	25.874233	25.939737	26.001617	26.059818	26.113930	26.163921	26.209419	26.250412	26.286579	26.317915	26.344172	26.365353	26.381275	26.391953	26.397289	26.397287	26.391949	26.381275	26.365349	26.344173	26.317915	26.286577	26.250410	26.209421	26.163919	26.113930	26.059814	26.001617	25.939735	25.874235	25.805542	25.733753	25.659302	25.582317	25.503235	25.422220	25.339689	25.255859	25.171112	25.085711	
25.087801	25.175266	25.262102	25.347937	25.432520	25.515451	25.596519	25.675312	25.751644	25.825104	25.895550	25.962559	26.026035	26.085560	26.141079	26.192200	26.238888	26.280804	26.317915	26.349955	26.376902	26.398552	26.414898	26.425812	26.431290	26.431290	26.425812	26.414898	26.398554	26.376900	26.349957	26.317913	26.280800	26.238884	26.192200	26.141075	26.085564	26.026028	25.962559	25.895550	25.825102	25.751648	25.675308	25.596519	25.515451	25.432520	25.347937	25.262100	25.175266	25.087799	
25.089548	25.178770	25.267315	25.354893	25.441126	25.525755	25.608391	25.688808	25.766605	25.841595	25.913372	25.981796	26.046455	26.107250	26.163795	26.216015	26.263561	26.306377	26.344172	26.376902	26.404343	26.426462	26.443106	26.454254	26.459831	26.459831	26.454254	26.443106	26.426460	26.404341	26.376902	26.344172	26.306374	26.263561	26.216011	26.163797	26.107248	26.046459	25.981792	25.913372	25.841595	25.766602	25.688808	25.608389	25.525757	25.441124	25.354891	25.267315	25.178768	25.089548	
25.090960	25.181576	25.271532	25.360466	25.448084	25.534012	25.617987	25.699625	25.778694	25.854813	25.927780	25.997215	26.062962	26.124645	26.182146	26.235123	26.283478	26.326912	26.365353	26.398554	26.426462	26.448898	26.465828	26.477137	26.482811	26.482811	26.477139	26.465824	26.448898	26.426460	26.398552	26.365349	26.326910	26.283474	26.235123	26.182144	26.124647	26.062958	25.997215	25.927780	25.854811	25.778696	25.699623	25.617987	25.534010	25.448086	25.360464	25.271532	25.181576	25.090960	
25.092020	25.183701	25.274694	25.364683	25.453304	25.540262	25.625187	25.707811	25.787769	25.864815	25.938589	26.008884	26.075348	26.137806	26.195925	26.249571	26.298443	26.342426	26.381275	26.414898	26.443104	26.465824	26.482935	26.494389	26.500124	26.500124	26.494389	26.482937	26.465826	26.443104	26.414898	26.381273	26.342422	26.298441	26.249567	26.195925	26.137802	26.075346	26.008883	25.938591	25.864815	25.787769	25.707811	25.625185	25.540262	25.453304	25.364685	25.274694	25.183702	25.092020	
25.092731	25.185116	25.276821	25.367493	25.456810	25.544424	25.630024	25.713266	25.793863	25.871479	25.945852	26.016655	26.083666	26.146572	26.205177	26.259201	26.308483	26.352776	26.391953	26.425812	26.454254	26.477137	26.494389	26.505924	26.511707	26.511707	26.505924	26.494389	26.477137	26.454254	26.425810	26.391951	26.352776	26.308479	26.259201	26.205175	26.146568	26.083664	26.016655	25.945850	25.871477	25.793863	25.713264	25.630024	25.544422	25.456814	25.367493	25.276821	25.185118	25.092731	
25.093088	25.185827	25.277882	25.368906	25.458561	25.546516	25.632439	25.716009	25.796906	25.874828	25.949474	26.020567	26.087818	26.150982	26.209795	26.264044	26.313498	26.357977	26.397289	26.431292	26.459833	26.482811	26.500122	26.511705	26.517509	26.517509	26.511707	26.500124	26.482811	26.459831	26.431290	26.397287	26.357975	26.313496	26.264042	26.209793	26.150980	26.087816	26.020565	25.949474	25.874828	25.796906	25.716009	25.632439	25.546520	25.458561	25.368908	25.277884	25.185829	25.093086	
25.093088	25.185827	25.277882	25.368906	25.458561	25.546516	25.632439	25.716009	25.796906	25.874828	25.949474	26.020567	26.087818	26.150982	26.209795	26.264044	26.313498	26.357977	26.397289	26.431292	26.459833	26.482811	26.500122	26.511705	26.517509	26.517509	26.511707	26.500124	26.482811	26.459831	26.431290	26.397287	26.357975	26.313496	26.264042	26.209793	26.150980	26.087816	26.020565	25.949474	25.874828	25.796906	25.716009	25.632439	25.546520	25.458561	25.368908	25.277884	25.185829	25.093086	
25.092731	25.185116	25.276821	25.367493	25.456810	25.544424	25.630024	25.713266	25.793863	25.871479	25.945852	26.016655	26.083666	26.146572	26.205177	26.259201	26.308483	26.352776	26.391953	26.425812	26.454254	26.477137	26.494389	26.505924	26.511707	26.511707	26.505924	26.494389	26.477137	26.454254	26.425810	26.391951	26.352776	26.308479	26.259201	26.205175	26.146568	26.083664	26.016655	25.945850	25.871477	25.793863	25.713264	25.630024	25.544422	25.456814	25.367493	25.276821	25.185118	25.092731	
25.092020	25.183701	25.274694	25.364683	25.453304	25.540262	25.625187	25.707811	25.787769	25.864815	25.938589	26.008884	26.075348	26.137806	26.195925	26.249571	26.298443	26.342426	26.381275	26.414898	26.443104	26.465824	26.482935	26.494389	26.500124	26.500124	26.494389	26.482937	26.465826	26.443104	26.414898	26.381273	26.342422	26.298441	26.249567	26.195925	26.137802	26.075346	26.008883	25.938591	25.864815	25.787769	25.707811	25.625185	25.540262	25.453304	25.364685	25.274694	25.183702	25.092020	
25.090960	25.181576	25.271532	25.360466	25.448084	25.534012	25.617987	25.699625	25.778694	25.854813	25.927780	25.997215	26.062962	26.124645	26.182146	26.235123	26.283478	26.326912	26.365353	26.398554	26.426462	26.448898	26.465828	26.477137	26.482811	26.482811	26.477139	26.465824	26.448898	26.426460	26.398552	26.365349	26.326910	26.283474	26.235123	26.182144	26.124647	26.062958	25.997215	25.927780	25.854811	25.778696	25.699623	25.617987	25.534010	25.448086	25.360464	25.271532	25.181576	25.090960	
25.089548	25.178770	25.267315	25.354893	25.441126	25.525755	25.608391	25.688808	25.766605	25.841595	25.913372	25.981796	26.046455	26.107250	26.163795	26.216015	26.263561	26.306377	26.344172	26.376902	26.404343	26.426462	26.443106	26.454254	26.459831	26.459831	26.454254	26.443106	26.426460	26.404341	26.376902	26.344172	26.306374	26.263561	26.216011	26.163797	26.107248	26.046459	25.981792	25.913372	25.841595	25.766602	25.688808	25.608389	25.525757	25.441124	25.354891	25.267315	25.178768	25.089548	
25.087801	25.175266	25.262102	25.347937	25.432520	25.515451	25.596519	25.675312	25.751644	25.825104	25.895550	25.962559	26.026035	26.085560	26.141079	26.192200	26.238888	26.280804	26.317915	26.349955	26.376902	26.398552	26.414898	26.425812	26.431290	26.431290	26.425812	26.414898	26.398554	26.376900	26.349957	26.317913	26.280800	26.238884	26.192200	26.141075	26.085564	26.026028	25.962559	25.895550	25.825102	25.751648	25.675308	25.596519	25.515451	25.432520	25.347937	25.262100	25.175266	25.087799	
25.085711	25.171112	25.255859	25.339693	25.422222	25.503235	25.582317	25.659302	25.733753	25.805542	25.874233	25.939737	26.001617	26.059818	26.113930	26.163921	26.209419	26.250412	26.286579	26.317915	26.344172	26.365353	26.381275	26.391953	26.397289	26.397287	26.391949	26.381275	26.365349	26.344173	26.317915	26.286577	26.250410	26.209421	26.163919	26.113930	26.059814	26.001617	25.939735	25.874235	25.805542	25.733753	25.659302	25.582317	25.503235	25.422220	25.339689	25.255859	25.171112	25.085711	
25.083303	25.166285	25.248678	25.330111	25.410368	25.489044	25.565969	25.640713	25.713150	25.782833	25.849682	25.913248	25.973484	26.029949	26.082636	26.131126	26.175432	26.215191	26.250412	26.280804	26.306377	26.326912	26.342426	26.352776	26.357975	26.357975	26.352776	26.342422	26.326912	26.306377	26.280802	26.250412	26.215191	26.175432	26.131126	26.082632	26.029949	25.973480	25.913248	25.849682	25.782833	25.713148	25.640713	25.565969	25.489042	25.410366	25.330109	25.248676	25.166286	25.083303	
25.080568	25.160851	25.240513	25.319324	25.396898	25.473063	25.547394	25.619770	25.689747	25.757244	25.821802	25.883389	25.941545	25.996269	26.047123	26.094130	26.136889	26.175432	26.209421	26.238886	26.263565	26.283476	26.298443	26.308479	26.313494	26.313496	26.308477	26.298439	26.283476	26.263561	26.238886	26.209421	26.175432	26.136889	26.094130	26.047125	25.996267	25.941545	25.883385	25.821804	25.757240	25.689747	25.619770	25.547392	25.473061	25.396896	25.319324	25.240515	25.160852	25.080568	
25.077541	25.154785	25.231480	25.307274	25.381987	25.455212	25.526825	25.596388	25.663826	25.728676	25.790913	25.850071	25.906149	25.958698	26.007751	26.052877	26.094130	26.131126	26.163923	26.192202	26.216015	26.235125	26.249569	26.259201	26.264042	26.264040	26.259199	26.249567	26.235123	26.216011	26.192202	26.163923	26.131126	26.094130	26.052879	26.007750	25.958700	25.906147	25.850071	25.790909	25.728676	25.663822	25.596386	25.526823	25.455210	25.381985	25.307272	25.231480	25.154781	25.077541	
25.074207	25.148155	25.221525	25.294115	25.365561	25.435719	25.504173	25.570843	25.635284	25.697464	25.756914	25.813650	25.867203	25.917616	25.964445	26.007751	26.047125	26.082636	26.113930	26.141079	26.163799	26.182146	26.195927	26.205173	26.209791	26.209791	26.205172	26.195927	26.182144	26.163799	26.141075	26.113932	26.082634	26.047125	26.007750	25.964447	25.917616	25.867203	25.813646	25.756912	25.697460	25.635283	25.570843	25.504169	25.435717	25.365559	25.294115	25.221521	25.148155	25.074207	
25.070606	25.140938	25.210775	25.279789	25.347822	25.414494	25.479708	25.543039	25.604452	25.663494	25.720177	25.774029	25.825104	25.872942	25.917618	25.958698	25.996269	26.029949	26.059818	26.085564	26.107250	26.124647	26.137798	26.146572	26.150978	26.150978	26.146570	26.137802	26.124647	26.107250	26.085564	26.059818	26.029949	25.996267	25.958700	25.917614	25.872944	25.825102	25.774029	25.720173	25.663494	25.604452	25.543037	25.479706	25.414490	25.347822	25.279785	25.210773	25.140936	25.070606	
25.066725	25.133217	25.199188	25.264463	25.328701	25.391788	25.453335	25.513292	25.571228	25.627146	25.680595	25.731617	25.779762	25.825102	25.867203	25.906149	25.941545	25.973482	26.001617	26.026031	26.046457	26.062958	26.075348	26.083664	26.087818	26.087814	26.083664	26.075346	26.062958	26.046459	26.026033	26.001617	25.973482	25.941547	25.906149	25.867203	25.825104	25.779762	25.731617	25.680592	25.627146	25.571226	25.513290	25.453333	25.391788	25.328697	25.264462	25.199184	25.133215	25.066723	
25.062607	25.124966	25.186893	25.248085	25.308414	25.367527	25.425358	25.481506	25.535969	25.588310	25.638577	25.686321	25.731617	25.774029	25.813648	25.850069	25.883389	25.913246	25.939737	25.962559	25.981792	25.997215	26.008883	26.016659	26.020567	26.020569	26.016657	26.008884	25.997215	25.981794	25.962559	25.939735	25.913250	25.883389	25.850071	25.813646	25.774029	25.731617	25.686321	25.638577	25.588310	25.535967	25.481504	25.425354	25.367523	25.308414	25.248081	25.186893	25.124966	25.062607	
25.058237	25.116276	25.173855	25.230831	25.286898	25.341965	25.395683	25.448019	25.498581	25.547392	25.594036	25.638578	25.680592	25.720173	25.756914	25.790913	25.821804	25.849682	25.874237	25.895550	25.913374	25.927780	25.938591	25.945850	25.949474	25.949474	25.945852	25.938589	25.927780	25.913376	25.895550	25.874237	25.849682	25.821804	25.790913	25.756912	25.720175	25.680592	25.638578	25.594036	25.547394	25.498577	25.448017	25.395679	25.341967	25.286894	25.230833	25.173853	25.116276	25.058239	
25.053665	25.107121	25.160204	25.212658	25.264374	25.315041	25.364618	25.412743	25.459435	25.504299	25.547392	25.588310	25.627144	25.663494	25.697460	25.728676	25.757244	25.782833	25.805546	25.825104	25.841595	25.854813	25.864815	25.871477	25.874828	25.874832	25.871477	25.864815	25.854813	25.841595	25.825104	25.805546	25.782833	25.757244	25.728676	25.697464	25.663494	25.627148	25.588310	25.547392	25.504299	25.459433	25.412743	25.364616	25.315039	25.264374	25.212654	25.160206	25.107119	25.053665	
25.048880	25.097591	25.145918	25.193741	25.240793	25.287018	25.332096	25.376030	25.418461	25.459435	25.498577	25.535969	25.571228	25.604452	25.635284	25.663824	25.689747	25.713150	25.733753	25.751644	25.766603	25.778696	25.787767	25.793863	25.796906	25.796904	25.793865	25.787767	25.778696	25.766603	25.751646	25.733751	25.713150	25.689743	25.663826	25.635281	25.604452	25.571224	25.535969	25.498577	25.459435	25.418461	25.376026	25.332096	25.287018	25.240791	25.193741	25.145916	25.097591	25.048878	
25.043922	25.087673	25.131121	25.174049	25.216379	25.257843	25.298424	25.337811	25.376028	25.412743	25.448017	25.481504	25.513294	25.543037	25.570843	25.596386	25.619770	25.640713	25.659306	25.675308	25.688808	25.699623	25.707811	25.713264	25.716009	25.716009	25.713264	25.707813	25.699623	25.688808	25.675308	25.659306	25.640709	25.619772	25.596384	25.570843	25.543036	25.513290	25.481506	25.448017	25.412743	25.376026	25.337811	25.298424	25.257843	25.216377	25.174047	25.131119	25.087671	25.043922	
25.038792	25.077452	25.115803	25.153757	25.191095	25.227783	25.263557	25.298426	25.332096	25.364618	25.395678	25.425358	25.453335	25.479708	25.504171	25.526825	25.547394	25.565971	25.582319	25.596521	25.608389	25.617987	25.625187	25.630024	25.632439	25.632439	25.630028	25.625185	25.617990	25.608387	25.596521	25.582317	25.565968	25.547394	25.526823	25.504169	25.479704	25.453335	25.425354	25.395679	25.364614	25.332096	25.298422	25.263556	25.227783	25.191095	25.153755	25.115801	25.077450	25.038792	
25.033525	25.066917	25.100082	25.132847	25.165159	25.196806	25.227783	25.257845	25.287018	25.315039	25.341965	25.367521	25.391788	25.414490	25.435717	25.455212	25.473063	25.489044	25.503237	25.515451	25.525755	25.534010	25.540260	25.544422	25.546516	25.546516	25.544422	25.540264	25.534010	25.525757	25.515450	25.503235	25.489044	25.473061	25.455212	25.435715	25.414492	25.391788	25.367523	25.341965	25.315039	25.287016	25.257843	25.227779	25.196804	25.165155	25.132847	25.100082	25.066917	25.033525	
25.028126	25.056156	25.083965	25.111485	25.138559	25.165159	25.191097	25.216379	25.240791	25.264374	25.286892	25.308413	25.328697	25.347820	25.365557	25.381985	25.396898	25.410368	25.422220	25.432518	25.441124	25.448084	25.453304	25.456812	25.458561	25.458561	25.456812	25.453304	25.448086	25.441124	25.432520	25.422220	25.410366	25.396898	25.381981	25.365559	25.347816	25.328699	25.308413	25.286896	25.264372	25.240791	25.216377	25.191093	25.165157	25.138556	25.111483	25.083963	25.056156	25.028126	
25.022629	25.045172	25.067558	25.089674	25.111485	25.132847	25.153757	25.174049	25.193741	25.212654	25.230831	25.248081	25.264463	25.279785	25.294115	25.307274	25.319324	25.330111	25.339691	25.347937	25.354891	25.360464	25.364685	25.367493	25.368904	25.368908	25.367493	25.364685	25.360464	25.354895	25.347937	25.339691	25.330112	25.319321	25.307276	25.294113	25.279789	25.264462	25.248085	25.230831	25.212656	25.193741	25.174049	25.153755	25.132845	25.111483	25.089672	25.067554	25.045170	25.022631	
25.017044	25.034031	25.050880	25.067558	25.083961	25.100084	25.115803	25.131123	25.145916	25.160206	25.173853	25.186893	25.199184	25.210775	25.221519	25.231480	25.240513	25.248678	25.255861	25.262100	25.267315	25.271534	25.274696	25.276819	25.277882	25.277882	25.276821	25.274696	25.271534	25.267315	25.262100	25.255861	25.248676	25.240515	25.231476	25.221525	25.210773	25.199188	25.186895	25.173853	25.160206	25.145916	25.131123	25.115799	25.100082	25.083961	25.067556	25.050880	25.034027	25.017044	
25.011398	25.022755	25.034031	25.045170	25.056158	25.066919	25.077450	25.087673	25.097591	25.107119	25.116276	25.124966	25.133217	25.140936	25.148155	25.154781	25.160852	25.166286	25.171112	25.175266	25.178770	25.181576	25.183702	25.185118	25.185829	25.185829	25.185116	25.183702	25.181578	25.178770	25.175266	25.171112	25.166286	25.160851	25.154785	25.148153	25.140938	25.133217	25.124968	25.116274	25.107121	25.097591	25.087671	25.077452	25.066917	25.056156	25.045170	25.034031	25.022755	25.011398	
25.005711	25.011398	25.017044	25.022631	25.028126	25.033527	25.038792	25.043922	25.048878	25.053667	25.058239	25.062607	25.066725	25.070606	25.074207	25.077541	25.080566	25.083303	25.085711	25.087801	25.089546	25.090960	25.092018	25.092731	25.093086	25.093086	25.092731	25.092018	25.090958	25.089548	25.087799	25.085709	25.083303	25.080570	25.077541	25.074207	25.070604	25.066727	25.062607	25.058239	25.053665	25.048880	25.043922	25.038792	25.033527	25.028126	25.022629	25.017044	25.011398	25.005711	
