25.009224	25.018435	25.027559	25.036644	25.045559	25.054401	25.062988	25.071470	25.079613	25.087605	25.095182	25.102558	25.109451	25.116077	25.122160	25.127914	25.133074	25.137842	25.141975	25.145649	25.148668	25.151167	25.153008	25.154270	25.154888	25.154888	25.154272	25.153006	25.151167	25.148670	25.145649	25.141975	25.137840	25.133076	25.127916	25.122158	25.116077	25.109447	25.102558	25.095182	25.087606	25.079611	25.071472	25.062988	25.054405	25.045557	25.036646	25.027559	25.018436	25.009224	
25.018433	25.036781	25.055080	25.073120	25.091049	25.108553	25.125881	25.142616	25.159098	25.174824	25.190201	25.204681	25.218693	25.231678	25.244072	25.255325	25.265860	25.275162	25.283615	25.290775	25.296959	25.301823	25.305590	25.308052	25.309315	25.309319	25.308048	25.305590	25.301823	25.296955	25.290777	25.283613	25.275162	25.265862	25.255325	25.244076	25.231676	25.218693	25.204678	25.190205	25.174824	25.159100	25.142612	25.125885	25.108553	25.091053	25.073120	25.055080	25.036781	25.018433	
25.027557	25.055080	25.082344	25.109489	25.136124	25.162544	25.188204	25.213543	25.237873	25.261753	25.284397	25.306431	25.327023	25.346825	25.365000	25.382195	25.397615	25.411854	25.424206	25.435181	25.444204	25.451668	25.457167	25.460941	25.462788	25.462786	25.460941	25.457165	25.451668	25.444206	25.435181	25.424206	25.411852	25.397614	25.382196	25.364998	25.346825	25.327019	25.306431	25.284395	25.261753	25.237869	25.213543	25.188200	25.162548	25.136120	25.109493	25.082344	25.055080	25.027557	
25.036644	25.073120	25.109489	25.145350	25.180992	25.215786	25.250233	25.283503	25.316259	25.347527	25.378086	25.406872	25.434725	25.460537	25.485174	25.507549	25.528484	25.546982	25.563776	25.578014	25.590298	25.599972	25.607460	25.612354	25.614868	25.614872	25.612350	25.607458	25.599972	25.590296	25.578014	25.563774	25.546982	25.528484	25.507545	25.485176	25.460537	25.434727	25.406868	25.378090	25.347525	25.316261	25.283499	25.250235	25.215786	25.180996	25.145350	25.109489	25.073116	25.036644	
25.045557	25.091051	25.136122	25.180994	25.225021	25.268696	25.311115	25.353001	25.393227	25.432692	25.470131	25.506548	25.540592	25.573320	25.603374	25.631792	25.657291	25.680820	25.701246	25.719381	25.734306	25.746637	25.755728	25.761969	25.765022	25.765020	25.761969	25.755726	25.746635	25.734304	25.719381	25.701244	25.680820	25.657288	25.631794	25.603373	25.573322	25.540592	25.506548	25.470131	25.432693	25.393223	25.353001	25.311115	25.268698	25.225019	25.180996	25.136122	25.091053	25.045557	
25.054401	25.108555	25.162546	25.215788	25.268696	25.320358	25.371487	25.420889	25.469509	25.515940	25.561302	25.604042	25.645382	25.683716	25.720278	25.753506	25.784573	25.812048	25.836967	25.858120	25.876345	25.890717	25.901825	25.909094	25.912827	25.912827	25.909094	25.901825	25.890715	25.876343	25.858116	25.836967	25.812046	25.784573	25.753506	25.720280	25.683712	25.645382	25.604042	25.561300	25.515938	25.469507	25.420887	25.371489	25.320360	25.268698	25.215786	25.162548	25.108553	25.054403	
25.062990	25.125883	25.188202	25.250233	25.311115	25.371489	25.430149	25.488039	25.543674	25.598225	25.650003	25.700335	25.747421	25.792652	25.834221	25.873493	25.908760	25.941277	25.969534	25.994591	26.015240	26.032278	26.044857	26.053478	26.057703	26.057703	26.053478	26.044855	26.032278	26.015238	25.994591	25.969532	25.941278	25.908760	25.873495	25.834219	25.792654	25.747419	25.700336	25.650000	25.598225	25.543671	25.488039	25.430147	25.371490	25.311113	25.250235	25.188202	25.125883	25.062988	
25.071468	25.142616	25.213543	25.283499	25.352997	25.420887	25.488039	25.552959	25.616814	25.677837	25.737408	25.793585	25.847870	25.898254	25.946262	25.989943	26.030733	26.066851	26.099567	26.127377	26.151302	26.170197	26.184780	26.194338	26.199238	26.199238	26.194338	26.184782	26.170197	26.151302	26.127373	26.099571	26.066849	26.030731	25.989941	25.946262	25.898254	25.847866	25.793583	25.737404	25.677832	25.616814	25.552956	25.488041	25.420885	25.353001	25.283497	25.213543	25.142614	25.071468	
25.079613	25.159100	25.237873	25.316261	25.393225	25.469509	25.543674	25.616814	25.687159	25.756075	25.821548	25.885128	25.944672	26.001806	26.054375	26.103979	26.148582	26.189651	26.225391	26.257040	26.283155	26.304672	26.320581	26.331470	26.336813	26.336815	26.331470	26.320580	26.304674	26.283150	26.257040	26.225389	26.189653	26.148581	26.103981	26.054375	26.001802	25.944668	25.885124	25.821543	25.756071	25.687153	25.616814	25.543671	25.469509	25.393221	25.316261	25.237871	25.159098	25.079611	
25.087605	25.174824	25.261753	25.347525	25.432693	25.515938	25.598225	25.677837	25.756071	25.830914	25.903891	25.972794	26.039295	26.101099	26.159908	26.213488	26.263453	26.307762	26.347834	26.381948	26.411251	26.434431	26.452295	26.464018	26.470020	26.470020	26.464018	26.452297	26.434429	26.411255	26.381945	26.347834	26.307755	26.263453	26.213486	26.159908	26.101097	26.039293	25.972794	25.903891	25.830908	25.756073	25.677832	25.598225	25.515938	25.432693	25.347523	25.261753	25.174824	25.087605	
25.095182	25.190205	25.284397	25.378090	25.470131	25.561302	25.650002	25.737404	25.821547	25.903891	25.982216	26.058178	26.129417	26.197674	26.260571	26.319828	26.373198	26.422256	26.465019	26.502821	26.534069	26.559774	26.578812	26.591818	26.598211	26.598211	26.591818	26.578808	26.559776	26.534067	26.502825	26.465015	26.422256	26.373194	26.319828	26.260567	26.197670	26.129414	26.058180	25.982212	25.903893	25.821545	25.737408	25.650002	25.561300	25.470129	25.378088	25.284393	25.190201	25.095182	
25.102558	25.204678	25.306435	25.406872	25.506550	25.604042	25.700333	25.793583	25.885126	25.972795	26.058178	26.138903	26.216698	26.289112	26.357903	26.420685	26.479128	26.531048	26.577919	26.617895	26.652168	26.679333	26.700224	26.713963	26.720984	26.720984	26.713963	26.700226	26.679329	26.652170	26.617891	26.577919	26.531042	26.479128	26.420681	26.357903	26.289108	26.216698	26.138901	26.058180	25.972794	25.885128	25.793581	25.700336	25.604040	25.506550	25.406868	25.306431	25.204678	25.102558	
25.109449	25.218695	25.327021	25.434725	25.540592	25.645382	25.747421	25.847866	25.944672	26.039293	26.129417	26.216698	26.298674	26.377090	26.449478	26.517550	26.578978	26.635330	26.684549	26.727974	26.763939	26.793465	26.815376	26.830315	26.837679	26.837675	26.830318	26.815374	26.793467	26.763939	26.727978	26.684546	26.635328	26.578972	26.517551	26.449474	26.377092	26.298670	26.216698	26.129414	26.039293	25.944668	25.847868	25.747417	25.645382	25.540590	25.434725	25.327019	25.218695	25.109447	
25.116079	25.231678	25.346825	25.460537	25.573322	25.683716	25.792652	25.898254	26.001804	26.101103	26.197670	26.289112	26.377092	26.459126	26.536917	26.608044	26.674129	26.732950	26.785950	26.831244	26.869995	26.900776	26.924395	26.939966	26.947899	26.947903	26.939964	26.924398	26.900774	26.869999	26.831242	26.785950	26.732948	26.674129	26.608042	26.536919	26.459122	26.377094	26.289108	26.197672	26.101097	26.001802	25.898252	25.792650	25.683714	25.573320	25.460535	25.346825	25.231674	25.116077	
25.122158	25.244074	25.365000	25.485172	25.603374	25.720276	25.834221	25.946262	26.054379	26.159908	26.260574	26.357906	26.449478	26.536919	26.617786	26.693686	26.762310	26.825142	26.880135	26.928547	26.968733	27.001644	27.026134	27.042786	27.051014	27.051010	27.042786	27.026133	27.001648	26.968733	26.928549	26.880133	26.825142	26.762310	26.693684	26.617785	26.536919	26.449474	26.357906	26.260571	26.159906	26.054375	25.946262	25.834217	25.720276	25.603371	25.485174	25.364998	25.244074	25.122158	
25.127914	25.255325	25.382196	25.507549	25.631792	25.753508	25.873493	25.989944	26.103981	26.213491	26.319828	26.420689	26.517551	26.608044	26.693686	26.772152	26.844898	26.909796	26.968136	27.018110	27.060764	27.094727	27.120724	27.137905	27.146637	27.146639	27.137901	27.120726	27.094725	27.060766	27.018110	26.968136	26.909798	26.844898	26.772152	26.693686	26.608042	26.517551	26.420685	26.319828	26.213486	26.103977	25.989939	25.873493	25.753504	25.631792	25.507545	25.382198	25.255325	25.127916	
25.133076	25.265860	25.397615	25.528482	25.657291	25.784573	25.908764	26.030735	26.148586	26.263451	26.373199	26.479128	26.578976	26.674128	26.762310	26.844898	26.919739	26.988098	27.048077	27.100748	27.144577	27.180386	27.207092	27.225206	27.234182	27.234179	27.225210	27.207092	27.180387	27.144577	27.100748	27.048077	26.988098	26.919739	26.844900	26.762310	26.674128	26.578974	26.479126	26.373196	26.263453	26.148582	26.030733	25.908760	25.784573	25.657288	25.528484	25.397614	25.265862	25.133076	
25.137842	25.275166	25.411854	25.546982	25.680819	25.812050	25.941280	26.066853	26.189653	26.307762	26.422256	26.531046	26.635330	26.732952	26.825138	26.909798	26.988098	27.058121	27.120911	27.174835	27.220741	27.257387	27.285366	27.303905	27.313303	27.313305	27.303904	27.285368	27.257387	27.220743	27.174833	27.120913	27.058121	26.988098	26.909798	26.825142	26.732950	26.635330	26.531046	26.422255	26.307758	26.189653	26.066847	25.941278	25.812046	25.680820	25.546982	25.411856	25.275166	25.137842	
25.141975	25.283613	25.424206	25.563774	25.701246	25.836969	25.969536	26.099569	26.225391	26.347836	26.465019	26.577919	26.684547	26.785950	26.880135	26.968136	27.048077	27.120911	27.184980	27.241095	27.287918	27.326065	27.354599	27.373898	27.383484	27.383482	27.373899	27.354595	27.326069	27.287918	27.241098	27.184978	27.120913	27.048077	26.968138	26.880135	26.785952	26.684551	26.577921	26.465017	26.347836	26.225391	26.099571	25.969532	25.836969	25.701244	25.563774	25.424206	25.283615	25.141975	
25.145649	25.290777	25.435181	25.578018	25.719381	25.858122	25.994595	26.127377	26.257042	26.381947	26.502825	26.617893	26.727974	26.831245	26.928549	27.018112	27.100748	27.174837	27.241096	27.298157	27.346594	27.385374	27.414898	27.434517	27.444431	27.444435	27.434513	27.414898	27.385372	27.346600	27.298155	27.241098	27.174835	27.100750	27.018112	26.928549	26.831245	26.727978	26.617893	26.502827	26.381950	26.257042	26.127377	25.994595	25.858120	25.719383	25.578016	25.435181	25.290775	25.145649	
25.148670	25.296957	25.444208	25.590298	25.734306	25.876347	26.015240	26.151304	26.283154	26.411253	26.534071	26.652170	26.763943	26.869997	26.968735	27.060766	27.144579	27.220741	27.287920	27.346596	27.395695	27.435579	27.465500	27.485678	27.495729	27.495729	27.485680	27.465498	27.435583	27.395695	27.346600	27.287920	27.220745	27.144577	27.060768	26.968733	26.869999	26.763941	26.652168	26.534071	26.411253	26.283155	26.151302	26.015240	25.876345	25.734304	25.590298	25.444206	25.296957	25.148670	
25.151167	25.301823	25.451668	25.599976	25.746637	25.890717	26.032280	26.170198	26.304672	26.434433	26.559776	26.679333	26.793465	26.900776	27.001646	27.094728	27.180384	27.257389	27.326069	27.385376	27.435581	27.475891	27.506485	27.526880	27.537155	27.537159	27.526876	27.506487	27.475887	27.435583	27.385376	27.326069	27.257389	27.180387	27.094727	27.001648	26.900776	26.793465	26.679335	26.559776	26.434435	26.304674	26.170197	26.032278	25.890713	25.746637	25.599974	25.451668	25.301823	25.151169	
25.153008	25.305588	25.457169	25.607460	25.755728	25.901825	26.044855	26.184782	26.320583	26.452295	26.578812	26.700226	26.815378	26.924397	27.026134	27.120724	27.207094	27.285368	27.354601	27.414898	27.465500	27.506487	27.537325	27.558058	27.568420	27.568417	27.558060	27.537321	27.506487	27.465500	27.414900	27.354599	27.285370	27.207092	27.120726	27.026134	26.924398	26.815378	26.700226	26.578814	26.452297	26.320583	26.184780	26.044857	25.901825	25.755730	25.607460	25.457165	25.305590	25.153008	
25.154270	25.308052	25.460943	25.612354	25.761971	25.909094	26.053478	26.194340	26.331472	26.464020	26.591818	26.713966	26.830317	26.939966	27.042786	27.137905	27.225208	27.303905	27.373899	27.434517	27.485680	27.526880	27.558060	27.578903	27.589376	27.589378	27.578899	27.558058	27.526878	27.485680	27.434515	27.373901	27.303907	27.225210	27.137905	27.042789	26.939968	26.830318	26.713966	26.591820	26.464020	26.331470	26.194340	26.053478	25.909094	25.761967	25.612352	25.460941	25.308052	25.154270	
25.154888	25.309317	25.462790	25.614872	25.765024	25.912827	26.057705	26.199242	26.336815	26.470022	26.598213	26.720985	26.837679	26.947901	27.051010	27.146637	27.234180	27.313305	27.383484	27.444433	27.495731	27.537159	27.568419	27.589378	27.599880	27.599878	27.589376	27.568417	27.537157	27.495731	27.444435	27.383488	27.313309	27.234182	27.146641	27.051014	26.947905	26.837681	26.720987	26.598213	26.470024	26.336815	26.199238	26.057701	25.912825	25.765022	25.614868	25.462788	25.309317	25.154888	
25.154888	25.309317	25.462790	25.614872	25.765024	25.912827	26.057705	26.199242	26.336815	26.470022	26.598213	26.720985	26.837679	26.947901	27.051010	27.146637	27.234180	27.313305	27.383484	27.444433	27.495731	27.537159	27.568419	27.589378	27.599880	27.599878	27.589376	27.568417	27.537157	27.495731	27.444435	27.383488	27.313309	27.234182	27.146641	27.051014	26.947905	26.837681	26.720987	26.598213	26.470024	26.336815	26.199238	26.057701	25.912825	25.765022	25.614868	25.462788	25.309317	25.154888	
25.154270	25.308052	25.460943	25.612354	25.761971	25.909094	26.053478	26.194340	26.331472	26.464020	26.591818	26.713966	26.830317	26.939966	27.042786	27.137905	27.225208	27.303905	27.373899	27.434517	27.485680	27.526880	27.558060	27.578903	27.589376	27.589378	27.578899	27.558058	27.526878	27.485680	27.434515	27.373901	27.303907	27.225210	27.137905	27.042789	26.939968	26.830318	26.713966	26.591820	26.464020	26.331470	26.194340	26.053478	25.909094	25.761967	25.612352	25.460941	25.308052	25.154270	
25.153008	25.305588	25.457169	25.607460	25.755728	25.901825	26.044855	26.184782	26.320583	26.452295	26.578812	26.700226	26.815378	26.924397	27.026134	27.120724	27.207094	27.285368	27.354601	27.414898	27.465500	27.506487	27.537325	27.558058	27.568420	27.568417	27.558060	27.537321	27.506487	27.465500	27.414900	27.354599	27.285370	27.207092	27.120726	27.026134	26.924398	26.815378	26.700226	26.578814	26.452297	26.320583	26.184780	26.044857	25.901825	25.755730	25.607460	25.457165	25.305590	25.153008	
25.151167	25.301823	25.451668	25.599976	25.746637	25.890717	26.032280	26.170198	26.304672	26.434433	26.559776	26.679333	26.793465	26.900776	27.001646	27.094728	27.180384	27.257389	27.326069	27.385376	27.435581	27.475891	27.506485	27.526880	27.537155	27.537159	27.526876	27.506487	27.475887	27.435583	27.385376	27.326069	27.257389	27.180387	27.094727	27.001648	26.900776	26.793465	26.679335	26.559776	26.434435	26.304674	26.170197	26.032278	25.890713	25.746637	25.599974	25.451668	25.301823	25.151169	
25.148670	25.296957	25.444208	25.590298	25.734306	25.876347	26.015240	26.151304	26.283154	26.411253	26.534071	26.652170	26.763943	26.869997	26.968735	27.060766	27.144579	27.220741	27.287920	27.346596	27.395695	27.435579	27.465500	27.485678	27.495729	27.495729	27.485680	27.465498	27.435583	27.395695	27.346600	27.287920	27.220745	27.144577	27.060768	26.968733	26.869999	26.763941	26.652168	26.534071	26.411253	26.283155	26.151302	26.015240	25.876345	25.734304	25.590298	25.444206	25.296957	25.148670	
25.145649	25.290777	25.435181	25.578018	25.719381	25.858122	25.994595	26.127377	26.257042	26.381947	26.502825	26.617893	26.727974	26.831245	26.928549	27.018112	27.100748	27.174837	27.241096	27.298157	27.346594	27.385374	27.414898	27.434517	27.444431	27.444435	27.434513	27.414898	27.385372	27.346600	27.298155	27.241098	27.174835	27.100750	27.018112	26.928549	26.831245	26.727978	26.617893	26.502827	26.381950	26.257042	26.127377	25.994595	25.858120	25.719383	25.578016	25.435181	25.290775	25.145649	
25.141975	25.283613	25.424206	25.563774	25.701246	25.836969	25.969536	26.099569	26.225391	26.347836	26.465019	26.577919	26.684547	26.785950	26.880135	26.968136	27.048077	27.120911	27.184980	27.241095	27.287918	27.326065	27.354599	27.373898	27.383484	27.383482	27.373899	27.354595	27.326069	27.287918	27.241098	27.184978	27.120913	27.048077	26.968138	26.880135	26.785952	26.684551	26.577921	26.465017	26.347836	26.225391	26.099571	25.969532	25.836969	25.701244	25.563774	25.424206	25.283615	25.141975	
25.137842	25.275166	25.411854	25.546982	25.680819	25.812050	25.941280	26.066853	26.189653	26.307762	26.422256	26.531046	26.635330	26.732952	26.825138	26.909798	26.988098	27.058121	27.120911	27.174835	27.220741	27.257387	27.285366	27.303905	27.313303	27.313305	27.303904	27.285368	27.257387	27.220743	27.174833	27.120913	27.058121	26.988098	26.909798	26.825142	26.732950	26.635330	26.531046	26.422255	26.307758	26.189653	26.066847	25.941278	25.812046	25.680820	25.546982	25.411856	25.275166	25.137842	
25.133076	25.265860	25.397615	25.528482	25.657291	25.784573	25.908764	26.030735	26.148586	26.263451	26.373199	26.479128	26.578976	26.674128	26.762310	26.844898	26.919739	26.988098	27.048077	27.100748	27.144577	27.180386	27.207092	27.225206	27.234182	27.234179	27.225210	27.207092	27.180387	27.144577	27.100748	27.048077	26.988098	26.919739	26.844900	26.762310	26.674128	26.578974	26.479126	26.373196	26.263453	26.148582	26.030733	25.908760	25.784573	25.657288	25.528484	25.397614	25.265862	25.133076	
25.127914	25.255325	25.382196	25.507549	25.631792	25.753508	25.873493	25.989944	26.103981	26.213491	26.319828	26.420689	26.517551	26.608044	26.693686	26.772152	26.844898	26.909796	26.968136	27.018110	27.060764	27.094727	27.120724	27.137905	27.146637	27.146639	27.137901	27.120726	27.094725	27.060766	27.018110	26.968136	26.909798	26.844898	26.772152	26.693686	26.608042	26.517551	26.420685	26.319828	26.213486	26.103977	25.989939	25.873493	25.753504	25.631792	25.507545	25.382198	25.255325	25.127916	
25.122158	25.244074	25.365000	25.485172	25.603374	25.720276	25.834221	25.946262	26.054379	26.159908	26.260574	26.357906	26.449478	26.536919	26.617786	26.693686	26.762310	26.825142	26.880135	26.928547	26.968733	27.001644	27.026134	27.042786	27.051014	27.051010	27.042786	27.026133	27.001648	26.968733	26.928549	26.880133	26.825142	26.762310	26.693684	26.617785	26.536919	26.449474	26.357906	26.260571	26.159906	26.054375	25.946262	25.834217	25.720276	25.603371	25.485174	25.364998	25.244074	25.122158	
25.116079	25.231678	25.346825	25.460537	25.573322	25.683716	25.792652	25.898254	26.001804	26.101103	26.197670	26.289112	26.377092	26.459126	26.536917	26.608044	26.674129	26.732950	26.785950	26.831244	26.869995	26.900776	26.924395	26.939966	26.947899	26.947903	26.939964	26.924398	26.900774	26.869999	26.831242	26.785950	26.732948	26.674129	26.608042	26.536919	26.459122	26.377094	26.289108	26.197672	26.101097	26.001802	25.898252	25.792650	25.683714	25.573320	25.460535	25.346825	25.231674	25.116077	
25.109449	25.218695	25.327021	25.434725	25.540592	25.645382	25.747421	25.847866	25.944672	26.039293	26.129417	26.216698	26.298674	26.377090	26.449478	26.517550	26.578978	26.635330	26.684549	26.727974	26.763939	26.793465	26.815376	26.830315	26.837679	26.837675	26.830318	26.815374	26.793467	26.763939	26.727978	26.684546	26.635328	26.578972	26.517551	26.449474	26.377092	26.298670	26.216698	26.129414	26.039293	25.944668	25.847868	25.747417	25.645382	25.540590	25.434725	25.327019	25.218695	25.109447	
25.102558	25.204678	25.306435	25.406872	25.506550	25.604042	25.700333	25.793583	25.885126	25.972795	26.058178	26.138903	26.216698	26.289112	26.357903	26.420685	26.479128	26.531048	26.577919	26.617895	26.652168	26.679333	26.700224	26.713963	26.720984	26.720984	26.713963	26.700226	26.679329	26.652170	26.617891	26.577919	26.531042	26.479128	26.420681	26.357903	26.289108	26.216698	26.138901	26.058180	25.972794	25.885128	25.793581	25.700336	25.604040	25.506550	25.406868	25.306431	25.204678	25.102558	
25.095182	25.190205	25.284397	25.378090	25.470131	25.561302	25.650002	25.737404	25.821547	25.903891	25.982216	26.058178	26.129417	26.197674	26.260571	26.319828	26.373198	26.422256	26.465019	26.502821	26.534069	26.559774	26.578812	26.591818	26.598211	26.598211	26.591818	26.578808	26.559776	26.534067	26.502825	26.465015	26.422256	26.373194	26.319828	26.260567	26.197670	26.129414	26.058180	25.982212	25.903893	25.821545	25.737408	25.650002	25.561300	25.470129	25.378088	25.284393	25.190201	25.095182	
25.087605	25.174824	25.261753	25.347525	25.432693	25.515938	25.598225	25.677837	25.756071	25.830914	25.903891	25.972794	26.039295	26.101099	26.159908	26.213488	26.263453	26.307762	26.347834	26.381948	26.411251	26.434431	26.452295	26.464018	26.470020	26.470020	26.464018	26.452297	26.434429	26.411255	26.381945	26.347834	26.307755	26.263453	26.213486	26.159908	26.101097	26.039293	25.972794	25.903891	25.830908	25.756073	25.677832	25.598225	25.515938	25.432693	25.347523	25.261753	25.174824	25.087605	
25.079613	25.159100	25.237873	25.316261	25.393225	25.469509	25.543674	25.616814	25.687159	25.756075	25.821548	25.885128	25.944672	26.001806	26.054375	26.103979	26.148582	26.189651	26.225391	26.257040	26.283155	26.304672	26.320581	26.331470	26.336813	26.336815	26.331470	26.320580	26.304674	26.283150	26.257040	26.225389	26.189653	26.148581	26.103981	26.054375	26.001802	25.944668	25.885124	25.821543	25.756071	25.687153	25.616814	25.543671	25.469509	25.393221	25.316261	25.237871	25.159098	25.079611	
25.071468	25.142616	25.213543	25.283499	25.352997	25.420887	25.488039	25.552959	25.616814	25.677837	25.737408	25.793585	25.847870	25.898254	25.946262	25.989943	26.030733	26.066851	26.099567	26.127377	26.151302	26.170197	26.184780	26.194338	26.199238	26.199238	26.194338	26.184782	26.170197	26.151302	26.127373	26.099571	26.066849	26.030731	25.989941	25.946262	25.898254	25.847866	25.793583	25.737404	25.677832	25.616814	25.552956	25.488041	25.420885	25.353001	25.283497	25.213543	25.142614	25.071468	
25.062990	25.125883	25.188202	25.250233	25.311115	25.371489	25.430149	25.488039	25.543674	25.598225	25.650003	25.700335	25.747421	25.792652	25.834221	25.873493	25.908760	25.941277	25.969534	25.994591	26.015240	26.032278	26.044857	26.053478	26.057703	26.057703	26.053478	26.044855	26.032278	26.015238	25.994591	25.969532	25.941278	25.908760	25.873495	25.834219	25.792654	25.747419	25.700336	25.650000	25.598225	25.543671	25.488039	25.430147	25.371490	25.311113	25.250235	25.188202	25.125883	25.062988	
25.054401	25.108555	25.162546	25.215788	25.268696	25.320358	25.371487	25.420889	25.469509	25.515940	25.561302	25.604042	25.645382	25.683716	25.720278	25.753506	25.784573	25.812048	25.836967	25.858120	25.876345	25.890717	25.901825	25.909094	25.912827	25.912827	25.909094	25.901825	25.890715	25.876343	25.858116	25.836967	25.812046	25.784573	25.753506	25.720280	25.683712	25.645382	25.604042	25.561300	25.515938	25.469507	25.420887	25.371489	25.320360	25.268698	25.215786	25.162548	25.108553	25.054403	
25.045557	25.091051	25.136122	25.180994	25.225021	25.268696	25.311115	25.353001	25.393227	25.432692	25.470131	25.506548	25.540592	25.573320	25.603374	25.631792	25.657291	25.680820	25.701246	25.719381	25.734306	25.746637	25.755728	25.761969	25.765022	25.765020	25.761969	25.755726	25.746635	25.734304	25.719381	25.701244	25.680820	25.657288	25.631794	25.603373	25.573322	25.540592	25.506548	25.470131	25.432693	25.393223	25.353001	25.311115	25.268698	25.225019	25.180996	25.136122	25.091053	25.045557	
25.036644	25.073120	25.109489	25.145350	25.180992	25.215786	25.250233	25.283503	25.316259	25.347527	25.378086	25.406872	25.434725	25.460537	25.485174	25.507549	25.528484	25.546982	25.563776	25.578014	25.590298	25.599972	25.607460	25.612354	25.614868	25.614872	25.612350	25.607458	25.599972	25.590296	25.578014	25.563774	25.546982	25.528484	25.507545	25.485176	25.460537	25.434727	25.406868	25.378090	25.347525	25.316261	25.283499	25.250235	25.215786	25.180996	25.145350	25.109489	25.073116	25.036644	
25.027557	25.055080	25.082344	25.109489	25.136124	25.162544	25.188204	25.213543	25.237873	25.261753	25.284397	25.306431	25.327023	25.346825	25.365000	25.382195	25.397615	25.411854	25.424206	25.435181	25.444204	25.451668	25.457167	25.460941	25.462788	25.462786	25.460941	25.457165	25.451668	25.444206	25.435181	25.424206	25.411852	25.397614	25.382196	25.364998	25.346825	25.327019	25.306431	25.284395	25.261753	25.237869	25.213543	25.188200	25.162548	25.136120	25.109493	25.082344	25.055080	25.027557	
25.018433	25.036781	25.055080	25.073120	25.091049	25.108553	25.125881	25.142616	25.159098	25.174824	25.190201	25.204681	25.218693	25.231678	25.244072	25.255325	25.265860	25.275162	25.283615	25.290775	25.296959	25.301823	25.305590	25.308052	25.309315	25.309319	25.308048	25.305590	25.301823	25.296955	25.290777	25.283613	25.275162	25.265862	25.255325	25.244076	25.231676	25.218693	25.204678	25.190205	25.174824	25.159100	25.142612	25.125885	25.108553	25.091053	25.073120	25.055080	25.036781	25.018433	
25.009224	25.018435	25.027559	25.036644	25.045559	25.054401	25.062988	25.071470	25.079613	25.087605	25.095182	25.102558	25.109451	25.116077	25.122160	25.127914	25.133074	25.137842	25.141975	25.145649	25.148668	25.151167	25.153008	25.154270	25.154888	25.154888	25.154272	25.153006	25.151167	25.148670	25.145649	25.141975	25.137840	25.133076	25.127916	25.122158	25.116077	25.109447	25.102558	25.095182	25.087606	25.079611	25.071472	25.062988	25.054405	25.045557	25.036646	25.027559	25.018436	25.009224	
