25.000240	25.000477	25.000711	25.000946	25.001175	25.001402	25.001621	25.001835	25.002045	25.002243	25.002432	25.002615	25.002787	25.002945	25.003098	25.003233	25.003361	25.003475	25.003574	25.003660	25.003733	25.003792	25.003834	25.003864	25.003880	25.003880	25.003864	25.003836	25.003792	25.003731	25.003660	25.003574	25.003475	25.003361	25.003237	25.003098	25.002947	25.002789	25.002617	25.002434	25.002243	25.002043	25.001837	25.001621	25.001400	25.001177	25.000948	25.000713	25.000477	25.000238	
25.000477	25.000950	25.001423	25.001888	25.002350	25.002798	25.003237	25.003666	25.004078	25.004475	25.004856	25.005219	25.005562	25.005882	25.006182	25.006458	25.006706	25.006935	25.007133	25.007305	25.007452	25.007566	25.007656	25.007715	25.007744	25.007744	25.007717	25.007656	25.007568	25.007450	25.007307	25.007133	25.006935	25.006710	25.006458	25.006184	25.005882	25.005562	25.005220	25.004856	25.004475	25.004080	25.003664	25.003239	25.002800	25.002350	25.001890	25.001425	25.000950	25.000477	
25.000713	25.001423	25.002127	25.002825	25.003510	25.004185	25.004841	25.005480	25.006098	25.006695	25.007261	25.007805	25.008316	25.008797	25.009245	25.009655	25.010033	25.010368	25.010668	25.010925	25.011141	25.011314	25.011448	25.011536	25.011580	25.011580	25.011536	25.011448	25.011316	25.011143	25.010925	25.010670	25.010368	25.010031	25.009655	25.009243	25.008797	25.008316	25.007805	25.007263	25.006695	25.006096	25.005482	25.004841	25.004185	25.003511	25.002827	25.002129	25.001423	25.000713	
25.000946	25.001888	25.002827	25.003748	25.004662	25.005554	25.006428	25.007273	25.008097	25.008884	25.009640	25.010361	25.011040	25.011677	25.012270	25.012819	25.013317	25.013763	25.014160	25.014503	25.014790	25.015022	25.015194	25.015312	25.015369	25.015371	25.015312	25.015194	25.015022	25.014790	25.014503	25.014160	25.013763	25.013317	25.012817	25.012272	25.011677	25.011040	25.010361	25.009642	25.008884	25.008095	25.007275	25.006428	25.005554	25.004663	25.003750	25.002827	25.001888	25.000946	
25.001175	25.002350	25.003510	25.004663	25.005791	25.006905	25.007984	25.009045	25.010059	25.011044	25.011982	25.012875	25.013720	25.014515	25.015251	25.015930	25.016552	25.017107	25.017599	25.018024	25.018383	25.018669	25.018885	25.019028	25.019104	25.019102	25.019032	25.018887	25.018669	25.018381	25.018024	25.017597	25.017109	25.016550	25.015930	25.015251	25.014513	25.013721	25.012875	25.011982	25.011044	25.010059	25.009043	25.007988	25.006905	25.005795	25.004663	25.003510	25.002350	25.001179	
25.001404	25.002796	25.004189	25.005550	25.006905	25.008224	25.009520	25.010773	25.011990	25.013159	25.014278	25.015343	25.016350	25.017292	25.018173	25.018984	25.019724	25.020386	25.020973	25.021477	25.021904	25.022245	25.022503	25.022675	25.022762	25.022762	25.022676	25.022503	25.022247	25.021906	25.021479	25.020973	25.020386	25.019722	25.018984	25.018171	25.017296	25.016350	25.015343	25.014278	25.013157	25.011990	25.010773	25.009518	25.008226	25.006905	25.005554	25.004185	25.002798	25.001402	
25.001621	25.003241	25.004841	25.006432	25.007984	25.009521	25.011011	25.012468	25.013870	25.015228	25.016520	25.017754	25.018917	25.020012	25.021027	25.021967	25.022820	25.023586	25.024265	25.024851	25.025345	25.025740	25.026037	25.026237	25.026337	25.026337	25.026236	25.026039	25.025740	25.025345	25.024853	25.024263	25.023588	25.022818	25.021965	25.021027	25.020008	25.018917	25.017750	25.016518	25.015224	25.013870	25.012466	25.011013	25.009520	25.007988	25.006428	25.004841	25.003239	25.001621	
25.001839	25.003666	25.005486	25.007273	25.009045	25.010769	25.012470	25.014107	25.015705	25.017231	25.018702	25.020092	25.021412	25.022648	25.023802	25.024862	25.025829	25.026699	25.027466	25.028130	25.028687	25.029137	25.029472	25.029699	25.029810	25.029810	25.029697	25.029472	25.029135	25.028687	25.028130	25.027466	25.026695	25.025829	25.024860	25.023800	25.022650	25.021412	25.020092	25.018698	25.017231	25.015701	25.014111	25.012465	25.010775	25.009041	25.007275	25.005482	25.003664	25.001835	
25.002045	25.004082	25.006098	25.008099	25.010059	25.011993	25.013866	25.015705	25.017471	25.019176	25.020805	25.022360	25.023827	25.025204	25.026484	25.027664	25.028742	25.029709	25.030563	25.031301	25.031921	25.032419	25.032795	25.033047	25.033173	25.033173	25.033047	25.032795	25.032419	25.031921	25.031303	25.030561	25.029709	25.028740	25.027666	25.026485	25.025204	25.023827	25.022358	25.020805	25.019176	25.017471	25.015699	25.013870	25.011988	25.010061	25.008095	25.006100	25.004078	25.002043	
25.002243	25.004477	25.006697	25.008884	25.011044	25.013157	25.015226	25.017231	25.019176	25.021042	25.022835	25.024538	25.026150	25.027660	25.029068	25.030365	25.031546	25.032606	25.033543	25.034353	25.035034	25.035582	25.035994	25.036268	25.036406	25.036407	25.036266	25.035992	25.035582	25.035034	25.034353	25.033545	25.032604	25.031548	25.030363	25.029068	25.027660	25.026150	25.024538	25.022835	25.021044	25.019175	25.017231	25.015223	25.013159	25.011040	25.008884	25.006695	25.004478	25.002243	
25.002434	25.004858	25.007263	25.009644	25.011980	25.014282	25.016518	25.018700	25.020805	25.022837	25.024776	25.026627	25.028374	25.030014	25.031540	25.032948	25.034227	25.035381	25.036396	25.037275	25.038013	25.038609	25.039055	25.039356	25.039505	25.039503	25.039356	25.039053	25.038609	25.038013	25.037277	25.036396	25.035381	25.034225	25.032948	25.031538	25.030014	25.028374	25.026627	25.024776	25.022833	25.020805	25.018696	25.016520	25.014275	25.011982	25.009640	25.007263	25.004856	25.002434	
25.002617	25.005219	25.007805	25.010357	25.012877	25.015341	25.017754	25.020092	25.022358	25.024536	25.026627	25.028612	25.030491	25.032253	25.033894	25.035404	25.036783	25.038017	25.039112	25.040054	25.040848	25.041487	25.041969	25.042290	25.042450	25.042450	25.042288	25.041969	25.041489	25.040848	25.040056	25.039114	25.038017	25.036783	25.035400	25.033894	25.032251	25.030489	25.028610	25.026623	25.024536	25.022354	25.020092	25.017750	25.015343	25.012875	25.010359	25.007805	25.005219	25.002615	
25.002785	25.005562	25.008316	25.011040	25.013720	25.016350	25.018917	25.021414	25.023827	25.026150	25.028374	25.030491	25.032490	25.034370	25.036118	25.037729	25.039196	25.040516	25.041679	25.042686	25.043531	25.044210	25.044724	25.045067	25.045235	25.045237	25.045065	25.044724	25.044212	25.043533	25.042686	25.041677	25.040516	25.039194	25.037729	25.036114	25.034370	25.032490	25.030489	25.028370	25.026146	25.023825	25.021410	25.018915	25.016350	25.013721	25.011040	25.008316	25.005562	25.002787	
25.002949	25.005882	25.008797	25.011677	25.014513	25.017296	25.020012	25.022652	25.025204	25.027664	25.030014	25.032251	25.034370	25.036356	25.038206	25.039906	25.041462	25.042856	25.044090	25.045153	25.046047	25.046764	25.047310	25.047670	25.047852	25.047852	25.047668	25.047310	25.046766	25.046047	25.045155	25.044088	25.042854	25.041462	25.039907	25.038204	25.036354	25.034369	25.032249	25.030010	25.027657	25.025200	25.022648	25.020008	25.017294	25.014511	25.011677	25.008797	25.005884	25.002949	
25.003098	25.006184	25.009245	25.012272	25.015253	25.018173	25.021030	25.023802	25.026485	25.029068	25.031542	25.033894	25.036118	25.038204	25.040146	25.041939	25.043568	25.045036	25.046329	25.047451	25.048389	25.049145	25.049713	25.050095	25.050285	25.050285	25.050095	25.049713	25.049145	25.048388	25.047447	25.046329	25.045036	25.043568	25.041939	25.040146	25.038204	25.036114	25.033890	25.031538	25.029064	25.026482	25.023798	25.021027	25.018173	25.015251	25.012268	25.009243	25.006182	25.003098	
25.003235	25.006458	25.009655	25.012821	25.015930	25.018988	25.021965	25.024864	25.027668	25.030365	25.032948	25.035404	25.037729	25.039907	25.041939	25.043808	25.045513	25.047041	25.048397	25.049564	25.050549	25.051336	25.051929	25.052330	25.052528	25.052528	25.052330	25.051933	25.051334	25.050547	25.049564	25.048395	25.047043	25.045511	25.043806	25.041935	25.039906	25.037725	25.035400	25.032944	25.030363	25.027660	25.024860	25.021963	25.018984	25.015930	25.012817	25.009655	25.006458	25.003235	
25.003361	25.006708	25.010033	25.013317	25.016552	25.019722	25.022820	25.025829	25.028740	25.031546	25.034229	25.036781	25.039196	25.041462	25.043570	25.045513	25.047283	25.048876	25.050278	25.051495	25.052513	25.053333	25.053949	25.054363	25.054571	25.054569	25.054363	25.053951	25.053333	25.052509	25.051491	25.050278	25.048872	25.047279	25.045511	25.043568	25.041458	25.039192	25.036781	25.034225	25.031544	25.028740	25.025826	25.022818	25.019722	25.016552	25.013317	25.010031	25.006710	25.003361	
25.003471	25.006935	25.010368	25.013765	25.017107	25.020388	25.023586	25.026699	25.029709	25.032608	25.035381	25.038021	25.040516	25.042856	25.045036	25.047043	25.048874	25.050518	25.051971	25.053226	25.054279	25.055126	25.055763	25.056194	25.056406	25.056406	25.056192	25.055767	25.055126	25.054279	25.053223	25.051970	25.050518	25.048870	25.047043	25.045033	25.042854	25.040514	25.038017	25.035379	25.032604	25.029707	25.026695	25.023584	25.020386	25.017109	25.013763	25.010370	25.006935	25.003475	
25.003572	25.007133	25.010670	25.014160	25.017601	25.020969	25.024265	25.027466	25.030563	25.033545	25.036400	25.039112	25.041679	25.044090	25.046329	25.048399	25.050280	25.051971	25.053465	25.054758	25.055840	25.056713	25.057369	25.057808	25.058029	25.058029	25.057808	25.057367	25.056713	25.055836	25.054756	25.053465	25.051968	25.050278	25.048393	25.046329	25.044086	25.041676	25.039112	25.036396	25.033543	25.030560	25.027466	25.024265	25.020971	25.017601	25.014160	25.010668	25.007133	25.003574	
25.003658	25.007307	25.010925	25.014502	25.018024	25.021481	25.024851	25.028130	25.031303	25.034355	25.037277	25.040058	25.042686	25.045155	25.047451	25.049564	25.051495	25.053226	25.054756	25.056080	25.057190	25.058083	25.058756	25.059204	25.059429	25.059431	25.059204	25.058758	25.058079	25.057190	25.056076	25.054756	25.053226	25.051493	25.049566	25.047447	25.045151	25.042686	25.040054	25.037277	25.034351	25.031300	25.028130	25.024849	25.021479	25.018024	25.014503	25.010925	25.007305	25.003660	
25.003731	25.007450	25.011143	25.014790	25.018379	25.021904	25.025343	25.028687	25.031921	25.035034	25.038017	25.040852	25.043531	25.046049	25.048389	25.050549	25.052513	25.054281	25.055840	25.057190	25.058319	25.059231	25.059919	25.060377	25.060606	25.060608	25.060375	25.059917	25.059233	25.058321	25.057190	25.055840	25.054279	25.052513	25.050545	25.048388	25.046047	25.043530	25.040848	25.038013	25.035034	25.031919	25.028687	25.025341	25.021904	25.018381	25.014790	25.011143	25.007450	25.003731	
25.003788	25.007566	25.011314	25.015022	25.018669	25.022247	25.025738	25.029137	25.032417	25.035582	25.038609	25.041489	25.044212	25.046768	25.049149	25.051334	25.053333	25.055126	25.056711	25.058083	25.059231	25.060158	25.060852	25.061319	25.061552	25.061554	25.061321	25.060854	25.060158	25.059231	25.058083	25.056711	25.055126	25.053331	25.051334	25.049143	25.046764	25.044210	25.041485	25.038605	25.035580	25.032417	25.029133	25.025738	25.022247	25.018669	25.015022	25.011314	25.007568	25.003790	
25.003832	25.007654	25.011448	25.015194	25.018885	25.022505	25.026039	25.029472	25.032795	25.035994	25.039055	25.041969	25.044724	25.047310	25.049713	25.051933	25.053949	25.055767	25.057369	25.058754	25.059917	25.060854	25.061560	25.062031	25.062265	25.062267	25.062031	25.061562	25.060852	25.059919	25.058756	25.057369	25.055763	25.053951	25.051929	25.049713	25.047306	25.044722	25.041965	25.039055	25.035992	25.032795	25.029470	25.026037	25.022505	25.018887	25.015194	25.011446	25.007656	25.003834	
25.003862	25.007710	25.011532	25.015310	25.019030	25.022678	25.026237	25.029697	25.033045	25.036268	25.039352	25.042290	25.045067	25.047668	25.050095	25.052328	25.054363	25.056194	25.057808	25.059206	25.060375	25.061319	25.062029	25.062508	25.062744	25.062744	25.062506	25.062031	25.061321	25.060377	25.059204	25.057808	25.056192	25.054363	25.052326	25.050093	25.047670	25.045063	25.042290	25.039352	25.036270	25.033045	25.029697	25.026237	25.022676	25.019028	25.015312	25.011534	25.007713	25.003864	
25.003876	25.007740	25.011578	25.015369	25.019102	25.022762	25.026337	25.029810	25.033171	25.036407	25.039505	25.042452	25.045238	25.047852	25.050285	25.052528	25.054569	25.056406	25.058029	25.059431	25.060606	25.061552	25.062267	25.062744	25.062983	25.062981	25.062744	25.062265	25.061554	25.060608	25.059429	25.058029	25.056406	25.054569	25.052528	25.050285	25.047852	25.045235	25.042450	25.039503	25.036406	25.033171	25.029808	25.026337	25.022762	25.019102	25.015369	25.011578	25.007744	25.003880	
25.003876	25.007740	25.011578	25.015369	25.019102	25.022762	25.026337	25.029810	25.033171	25.036407	25.039505	25.042452	25.045238	25.047852	25.050285	25.052528	25.054569	25.056406	25.058029	25.059431	25.060606	25.061552	25.062267	25.062744	25.062983	25.062981	25.062744	25.062265	25.061554	25.060608	25.059429	25.058029	25.056406	25.054569	25.052528	25.050285	25.047852	25.045235	25.042450	25.039503	25.036406	25.033171	25.029808	25.026337	25.022762	25.019102	25.015369	25.011578	25.007744	25.003880	
25.003862	25.007710	25.011532	25.015310	25.019030	25.022678	25.026237	25.029697	25.033045	25.036268	25.039352	25.042290	25.045067	25.047668	25.050095	25.052328	25.054363	25.056194	25.057808	25.059206	25.060375	25.061319	25.062029	25.062508	25.062744	25.062744	25.062506	25.062031	25.061321	25.060377	25.059204	25.057808	25.056192	25.054363	25.052326	25.050093	25.047670	25.045063	25.042290	25.039352	25.036270	25.033045	25.029697	25.026237	25.022676	25.019028	25.015312	25.011534	25.007713	25.003864	
25.003832	25.007654	25.011448	25.015194	25.018885	25.022505	25.026039	25.029472	25.032795	25.035994	25.039055	25.041969	25.044724	25.047310	25.049713	25.051933	25.053949	25.055767	25.057369	25.058754	25.059917	25.060854	25.061560	25.062031	25.062265	25.062267	25.062031	25.061562	25.060852	25.059919	25.058756	25.057369	25.055763	25.053951	25.051929	25.049713	25.047306	25.044722	25.041965	25.039055	25.035992	25.032795	25.029470	25.026037	25.022505	25.018887	25.015194	25.011446	25.007656	25.003834	
25.003788	25.007566	25.011314	25.015022	25.018669	25.022247	25.025738	25.029137	25.032417	25.035582	25.038609	25.041489	25.044212	25.046768	25.049149	25.051334	25.053333	25.055126	25.056711	25.058083	25.059231	25.060158	25.060852	25.061319	25.061552	25.061554	25.061321	25.060854	25.060158	25.059231	25.058083	25.056711	25.055126	25.053331	25.051334	25.049143	25.046764	25.044210	25.041485	25.038605	25.035580	25.032417	25.029133	25.025738	25.022247	25.018669	25.015022	25.011314	25.007568	25.003790	
25.003731	25.007450	25.011143	25.014790	25.018379	25.021904	25.025343	25.028687	25.031921	25.035034	25.038017	25.040852	25.043531	25.046049	25.048389	25.050549	25.052513	25.054281	25.055840	25.057190	25.058319	25.059231	25.059919	25.060377	25.060606	25.060608	25.060375	25.059917	25.059233	25.058321	25.057190	25.055840	25.054279	25.052513	25.050545	25.048388	25.046047	25.043530	25.040848	25.038013	25.035034	25.031919	25.028687	25.025341	25.021904	25.018381	25.014790	25.011143	25.007450	25.003731	
25.003658	25.007307	25.010925	25.014502	25.018024	25.021481	25.024851	25.028130	25.031303	25.034355	25.037277	25.040058	25.042686	25.045155	25.047451	25.049564	25.051495	25.053226	25.054756	25.056080	25.057190	25.058083	25.058756	25.059204	25.059429	25.059431	25.059204	25.058758	25.058079	25.057190	25.056076	25.054756	25.053226	25.051493	25.049566	25.047447	25.045151	25.042686	25.040054	25.037277	25.034351	25.031300	25.028130	25.024849	25.021479	25.018024	25.014503	25.010925	25.007305	25.003660	
25.003572	25.007133	25.010670	25.014160	25.017601	25.020969	25.024265	25.027466	25.030563	25.033545	25.036400	25.039112	25.041679	25.044090	25.046329	25.048399	25.050280	25.051971	25.053465	25.054758	25.055840	25.056713	25.057369	25.057808	25.058029	25.058029	25.057808	25.057367	25.056713	25.055836	25.054756	25.053465	25.051968	25.050278	25.048393	25.046329	25.044086	25.041676	25.039112	25.036396	25.033543	25.030560	25.027466	25.024265	25.020971	25.017601	25.014160	25.010668	25.007133	25.003574	
25.003471	25.006935	25.010368	25.013765	25.017107	25.020388	25.023586	25.026699	25.029709	25.032608	25.035381	25.038021	25.040516	25.042856	25.045036	25.047043	25.048874	25.050518	25.051971	25.053226	25.054279	25.055126	25.055763	25.056194	25.056406	25.056406	25.056192	25.055767	25.055126	25.054279	25.053223	25.051970	25.050518	25.048870	25.047043	25.045033	25.042854	25.040514	25.038017	25.035379	25.032604	25.029707	25.026695	25.023584	25.020386	25.017109	25.013763	25.010370	25.006935	25.003475	
25.003361	25.006708	25.010033	25.013317	25.016552	25.019722	25.022820	25.025829	25.028740	25.031546	25.034229	25.036781	25.039196	25.041462	25.043570	25.045513	25.047283	25.048876	25.050278	25.051495	25.052513	25.053333	25.053949	25.054363	25.054571	25.054569	25.054363	25.053951	25.053333	25.052509	25.051491	25.050278	25.048872	25.047279	25.045511	25.043568	25.041458	25.039192	25.036781	25.034225	25.031544	25.028740	25.025826	25.022818	25.019722	25.016552	25.013317	25.010031	25.006710	25.003361	
25.003235	25.006458	25.009655	25.012821	25.015930	25.018988	25.021965	25.024864	25.027668	25.030365	25.032948	25.035404	25.037729	25.039907	25.041939	25.043808	25.045513	25.047041	25.048397	25.049564	25.050549	25.051336	25.051929	25.052330	25.052528	25.052528	25.052330	25.051933	25.051334	25.050547	25.049564	25.048395	25.047043	25.045511	25.043806	25.041935	25.039906	25.037725	25.035400	25.032944	25.030363	25.027660	25.024860	25.021963	25.018984	25.015930	25.012817	25.009655	25.006458	25.003235	
25.003098	25.006184	25.009245	25.012272	25.015253	25.018173	25.021030	25.023802	25.026485	25.029068	25.031542	25.033894	25.036118	25.038204	25.040146	25.041939	25.043568	25.045036	25.046329	25.047451	25.048389	25.049145	25.049713	25.050095	25.050285	25.050285	25.050095	25.049713	25.049145	25.048388	25.047447	25.046329	25.045036	25.043568	25.041939	25.040146	25.038204	25.036114	25.033890	25.031538	25.029064	25.026482	25.023798	25.021027	25.018173	25.015251	25.012268	25.009243	25.006182	25.003098	
25.002949	25.005882	25.008797	25.011677	25.014513	25.017296	25.020012	25.022652	25.025204	25.027664	25.030014	25.032251	25.034370	25.036356	25.038206	25.039906	25.041462	25.042856	25.044090	25.045153	25.046047	25.046764	25.047310	25.047670	25.047852	25.047852	25.047668	25.047310	25.046766	25.046047	25.045155	25.044088	25.042854	25.041462	25.039907	25.038204	25.036354	25.034369	25.032249	25.030010	25.027657	25.025200	25.022648	25.020008	25.017294	25.014511	25.011677	25.008797	25.005884	25.002949	
25.002785	25.005562	25.008316	25.011040	25.013720	25.016350	25.018917	25.021414	25.023827	25.026150	25.028374	25.030491	25.032490	25.034370	25.036118	25.037729	25.039196	25.040516	25.041679	25.042686	25.043531	25.044210	25.044724	25.045067	25.045235	25.045237	25.045065	25.044724	25.044212	25.043533	25.042686	25.041677	25.040516	25.039194	25.037729	25.036114	25.034370	25.032490	25.030489	25.028370	25.026146	25.023825	25.021410	25.018915	25.016350	25.013721	25.011040	25.008316	25.005562	25.002787	
25.002617	25.005219	25.007805	25.010357	25.012877	25.015341	25.017754	25.020092	25.022358	25.024536	25.026627	25.028612	25.030491	25.032253	25.033894	25.035404	25.036783	25.038017	25.039112	25.040054	25.040848	25.041487	25.041969	25.042290	25.042450	25.042450	25.042288	25.041969	25.041489	25.040848	25.040056	25.039114	25.038017	25.036783	25.035400	25.033894	25.032251	25.030489	25.028610	25.026623	25.024536	25.022354	25.020092	25.017750	25.015343	25.012875	25.010359	25.007805	25.005219	25.002615	
25.002434	25.004858	25.007263	25.009644	25.011980	25.014282	25.016518	25.018700	25.020805	25.022837	25.024776	25.026627	25.028374	25.030014	25.031540	25.032948	25.034227	25.035381	25.036396	25.037275	25.038013	25.038609	25.039055	25.039356	25.039505	25.039503	25.039356	25.039053	25.038609	25.038013	25.037277	25.036396	25.035381	25.034225	25.032948	25.031538	25.030014	25.028374	25.026627	25.024776	25.022833	25.020805	25.018696	25.016520	25.014275	25.011982	25.009640	25.007263	25.004856	25.002434	
25.002243	25.004477	25.006697	25.008884	25.011044	25.013157	25.015226	25.017231	25.019176	25.021042	25.022835	25.024538	25.026150	25.027660	25.029068	25.030365	25.031546	25.032606	25.033543	25.034353	25.035034	25.035582	25.035994	25.036268	25.036406	25.036407	25.036266	25.035992	25.035582	25.035034	25.034353	25.033545	25.032604	25.031548	25.030363	25.029068	25.027660	25.026150	25.024538	25.022835	25.021044	25.019175	25.017231	25.015223	25.013159	25.011040	25.008884	25.006695	25.004478	25.002243	
25.002045	25.004082	25.006098	25.008099	25.010059	25.011993	25.013866	25.015705	25.017471	25.019176	25.020805	25.022360	25.023827	25.025204	25.026484	25.027664	25.028742	25.029709	25.030563	25.031301	25.031921	25.032419	25.032795	25.033047	25.033173	25.033173	25.033047	25.032795	25.032419	25.031921	25.031303	25.030561	25.029709	25.028740	25.027666	25.026485	25.025204	25.023827	25.022358	25.020805	25.019176	25.017471	25.015699	25.013870	25.011988	25.010061	25.008095	25.006100	25.004078	25.002043	
25.001839	25.003666	25.005486	25.007273	25.009045	25.010769	25.012470	25.014107	25.015705	25.017231	25.018702	25.020092	25.021412	25.022648	25.023802	25.024862	25.025829	25.026699	25.027466	25.028130	25.028687	25.029137	25.029472	25.029699	25.029810	25.029810	25.029697	25.029472	25.029135	25.028687	25.028130	25.027466	25.026695	25.025829	25.024860	25.023800	25.022650	25.021412	25.020092	25.018698	25.017231	25.015701	25.014111	25.012465	25.010775	25.009041	25.007275	25.005482	25.003664	25.001835	
25.001621	25.003241	25.004841	25.006432	25.007984	25.009521	25.011011	25.012468	25.013870	25.015228	25.016520	25.017754	25.018917	25.020012	25.021027	25.021967	25.022820	25.023586	25.024265	25.024851	25.025345	25.025740	25.026037	25.026237	25.026337	25.026337	25.026236	25.026039	25.025740	25.025345	25.024853	25.024263	25.023588	25.022818	25.021965	25.021027	25.020008	25.018917	25.017750	25.016518	25.015224	25.013870	25.012466	25.011013	25.009520	25.007988	25.006428	25.004841	25.003239	25.001621	
25.001404	25.002796	25.004189	25.005550	25.006905	25.008224	25.009520	25.010773	25.011990	25.013159	25.014278	25.015343	25.016350	25.017292	25.018173	25.018984	25.019724	25.020386	25.020973	25.021477	25.021904	25.022245	25.022503	25.022675	25.022762	25.022762	25.022676	25.022503	25.022247	25.021906	25.021479	25.020973	25.020386	25.019722	25.018984	25.018171	25.017296	25.016350	25.015343	25.014278	25.013157	25.011990	25.010773	25.009518	25.008226	25.006905	25.005554	25.004185	25.002798	25.001402	
25.001175	25.002350	25.003510	25.004663	25.005791	25.006905	25.007984	25.009045	25.010059	25.011044	25.011982	25.012875	25.013720	25.014515	25.015251	25.015930	25.016552	25.017107	25.017599	25.018024	25.018383	25.018669	25.018885	25.019028	25.019104	25.019102	25.019032	25.018887	25.018669	25.018381	25.018024	25.017597	25.017109	25.016550	25.015930	25.015251	25.014513	25.013721	25.012875	25.011982	25.011044	25.010059	25.009043	25.007988	25.006905	25.005795	25.004663	25.003510	25.002350	25.001179	
25.000946	25.001888	25.002827	25.003748	25.004662	25.005554	25.006428	25.007273	25.008097	25.008884	25.009640	25.010361	25.011040	25.011677	25.012270	25.012819	25.013317	25.013763	25.014160	25.014503	25.014790	25.015022	25.015194	25.015312	25.015369	25.015371	25.015312	25.015194	25.015022	25.014790	25.014503	25.014160	25.013763	25.013317	25.012817	25.012272	25.011677	25.011040	25.010361	25.009642	25.008884	25.008095	25.007275	25.006428	25.005554	25.004663	25.003750	25.002827	25.001888	25.000946	
25.000713	25.001423	25.002127	25.002825	25.003510	25.004185	25.004841	25.005480	25.006098	25.006695	25.007261	25.007805	25.008316	25.008797	25.009245	25.009655	25.010033	25.010368	25.010668	25.010925	25.011141	25.011314	25.011448	25.011536	25.011580	25.011580	25.011536	25.011448	25.011316	25.011143	25.010925	25.010670	25.010368	25.010031	25.009655	25.009243	25.008797	25.008316	25.007805	25.007263	25.006695	25.006096	25.005482	25.004841	25.004185	25.003511	25.002827	25.002129	25.001423	25.000713	
25.000477	25.000950	25.001423	25.001888	25.002350	25.002798	25.003237	25.003666	25.004078	25.004475	25.004856	25.005219	25.005562	25.005882	25.006182	25.006458	25.006706	25.006935	25.007133	25.007305	25.007452	25.007566	25.007656	25.007715	25.007744	25.007744	25.007717	25.007656	25.007568	25.007450	25.007307	25.007133	25.006935	25.006710	25.006458	25.006184	25.005882	25.005562	25.005220	25.004856	25.004475	25.004080	25.003664	25.003239	25.002800	25.002350	25.001890	25.001425	25.000950	25.000477	
25.000240	25.000477	25.000711	25.000946	25.001175	25.001402	25.001621	25.001835	25.002045	25.002243	25.002432	25.002615	25.002787	25.002945	25.003098	25.003233	25.003361	25.003475	25.003574	25.003660	25.003733	25.003792	25.003834	25.003864	25.003880	25.003880	25.003864	25.003836	25.003792	25.003731	25.003660	25.003574	25.003475	25.003361	25.003237	25.003098	25.002947	25.002789	25.002617	25.002434	25.002243	25.002043	25.001837	25.001621	25.001400	25.001177	25.000948	25.000713	25.000477	25.000238	
