25.002190	25.004372	25.006538	25.008677	25.010784	25.012848	25.014866	25.016827	25.018726	25.020550	25.022301	25.023964	25.025537	25.027014	25.028385	25.029655	25.030804	25.031843	25.032761	25.033550	25.034214	25.034750	25.035152	25.035421	25.035557	25.035557	25.035421	25.035152	25.034750	25.034214	25.033550	25.032761	25.031845	25.030807	25.029654	25.028389	25.027012	25.025537	25.023964	25.022301	25.020552	25.018726	25.016827	25.014866	25.012848	25.010782	25.008675	25.006536	25.004372	25.002190	
25.004372	25.008728	25.013046	25.017321	25.021526	25.025650	25.029676	25.033592	25.037380	25.041027	25.044516	25.047836	25.050976	25.053923	25.056667	25.059193	25.061497	25.063564	25.065393	25.066975	25.068302	25.069366	25.070171	25.070707	25.070978	25.070980	25.070705	25.070171	25.069365	25.068300	25.066975	25.065395	25.063564	25.061497	25.059193	25.056665	25.053925	25.050976	25.047838	25.044518	25.041027	25.037378	25.033592	25.029675	25.025650	25.021524	25.017319	25.013046	25.008726	25.004372	
25.006538	25.013046	25.019510	25.025898	25.032185	25.038353	25.044376	25.050228	25.055893	25.061344	25.066563	25.071529	25.076225	25.080629	25.084730	25.088509	25.091953	25.095049	25.097782	25.100143	25.102125	25.103722	25.104923	25.105726	25.106131	25.106129	25.105728	25.104921	25.103722	25.102125	25.100145	25.097782	25.095047	25.091951	25.088511	25.084732	25.080631	25.076225	25.071529	25.066563	25.061344	25.055893	25.050226	25.044376	25.038353	25.032187	25.025894	25.019508	25.013046	25.006535	
25.008675	25.017321	25.025894	25.034374	25.042725	25.050911	25.058905	25.066675	25.074192	25.081430	25.088356	25.094952	25.101181	25.107031	25.112474	25.117489	25.122059	25.126167	25.129797	25.132931	25.135567	25.137684	25.139278	25.140343	25.140881	25.140879	25.140343	25.139278	25.137680	25.135565	25.132933	25.129795	25.126167	25.122061	25.117489	25.112476	25.107033	25.101183	25.094950	25.088356	25.081429	25.074192	25.066677	25.058903	25.050913	25.042723	25.034376	25.025894	25.017319	25.008675	
25.010784	25.021526	25.032185	25.042723	25.053101	25.063274	25.073212	25.082870	25.092213	25.101206	25.109816	25.118008	25.125757	25.133026	25.139790	25.146025	25.151703	25.156811	25.161320	25.165218	25.168491	25.171122	25.173103	25.174431	25.175095	25.175095	25.174431	25.173103	25.171120	25.168488	25.165218	25.161320	25.156809	25.151705	25.146027	25.139790	25.133026	25.125757	25.118010	25.109814	25.101208	25.092213	25.082867	25.073212	25.063274	25.053102	25.042721	25.032188	25.021524	25.010782	
25.012848	25.025650	25.038353	25.050911	25.063274	25.075399	25.087238	25.098747	25.109880	25.120598	25.130856	25.140623	25.149853	25.158516	25.166576	25.174007	25.180775	25.186857	25.192234	25.196877	25.200775	25.203915	25.206276	25.207855	25.208649	25.208647	25.207855	25.206274	25.203911	25.200775	25.196877	25.192230	25.186859	25.180771	25.174006	25.166576	25.158516	25.149855	25.140621	25.130859	25.120598	25.109882	25.098747	25.087238	25.075401	25.063274	25.050913	25.038351	25.025648	25.012848	
25.014868	25.029678	25.044374	25.058905	25.073210	25.087238	25.100937	25.114252	25.127132	25.139530	25.151405	25.162701	25.173382	25.183405	25.192730	25.201326	25.209158	25.216198	25.222416	25.227791	25.232300	25.235928	25.238663	25.240490	25.241405	25.241405	25.240490	25.238663	25.235929	25.232298	25.227791	25.222414	25.216194	25.209160	25.201324	25.192732	25.183405	25.173382	25.162704	25.151405	25.139538	25.127136	25.114252	25.100937	25.087238	25.073210	25.058903	25.044374	25.029675	25.014866	
25.016830	25.033592	25.050228	25.066673	25.082867	25.098747	25.114252	25.129322	25.143902	25.157940	25.171375	25.184164	25.196253	25.207600	25.218155	25.227884	25.236748	25.244713	25.251755	25.257837	25.262941	25.267052	25.270145	25.272213	25.273251	25.273251	25.272215	25.270145	25.267050	25.262943	25.257835	25.251755	25.244717	25.236748	25.227884	25.218155	25.207596	25.196255	25.184166	25.171379	25.157940	25.143908	25.129326	25.114254	25.098747	25.082867	25.066673	25.050226	25.033592	25.016827	
25.018726	25.037380	25.055891	25.074192	25.092209	25.109882	25.127132	25.143906	25.160130	25.175747	25.190699	25.204929	25.218380	25.231003	25.242752	25.253578	25.263443	25.272308	25.280138	25.286907	25.292589	25.297161	25.300602	25.302904	25.304058	25.304060	25.302904	25.300604	25.297159	25.292587	25.286907	25.280140	25.272306	25.263443	25.253576	25.242752	25.231005	25.218380	25.204931	25.190701	25.175751	25.160130	25.143906	25.127132	25.109882	25.092211	25.074192	25.055889	25.037380	25.018724	
25.020554	25.041023	25.061342	25.081425	25.101204	25.120598	25.139534	25.157938	25.175747	25.192888	25.209297	25.224915	25.239677	25.253532	25.266426	25.278309	25.289135	25.298862	25.307461	25.314888	25.321123	25.326139	25.329922	25.332447	25.333714	25.333714	25.332451	25.329920	25.326141	25.321125	25.314890	25.307461	25.298866	25.289135	25.278309	25.266426	25.253534	25.239681	25.224918	25.209301	25.192888	25.175749	25.157940	25.139534	25.120596	25.101206	25.081429	25.061344	25.041025	25.020552	
25.022301	25.044516	25.066559	25.088354	25.109812	25.130856	25.151402	25.171375	25.190697	25.209297	25.227104	25.244049	25.260067	25.275101	25.289091	25.301987	25.313732	25.324291	25.333614	25.341679	25.348442	25.353889	25.357985	25.360731	25.362103	25.362106	25.360729	25.357990	25.353886	25.348446	25.341679	25.333616	25.324291	25.313732	25.301987	25.289093	25.275103	25.260069	25.244049	25.227104	25.209299	25.190697	25.171379	25.151402	25.130857	25.109812	25.088356	25.066563	25.044514	25.022301	
25.023964	25.047834	25.071526	25.094944	25.118008	25.140617	25.162697	25.184160	25.204926	25.224915	25.244049	25.262257	25.279470	25.295626	25.310659	25.324514	25.337139	25.348484	25.358509	25.367168	25.374441	25.380287	25.384697	25.387642	25.389122	25.389120	25.387646	25.384697	25.380291	25.374441	25.367172	25.358509	25.348484	25.337139	25.324514	25.310661	25.295628	25.279472	25.262257	25.244049	25.224913	25.204929	25.184158	25.162701	25.140617	25.118010	25.094946	25.071529	25.047838	25.023964	
25.025536	25.050976	25.076221	25.101179	25.125751	25.149849	25.173378	25.196247	25.218376	25.239677	25.260067	25.279469	25.297815	25.315029	25.331047	25.345818	25.359266	25.371359	25.382038	25.391273	25.399014	25.405251	25.409945	25.413088	25.414658	25.414663	25.413086	25.409948	25.405251	25.399017	25.391270	25.382038	25.371357	25.359268	25.345818	25.331051	25.315033	25.297813	25.279472	25.260067	25.239677	25.218374	25.196251	25.173376	25.149851	25.125751	25.101181	25.076221	25.050976	25.025537	
25.027012	25.053921	25.080627	25.107025	25.133022	25.158508	25.183399	25.207592	25.230999	25.253529	25.275097	25.295624	25.315027	25.333237	25.350185	25.365801	25.380033	25.392818	25.404121	25.413885	25.422081	25.428673	25.433640	25.436962	25.438629	25.438625	25.436966	25.433641	25.428675	25.422081	25.413887	25.404121	25.392822	25.380035	25.365803	25.350185	25.333239	25.315031	25.295624	25.275101	25.253529	25.230999	25.207592	25.183401	25.158508	25.133020	25.107027	25.080627	25.053925	25.027012	
25.028387	25.056664	25.084728	25.112469	25.139784	25.166571	25.192726	25.218147	25.242744	25.266420	25.289085	25.310658	25.331047	25.350183	25.367990	25.384403	25.399353	25.412796	25.424667	25.434933	25.443542	25.450474	25.455690	25.459183	25.460932	25.460936	25.459183	25.455692	25.450474	25.443542	25.434933	25.424669	25.412798	25.399357	25.384405	25.367992	25.350185	25.331049	25.310658	25.289087	25.266422	25.242744	25.218149	25.192724	25.166573	25.139786	25.112469	25.084726	25.056664	25.028387	
25.029652	25.059189	25.088505	25.117483	25.146019	25.174000	25.201319	25.227877	25.253571	25.278301	25.301979	25.324509	25.345810	25.365799	25.384403	25.401543	25.417168	25.431204	25.443609	25.454327	25.463326	25.470562	25.476017	25.479660	25.481491	25.481487	25.479664	25.476015	25.470562	25.463326	25.454327	25.443607	25.431206	25.417168	25.401546	25.384403	25.365799	25.345814	25.324512	25.301981	25.278301	25.253571	25.227879	25.201321	25.174000	25.146019	25.117485	25.088505	25.059193	25.029652	
25.030804	25.061493	25.091948	25.122053	25.151699	25.180767	25.209150	25.236740	25.263435	25.289129	25.313725	25.337132	25.359261	25.380028	25.399353	25.417164	25.433392	25.447979	25.460861	25.472002	25.481346	25.488869	25.494530	25.498320	25.500216	25.500219	25.498318	25.494534	25.488867	25.481346	25.472002	25.460863	25.447979	25.433395	25.417168	25.399357	25.380032	25.359264	25.337135	25.313725	25.289127	25.263433	25.236740	25.209148	25.180769	25.151699	25.122055	25.091949	25.061493	25.030806	
25.031841	25.063562	25.095043	25.126160	25.156801	25.186850	25.216187	25.244707	25.272297	25.298857	25.324284	25.348476	25.371351	25.392818	25.412792	25.431202	25.447977	25.463051	25.476372	25.487883	25.497545	25.505314	25.511173	25.515085	25.517052	25.517048	25.515089	25.511171	25.505318	25.497543	25.487885	25.476374	25.463055	25.447979	25.431206	25.412792	25.392818	25.371353	25.348478	25.324284	25.298855	25.272299	25.244705	25.216190	25.186852	25.156803	25.126162	25.095043	25.063564	25.031841	
25.032757	25.065390	25.097775	25.129791	25.161312	25.192223	25.222404	25.251745	25.280130	25.307453	25.333607	25.358498	25.382032	25.404112	25.424664	25.443600	25.460859	25.476370	25.490070	25.501915	25.511852	25.519852	25.525871	25.529903	25.531918	25.531921	25.529900	25.525873	25.519852	25.511856	25.501917	25.490074	25.476372	25.460863	25.443607	25.424665	25.404116	25.382034	25.358501	25.333609	25.307453	25.280128	25.251745	25.222404	25.192225	25.161312	25.129791	25.097776	25.065392	25.032757	
25.033546	25.066969	25.100136	25.132927	25.165211	25.196869	25.227779	25.257828	25.286900	25.314880	25.341669	25.367163	25.391260	25.413879	25.434923	25.454323	25.471996	25.487881	25.501915	25.514042	25.524221	25.532410	25.538582	25.542706	25.544773	25.544771	25.542707	25.538580	25.532413	25.524223	25.514046	25.501915	25.487885	25.472000	25.454325	25.434927	25.413879	25.391266	25.367161	25.341671	25.314880	25.286900	25.257828	25.227779	25.196869	25.165211	25.132927	25.100136	25.066971	25.033550	
25.034210	25.068295	25.102119	25.135557	25.168482	25.200764	25.232288	25.262932	25.292578	25.321115	25.348434	25.374432	25.399008	25.422073	25.443539	25.463318	25.481342	25.497541	25.511850	25.524220	25.534599	25.542953	25.549240	25.553453	25.555557	25.555561	25.553450	25.549244	25.542950	25.534603	25.524221	25.511852	25.497543	25.481342	25.463320	25.443537	25.422073	25.399010	25.374434	25.348433	25.321117	25.292580	25.262932	25.232290	25.200766	25.168480	25.135559	25.102121	25.068296	25.034214	
25.034748	25.069363	25.103714	25.137674	25.171112	25.203903	25.235918	25.267040	25.297150	25.326130	25.353878	25.380281	25.405241	25.428667	25.450464	25.470556	25.488861	25.505314	25.519848	25.532408	25.542952	25.551432	25.557823	25.562096	25.564240	25.564238	25.562099	25.557823	25.551434	25.542952	25.532412	25.519848	25.505314	25.488861	25.470558	25.450468	25.428669	25.405243	25.380280	25.353878	25.326130	25.297150	25.267040	25.235916	25.203899	25.171112	25.137674	25.103716	25.069365	25.034748	
25.035149	25.070168	25.104918	25.139269	25.173096	25.206264	25.238651	25.270134	25.300591	25.329910	25.357975	25.384687	25.409937	25.433632	25.455685	25.476009	25.494526	25.511169	25.525871	25.538578	25.549240	25.557823	25.564285	25.568609	25.570774	25.570776	25.568611	25.564287	25.557821	25.549244	25.538578	25.525871	25.511169	25.494528	25.476009	25.455685	25.433636	25.409939	25.384689	25.357977	25.329910	25.300591	25.270134	25.238653	25.206264	25.173094	25.139271	25.104916	25.070168	25.035151	
25.035419	25.070705	25.105719	25.140337	25.174421	25.207844	25.240480	25.272202	25.302895	25.332436	25.360718	25.387634	25.413076	25.436954	25.459175	25.479654	25.498312	25.515083	25.529900	25.542702	25.553450	25.562096	25.568607	25.572966	25.575148	25.575150	25.572968	25.568609	25.562098	25.553452	25.542706	25.529900	25.515087	25.498316	25.479656	25.459179	25.436956	25.413080	25.387634	25.360720	25.332439	25.302895	25.272203	25.240479	25.207844	25.174421	25.140335	25.105722	25.070705	25.035419	
25.035553	25.070972	25.106125	25.140873	25.175085	25.208633	25.241394	25.273239	25.304047	25.333702	25.362091	25.389111	25.414650	25.438618	25.460922	25.481480	25.500212	25.517044	25.531918	25.544769	25.555557	25.564236	25.570774	25.575146	25.577339	25.577337	25.575148	25.570774	25.564236	25.555559	25.544773	25.531918	25.517044	25.500214	25.481483	25.460926	25.438623	25.414654	25.389111	25.362095	25.333704	25.304049	25.273239	25.241394	25.208637	25.175085	25.140873	25.106125	25.070974	25.035555	
25.035553	25.070972	25.106125	25.140873	25.175085	25.208633	25.241394	25.273239	25.304047	25.333702	25.362091	25.389111	25.414650	25.438618	25.460922	25.481480	25.500212	25.517044	25.531918	25.544769	25.555557	25.564236	25.570774	25.575146	25.577339	25.577337	25.575148	25.570774	25.564236	25.555559	25.544773	25.531918	25.517044	25.500214	25.481483	25.460926	25.438623	25.414654	25.389111	25.362095	25.333704	25.304049	25.273239	25.241394	25.208637	25.175085	25.140873	25.106125	25.070974	25.035555	
25.035419	25.070705	25.105719	25.140337	25.174421	25.207844	25.240480	25.272202	25.302895	25.332436	25.360718	25.387634	25.413076	25.436954	25.459175	25.479654	25.498312	25.515083	25.529900	25.542702	25.553450	25.562096	25.568607	25.572966	25.575148	25.575150	25.572968	25.568609	25.562098	25.553452	25.542706	25.529900	25.515087	25.498316	25.479656	25.459179	25.436956	25.413080	25.387634	25.360720	25.332439	25.302895	25.272203	25.240479	25.207844	25.174421	25.140335	25.105722	25.070705	25.035419	
25.035149	25.070168	25.104918	25.139269	25.173096	25.206264	25.238651	25.270134	25.300591	25.329910	25.357975	25.384687	25.409937	25.433632	25.455685	25.476009	25.494526	25.511169	25.525871	25.538578	25.549240	25.557823	25.564285	25.568609	25.570774	25.570776	25.568611	25.564287	25.557821	25.549244	25.538578	25.525871	25.511169	25.494528	25.476009	25.455685	25.433636	25.409939	25.384689	25.357977	25.329910	25.300591	25.270134	25.238653	25.206264	25.173094	25.139271	25.104916	25.070168	25.035151	
25.034748	25.069363	25.103714	25.137674	25.171112	25.203903	25.235918	25.267040	25.297150	25.326130	25.353878	25.380281	25.405241	25.428667	25.450464	25.470556	25.488861	25.505314	25.519848	25.532408	25.542952	25.551432	25.557823	25.562096	25.564240	25.564238	25.562099	25.557823	25.551434	25.542952	25.532412	25.519848	25.505314	25.488861	25.470558	25.450468	25.428669	25.405243	25.380280	25.353878	25.326130	25.297150	25.267040	25.235916	25.203899	25.171112	25.137674	25.103716	25.069365	25.034748	
25.034210	25.068295	25.102119	25.135557	25.168482	25.200764	25.232288	25.262932	25.292578	25.321115	25.348434	25.374432	25.399008	25.422073	25.443539	25.463318	25.481342	25.497541	25.511850	25.524220	25.534599	25.542953	25.549240	25.553453	25.555557	25.555561	25.553450	25.549244	25.542950	25.534603	25.524221	25.511852	25.497543	25.481342	25.463320	25.443537	25.422073	25.399010	25.374434	25.348433	25.321117	25.292580	25.262932	25.232290	25.200766	25.168480	25.135559	25.102121	25.068296	25.034214	
25.033546	25.066969	25.100136	25.132927	25.165211	25.196869	25.227779	25.257828	25.286900	25.314880	25.341669	25.367163	25.391260	25.413879	25.434923	25.454323	25.471996	25.487881	25.501915	25.514042	25.524221	25.532410	25.538582	25.542706	25.544773	25.544771	25.542707	25.538580	25.532413	25.524223	25.514046	25.501915	25.487885	25.472000	25.454325	25.434927	25.413879	25.391266	25.367161	25.341671	25.314880	25.286900	25.257828	25.227779	25.196869	25.165211	25.132927	25.100136	25.066971	25.033550	
25.032757	25.065390	25.097775	25.129791	25.161312	25.192223	25.222404	25.251745	25.280130	25.307453	25.333607	25.358498	25.382032	25.404112	25.424664	25.443600	25.460859	25.476370	25.490070	25.501915	25.511852	25.519852	25.525871	25.529903	25.531918	25.531921	25.529900	25.525873	25.519852	25.511856	25.501917	25.490074	25.476372	25.460863	25.443607	25.424665	25.404116	25.382034	25.358501	25.333609	25.307453	25.280128	25.251745	25.222404	25.192225	25.161312	25.129791	25.097776	25.065392	25.032757	
25.031841	25.063562	25.095043	25.126160	25.156801	25.186850	25.216187	25.244707	25.272297	25.298857	25.324284	25.348476	25.371351	25.392818	25.412792	25.431202	25.447977	25.463051	25.476372	25.487883	25.497545	25.505314	25.511173	25.515085	25.517052	25.517048	25.515089	25.511171	25.505318	25.497543	25.487885	25.476374	25.463055	25.447979	25.431206	25.412792	25.392818	25.371353	25.348478	25.324284	25.298855	25.272299	25.244705	25.216190	25.186852	25.156803	25.126162	25.095043	25.063564	25.031841	
25.030804	25.061493	25.091948	25.122053	25.151699	25.180767	25.209150	25.236740	25.263435	25.289129	25.313725	25.337132	25.359261	25.380028	25.399353	25.417164	25.433392	25.447979	25.460861	25.472002	25.481346	25.488869	25.494530	25.498320	25.500216	25.500219	25.498318	25.494534	25.488867	25.481346	25.472002	25.460863	25.447979	25.433395	25.417168	25.399357	25.380032	25.359264	25.337135	25.313725	25.289127	25.263433	25.236740	25.209148	25.180769	25.151699	25.122055	25.091949	25.061493	25.030806	
25.029652	25.059189	25.088505	25.117483	25.146019	25.174000	25.201319	25.227877	25.253571	25.278301	25.301979	25.324509	25.345810	25.365799	25.384403	25.401543	25.417168	25.431204	25.443609	25.454327	25.463326	25.470562	25.476017	25.479660	25.481491	25.481487	25.479664	25.476015	25.470562	25.463326	25.454327	25.443607	25.431206	25.417168	25.401546	25.384403	25.365799	25.345814	25.324512	25.301981	25.278301	25.253571	25.227879	25.201321	25.174000	25.146019	25.117485	25.088505	25.059193	25.029652	
25.028387	25.056664	25.084728	25.112469	25.139784	25.166571	25.192726	25.218147	25.242744	25.266420	25.289085	25.310658	25.331047	25.350183	25.367990	25.384403	25.399353	25.412796	25.424667	25.434933	25.443542	25.450474	25.455690	25.459183	25.460932	25.460936	25.459183	25.455692	25.450474	25.443542	25.434933	25.424669	25.412798	25.399357	25.384405	25.367992	25.350185	25.331049	25.310658	25.289087	25.266422	25.242744	25.218149	25.192724	25.166573	25.139786	25.112469	25.084726	25.056664	25.028387	
25.027012	25.053921	25.080627	25.107025	25.133022	25.158508	25.183399	25.207592	25.230999	25.253529	25.275097	25.295624	25.315027	25.333237	25.350185	25.365801	25.380033	25.392818	25.404121	25.413885	25.422081	25.428673	25.433640	25.436962	25.438629	25.438625	25.436966	25.433641	25.428675	25.422081	25.413887	25.404121	25.392822	25.380035	25.365803	25.350185	25.333239	25.315031	25.295624	25.275101	25.253529	25.230999	25.207592	25.183401	25.158508	25.133020	25.107027	25.080627	25.053925	25.027012	
25.025536	25.050976	25.076221	25.101179	25.125751	25.149849	25.173378	25.196247	25.218376	25.239677	25.260067	25.279469	25.297815	25.315029	25.331047	25.345818	25.359266	25.371359	25.382038	25.391273	25.399014	25.405251	25.409945	25.413088	25.414658	25.414663	25.413086	25.409948	25.405251	25.399017	25.391270	25.382038	25.371357	25.359268	25.345818	25.331051	25.315033	25.297813	25.279472	25.260067	25.239677	25.218374	25.196251	25.173376	25.149851	25.125751	25.101181	25.076221	25.050976	25.025537	
25.023964	25.047834	25.071526	25.094944	25.118008	25.140617	25.162697	25.184160	25.204926	25.224915	25.244049	25.262257	25.279470	25.295626	25.310659	25.324514	25.337139	25.348484	25.358509	25.367168	25.374441	25.380287	25.384697	25.387642	25.389122	25.389120	25.387646	25.384697	25.380291	25.374441	25.367172	25.358509	25.348484	25.337139	25.324514	25.310661	25.295628	25.279472	25.262257	25.244049	25.224913	25.204929	25.184158	25.162701	25.140617	25.118010	25.094946	25.071529	25.047838	25.023964	
25.022301	25.044516	25.066559	25.088354	25.109812	25.130856	25.151402	25.171375	25.190697	25.209297	25.227104	25.244049	25.260067	25.275101	25.289091	25.301987	25.313732	25.324291	25.333614	25.341679	25.348442	25.353889	25.357985	25.360731	25.362103	25.362106	25.360729	25.357990	25.353886	25.348446	25.341679	25.333616	25.324291	25.313732	25.301987	25.289093	25.275103	25.260069	25.244049	25.227104	25.209299	25.190697	25.171379	25.151402	25.130857	25.109812	25.088356	25.066563	25.044514	25.022301	
25.020554	25.041023	25.061342	25.081425	25.101204	25.120598	25.139534	25.157938	25.175747	25.192888	25.209297	25.224915	25.239677	25.253532	25.266426	25.278309	25.289135	25.298862	25.307461	25.314888	25.321123	25.326139	25.329922	25.332447	25.333714	25.333714	25.332451	25.329920	25.326141	25.321125	25.314890	25.307461	25.298866	25.289135	25.278309	25.266426	25.253534	25.239681	25.224918	25.209301	25.192888	25.175749	25.157940	25.139534	25.120596	25.101206	25.081429	25.061344	25.041025	25.020552	
25.018726	25.037380	25.055891	25.074192	25.092209	25.109882	25.127132	25.143906	25.160130	25.175747	25.190699	25.204929	25.218380	25.231003	25.242752	25.253578	25.263443	25.272308	25.280138	25.286907	25.292589	25.297161	25.300602	25.302904	25.304058	25.304060	25.302904	25.300604	25.297159	25.292587	25.286907	25.280140	25.272306	25.263443	25.253576	25.242752	25.231005	25.218380	25.204931	25.190701	25.175751	25.160130	25.143906	25.127132	25.109882	25.092211	25.074192	25.055889	25.037380	25.018724	
25.016830	25.033592	25.050228	25.066673	25.082867	25.098747	25.114252	25.129322	25.143902	25.157940	25.171375	25.184164	25.196253	25.207600	25.218155	25.227884	25.236748	25.244713	25.251755	25.257837	25.262941	25.267052	25.270145	25.272213	25.273251	25.273251	25.272215	25.270145	25.267050	25.262943	25.257835	25.251755	25.244717	25.236748	25.227884	25.218155	25.207596	25.196255	25.184166	25.171379	25.157940	25.143908	25.129326	25.114254	25.098747	25.082867	25.066673	25.050226	25.033592	25.016827	
25.014868	25.029678	25.044374	25.058905	25.073210	25.087238	25.100937	25.114252	25.127132	25.139530	25.151405	25.162701	25.173382	25.183405	25.192730	25.201326	25.209158	25.216198	25.222416	25.227791	25.232300	25.235928	25.238663	25.240490	25.241405	25.241405	25.240490	25.238663	25.235929	25.232298	25.227791	25.222414	25.216194	25.209160	25.201324	25.192732	25.183405	25.173382	25.162704	25.151405	25.139538	25.127136	25.114252	25.100937	25.087238	25.073210	25.058903	25.044374	25.029675	25.014866	
25.012848	25.025650	25.038353	25.050911	25.063274	25.075399	25.087238	25.098747	25.109880	25.120598	25.130856	25.140623	25.149853	25.158516	25.166576	25.174007	25.180775	25.186857	25.192234	25.196877	25.200775	25.203915	25.206276	25.207855	25.208649	25.208647	25.207855	25.206274	25.203911	25.200775	25.196877	25.192230	25.186859	25.180771	25.174006	25.166576	25.158516	25.149855	25.140621	25.130859	25.120598	25.109882	25.098747	25.087238	25.075401	25.063274	25.050913	25.038351	25.025648	25.012848	
25.010784	25.021526	25.032185	25.042723	25.053101	25.063274	25.073212	25.082870	25.092213	25.101206	25.109816	25.118008	25.125757	25.133026	25.139790	25.146025	25.151703	25.156811	25.161320	25.165218	25.168491	25.171122	25.173103	25.174431	25.175095	25.175095	25.174431	25.173103	25.171120	25.168488	25.165218	25.161320	25.156809	25.151705	25.146027	25.139790	25.133026	25.125757	25.118010	25.109814	25.101208	25.092213	25.082867	25.073212	25.063274	25.053102	25.042721	25.032188	25.021524	25.010782	
25.008675	25.017321	25.025894	25.034374	25.042725	25.050911	25.058905	25.066675	25.074192	25.081430	25.088356	25.094952	25.101181	25.107031	25.112474	25.117489	25.122059	25.126167	25.129797	25.132931	25.135567	25.137684	25.139278	25.140343	25.140881	25.140879	25.140343	25.139278	25.137680	25.135565	25.132933	25.129795	25.126167	25.122061	25.117489	25.112476	25.107033	25.101183	25.094950	25.088356	25.081429	25.074192	25.066677	25.058903	25.050913	25.042723	25.034376	25.025894	25.017319	25.008675	
25.006538	25.013046	25.019510	25.025898	25.032185	25.038353	25.044376	25.050228	25.055893	25.061344	25.066563	25.071529	25.076225	25.080629	25.084730	25.088509	25.091953	25.095049	25.097782	25.100143	25.102125	25.103722	25.104923	25.105726	25.106131	25.106129	25.105728	25.104921	25.103722	25.102125	25.100145	25.097782	25.095047	25.091951	25.088511	25.084732	25.080631	25.076225	25.071529	25.066563	25.061344	25.055893	25.050226	25.044376	25.038353	25.032187	25.025894	25.019508	25.013046	25.006535	
25.004372	25.008728	25.013046	25.017321	25.021526	25.025650	25.029676	25.033592	25.037380	25.041027	25.044516	25.047836	25.050976	25.053923	25.056667	25.059193	25.061497	25.063564	25.065393	25.066975	25.068302	25.069366	25.070171	25.070707	25.070978	25.070980	25.070705	25.070171	25.069365	25.068300	25.066975	25.065395	25.063564	25.061497	25.059193	25.056665	25.053925	25.050976	25.047838	25.044518	25.041027	25.037378	25.033592	25.029675	25.025650	25.021524	25.017319	25.013046	25.008726	25.004372	
25.002190	25.004372	25.006538	25.008677	25.010784	25.012848	25.014866	25.016827	25.018726	25.020550	25.022301	25.023964	25.025537	25.027014	25.028385	25.029655	25.030804	25.031843	25.032761	25.033550	25.034214	25.034750	25.035152	25.035421	25.035557	25.035557	25.035421	25.035152	25.034750	25.034214	25.033550	25.032761	25.031845	25.030807	25.029654	25.028389	25.027012	25.025537	25.023964	25.022301	25.020552	25.018726	25.016827	25.014866	25.012848	25.010782	25.008675	25.006536	25.004372	25.002190	
