25.000011	25.000031	25.000044	25.000093	25.000134	25.000246	25.000343	25.000586	25.000782	25.001253	25.001616	25.002428	25.003019	25.004263	25.005117	25.006798	25.007881	25.009867	25.011065	25.013077	25.014183	25.015846	25.016632	25.017578	25.017864	25.017862	25.017580	25.016632	25.015848	25.014185	25.013081	25.011065	25.009869	25.007881	25.006796	25.005117	25.004263	25.003019	25.002430	25.001617	25.001253	25.000782	25.000584	25.000341	25.000246	25.000134	25.000092	25.000048	25.000031	25.000011	
25.000031	25.000057	25.000122	25.000183	25.000351	25.000498	25.000877	25.001200	25.001976	25.002598	25.004017	25.005093	25.007393	25.009045	25.012348	25.014584	25.018766	25.021412	25.026005	25.028692	25.032932	25.035151	25.038168	25.039429	25.040520	25.040524	25.039427	25.038170	25.035152	25.032936	25.028692	25.026009	25.021412	25.018764	25.014584	25.012348	25.009045	25.007393	25.005095	25.004017	25.002600	25.001976	25.001200	25.000877	25.000498	25.000351	25.000187	25.000122	25.000059	25.000029	
25.000046	25.000122	25.000195	25.000389	25.000568	25.001032	25.001442	25.002441	25.003277	25.005199	25.006731	25.010029	25.012512	25.017538	25.021111	25.027889	25.032410	25.040411	25.045383	25.053478	25.058069	25.064747	25.068010	25.071798	25.072985	25.072983	25.071800	25.068010	25.064747	25.058071	25.053482	25.045383	25.040413	25.032412	25.027887	25.021111	25.017540	25.012510	25.010029	25.006731	25.005199	25.003279	25.002438	25.001442	25.001028	25.000570	25.000389	25.000198	25.000122	25.000046	
25.000092	25.000183	25.000389	25.000587	25.001101	25.001575	25.002735	25.003757	25.006115	25.008081	25.012352	25.015728	25.022615	25.027767	25.037624	25.044569	25.057005	25.065203	25.078831	25.087132	25.099689	25.106527	25.115448	25.119331	25.122566	25.122566	25.119331	25.115450	25.106529	25.099689	25.087130	25.078833	25.065203	25.057005	25.044569	25.037624	25.027767	25.022617	25.015730	25.012352	25.008081	25.006113	25.003757	25.002731	25.001574	25.001099	25.000591	25.000387	25.000185	25.000092	
25.000134	25.000349	25.000568	25.001101	25.001617	25.002884	25.004051	25.006762	25.009132	25.014309	25.018612	25.027431	25.034372	25.047749	25.057684	25.075642	25.088179	25.109310	25.123047	25.144386	25.157043	25.174608	25.183596	25.193554	25.196814	25.196814	25.193554	25.183598	25.174606	25.157043	25.144388	25.123049	25.109314	25.088179	25.075644	25.057686	25.047749	25.034374	25.027431	25.018612	25.014309	25.009134	25.006758	25.004053	25.002880	25.001617	25.001099	25.000568	25.000349	25.000134	
25.000246	25.000496	25.001032	25.001574	25.002884	25.004154	25.007101	25.009811	25.015747	25.020935	25.031614	25.040457	25.057587	25.070995	25.095406	25.113409	25.144089	25.165279	25.198803	25.220200	25.251030	25.268637	25.290510	25.300491	25.308416	25.308416	25.300493	25.290510	25.268639	25.251034	25.220196	25.198805	25.165279	25.144089	25.113411	25.095404	25.070999	25.057587	25.040459	25.031612	25.020935	25.015747	25.009815	25.007099	25.004154	25.002880	25.001575	25.001030	25.000498	25.000246	
25.000340	25.000877	25.001440	25.002733	25.004051	25.007099	25.010048	25.016514	25.022453	25.034729	25.045414	25.066214	25.083355	25.114742	25.139168	25.181143	25.211853	25.261097	25.294653	25.344261	25.375118	25.415888	25.437775	25.460873	25.468800	25.468800	25.460869	25.437777	25.415888	25.375118	25.344261	25.294651	25.261097	25.211853	25.181145	25.139170	25.114738	25.083355	25.066212	25.045418	25.034725	25.022455	25.016516	25.010050	25.007097	25.004051	25.002733	25.001442	25.000877	25.000341	
25.000584	25.001198	25.002438	25.003757	25.006760	25.009811	25.016516	25.022984	25.036392	25.048666	25.072651	25.093451	25.131725	25.163116	25.217432	25.259418	25.327469	25.376730	25.450903	25.500528	25.568626	25.609400	25.657654	25.680752	25.698223	25.698221	25.680754	25.657654	25.609404	25.568626	25.500526	25.450901	25.376728	25.327467	25.259417	25.217430	25.163116	25.131721	25.093452	25.072647	25.048670	25.036392	25.022984	25.016514	25.009811	25.006760	25.003757	25.002438	25.001200	25.000584	
25.000782	25.001976	25.003279	25.006113	25.009134	25.015751	25.022453	25.036392	25.049801	25.076096	25.100079	25.144402	25.182678	25.249290	25.303612	25.392401	25.460457	25.564352	25.638538	25.742989	25.811092	25.896812	25.945063	25.993587	26.011055	26.011059	25.993584	25.945066	25.896812	25.811092	25.742989	25.638535	25.564352	25.460457	25.392399	25.303612	25.249290	25.182680	25.144402	25.100079	25.076096	25.049801	25.036392	25.022453	25.015749	25.009134	25.006115	25.003279	25.001974	25.000782	
25.001253	25.002602	25.005201	25.008083	25.014311	25.020933	25.034731	25.048668	25.076096	25.102388	25.151192	25.195515	25.273067	25.339684	25.449352	25.538145	25.675171	25.779068	25.928104	26.032566	26.169180	26.254902	26.351606	26.400124	26.435127	26.435123	26.400127	26.351606	26.254902	26.169182	26.032560	25.928102	25.779068	25.675167	25.538143	25.449352	25.339680	25.273064	25.195517	25.151190	25.102386	25.076096	25.048666	25.034725	25.020935	25.014311	25.008083	25.005199	25.002600	25.001253	
25.001617	25.004019	25.006731	25.012352	25.018612	25.031618	25.045414	25.072651	25.100077	25.151192	25.199989	25.285786	25.363337	25.491810	25.601482	25.772232	25.909258	26.108606	26.257650	26.457733	26.594357	26.758362	26.855064	26.947834	26.982834	26.982838	26.947834	26.855068	26.758362	26.594357	26.457733	26.257647	26.108604	25.909260	25.772232	25.601480	25.491810	25.363337	25.285782	25.199991	25.151188	25.100077	25.072651	25.045414	25.031616	25.018610	25.012352	25.006729	25.004017	25.001617	
25.002428	25.005096	25.010029	25.015728	25.027435	25.040457	25.066216	25.093449	25.144405	25.195515	25.285786	25.371578	25.514511	25.642986	25.844524	26.015274	26.266483	26.465836	26.738583	26.938673	27.188368	27.352377	27.528971	27.621738	27.685631	27.685627	27.621740	27.528971	27.352377	27.188368	26.938671	26.738583	26.465836	26.266483	26.015274	25.844521	25.642986	25.514511	25.371578	25.285786	25.195515	25.144403	25.093449	25.066212	25.040455	25.027431	25.015728	25.010029	25.005095	25.002428	
25.003021	25.007393	25.012512	25.022617	25.034370	25.057590	25.083355	25.131725	25.182678	25.273069	25.363335	25.514511	25.657442	25.883148	26.084686	26.383944	26.635155	26.983877	27.256628	27.606150	27.855848	28.142067	28.318661	28.480467	28.544353	28.544357	28.480465	28.318663	28.142063	27.855846	27.606148	27.256628	26.983877	26.635155	26.383942	26.084686	25.883148	25.657440	25.514511	25.363335	25.273067	25.182678	25.131723	25.083351	25.057589	25.034370	25.022617	25.012508	25.007393	25.003019	
25.004263	25.009045	25.017538	25.027763	25.047752	25.070995	25.114742	25.163116	25.249294	25.339682	25.491812	25.642984	25.883152	26.108856	26.446669	26.745926	27.166187	27.514912	27.970528	28.320049	28.736710	29.022928	29.317402	29.479206	29.585709	29.585705	29.479210	29.317402	29.022930	28.736706	28.320045	27.970528	27.514910	27.166187	26.745926	26.446667	26.108856	25.883148	25.642984	25.491810	25.339682	25.249292	25.163116	25.114740	25.070993	25.047749	25.027763	25.017536	25.009043	25.004261	
25.005116	25.012348	25.021111	25.037624	25.057682	25.095407	25.139168	25.217434	25.303612	25.449352	25.601482	25.844524	26.084686	26.446669	26.784481	27.263481	27.683743	28.241062	28.696678	29.254631	29.671293	30.127836	30.422308	30.680283	30.786779	30.786781	30.680279	30.422310	30.127834	29.671293	29.254633	28.696678	28.241060	27.683741	27.263479	26.784479	26.446667	26.084686	25.844521	25.601480	25.449352	25.303610	25.217430	25.139166	25.095406	25.057680	25.037622	25.021107	25.012348	25.005116	
25.006794	25.014584	25.027887	25.044567	25.075642	25.113407	25.181147	25.259418	25.392403	25.538147	25.772232	26.015270	26.383944	26.745924	27.263481	27.742481	28.385349	28.942671	29.638790	30.196745	30.832802	31.289341	31.738621	31.996590	32.159035	32.159027	31.996592	31.738615	31.289343	30.832798	30.196745	29.638790	28.942669	28.385349	27.742479	27.263481	26.745924	26.383945	26.015272	25.772232	25.538141	25.392401	25.259415	25.181143	25.113409	25.075642	25.044567	25.027885	25.014582	25.006796	
25.007881	25.018764	25.032412	25.057003	25.088177	25.144093	25.211849	25.327471	25.460457	25.675169	25.909256	26.266485	26.635151	27.166185	27.683739	28.385349	29.028219	29.843555	30.539677	31.355206	31.991257	32.658134	33.107407	33.484097	33.646538	33.646542	33.484093	33.107414	32.658134	31.991257	31.355202	30.539677	29.843555	29.028217	28.385349	27.683741	27.166187	26.635155	26.266483	25.909254	25.675167	25.460453	25.327467	25.211849	25.144089	25.088177	25.057005	25.032410	25.018764	25.007881	
25.009867	25.021412	25.040413	25.065203	25.109314	25.165277	25.261101	25.376726	25.564354	25.779064	26.108608	26.465834	26.983879	27.514908	28.241062	28.942669	29.843555	30.658890	31.633499	32.449020	33.338943	34.005814	34.634140	35.010818	35.237953	35.237946	35.010826	34.634132	34.005821	33.338940	32.449024	31.633499	30.658892	29.843555	28.942669	28.241062	27.514910	26.983879	26.465832	26.108606	25.779062	25.564350	25.376726	25.261095	25.165277	25.109314	25.065201	25.040411	25.021412	25.009867	
25.011065	25.026007	25.045383	25.078833	25.123047	25.198807	25.294647	25.450905	25.638533	25.928104	26.257645	26.738585	27.256626	27.970526	28.696674	29.638790	30.539673	31.633497	32.608101	33.701431	34.591347	35.484970	36.113285	36.617908	36.845036	36.845036	36.617905	36.113289	35.484970	34.591347	33.701431	32.608105	31.633497	30.539675	29.638786	28.696674	27.970528	27.256626	26.738583	26.257645	25.928104	25.638531	25.450901	25.294649	25.198803	25.123047	25.078831	25.045380	25.026007	25.011063	
25.013079	25.028692	25.053482	25.087128	25.144390	25.220196	25.344263	25.500525	25.742989	26.032562	26.457735	26.938667	27.606150	28.320045	29.254635	30.196743	31.355202	32.449020	33.701431	34.794758	35.937782	36.831398	37.638168	38.142784	38.434372	38.434372	38.142784	37.638165	36.831398	35.937782	34.794758	33.701431	32.449024	31.355202	30.196745	29.254631	28.320045	27.606150	26.938671	26.457735	26.032560	25.742989	25.500526	25.344259	25.220194	25.144386	25.087128	25.053480	25.028692	25.013079	
25.014183	25.032936	25.058069	25.099689	25.157042	25.251032	25.375118	25.568626	25.811092	26.169182	26.594353	27.188368	27.855846	28.736710	29.671291	30.832800	31.991253	33.338943	34.591347	35.937778	37.080795	38.180927	38.987690	39.608807	39.900394	39.900394	39.608807	38.987694	38.180927	37.080795	35.937778	34.591347	33.338940	31.991255	30.832798	29.671291	28.736710	27.855846	27.188370	26.594353	26.169182	25.811092	25.568626	25.375118	25.251030	25.157042	25.099689	25.058071	25.032934	25.014183	
25.015848	25.035151	25.064747	25.106527	25.174608	25.268637	25.415888	25.609404	25.896812	26.254902	26.758364	27.352377	28.142067	29.022926	30.127838	31.289339	32.658134	34.005814	35.484970	36.831394	38.180927	39.281052	40.233383	40.854496	41.198662	41.198662	40.854500	40.233383	39.281052	38.180923	36.831398	35.484970	34.005817	32.658134	31.289339	30.127836	29.022926	28.142067	27.352375	26.758364	26.254904	25.896812	25.609404	25.415888	25.268637	25.174606	25.106527	25.064747	25.035152	25.015846	
25.016634	25.038170	25.068010	25.115450	25.183596	25.290510	25.437777	25.657654	25.945066	26.351606	26.855066	27.528971	28.318661	29.317402	30.422306	31.738619	33.107407	34.634140	36.113289	37.638168	38.987686	40.233383	41.185707	41.888931	42.233093	42.233093	41.888927	41.185715	40.233383	38.987694	37.638168	36.113289	34.634140	33.107414	31.738619	30.422308	29.317402	28.318661	27.528971	26.855066	26.351606	25.945066	25.657654	25.437777	25.290510	25.183596	25.115448	25.068010	25.038170	25.016634	
25.017578	25.039429	25.071800	25.119331	25.193554	25.300491	25.460869	25.680752	25.993584	26.400124	26.947834	27.621740	28.480465	29.479206	30.680283	31.996588	33.484097	35.010818	36.617908	38.142784	39.608807	40.854496	41.888931	42.592148	42.965965	42.965965	42.592148	41.888931	40.854500	39.608807	38.142788	36.617908	35.010826	33.484097	31.996592	30.680281	29.479206	28.480465	27.621738	26.947836	26.400127	25.993584	25.680752	25.460871	25.300495	25.193554	25.119331	25.071798	25.039429	25.017578	
25.017864	25.040524	25.072985	25.122566	25.196814	25.308418	25.468800	25.698223	26.011055	26.435123	26.982834	27.685631	28.544355	29.585709	30.786779	32.159031	33.646538	35.237949	36.845039	38.434376	39.900394	41.198662	42.233093	42.965965	43.339783	43.339779	42.965961	42.233093	41.198662	39.900398	38.434380	36.845039	35.237953	33.646538	32.159031	30.786779	29.585705	28.544353	27.685631	26.982836	26.435125	26.011059	25.698223	25.468801	25.308418	25.196815	25.122566	25.072983	25.040524	25.017864	
25.017864	25.040524	25.072985	25.122566	25.196814	25.308418	25.468800	25.698223	26.011055	26.435123	26.982834	27.685631	28.544355	29.585709	30.786779	32.159031	33.646538	35.237949	36.845039	38.434376	39.900394	41.198662	42.233093	42.965965	43.339783	43.339779	42.965961	42.233093	41.198662	39.900398	38.434380	36.845039	35.237953	33.646538	32.159031	30.786779	29.585705	28.544353	27.685631	26.982836	26.435125	26.011059	25.698223	25.468801	25.308418	25.196815	25.122566	25.072983	25.040524	25.017864	
25.017578	25.039429	25.071800	25.119331	25.193554	25.300491	25.460869	25.680752	25.993584	26.400124	26.947834	27.621740	28.480465	29.479206	30.680283	31.996588	33.484097	35.010818	36.617908	38.142784	39.608807	40.854496	41.888931	42.592148	42.965965	42.965965	42.592148	41.888931	40.854500	39.608807	38.142788	36.617908	35.010826	33.484097	31.996592	30.680281	29.479206	28.480465	27.621738	26.947836	26.400127	25.993584	25.680752	25.460871	25.300495	25.193554	25.119331	25.071798	25.039429	25.017578	
25.016634	25.038170	25.068010	25.115450	25.183596	25.290510	25.437777	25.657654	25.945066	26.351606	26.855066	27.528971	28.318661	29.317402	30.422306	31.738619	33.107407	34.634140	36.113289	37.638168	38.987686	40.233383	41.185707	41.888931	42.233093	42.233093	41.888927	41.185715	40.233383	38.987694	37.638168	36.113289	34.634140	33.107414	31.738619	30.422308	29.317402	28.318661	27.528971	26.855066	26.351606	25.945066	25.657654	25.437777	25.290510	25.183596	25.115448	25.068010	25.038170	25.016634	
25.015848	25.035151	25.064747	25.106527	25.174608	25.268637	25.415888	25.609404	25.896812	26.254902	26.758364	27.352377	28.142067	29.022926	30.127838	31.289339	32.658134	34.005814	35.484970	36.831394	38.180927	39.281052	40.233383	40.854496	41.198662	41.198662	40.854500	40.233383	39.281052	38.180923	36.831398	35.484970	34.005817	32.658134	31.289339	30.127836	29.022926	28.142067	27.352375	26.758364	26.254904	25.896812	25.609404	25.415888	25.268637	25.174606	25.106527	25.064747	25.035152	25.015846	
25.014183	25.032936	25.058069	25.099689	25.157042	25.251032	25.375118	25.568626	25.811092	26.169182	26.594353	27.188368	27.855846	28.736710	29.671291	30.832800	31.991253	33.338943	34.591347	35.937778	37.080795	38.180927	38.987690	39.608807	39.900394	39.900394	39.608807	38.987694	38.180927	37.080795	35.937778	34.591347	33.338940	31.991255	30.832798	29.671291	28.736710	27.855846	27.188370	26.594353	26.169182	25.811092	25.568626	25.375118	25.251030	25.157042	25.099689	25.058071	25.032934	25.014183	
25.013079	25.028692	25.053482	25.087128	25.144390	25.220196	25.344263	25.500525	25.742989	26.032562	26.457735	26.938667	27.606150	28.320045	29.254635	30.196743	31.355202	32.449020	33.701431	34.794758	35.937782	36.831398	37.638168	38.142784	38.434372	38.434372	38.142784	37.638165	36.831398	35.937782	34.794758	33.701431	32.449024	31.355202	30.196745	29.254631	28.320045	27.606150	26.938671	26.457735	26.032560	25.742989	25.500526	25.344259	25.220194	25.144386	25.087128	25.053480	25.028692	25.013079	
25.011065	25.026007	25.045383	25.078833	25.123047	25.198807	25.294647	25.450905	25.638533	25.928104	26.257645	26.738585	27.256626	27.970526	28.696674	29.638790	30.539673	31.633497	32.608101	33.701431	34.591347	35.484970	36.113285	36.617908	36.845036	36.845036	36.617905	36.113289	35.484970	34.591347	33.701431	32.608105	31.633497	30.539675	29.638786	28.696674	27.970528	27.256626	26.738583	26.257645	25.928104	25.638531	25.450901	25.294649	25.198803	25.123047	25.078831	25.045380	25.026007	25.011063	
25.009867	25.021412	25.040413	25.065203	25.109314	25.165277	25.261101	25.376726	25.564354	25.779064	26.108608	26.465834	26.983879	27.514908	28.241062	28.942669	29.843555	30.658890	31.633499	32.449020	33.338943	34.005814	34.634140	35.010818	35.237953	35.237946	35.010826	34.634132	34.005821	33.338940	32.449024	31.633499	30.658892	29.843555	28.942669	28.241062	27.514910	26.983879	26.465832	26.108606	25.779062	25.564350	25.376726	25.261095	25.165277	25.109314	25.065201	25.040411	25.021412	25.009867	
25.007881	25.018764	25.032412	25.057003	25.088177	25.144093	25.211849	25.327471	25.460457	25.675169	25.909256	26.266485	26.635151	27.166185	27.683739	28.385349	29.028219	29.843555	30.539677	31.355206	31.991257	32.658134	33.107407	33.484097	33.646538	33.646542	33.484093	33.107414	32.658134	31.991257	31.355202	30.539677	29.843555	29.028217	28.385349	27.683741	27.166187	26.635155	26.266483	25.909254	25.675167	25.460453	25.327467	25.211849	25.144089	25.088177	25.057005	25.032410	25.018764	25.007881	
25.006794	25.014584	25.027887	25.044567	25.075642	25.113407	25.181147	25.259418	25.392403	25.538147	25.772232	26.015270	26.383944	26.745924	27.263481	27.742481	28.385349	28.942671	29.638790	30.196745	30.832802	31.289341	31.738621	31.996590	32.159035	32.159027	31.996592	31.738615	31.289343	30.832798	30.196745	29.638790	28.942669	28.385349	27.742479	27.263481	26.745924	26.383945	26.015272	25.772232	25.538141	25.392401	25.259415	25.181143	25.113409	25.075642	25.044567	25.027885	25.014582	25.006796	
25.005116	25.012348	25.021111	25.037624	25.057682	25.095407	25.139168	25.217434	25.303612	25.449352	25.601482	25.844524	26.084686	26.446669	26.784481	27.263481	27.683743	28.241062	28.696678	29.254631	29.671293	30.127836	30.422308	30.680283	30.786779	30.786781	30.680279	30.422310	30.127834	29.671293	29.254633	28.696678	28.241060	27.683741	27.263479	26.784479	26.446667	26.084686	25.844521	25.601480	25.449352	25.303610	25.217430	25.139166	25.095406	25.057680	25.037622	25.021107	25.012348	25.005116	
25.004263	25.009045	25.017538	25.027763	25.047752	25.070995	25.114742	25.163116	25.249294	25.339682	25.491812	25.642984	25.883152	26.108856	26.446669	26.745926	27.166187	27.514912	27.970528	28.320049	28.736710	29.022928	29.317402	29.479206	29.585709	29.585705	29.479210	29.317402	29.022930	28.736706	28.320045	27.970528	27.514910	27.166187	26.745926	26.446667	26.108856	25.883148	25.642984	25.491810	25.339682	25.249292	25.163116	25.114740	25.070993	25.047749	25.027763	25.017536	25.009043	25.004261	
25.003021	25.007393	25.012512	25.022617	25.034370	25.057590	25.083355	25.131725	25.182678	25.273069	25.363335	25.514511	25.657442	25.883148	26.084686	26.383944	26.635155	26.983877	27.256628	27.606150	27.855848	28.142067	28.318661	28.480467	28.544353	28.544357	28.480465	28.318663	28.142063	27.855846	27.606148	27.256628	26.983877	26.635155	26.383942	26.084686	25.883148	25.657440	25.514511	25.363335	25.273067	25.182678	25.131723	25.083351	25.057589	25.034370	25.022617	25.012508	25.007393	25.003019	
25.002428	25.005096	25.010029	25.015728	25.027435	25.040457	25.066216	25.093449	25.144405	25.195515	25.285786	25.371578	25.514511	25.642986	25.844524	26.015274	26.266483	26.465836	26.738583	26.938673	27.188368	27.352377	27.528971	27.621738	27.685631	27.685627	27.621740	27.528971	27.352377	27.188368	26.938671	26.738583	26.465836	26.266483	26.015274	25.844521	25.642986	25.514511	25.371578	25.285786	25.195515	25.144403	25.093449	25.066212	25.040455	25.027431	25.015728	25.010029	25.005095	25.002428	
25.001617	25.004019	25.006731	25.012352	25.018612	25.031618	25.045414	25.072651	25.100077	25.151192	25.199989	25.285786	25.363337	25.491810	25.601482	25.772232	25.909258	26.108606	26.257650	26.457733	26.594357	26.758362	26.855064	26.947834	26.982834	26.982838	26.947834	26.855068	26.758362	26.594357	26.457733	26.257647	26.108604	25.909260	25.772232	25.601480	25.491810	25.363337	25.285782	25.199991	25.151188	25.100077	25.072651	25.045414	25.031616	25.018610	25.012352	25.006729	25.004017	25.001617	
25.001253	25.002602	25.005201	25.008083	25.014311	25.020933	25.034731	25.048668	25.076096	25.102388	25.151192	25.195515	25.273067	25.339684	25.449352	25.538145	25.675171	25.779068	25.928104	26.032566	26.169180	26.254902	26.351606	26.400124	26.435127	26.435123	26.400127	26.351606	26.254902	26.169182	26.032560	25.928102	25.779068	25.675167	25.538143	25.449352	25.339680	25.273064	25.195517	25.151190	25.102386	25.076096	25.048666	25.034725	25.020935	25.014311	25.008083	25.005199	25.002600	25.001253	
25.000782	25.001976	25.003279	25.006113	25.009134	25.015751	25.022453	25.036392	25.049801	25.076096	25.100079	25.144402	25.182678	25.249290	25.303612	25.392401	25.460457	25.564352	25.638538	25.742989	25.811092	25.896812	25.945063	25.993587	26.011055	26.011059	25.993584	25.945066	25.896812	25.811092	25.742989	25.638535	25.564352	25.460457	25.392399	25.303612	25.249290	25.182680	25.144402	25.100079	25.076096	25.049801	25.036392	25.022453	25.015749	25.009134	25.006115	25.003279	25.001974	25.000782	
25.000584	25.001198	25.002438	25.003757	25.006760	25.009811	25.016516	25.022984	25.036392	25.048666	25.072651	25.093451	25.131725	25.163116	25.217432	25.259418	25.327469	25.376730	25.450903	25.500528	25.568626	25.609400	25.657654	25.680752	25.698223	25.698221	25.680754	25.657654	25.609404	25.568626	25.500526	25.450901	25.376728	25.327467	25.259417	25.217430	25.163116	25.131721	25.093452	25.072647	25.048670	25.036392	25.022984	25.016514	25.009811	25.006760	25.003757	25.002438	25.001200	25.000584	
25.000340	25.000877	25.001440	25.002733	25.004051	25.007099	25.010048	25.016514	25.022453	25.034729	25.045414	25.066214	25.083355	25.114742	25.139168	25.181143	25.211853	25.261097	25.294653	25.344261	25.375118	25.415888	25.437775	25.460873	25.468800	25.468800	25.460869	25.437777	25.415888	25.375118	25.344261	25.294651	25.261097	25.211853	25.181145	25.139170	25.114738	25.083355	25.066212	25.045418	25.034725	25.022455	25.016516	25.010050	25.007097	25.004051	25.002733	25.001442	25.000877	25.000341	
25.000246	25.000496	25.001032	25.001574	25.002884	25.004154	25.007101	25.009811	25.015747	25.020935	25.031614	25.040457	25.057587	25.070995	25.095406	25.113409	25.144089	25.165279	25.198803	25.220200	25.251030	25.268637	25.290510	25.300491	25.308416	25.308416	25.300493	25.290510	25.268639	25.251034	25.220196	25.198805	25.165279	25.144089	25.113411	25.095404	25.070999	25.057587	25.040459	25.031612	25.020935	25.015747	25.009815	25.007099	25.004154	25.002880	25.001575	25.001030	25.000498	25.000246	
25.000134	25.000349	25.000568	25.001101	25.001617	25.002884	25.004051	25.006762	25.009132	25.014309	25.018612	25.027431	25.034372	25.047749	25.057684	25.075642	25.088179	25.109310	25.123047	25.144386	25.157043	25.174608	25.183596	25.193554	25.196814	25.196814	25.193554	25.183598	25.174606	25.157043	25.144388	25.123049	25.109314	25.088179	25.075644	25.057686	25.047749	25.034374	25.027431	25.018612	25.014309	25.009134	25.006758	25.004053	25.002880	25.001617	25.001099	25.000568	25.000349	25.000134	
25.000092	25.000183	25.000389	25.000587	25.001101	25.001575	25.002735	25.003757	25.006115	25.008081	25.012352	25.015728	25.022615	25.027767	25.037624	25.044569	25.057005	25.065203	25.078831	25.087132	25.099689	25.106527	25.115448	25.119331	25.122566	25.122566	25.119331	25.115450	25.106529	25.099689	25.087130	25.078833	25.065203	25.057005	25.044569	25.037624	25.027767	25.022617	25.015730	25.012352	25.008081	25.006113	25.003757	25.002731	25.001574	25.001099	25.000591	25.000387	25.000185	25.000092	
25.000046	25.000122	25.000195	25.000389	25.000568	25.001032	25.001442	25.002441	25.003277	25.005199	25.006731	25.010029	25.012512	25.017538	25.021111	25.027889	25.032410	25.040411	25.045383	25.053478	25.058069	25.064747	25.068010	25.071798	25.072985	25.072983	25.071800	25.068010	25.064747	25.058071	25.053482	25.045383	25.040413	25.032412	25.027887	25.021111	25.017540	25.012510	25.010029	25.006731	25.005199	25.003279	25.002438	25.001442	25.001028	25.000570	25.000389	25.000198	25.000122	25.000046	
25.000031	25.000057	25.000122	25.000183	25.000351	25.000498	25.000877	25.001200	25.001976	25.002598	25.004017	25.005093	25.007393	25.009045	25.012348	25.014584	25.018766	25.021412	25.026005	25.028692	25.032932	25.035151	25.038168	25.039429	25.040520	25.040524	25.039427	25.038170	25.035152	25.032936	25.028692	25.026009	25.021412	25.018764	25.014584	25.012348	25.009045	25.007393	25.005095	25.004017	25.002600	25.001976	25.001200	25.000877	25.000498	25.000351	25.000187	25.000122	25.000059	25.000029	
25.000011	25.000031	25.000044	25.000093	25.000134	25.000246	25.000343	25.000586	25.000782	25.001253	25.001616	25.002428	25.003019	25.004263	25.005117	25.006798	25.007881	25.009867	25.011065	25.013077	25.014183	25.015846	25.016632	25.017578	25.017864	25.017862	25.017580	25.016632	25.015848	25.014185	25.013081	25.011065	25.009869	25.007881	25.006796	25.005117	25.004263	25.003019	25.002430	25.001617	25.001253	25.000782	25.000584	25.000341	25.000246	25.000134	25.000092	25.000048	25.000031	25.000011	
