25.008301	25.016586	25.024796	25.032951	25.040956	25.048870	25.056564	25.064121	25.071392	25.078485	25.085224	25.091734	25.097836	25.103659	25.109022	25.114056	25.118587	25.122736	25.126354	25.129539	25.132175	25.134338	25.135941	25.137032	25.137569	25.137566	25.137032	25.135941	25.134338	25.132175	25.129541	25.126354	25.122738	25.118587	25.114056	25.109024	25.103659	25.097837	25.091732	25.085224	25.078484	25.071394	25.064125	25.056564	25.048870	25.040958	25.032949	25.024796	25.016586	25.008303	
25.016586	25.033100	25.049538	25.065756	25.081825	25.097527	25.112999	25.127966	25.142618	25.156631	25.170238	25.183084	25.195423	25.206894	25.217758	25.227657	25.236847	25.245001	25.252342	25.258600	25.263952	25.268194	25.271448	25.273590	25.274683	25.274685	25.273590	25.271450	25.268192	25.263952	25.258600	25.252342	25.244999	25.236845	25.227659	25.217756	25.206898	25.195423	25.183086	25.170238	25.156633	25.142620	25.127968	25.113003	25.097527	25.081825	25.065754	25.049538	25.033100	25.016586	
25.024796	25.049538	25.074059	25.098412	25.122330	25.145958	25.168941	25.191513	25.213230	25.234406	25.254536	25.273979	25.292206	25.309597	25.325615	25.340643	25.354177	25.366570	25.377375	25.386890	25.394764	25.401217	25.406006	25.409264	25.410873	25.410870	25.409267	25.406006	25.401218	25.394766	25.386894	25.377375	25.366570	25.354177	25.340643	25.325615	25.309593	25.292206	25.273979	25.254536	25.234406	25.213230	25.191513	25.168941	25.145962	25.122330	25.098412	25.074057	25.049538	25.024796	
25.032951	25.065754	25.098412	25.130632	25.162552	25.193750	25.224489	25.254225	25.283333	25.311176	25.338203	25.363728	25.388235	25.411030	25.432602	25.452274	25.470524	25.486727	25.501308	25.513742	25.524374	25.532803	25.539268	25.543526	25.545694	25.545700	25.543526	25.539272	25.532803	25.524376	25.513744	25.501310	25.486727	25.470524	25.452274	25.432600	25.411026	25.388237	25.363726	25.338203	25.311174	25.283333	25.254225	25.224487	25.193750	25.162554	25.130630	25.098413	25.065754	25.032951	
25.040956	25.081825	25.122328	25.162554	25.202059	25.241091	25.279053	25.316334	25.352211	25.387180	25.420437	25.452545	25.482658	25.511374	25.537842	25.562660	25.585022	25.605484	25.623337	25.639053	25.652061	25.662718	25.670628	25.676010	25.678667	25.678661	25.676014	25.670628	25.662722	25.652060	25.639057	25.623337	25.605486	25.585022	25.562658	25.537842	25.511375	25.482658	25.452547	25.420437	25.387182	25.352209	25.316334	25.279053	25.241091	25.202059	25.162556	25.122328	25.081825	25.040958	
25.048870	25.097527	25.145962	25.193752	25.241091	25.287365	25.332949	25.377064	25.420223	25.461529	25.501606	25.539471	25.575809	25.609623	25.641611	25.670799	25.697857	25.721897	25.743519	25.761967	25.777729	25.790234	25.799824	25.806139	25.809355	25.809359	25.806137	25.799826	25.790234	25.777733	25.761967	25.743521	25.721897	25.697859	25.670799	25.641615	25.609625	25.575813	25.539467	25.501606	25.461527	25.420227	25.377060	25.332951	25.287365	25.241091	25.193750	25.145962	25.097525	25.048870	
25.056564	25.112999	25.168940	25.224489	25.279053	25.332951	25.385384	25.436863	25.486418	25.534704	25.580643	25.624977	25.666573	25.706217	25.742783	25.777042	25.807940	25.836187	25.860855	25.882551	25.900518	25.915234	25.926159	25.933594	25.937262	25.937260	25.933596	25.926159	25.915236	25.900518	25.882553	25.860851	25.836189	25.807940	25.777046	25.742783	25.706219	25.666573	25.624979	25.580641	25.534708	25.486416	25.436863	25.385384	25.332949	25.279051	25.224487	25.168938	25.112999	25.056564	
25.064123	25.127968	25.191513	25.254227	25.316332	25.377066	25.436859	25.494755	25.551373	25.605587	25.658155	25.707855	25.755524	25.799908	25.841860	25.880173	25.915661	25.947220	25.975576	25.999792	26.020470	26.036880	26.049458	26.057749	26.061966	26.061970	26.057743	26.049458	26.036880	26.020470	25.999790	25.975578	25.947214	25.915663	25.880169	25.841864	25.799904	25.755527	25.707851	25.658159	25.605583	25.551378	25.494755	25.436863	25.377064	25.316336	25.254227	25.191513	25.127968	25.064123	
25.071396	25.142620	25.213234	25.283331	25.352213	25.420223	25.486420	25.551373	25.613941	25.674864	25.732864	25.788801	25.841322	25.891340	25.937508	25.980734	26.019747	26.055386	26.086531	26.113903	26.136589	26.155155	26.168951	26.178328	26.182959	26.182957	26.178329	26.168949	26.155155	26.136591	26.113903	26.086525	26.055384	26.019745	25.980736	25.937510	25.891342	25.841320	25.788805	25.732864	25.674871	25.613937	25.551378	25.486420	25.420227	25.352211	25.283335	25.213230	25.142620	25.071396	
25.078484	25.156635	25.234407	25.311180	25.387184	25.461531	25.534706	25.605587	25.674866	25.741241	25.805565	25.866419	25.924740	25.979090	26.030420	26.077335	26.120750	26.159397	26.194088	26.223747	26.249039	26.269138	26.284523	26.294678	26.299837	26.299839	26.294674	26.284525	26.269138	26.249039	26.223743	26.194088	26.159393	26.120752	26.077332	26.030422	25.979088	25.924744	25.866419	25.805569	25.741241	25.674870	25.605585	25.534708	25.461529	25.387184	25.311178	25.234406	25.156635	25.078484	
25.085224	25.170240	25.254538	25.338203	25.420439	25.501608	25.580643	25.658157	25.732864	25.805567	25.874825	25.941566	26.004290	26.063967	26.119106	26.170673	26.217272	26.259785	26.296988	26.329639	26.356743	26.378887	26.395365	26.406551	26.412083	26.412079	26.406551	26.395365	26.378887	26.356743	26.329641	26.296986	26.259789	26.217266	26.170677	26.119104	26.063969	26.004288	25.941570	25.874825	25.805569	25.732862	25.658159	25.580643	25.501606	25.420437	25.338203	25.254536	25.170238	25.085224	
25.091736	25.183088	25.273983	25.363728	25.452549	25.539471	25.624981	25.707855	25.788803	25.866421	25.941566	26.012732	26.080868	26.144424	26.204390	26.259258	26.309977	26.355177	26.395699	26.430386	26.459927	26.483440	26.501410	26.513283	26.519314	26.519316	26.513281	26.501411	26.483437	26.459929	26.430384	26.395699	26.355171	26.309977	26.259256	26.204393	26.144424	26.080870	26.012732	25.941570	25.866417	25.788807	25.707855	25.624979	25.539469	25.452549	25.363728	25.273977	25.183086	25.091734	
25.097836	25.195427	25.292206	25.388239	25.482658	25.575813	25.666574	25.755526	25.841324	25.924744	26.004292	26.080868	26.152910	26.221376	26.284714	26.343876	26.397400	26.446175	26.488907	26.526367	26.557503	26.582903	26.601833	26.614666	26.621019	26.621019	26.614666	26.601833	26.582903	26.557499	26.526367	26.488907	26.446175	26.397396	26.343880	26.284712	26.221380	26.152908	26.080872	26.004288	25.924744	25.841320	25.755527	25.666573	25.575813	25.482658	25.388233	25.292206	25.195423	25.097836	
25.103661	25.206898	25.309595	25.411030	25.511375	25.609625	25.706221	25.799906	25.891342	25.979090	26.063969	26.144426	26.221378	26.293240	26.360960	26.423000	26.480276	26.531384	26.577145	26.616371	26.649731	26.676317	26.696609	26.710037	26.716846	26.716848	26.710037	26.696609	26.676317	26.649729	26.616369	26.577145	26.531384	26.480274	26.423000	26.360962	26.293242	26.221380	26.144426	26.063969	25.979090	25.891342	25.799906	25.706221	25.609623	25.511374	25.411026	25.309593	25.206898	25.103659	
25.109024	25.217758	25.325615	25.432604	25.537842	25.641615	25.742783	25.841864	25.937508	26.030422	26.119106	26.204393	26.284710	26.360962	26.431580	26.497463	26.557142	26.611452	26.659107	26.700817	26.735538	26.763821	26.784935	26.799219	26.806309	26.806305	26.799221	26.784931	26.763819	26.735537	26.700813	26.659107	26.611454	26.557140	26.497461	26.431578	26.360962	26.284710	26.204391	26.119106	26.030422	25.937506	25.841866	25.742781	25.641615	25.537840	25.432600	25.325613	25.217756	25.109022	
25.114056	25.227657	25.340645	25.452274	25.562662	25.670801	25.777046	25.880173	25.980736	26.077335	26.170681	26.259258	26.343880	26.423000	26.497461	26.565775	26.628746	26.685028	26.735338	26.778536	26.815208	26.844494	26.866798	26.881588	26.889072	26.889074	26.881586	26.866798	26.844490	26.815208	26.778534	26.735336	26.685024	26.628746	26.565771	26.497461	26.422998	26.343878	26.259258	26.170677	26.077332	25.980736	25.880169	25.777046	25.670795	25.562660	25.452274	25.340641	25.227655	25.114056	
25.118587	25.236847	25.354179	25.470524	25.585024	25.697859	25.807943	25.915663	26.019749	26.120752	26.217268	26.309978	26.397400	26.480274	26.557144	26.628746	26.693716	26.752739	26.804615	26.849939	26.887743	26.918476	26.941465	26.956989	26.964705	26.964703	26.956989	26.941460	26.918476	26.887741	26.849941	26.804615	26.752739	26.693710	26.628746	26.557140	26.480274	26.397398	26.309977	26.217268	26.120752	26.019745	25.915665	25.807940	25.697861	25.585022	25.470526	25.354177	25.236847	25.118586	
25.122738	25.245001	25.366571	25.486727	25.605486	25.721899	25.836191	25.947220	26.055386	26.159397	26.259789	26.355173	26.446177	26.531387	26.611456	26.685028	26.752741	26.813358	26.867451	26.913979	26.953407	26.984951	27.008934	27.024866	27.032913	27.032917	27.024862	27.008934	26.984947	26.953411	26.913980	26.867451	26.813358	26.752739	26.685026	26.611454	26.531384	26.446177	26.355173	26.259789	26.159395	26.055384	25.947218	25.836191	25.721897	25.605488	25.486727	25.366570	25.245001	25.122736	
25.126352	25.252342	25.377375	25.501310	25.623341	25.743521	25.860855	25.975578	26.086533	26.194090	26.296986	26.395699	26.488907	26.577147	26.659111	26.735340	26.804617	26.867451	26.922771	26.971022	27.011333	27.044050	27.068565	27.085089	27.093319	27.093315	27.085093	27.068562	27.044050	27.011333	26.971022	26.922773	26.867449	26.804615	26.735338	26.659107	26.577145	26.488907	26.395699	26.296986	26.194088	26.086529	25.975576	25.860855	25.743521	25.623337	25.501312	25.377375	25.252344	25.126354	
25.129541	25.258600	25.386892	25.513744	25.639055	25.761971	25.882553	25.999794	26.113903	26.223745	26.329639	26.430384	26.526367	26.616371	26.700815	26.778536	26.849941	26.913980	26.971022	27.020178	27.061756	27.095078	27.120365	27.137199	27.145683	27.145687	27.137196	27.120369	27.095078	27.061754	27.020176	26.971020	26.913979	26.849941	26.778534	26.700815	26.616371	26.526365	26.430386	26.329639	26.223745	26.113903	25.999792	25.882551	25.761967	25.639055	25.513744	25.386894	25.258598	25.129539	
25.132175	25.263950	25.394766	25.524376	25.652063	25.777731	25.900522	26.020470	26.136593	26.249039	26.356741	26.459929	26.557499	26.649731	26.735538	26.815210	26.887743	26.953411	27.011333	27.061756	27.103964	27.138153	27.163822	27.181089	27.189705	27.189705	27.181091	27.163820	27.138153	27.103962	27.061756	27.011333	26.953411	26.887743	26.815208	26.735538	26.649727	26.557501	26.459927	26.356743	26.249039	26.136591	26.020470	25.900518	25.777733	25.652061	25.524376	25.394764	25.263950	25.132175	
25.134336	25.268192	25.401218	25.532806	25.662720	25.790237	25.915236	26.036884	26.155155	26.269140	26.378885	26.483440	26.582905	26.676321	26.763823	26.844490	26.918478	26.984951	27.044048	27.095078	27.138151	27.172747	27.198944	27.216417	27.225208	27.225212	27.216417	27.198948	27.172745	27.138153	27.095078	27.044048	26.984951	26.918476	26.844492	26.763817	26.676319	26.582903	26.483438	26.378887	26.269138	26.155155	26.036880	25.915236	25.790234	25.662720	25.532803	25.401218	25.268192	25.134336	
25.135939	25.271450	25.406008	25.539272	25.670630	25.799826	25.926163	26.049461	26.168953	26.284523	26.395367	26.501411	26.601835	26.696609	26.784935	26.866798	26.941463	27.008932	27.068563	27.120365	27.163822	27.198944	27.225374	27.243113	27.251984	27.251982	27.243116	27.225372	27.198946	27.163820	27.120367	27.068563	27.008934	26.941463	26.866798	26.784935	26.696609	26.601833	26.501411	26.395367	26.284525	26.168953	26.049458	25.926161	25.799826	25.670628	25.539272	25.406006	25.271450	25.135939	
25.137032	25.273590	25.409267	25.543530	25.676014	25.806141	25.933596	26.057749	26.178329	26.294676	26.406551	26.513283	26.614666	26.710039	26.799221	26.881588	26.956987	27.024860	27.085089	27.137196	27.181089	27.216419	27.243111	27.260956	27.269917	27.269918	27.260958	27.243114	27.216417	27.181091	27.137196	27.085091	27.024864	26.956989	26.881588	26.799221	26.710037	26.614670	26.513285	26.406553	26.294676	26.178329	26.057751	25.933594	25.806141	25.676014	25.543526	25.409267	25.273592	25.137032	
25.137569	25.274685	25.410873	25.545698	25.678667	25.809359	25.937260	26.061970	26.182959	26.299839	26.412083	26.519316	26.621021	26.716850	26.806307	26.889074	26.964703	27.032911	27.093315	27.145683	27.189705	27.225208	27.251980	27.269917	27.278902	27.278902	27.269918	27.251984	27.225212	27.189705	27.145685	27.093315	27.032913	26.964703	26.889076	26.806305	26.716850	26.621021	26.519318	26.412083	26.299839	26.182961	26.061970	25.937263	25.809359	25.678669	25.545700	25.410873	25.274687	25.137569	
25.137569	25.274685	25.410873	25.545698	25.678667	25.809359	25.937260	26.061970	26.182959	26.299839	26.412083	26.519316	26.621021	26.716850	26.806307	26.889074	26.964703	27.032911	27.093315	27.145683	27.189705	27.225208	27.251980	27.269917	27.278902	27.278902	27.269918	27.251984	27.225212	27.189705	27.145685	27.093315	27.032913	26.964703	26.889076	26.806305	26.716850	26.621021	26.519318	26.412083	26.299839	26.182961	26.061970	25.937263	25.809359	25.678669	25.545700	25.410873	25.274687	25.137569	
25.137032	25.273590	25.409267	25.543530	25.676014	25.806141	25.933596	26.057749	26.178329	26.294676	26.406551	26.513283	26.614666	26.710039	26.799221	26.881588	26.956987	27.024860	27.085089	27.137196	27.181089	27.216419	27.243111	27.260956	27.269917	27.269918	27.260958	27.243114	27.216417	27.181091	27.137196	27.085091	27.024864	26.956989	26.881588	26.799221	26.710037	26.614670	26.513285	26.406553	26.294676	26.178329	26.057751	25.933594	25.806141	25.676014	25.543526	25.409267	25.273592	25.137032	
25.135939	25.271450	25.406008	25.539272	25.670630	25.799826	25.926163	26.049461	26.168953	26.284523	26.395367	26.501411	26.601835	26.696609	26.784935	26.866798	26.941463	27.008932	27.068563	27.120365	27.163822	27.198944	27.225374	27.243113	27.251984	27.251982	27.243116	27.225372	27.198946	27.163820	27.120367	27.068563	27.008934	26.941463	26.866798	26.784935	26.696609	26.601833	26.501411	26.395367	26.284525	26.168953	26.049458	25.926161	25.799826	25.670628	25.539272	25.406006	25.271450	25.135939	
25.134336	25.268192	25.401218	25.532806	25.662720	25.790237	25.915236	26.036884	26.155155	26.269140	26.378885	26.483440	26.582905	26.676321	26.763823	26.844490	26.918478	26.984951	27.044048	27.095078	27.138151	27.172747	27.198944	27.216417	27.225208	27.225212	27.216417	27.198948	27.172745	27.138153	27.095078	27.044048	26.984951	26.918476	26.844492	26.763817	26.676319	26.582903	26.483438	26.378887	26.269138	26.155155	26.036880	25.915236	25.790234	25.662720	25.532803	25.401218	25.268192	25.134336	
25.132175	25.263950	25.394766	25.524376	25.652063	25.777731	25.900522	26.020470	26.136593	26.249039	26.356741	26.459929	26.557499	26.649731	26.735538	26.815210	26.887743	26.953411	27.011333	27.061756	27.103964	27.138153	27.163822	27.181089	27.189705	27.189705	27.181091	27.163820	27.138153	27.103962	27.061756	27.011333	26.953411	26.887743	26.815208	26.735538	26.649727	26.557501	26.459927	26.356743	26.249039	26.136591	26.020470	25.900518	25.777733	25.652061	25.524376	25.394764	25.263950	25.132175	
25.129541	25.258600	25.386892	25.513744	25.639055	25.761971	25.882553	25.999794	26.113903	26.223745	26.329639	26.430384	26.526367	26.616371	26.700815	26.778536	26.849941	26.913980	26.971022	27.020178	27.061756	27.095078	27.120365	27.137199	27.145683	27.145687	27.137196	27.120369	27.095078	27.061754	27.020176	26.971020	26.913979	26.849941	26.778534	26.700815	26.616371	26.526365	26.430386	26.329639	26.223745	26.113903	25.999792	25.882551	25.761967	25.639055	25.513744	25.386894	25.258598	25.129539	
25.126352	25.252342	25.377375	25.501310	25.623341	25.743521	25.860855	25.975578	26.086533	26.194090	26.296986	26.395699	26.488907	26.577147	26.659111	26.735340	26.804617	26.867451	26.922771	26.971022	27.011333	27.044050	27.068565	27.085089	27.093319	27.093315	27.085093	27.068562	27.044050	27.011333	26.971022	26.922773	26.867449	26.804615	26.735338	26.659107	26.577145	26.488907	26.395699	26.296986	26.194088	26.086529	25.975576	25.860855	25.743521	25.623337	25.501312	25.377375	25.252344	25.126354	
25.122738	25.245001	25.366571	25.486727	25.605486	25.721899	25.836191	25.947220	26.055386	26.159397	26.259789	26.355173	26.446177	26.531387	26.611456	26.685028	26.752741	26.813358	26.867451	26.913979	26.953407	26.984951	27.008934	27.024866	27.032913	27.032917	27.024862	27.008934	26.984947	26.953411	26.913980	26.867451	26.813358	26.752739	26.685026	26.611454	26.531384	26.446177	26.355173	26.259789	26.159395	26.055384	25.947218	25.836191	25.721897	25.605488	25.486727	25.366570	25.245001	25.122736	
25.118587	25.236847	25.354179	25.470524	25.585024	25.697859	25.807943	25.915663	26.019749	26.120752	26.217268	26.309978	26.397400	26.480274	26.557144	26.628746	26.693716	26.752739	26.804615	26.849939	26.887743	26.918476	26.941465	26.956989	26.964705	26.964703	26.956989	26.941460	26.918476	26.887741	26.849941	26.804615	26.752739	26.693710	26.628746	26.557140	26.480274	26.397398	26.309977	26.217268	26.120752	26.019745	25.915665	25.807940	25.697861	25.585022	25.470526	25.354177	25.236847	25.118586	
25.114056	25.227657	25.340645	25.452274	25.562662	25.670801	25.777046	25.880173	25.980736	26.077335	26.170681	26.259258	26.343880	26.423000	26.497461	26.565775	26.628746	26.685028	26.735338	26.778536	26.815208	26.844494	26.866798	26.881588	26.889072	26.889074	26.881586	26.866798	26.844490	26.815208	26.778534	26.735336	26.685024	26.628746	26.565771	26.497461	26.422998	26.343878	26.259258	26.170677	26.077332	25.980736	25.880169	25.777046	25.670795	25.562660	25.452274	25.340641	25.227655	25.114056	
25.109024	25.217758	25.325615	25.432604	25.537842	25.641615	25.742783	25.841864	25.937508	26.030422	26.119106	26.204393	26.284710	26.360962	26.431580	26.497463	26.557142	26.611452	26.659107	26.700817	26.735538	26.763821	26.784935	26.799219	26.806309	26.806305	26.799221	26.784931	26.763819	26.735537	26.700813	26.659107	26.611454	26.557140	26.497461	26.431578	26.360962	26.284710	26.204391	26.119106	26.030422	25.937506	25.841866	25.742781	25.641615	25.537840	25.432600	25.325613	25.217756	25.109022	
25.103661	25.206898	25.309595	25.411030	25.511375	25.609625	25.706221	25.799906	25.891342	25.979090	26.063969	26.144426	26.221378	26.293240	26.360960	26.423000	26.480276	26.531384	26.577145	26.616371	26.649731	26.676317	26.696609	26.710037	26.716846	26.716848	26.710037	26.696609	26.676317	26.649729	26.616369	26.577145	26.531384	26.480274	26.423000	26.360962	26.293242	26.221380	26.144426	26.063969	25.979090	25.891342	25.799906	25.706221	25.609623	25.511374	25.411026	25.309593	25.206898	25.103659	
25.097836	25.195427	25.292206	25.388239	25.482658	25.575813	25.666574	25.755526	25.841324	25.924744	26.004292	26.080868	26.152910	26.221376	26.284714	26.343876	26.397400	26.446175	26.488907	26.526367	26.557503	26.582903	26.601833	26.614666	26.621019	26.621019	26.614666	26.601833	26.582903	26.557499	26.526367	26.488907	26.446175	26.397396	26.343880	26.284712	26.221380	26.152908	26.080872	26.004288	25.924744	25.841320	25.755527	25.666573	25.575813	25.482658	25.388233	25.292206	25.195423	25.097836	
25.091736	25.183088	25.273983	25.363728	25.452549	25.539471	25.624981	25.707855	25.788803	25.866421	25.941566	26.012732	26.080868	26.144424	26.204390	26.259258	26.309977	26.355177	26.395699	26.430386	26.459927	26.483440	26.501410	26.513283	26.519314	26.519316	26.513281	26.501411	26.483437	26.459929	26.430384	26.395699	26.355171	26.309977	26.259256	26.204393	26.144424	26.080870	26.012732	25.941570	25.866417	25.788807	25.707855	25.624979	25.539469	25.452549	25.363728	25.273977	25.183086	25.091734	
25.085224	25.170240	25.254538	25.338203	25.420439	25.501608	25.580643	25.658157	25.732864	25.805567	25.874825	25.941566	26.004290	26.063967	26.119106	26.170673	26.217272	26.259785	26.296988	26.329639	26.356743	26.378887	26.395365	26.406551	26.412083	26.412079	26.406551	26.395365	26.378887	26.356743	26.329641	26.296986	26.259789	26.217266	26.170677	26.119104	26.063969	26.004288	25.941570	25.874825	25.805569	25.732862	25.658159	25.580643	25.501606	25.420437	25.338203	25.254536	25.170238	25.085224	
25.078484	25.156635	25.234407	25.311180	25.387184	25.461531	25.534706	25.605587	25.674866	25.741241	25.805565	25.866419	25.924740	25.979090	26.030420	26.077335	26.120750	26.159397	26.194088	26.223747	26.249039	26.269138	26.284523	26.294678	26.299837	26.299839	26.294674	26.284525	26.269138	26.249039	26.223743	26.194088	26.159393	26.120752	26.077332	26.030422	25.979088	25.924744	25.866419	25.805569	25.741241	25.674870	25.605585	25.534708	25.461529	25.387184	25.311178	25.234406	25.156635	25.078484	
25.071396	25.142620	25.213234	25.283331	25.352213	25.420223	25.486420	25.551373	25.613941	25.674864	25.732864	25.788801	25.841322	25.891340	25.937508	25.980734	26.019747	26.055386	26.086531	26.113903	26.136589	26.155155	26.168951	26.178328	26.182959	26.182957	26.178329	26.168949	26.155155	26.136591	26.113903	26.086525	26.055384	26.019745	25.980736	25.937510	25.891342	25.841320	25.788805	25.732864	25.674871	25.613937	25.551378	25.486420	25.420227	25.352211	25.283335	25.213230	25.142620	25.071396	
25.064123	25.127968	25.191513	25.254227	25.316332	25.377066	25.436859	25.494755	25.551373	25.605587	25.658155	25.707855	25.755524	25.799908	25.841860	25.880173	25.915661	25.947220	25.975576	25.999792	26.020470	26.036880	26.049458	26.057749	26.061966	26.061970	26.057743	26.049458	26.036880	26.020470	25.999790	25.975578	25.947214	25.915663	25.880169	25.841864	25.799904	25.755527	25.707851	25.658159	25.605583	25.551378	25.494755	25.436863	25.377064	25.316336	25.254227	25.191513	25.127968	25.064123	
25.056564	25.112999	25.168940	25.224489	25.279053	25.332951	25.385384	25.436863	25.486418	25.534704	25.580643	25.624977	25.666573	25.706217	25.742783	25.777042	25.807940	25.836187	25.860855	25.882551	25.900518	25.915234	25.926159	25.933594	25.937262	25.937260	25.933596	25.926159	25.915236	25.900518	25.882553	25.860851	25.836189	25.807940	25.777046	25.742783	25.706219	25.666573	25.624979	25.580641	25.534708	25.486416	25.436863	25.385384	25.332949	25.279051	25.224487	25.168938	25.112999	25.056564	
25.048870	25.097527	25.145962	25.193752	25.241091	25.287365	25.332949	25.377064	25.420223	25.461529	25.501606	25.539471	25.575809	25.609623	25.641611	25.670799	25.697857	25.721897	25.743519	25.761967	25.777729	25.790234	25.799824	25.806139	25.809355	25.809359	25.806137	25.799826	25.790234	25.777733	25.761967	25.743521	25.721897	25.697859	25.670799	25.641615	25.609625	25.575813	25.539467	25.501606	25.461527	25.420227	25.377060	25.332951	25.287365	25.241091	25.193750	25.145962	25.097525	25.048870	
25.040956	25.081825	25.122328	25.162554	25.202059	25.241091	25.279053	25.316334	25.352211	25.387180	25.420437	25.452545	25.482658	25.511374	25.537842	25.562660	25.585022	25.605484	25.623337	25.639053	25.652061	25.662718	25.670628	25.676010	25.678667	25.678661	25.676014	25.670628	25.662722	25.652060	25.639057	25.623337	25.605486	25.585022	25.562658	25.537842	25.511375	25.482658	25.452547	25.420437	25.387182	25.352209	25.316334	25.279053	25.241091	25.202059	25.162556	25.122328	25.081825	25.040958	
25.032951	25.065754	25.098412	25.130632	25.162552	25.193750	25.224489	25.254225	25.283333	25.311176	25.338203	25.363728	25.388235	25.411030	25.432602	25.452274	25.470524	25.486727	25.501308	25.513742	25.524374	25.532803	25.539268	25.543526	25.545694	25.545700	25.543526	25.539272	25.532803	25.524376	25.513744	25.501310	25.486727	25.470524	25.452274	25.432600	25.411026	25.388237	25.363726	25.338203	25.311174	25.283333	25.254225	25.224487	25.193750	25.162554	25.130630	25.098413	25.065754	25.032951	
25.024796	25.049538	25.074059	25.098412	25.122330	25.145958	25.168941	25.191513	25.213230	25.234406	25.254536	25.273979	25.292206	25.309597	25.325615	25.340643	25.354177	25.366570	25.377375	25.386890	25.394764	25.401217	25.406006	25.409264	25.410873	25.410870	25.409267	25.406006	25.401218	25.394766	25.386894	25.377375	25.366570	25.354177	25.340643	25.325615	25.309593	25.292206	25.273979	25.254536	25.234406	25.213230	25.191513	25.168941	25.145962	25.122330	25.098412	25.074057	25.049538	25.024796	
25.016586	25.033100	25.049538	25.065756	25.081825	25.097527	25.112999	25.127966	25.142618	25.156631	25.170238	25.183084	25.195423	25.206894	25.217758	25.227657	25.236847	25.245001	25.252342	25.258600	25.263952	25.268194	25.271448	25.273590	25.274683	25.274685	25.273590	25.271450	25.268192	25.263952	25.258600	25.252342	25.244999	25.236845	25.227659	25.217756	25.206898	25.195423	25.183086	25.170238	25.156633	25.142620	25.127968	25.113003	25.097527	25.081825	25.065754	25.049538	25.033100	25.016586	
25.008301	25.016586	25.024796	25.032951	25.040956	25.048870	25.056564	25.064121	25.071392	25.078485	25.085224	25.091734	25.097836	25.103659	25.109022	25.114056	25.118587	25.122736	25.126354	25.129539	25.132175	25.134338	25.135941	25.137032	25.137569	25.137566	25.137032	25.135941	25.134338	25.132175	25.129541	25.126354	25.122738	25.118587	25.114056	25.109024	25.103659	25.097837	25.091732	25.085224	25.078484	25.071394	25.064125	25.056564	25.048870	25.040958	25.032949	25.024796	25.016586	25.008303	
