25.008411	25.016809	25.025127	25.033396	25.041508	25.049534	25.057331	25.065001	25.072372	25.079569	25.086405	25.093018	25.099209	25.105124	25.110569	25.115683	25.120285	25.124504	25.128180	25.131420	25.134100	25.136299	25.137928	25.139038	25.139587	25.139584	25.139040	25.137926	25.136299	25.134100	25.131422	25.128178	25.124506	25.120285	25.115683	25.110569	25.105122	25.099209	25.093016	25.086407	25.079569	25.072372	25.064999	25.057331	25.049532	25.041512	25.033394	25.025131	25.016809	25.008413	
25.016808	25.033541	25.050205	25.066639	25.082930	25.098846	25.114540	25.129713	25.144581	25.158794	25.172607	25.185640	25.198174	25.209816	25.220852	25.230907	25.240246	25.248529	25.255995	25.262354	25.267799	25.272110	25.275425	25.277603	25.278713	25.278715	25.277599	25.275425	25.272112	25.267799	25.262356	25.255997	25.248529	25.240246	25.230907	25.220852	25.209818	25.198174	25.185642	25.172607	25.158794	25.144581	25.129715	25.114538	25.098846	25.082930	25.066639	25.050201	25.033543	25.016808	
25.025127	25.050205	25.075054	25.099743	25.123980	25.147943	25.171242	25.194138	25.216164	25.237652	25.258074	25.277817	25.296314	25.313980	25.330244	25.345518	25.359266	25.371866	25.382843	25.392523	25.400524	25.407091	25.411957	25.415276	25.416908	25.416906	25.415279	25.411957	25.407093	25.400528	25.392525	25.382847	25.371864	25.359266	25.345516	25.330246	25.313976	25.296314	25.277817	25.258074	25.237652	25.216160	25.194139	25.171240	25.147943	25.123981	25.099739	25.075052	25.050203	25.025127	
25.033394	25.066639	25.099743	25.132395	25.164761	25.196384	25.227560	25.257713	25.287245	25.315487	25.342924	25.368824	25.393717	25.416855	25.438776	25.458755	25.477306	25.493767	25.508598	25.521233	25.532047	25.540615	25.547197	25.551525	25.553732	25.553734	25.551521	25.547199	25.540617	25.532051	25.521235	25.508598	25.493769	25.477304	25.458755	25.438774	25.416855	25.393719	25.368824	25.342926	25.315487	25.287247	25.257711	25.227560	25.196384	25.164761	25.132397	25.099741	25.066639	25.033394	
25.041510	25.082930	25.123981	25.164759	25.204803	25.244385	25.282873	25.320696	25.357079	25.392574	25.426315	25.458920	25.489483	25.518658	25.545532	25.570755	25.593473	25.614279	25.632420	25.648405	25.661625	25.672470	25.680511	25.685989	25.688690	25.688686	25.685991	25.680510	25.672474	25.661625	25.648409	25.632421	25.614277	25.593472	25.570755	25.545532	25.518656	25.489483	25.458921	25.426313	25.392576	25.357079	25.320694	25.282871	25.244385	25.204803	25.164761	25.123981	25.082930	25.041510	
25.049532	25.098848	25.147942	25.196384	25.244383	25.291298	25.337536	25.382267	25.426065	25.467968	25.508654	25.547083	25.583996	25.618324	25.650831	25.680473	25.707983	25.732409	25.754398	25.773149	25.789185	25.801899	25.811657	25.818077	25.821350	25.821354	25.818071	25.811657	25.801897	25.789188	25.773148	25.754400	25.732409	25.707985	25.680473	25.650829	25.618324	25.583996	25.547081	25.508656	25.467968	25.426067	25.382267	25.337536	25.291300	25.244385	25.196384	25.147945	25.098846	25.049534	
25.057333	25.114538	25.171242	25.227558	25.282875	25.337534	25.390703	25.442928	25.493198	25.542206	25.588825	25.633842	25.676071	25.716351	25.753481	25.788309	25.819696	25.848423	25.873489	25.895559	25.913830	25.928801	25.939911	25.947474	25.951206	25.951200	25.947475	25.939909	25.928802	25.913828	25.895565	25.873491	25.848425	25.819696	25.788311	25.753483	25.716351	25.676071	25.633848	25.588825	25.542212	25.493196	25.442932	25.390705	25.337536	25.282873	25.227562	25.171242	25.114540	25.057333	
25.065001	25.129715	25.194138	25.257713	25.320694	25.382269	25.442928	25.501648	25.559105	25.614113	25.667484	25.717930	25.766352	25.811419	25.854057	25.892975	25.929058	25.961128	25.989969	26.014585	26.035622	26.052313	26.065109	26.073542	26.077835	26.077837	26.073538	26.065111	26.052311	26.035624	26.014587	25.989971	25.961124	25.929060	25.892973	25.854059	25.811419	25.766354	25.717930	25.667484	25.614111	25.559109	25.501648	25.442932	25.382269	25.320694	25.257713	25.194141	25.129715	25.065001	
25.072374	25.144581	25.216164	25.287243	25.357082	25.426064	25.493200	25.559107	25.622581	25.684425	25.743292	25.800097	25.853424	25.904243	25.951143	25.995081	26.034721	26.070965	26.102625	26.130470	26.153542	26.172430	26.186462	26.196003	26.200716	26.200712	26.196007	26.186460	26.172432	26.153542	26.130470	26.102623	26.070967	26.034721	25.995083	25.951138	25.904247	25.853420	25.800102	25.743290	25.684429	25.622580	25.559111	25.493198	25.426069	25.357080	25.287249	25.216164	25.144583	25.072372	
25.079571	25.158796	25.237654	25.315491	25.392574	25.467970	25.542208	25.614111	25.684425	25.751789	25.817097	25.878876	25.938126	25.993324	26.045492	26.093159	26.137308	26.176586	26.211876	26.242029	26.267765	26.288210	26.303864	26.314190	26.319445	26.319447	26.314188	26.303864	26.288204	26.267763	26.242029	26.211874	26.176586	26.137308	26.093159	26.045494	25.993320	25.938129	25.878874	25.817101	25.751781	25.684429	25.614111	25.542213	25.467968	25.392576	25.315491	25.237656	25.158796	25.079569	
25.086407	25.172607	25.258076	25.342926	25.426315	25.508656	25.588825	25.667484	25.743294	25.817099	25.887405	25.955194	26.018890	26.079531	26.135548	26.187977	26.235332	26.278576	26.316395	26.349617	26.377180	26.399715	26.416479	26.427864	26.433491	26.433487	26.427866	26.416473	26.399715	26.377176	26.349617	26.316395	26.278576	26.235329	26.187979	26.135548	26.079533	26.018887	25.955196	25.887402	25.817101	25.743290	25.667488	25.588823	25.508656	25.426315	25.342926	25.258076	25.172607	25.086407	
25.093018	25.185642	25.277817	25.368824	25.458921	25.547085	25.633846	25.717932	25.800102	25.878878	25.955196	26.027454	26.096682	26.161243	26.222197	26.277954	26.329533	26.375479	26.416706	26.451981	26.482044	26.505960	26.524250	26.536331	26.542469	26.542471	26.536329	26.524250	26.505959	26.482042	26.451979	26.416704	26.375479	26.329533	26.277954	26.222198	26.161242	26.096684	26.027451	25.955196	25.878876	25.800102	25.717930	25.633848	25.547081	25.458920	25.368826	25.277817	25.185642	25.093018	
25.099209	25.198174	25.296314	25.393719	25.489483	25.583998	25.676071	25.766354	25.853424	25.938129	26.018887	26.096682	26.169851	26.239439	26.303795	26.363951	26.418358	26.467972	26.511427	26.549541	26.581211	26.607067	26.626328	26.639389	26.645855	26.645851	26.639389	26.626324	26.607065	26.581207	26.549541	26.511425	26.467972	26.418354	26.363951	26.303793	26.239441	26.169849	26.096684	26.018887	25.938129	25.853422	25.766356	25.676071	25.583996	25.489483	25.393715	25.296314	25.198170	25.099209	
25.105124	25.209816	25.313978	25.416855	25.518658	25.618326	25.716354	25.811420	25.904247	25.993324	26.079533	26.161242	26.239439	26.312450	26.381296	26.444355	26.502605	26.554573	26.601133	26.641031	26.674982	26.702034	26.722689	26.736351	26.743282	26.743286	26.736349	26.722687	26.702030	26.674982	26.641029	26.601133	26.554573	26.502605	26.444355	26.381296	26.312450	26.239441	26.161243	26.079536	25.993320	25.904251	25.811417	25.716351	25.618324	25.518656	25.416855	25.313978	25.209816	25.105122	
25.110569	25.220852	25.330246	25.438778	25.545532	25.650831	25.753483	25.854057	25.951143	26.045494	26.135548	26.222197	26.303791	26.381296	26.453068	26.520061	26.580742	26.635994	26.684460	26.726904	26.762230	26.791019	26.812504	26.827045	26.834261	26.834255	26.827049	26.812498	26.791018	26.762226	26.726904	26.684458	26.635992	26.580738	26.520061	26.453064	26.381296	26.303791	26.222198	26.135548	26.045498	25.951141	25.854059	25.753483	25.650829	25.545532	25.438774	25.330246	25.220850	25.110569	
25.115683	25.230906	25.345520	25.458755	25.570757	25.680477	25.788311	25.892977	25.995083	26.093163	26.187981	26.277952	26.363951	26.444355	26.520063	26.589512	26.653564	26.710802	26.761993	26.805941	26.843269	26.873066	26.895775	26.910828	26.918447	26.918451	26.910824	26.895775	26.873062	26.843269	26.805939	26.761995	26.710800	26.653561	26.589508	26.520061	26.444353	26.363951	26.277954	26.187979	26.093159	25.995085	25.892973	25.788311	25.680473	25.570755	25.458754	25.345518	25.230907	25.115683	
25.120285	25.240248	25.359264	25.477306	25.593472	25.707983	25.819698	25.929058	26.034725	26.137310	26.235332	26.329533	26.418354	26.502605	26.580742	26.653564	26.719627	26.779682	26.832457	26.878586	26.917049	26.948338	26.971733	26.987539	26.995392	26.995392	26.987541	26.971729	26.948339	26.917046	26.878586	26.832451	26.779682	26.719627	26.653561	26.580742	26.502605	26.418354	26.329533	26.235332	26.137310	26.034721	25.929060	25.819696	25.707985	25.593472	25.477306	25.359266	25.240248	25.120285	
25.124504	25.248531	25.371868	25.493769	25.614281	25.732410	25.848423	25.961128	26.070969	26.176586	26.278576	26.375481	26.467972	26.554573	26.635994	26.710800	26.779684	26.841341	26.896389	26.943733	26.983871	27.015972	27.040388	27.056604	27.064802	27.064802	27.056604	27.040392	27.015968	26.983873	26.943733	26.896391	26.841339	26.779682	26.710800	26.635992	26.554573	26.467972	26.375477	26.278578	26.176586	26.070971	25.961126	25.848427	25.732409	25.614281	25.493767	25.371864	25.248531	25.124504	
25.128180	25.255997	25.382845	25.508602	25.632423	25.754402	25.873493	25.989971	26.102625	26.211878	26.316397	26.416706	26.511425	26.601133	26.684462	26.761995	26.832455	26.896391	26.952675	27.001783	27.042812	27.076118	27.101074	27.117903	27.126278	27.126276	27.117903	27.101072	27.076122	27.042812	27.001787	26.952675	26.896389	26.832455	26.761993	26.684460	26.601133	26.511423	26.416706	26.316397	26.211878	26.102627	25.989973	25.873489	25.754402	25.632420	25.508598	25.382845	25.255997	25.128180	
25.131420	25.262356	25.392525	25.521238	25.648407	25.773151	25.895561	26.014587	26.130470	26.242029	26.349619	26.451981	26.549541	26.641029	26.726906	26.805941	26.878586	26.943733	27.001785	27.051807	27.094135	27.128056	27.153805	27.170940	27.179583	27.179583	27.170938	27.153805	27.128054	27.094137	27.051807	27.001785	26.943733	26.878586	26.805939	26.726904	26.641029	26.549543	26.451981	26.349617	26.242029	26.130472	26.014587	25.895563	25.773148	25.648407	25.521236	25.392525	25.262356	25.131420	
25.134100	25.267799	25.400528	25.532051	25.661633	25.789186	25.913832	26.035622	26.153542	26.267765	26.377180	26.482044	26.581211	26.674982	26.762228	26.843269	26.917049	26.983870	27.042812	27.094135	27.137100	27.171907	27.198042	27.215626	27.224400	27.224398	27.215628	27.198040	27.171909	27.137098	27.094135	27.042812	26.983873	26.917049	26.843269	26.762226	26.674980	26.581211	26.482044	26.377180	26.267765	26.153542	26.035625	25.913830	25.789188	25.661625	25.532049	25.400526	25.267799	25.134100	
25.136297	25.272114	25.407093	25.540619	25.672470	25.801903	25.928801	26.052313	26.172432	26.288206	26.399715	26.505959	26.607063	26.702034	26.791019	26.873066	26.948338	27.015972	27.076118	27.128056	27.171907	27.207127	27.233803	27.251595	27.260548	27.260548	27.251595	27.233803	27.207125	27.171909	27.128056	27.076120	27.015972	26.948338	26.873066	26.791016	26.702034	26.607067	26.505960	26.399717	26.288208	26.172432	26.052311	25.928802	25.801899	25.672470	25.540619	25.407093	25.272112	25.136299	
25.137928	25.275425	25.411961	25.547197	25.680515	25.811655	25.939913	26.065109	26.186464	26.303865	26.416479	26.524250	26.626328	26.722687	26.812504	26.895775	26.971733	27.040390	27.101074	27.153803	27.198040	27.233803	27.260708	27.278776	27.287807	27.287807	27.278778	27.260710	27.233803	27.198040	27.153805	27.101072	27.040390	26.971731	26.895775	26.812504	26.722687	26.626328	26.524252	26.416479	26.303867	26.186462	26.065113	25.939911	25.811655	25.680513	25.547199	25.411961	25.275425	25.137928	
25.139038	25.277603	25.415276	25.551525	25.685993	25.818077	25.947475	26.073540	26.196007	26.314192	26.427866	26.536331	26.639389	26.736353	26.827049	26.910828	26.987539	27.056606	27.117901	27.170940	27.215626	27.251593	27.278774	27.296946	27.306070	27.306070	27.296947	27.278780	27.251595	27.215628	27.170938	27.117901	27.056604	26.987539	26.910826	26.827049	26.736353	26.639391	26.536331	26.427866	26.314194	26.196009	26.073540	25.947475	25.818077	25.685993	25.551525	25.415277	25.277603	25.139038	
25.139584	25.278713	25.416908	25.553736	25.688690	25.821354	25.951206	26.077835	26.200714	26.319447	26.433491	26.542469	26.645853	26.743288	26.834259	26.918449	26.995394	27.064800	27.126276	27.179581	27.224396	27.260546	27.287806	27.306068	27.315220	27.315220	27.306072	27.287807	27.260548	27.224398	27.179581	27.126276	27.064800	26.995392	26.918449	26.834259	26.743286	26.645855	26.542471	26.433491	26.319448	26.200716	26.077839	25.951206	25.821352	25.688690	25.553736	25.416912	25.278715	25.139584	
25.139584	25.278713	25.416908	25.553736	25.688690	25.821354	25.951206	26.077835	26.200714	26.319447	26.433491	26.542469	26.645853	26.743288	26.834259	26.918449	26.995394	27.064800	27.126276	27.179581	27.224396	27.260546	27.287806	27.306068	27.315220	27.315220	27.306072	27.287807	27.260548	27.224398	27.179581	27.126276	27.064800	26.995392	26.918449	26.834259	26.743286	26.645855	26.542471	26.433491	26.319448	26.200716	26.077839	25.951206	25.821352	25.688690	25.553736	25.416912	25.278715	25.139584	
25.139038	25.277603	25.415276	25.551525	25.685993	25.818077	25.947475	26.073540	26.196007	26.314192	26.427866	26.536331	26.639389	26.736353	26.827049	26.910828	26.987539	27.056606	27.117901	27.170940	27.215626	27.251593	27.278774	27.296946	27.306070	27.306070	27.296947	27.278780	27.251595	27.215628	27.170938	27.117901	27.056604	26.987539	26.910826	26.827049	26.736353	26.639391	26.536331	26.427866	26.314194	26.196009	26.073540	25.947475	25.818077	25.685993	25.551525	25.415277	25.277603	25.139038	
25.137928	25.275425	25.411961	25.547197	25.680515	25.811655	25.939913	26.065109	26.186464	26.303865	26.416479	26.524250	26.626328	26.722687	26.812504	26.895775	26.971733	27.040390	27.101074	27.153803	27.198040	27.233803	27.260708	27.278776	27.287807	27.287807	27.278778	27.260710	27.233803	27.198040	27.153805	27.101072	27.040390	26.971731	26.895775	26.812504	26.722687	26.626328	26.524252	26.416479	26.303867	26.186462	26.065113	25.939911	25.811655	25.680513	25.547199	25.411961	25.275425	25.137928	
25.136297	25.272114	25.407093	25.540619	25.672470	25.801903	25.928801	26.052313	26.172432	26.288206	26.399715	26.505959	26.607063	26.702034	26.791019	26.873066	26.948338	27.015972	27.076118	27.128056	27.171907	27.207127	27.233803	27.251595	27.260548	27.260548	27.251595	27.233803	27.207125	27.171909	27.128056	27.076120	27.015972	26.948338	26.873066	26.791016	26.702034	26.607067	26.505960	26.399717	26.288208	26.172432	26.052311	25.928802	25.801899	25.672470	25.540619	25.407093	25.272112	25.136299	
25.134100	25.267799	25.400528	25.532051	25.661633	25.789186	25.913832	26.035622	26.153542	26.267765	26.377180	26.482044	26.581211	26.674982	26.762228	26.843269	26.917049	26.983870	27.042812	27.094135	27.137100	27.171907	27.198042	27.215626	27.224400	27.224398	27.215628	27.198040	27.171909	27.137098	27.094135	27.042812	26.983873	26.917049	26.843269	26.762226	26.674980	26.581211	26.482044	26.377180	26.267765	26.153542	26.035625	25.913830	25.789188	25.661625	25.532049	25.400526	25.267799	25.134100	
25.131420	25.262356	25.392525	25.521238	25.648407	25.773151	25.895561	26.014587	26.130470	26.242029	26.349619	26.451981	26.549541	26.641029	26.726906	26.805941	26.878586	26.943733	27.001785	27.051807	27.094135	27.128056	27.153805	27.170940	27.179583	27.179583	27.170938	27.153805	27.128054	27.094137	27.051807	27.001785	26.943733	26.878586	26.805939	26.726904	26.641029	26.549543	26.451981	26.349617	26.242029	26.130472	26.014587	25.895563	25.773148	25.648407	25.521236	25.392525	25.262356	25.131420	
25.128180	25.255997	25.382845	25.508602	25.632423	25.754402	25.873493	25.989971	26.102625	26.211878	26.316397	26.416706	26.511425	26.601133	26.684462	26.761995	26.832455	26.896391	26.952675	27.001783	27.042812	27.076118	27.101074	27.117903	27.126278	27.126276	27.117903	27.101072	27.076122	27.042812	27.001787	26.952675	26.896389	26.832455	26.761993	26.684460	26.601133	26.511423	26.416706	26.316397	26.211878	26.102627	25.989973	25.873489	25.754402	25.632420	25.508598	25.382845	25.255997	25.128180	
25.124504	25.248531	25.371868	25.493769	25.614281	25.732410	25.848423	25.961128	26.070969	26.176586	26.278576	26.375481	26.467972	26.554573	26.635994	26.710800	26.779684	26.841341	26.896389	26.943733	26.983871	27.015972	27.040388	27.056604	27.064802	27.064802	27.056604	27.040392	27.015968	26.983873	26.943733	26.896391	26.841339	26.779682	26.710800	26.635992	26.554573	26.467972	26.375477	26.278578	26.176586	26.070971	25.961126	25.848427	25.732409	25.614281	25.493767	25.371864	25.248531	25.124504	
25.120285	25.240248	25.359264	25.477306	25.593472	25.707983	25.819698	25.929058	26.034725	26.137310	26.235332	26.329533	26.418354	26.502605	26.580742	26.653564	26.719627	26.779682	26.832457	26.878586	26.917049	26.948338	26.971733	26.987539	26.995392	26.995392	26.987541	26.971729	26.948339	26.917046	26.878586	26.832451	26.779682	26.719627	26.653561	26.580742	26.502605	26.418354	26.329533	26.235332	26.137310	26.034721	25.929060	25.819696	25.707985	25.593472	25.477306	25.359266	25.240248	25.120285	
25.115683	25.230906	25.345520	25.458755	25.570757	25.680477	25.788311	25.892977	25.995083	26.093163	26.187981	26.277952	26.363951	26.444355	26.520063	26.589512	26.653564	26.710802	26.761993	26.805941	26.843269	26.873066	26.895775	26.910828	26.918447	26.918451	26.910824	26.895775	26.873062	26.843269	26.805939	26.761995	26.710800	26.653561	26.589508	26.520061	26.444353	26.363951	26.277954	26.187979	26.093159	25.995085	25.892973	25.788311	25.680473	25.570755	25.458754	25.345518	25.230907	25.115683	
25.110569	25.220852	25.330246	25.438778	25.545532	25.650831	25.753483	25.854057	25.951143	26.045494	26.135548	26.222197	26.303791	26.381296	26.453068	26.520061	26.580742	26.635994	26.684460	26.726904	26.762230	26.791019	26.812504	26.827045	26.834261	26.834255	26.827049	26.812498	26.791018	26.762226	26.726904	26.684458	26.635992	26.580738	26.520061	26.453064	26.381296	26.303791	26.222198	26.135548	26.045498	25.951141	25.854059	25.753483	25.650829	25.545532	25.438774	25.330246	25.220850	25.110569	
25.105124	25.209816	25.313978	25.416855	25.518658	25.618326	25.716354	25.811420	25.904247	25.993324	26.079533	26.161242	26.239439	26.312450	26.381296	26.444355	26.502605	26.554573	26.601133	26.641031	26.674982	26.702034	26.722689	26.736351	26.743282	26.743286	26.736349	26.722687	26.702030	26.674982	26.641029	26.601133	26.554573	26.502605	26.444355	26.381296	26.312450	26.239441	26.161243	26.079536	25.993320	25.904251	25.811417	25.716351	25.618324	25.518656	25.416855	25.313978	25.209816	25.105122	
25.099209	25.198174	25.296314	25.393719	25.489483	25.583998	25.676071	25.766354	25.853424	25.938129	26.018887	26.096682	26.169851	26.239439	26.303795	26.363951	26.418358	26.467972	26.511427	26.549541	26.581211	26.607067	26.626328	26.639389	26.645855	26.645851	26.639389	26.626324	26.607065	26.581207	26.549541	26.511425	26.467972	26.418354	26.363951	26.303793	26.239441	26.169849	26.096684	26.018887	25.938129	25.853422	25.766356	25.676071	25.583996	25.489483	25.393715	25.296314	25.198170	25.099209	
25.093018	25.185642	25.277817	25.368824	25.458921	25.547085	25.633846	25.717932	25.800102	25.878878	25.955196	26.027454	26.096682	26.161243	26.222197	26.277954	26.329533	26.375479	26.416706	26.451981	26.482044	26.505960	26.524250	26.536331	26.542469	26.542471	26.536329	26.524250	26.505959	26.482042	26.451979	26.416704	26.375479	26.329533	26.277954	26.222198	26.161242	26.096684	26.027451	25.955196	25.878876	25.800102	25.717930	25.633848	25.547081	25.458920	25.368826	25.277817	25.185642	25.093018	
25.086407	25.172607	25.258076	25.342926	25.426315	25.508656	25.588825	25.667484	25.743294	25.817099	25.887405	25.955194	26.018890	26.079531	26.135548	26.187977	26.235332	26.278576	26.316395	26.349617	26.377180	26.399715	26.416479	26.427864	26.433491	26.433487	26.427866	26.416473	26.399715	26.377176	26.349617	26.316395	26.278576	26.235329	26.187979	26.135548	26.079533	26.018887	25.955196	25.887402	25.817101	25.743290	25.667488	25.588823	25.508656	25.426315	25.342926	25.258076	25.172607	25.086407	
25.079571	25.158796	25.237654	25.315491	25.392574	25.467970	25.542208	25.614111	25.684425	25.751789	25.817097	25.878876	25.938126	25.993324	26.045492	26.093159	26.137308	26.176586	26.211876	26.242029	26.267765	26.288210	26.303864	26.314190	26.319445	26.319447	26.314188	26.303864	26.288204	26.267763	26.242029	26.211874	26.176586	26.137308	26.093159	26.045494	25.993320	25.938129	25.878874	25.817101	25.751781	25.684429	25.614111	25.542213	25.467968	25.392576	25.315491	25.237656	25.158796	25.079569	
25.072374	25.144581	25.216164	25.287243	25.357082	25.426064	25.493200	25.559107	25.622581	25.684425	25.743292	25.800097	25.853424	25.904243	25.951143	25.995081	26.034721	26.070965	26.102625	26.130470	26.153542	26.172430	26.186462	26.196003	26.200716	26.200712	26.196007	26.186460	26.172432	26.153542	26.130470	26.102623	26.070967	26.034721	25.995083	25.951138	25.904247	25.853420	25.800102	25.743290	25.684429	25.622580	25.559111	25.493198	25.426069	25.357080	25.287249	25.216164	25.144583	25.072372	
25.065001	25.129715	25.194138	25.257713	25.320694	25.382269	25.442928	25.501648	25.559105	25.614113	25.667484	25.717930	25.766352	25.811419	25.854057	25.892975	25.929058	25.961128	25.989969	26.014585	26.035622	26.052313	26.065109	26.073542	26.077835	26.077837	26.073538	26.065111	26.052311	26.035624	26.014587	25.989971	25.961124	25.929060	25.892973	25.854059	25.811419	25.766354	25.717930	25.667484	25.614111	25.559109	25.501648	25.442932	25.382269	25.320694	25.257713	25.194141	25.129715	25.065001	
25.057333	25.114538	25.171242	25.227558	25.282875	25.337534	25.390703	25.442928	25.493198	25.542206	25.588825	25.633842	25.676071	25.716351	25.753481	25.788309	25.819696	25.848423	25.873489	25.895559	25.913830	25.928801	25.939911	25.947474	25.951206	25.951200	25.947475	25.939909	25.928802	25.913828	25.895565	25.873491	25.848425	25.819696	25.788311	25.753483	25.716351	25.676071	25.633848	25.588825	25.542212	25.493196	25.442932	25.390705	25.337536	25.282873	25.227562	25.171242	25.114540	25.057333	
25.049532	25.098848	25.147942	25.196384	25.244383	25.291298	25.337536	25.382267	25.426065	25.467968	25.508654	25.547083	25.583996	25.618324	25.650831	25.680473	25.707983	25.732409	25.754398	25.773149	25.789185	25.801899	25.811657	25.818077	25.821350	25.821354	25.818071	25.811657	25.801897	25.789188	25.773148	25.754400	25.732409	25.707985	25.680473	25.650829	25.618324	25.583996	25.547081	25.508656	25.467968	25.426067	25.382267	25.337536	25.291300	25.244385	25.196384	25.147945	25.098846	25.049534	
25.041510	25.082930	25.123981	25.164759	25.204803	25.244385	25.282873	25.320696	25.357079	25.392574	25.426315	25.458920	25.489483	25.518658	25.545532	25.570755	25.593473	25.614279	25.632420	25.648405	25.661625	25.672470	25.680511	25.685989	25.688690	25.688686	25.685991	25.680510	25.672474	25.661625	25.648409	25.632421	25.614277	25.593472	25.570755	25.545532	25.518656	25.489483	25.458921	25.426313	25.392576	25.357079	25.320694	25.282871	25.244385	25.204803	25.164761	25.123981	25.082930	25.041510	
25.033394	25.066639	25.099743	25.132395	25.164761	25.196384	25.227560	25.257713	25.287245	25.315487	25.342924	25.368824	25.393717	25.416855	25.438776	25.458755	25.477306	25.493767	25.508598	25.521233	25.532047	25.540615	25.547197	25.551525	25.553732	25.553734	25.551521	25.547199	25.540617	25.532051	25.521235	25.508598	25.493769	25.477304	25.458755	25.438774	25.416855	25.393719	25.368824	25.342926	25.315487	25.287247	25.257711	25.227560	25.196384	25.164761	25.132397	25.099741	25.066639	25.033394	
25.025127	25.050205	25.075054	25.099743	25.123980	25.147943	25.171242	25.194138	25.216164	25.237652	25.258074	25.277817	25.296314	25.313980	25.330244	25.345518	25.359266	25.371866	25.382843	25.392523	25.400524	25.407091	25.411957	25.415276	25.416908	25.416906	25.415279	25.411957	25.407093	25.400528	25.392525	25.382847	25.371864	25.359266	25.345516	25.330246	25.313976	25.296314	25.277817	25.258074	25.237652	25.216160	25.194139	25.171240	25.147943	25.123981	25.099739	25.075052	25.050203	25.025127	
25.016808	25.033541	25.050205	25.066639	25.082930	25.098846	25.114540	25.129713	25.144581	25.158794	25.172607	25.185640	25.198174	25.209816	25.220852	25.230907	25.240246	25.248529	25.255995	25.262354	25.267799	25.272110	25.275425	25.277603	25.278713	25.278715	25.277599	25.275425	25.272112	25.267799	25.262356	25.255997	25.248529	25.240246	25.230907	25.220852	25.209818	25.198174	25.185642	25.172607	25.158794	25.144581	25.129715	25.114538	25.098846	25.082930	25.066639	25.050201	25.033543	25.016808	
25.008411	25.016809	25.025127	25.033396	25.041508	25.049534	25.057331	25.065001	25.072372	25.079569	25.086405	25.093018	25.099209	25.105124	25.110569	25.115683	25.120285	25.124504	25.128180	25.131420	25.134100	25.136299	25.137928	25.139038	25.139587	25.139584	25.139040	25.137926	25.136299	25.134100	25.131422	25.128178	25.124506	25.120285	25.115683	25.110569	25.105122	25.099209	25.093016	25.086407	25.079569	25.072372	25.064999	25.057331	25.049532	25.041512	25.033394	25.025131	25.016809	25.008413	
