49.991982	69.749336	79.037422	84.119362	87.249260	89.352287	90.857925	91.987801	92.866714	93.570007	94.145805	94.626266	95.033707	95.384087	95.689140	95.957695	96.196503	96.410858	96.604935	96.782082	96.945023	97.096016	97.236908	97.369263	97.494370	97.613358	97.727173	97.836617	97.942398	98.045105	98.145279	98.243355	98.339737	98.434738	98.528671	98.621765	98.714256	98.806290	98.898033	98.989594	99.081085	99.172577	99.264107	99.355743	99.447472	99.539322	99.631294	99.723366	99.815521	99.907745	
30.218655	49.968048	62.281174	70.191025	75.525650	79.302353	82.092033	84.227043	85.909554	87.268082	88.387566	89.326233	90.125175	90.814240	91.415573	91.945930	92.418327	92.842873	93.227699	93.579285	93.902969	94.203110	94.483345	94.746742	94.995865	95.232895	95.459702	95.677887	95.888824	96.093719	96.293587	96.489334	96.681717	96.871429	97.059006	97.244965	97.429703	97.613602	97.796913	97.979919	98.162758	98.345627	98.528610	98.711777	98.895187	99.078835	99.262726	99.446831	99.631119	99.815521	
20.914711	37.623272	49.928562	58.838390	65.360580	70.240128	73.981659	76.919701	79.277443	81.206299	82.811386	84.167229	85.327965	86.333649	87.214523	87.993843	88.689682	89.316422	89.885513	90.406281	90.886345	91.332031	91.748611	92.140488	92.511444	92.864639	93.202827	93.528366	93.843246	94.149269	94.447906	94.740509	95.028191	95.311958	95.592636	95.870956	96.147545	96.422897	96.697479	96.971603	97.245590	97.519623	97.793869	98.068436	98.343369	98.618713	98.894424	99.170502	99.446823	99.723366	
15.817094	29.682135	40.971947	49.874123	56.839012	62.317017	66.675964	70.194084	73.075737	75.470039	77.486267	79.205345	80.687904	81.980087	83.117424	84.127655	85.032745	85.850243	86.594376	87.276764	87.906967	88.492981	89.041481	89.558136	90.047737	90.514381	90.961601	91.392418	91.809479	92.215042	92.611099	92.999329	93.381264	93.758148	94.131104	94.501068	94.868858	95.235146	95.600487	95.965347	96.330078	96.694977	97.060211	97.425949	97.792244	98.159111	98.526535	98.894424	99.262726	99.631287	
12.671775	24.316702	34.403706	42.848076	49.805550	55.514355	60.212753	64.106781	67.363457	70.114105	72.460793	74.482590	76.241066	77.784363	79.150543	80.369904	81.466782	82.460968	83.368629	84.203125	84.975571	85.695274	86.370117	87.006760	87.610916	88.187492	88.740669	89.274155	89.791039	90.294159	90.785805	91.268143	91.742905	92.211708	92.675858	93.136528	93.594696	94.051178	94.506668	94.961700	95.416718	95.872070	96.327972	96.784576	97.241982	97.700172	98.159103	98.618713	99.078827	99.539322	
10.553600	20.509796	29.478977	37.310127	44.022213	49.723892	54.555931	58.659134	62.159752	65.164978	67.763229	70.026482	72.012871	73.769485	75.334389	76.738678	78.007759	79.162590	80.220551	81.196152	82.101608	82.947220	83.741776	84.492752	85.206604	85.888870	86.544380	87.177277	87.791252	88.389389	88.974518	89.548996	90.114960	90.674164	91.228218	91.778442	92.325958	92.871758	93.416611	93.961151	94.505890	95.051201	95.597351	96.144493	96.692703	97.241974	97.792244	98.343361	98.895187	99.447472	
9.033189	17.690613	25.693356	32.892628	39.251068	44.805138	49.630379	53.816818	57.454498	60.626144	63.404350	65.851105	68.018677	69.950668	71.683517	73.247513	74.668022	75.966278	77.160179	78.264832	79.293098	80.255943	81.162781	82.021698	82.839699	83.622879	84.376480	85.105179	85.812935	86.503326	87.179375	87.843811	88.498962	89.146881	89.789299	90.427711	91.063431	91.697502	92.330826	92.964111	93.597900	94.232597	94.868515	95.505783	96.144485	96.784576	97.425949	98.068436	98.711777	99.355736	
7.888952	15.526939	22.712431	29.317608	35.286308	40.617661	45.346424	49.526436	53.218800	56.484650	59.381092	61.959488	64.264847	66.336166	68.206841	69.905457	71.456367	72.880371	74.195251	75.416260	76.556496	77.627274	78.638367	79.598274	80.514397	81.393173	82.240280	83.060654	83.858658	84.638054	85.402267	86.154144	86.896324	87.630951	88.360016	89.085129	89.807686	90.528885	91.249664	91.970810	92.692909	93.416382	94.141541	94.868515	95.597351	96.327972	97.060226	97.793869	98.528610	99.264114	
6.996152	13.816688	20.313229	26.380894	31.961216	37.035507	41.614414	45.727280	49.413635	52.716934	55.680679	58.345989	60.750542	62.928040	64.908310	66.717445	68.378212	69.910400	71.331238	72.655655	73.896706	75.065742	76.172699	77.226257	78.234055	79.202820	80.138420	81.046097	81.930405	82.795418	83.644661	84.481308	85.308044	86.127296	86.941086	87.751205	88.559166	89.366196	90.173332	90.981384	91.790985	92.602562	93.416382	94.232597	95.051193	95.872063	96.694977	97.519623	98.345634	99.172577	
6.279484	12.431476	18.344433	23.933605	29.144688	33.951805	38.351952	42.358658	45.995949	49.293686	52.283974	54.998970	57.469345	59.723598	61.787670	63.684868	65.435966	67.059395	68.571419	69.986435	71.317093	72.574600	73.768814	74.908463	76.001289	77.054108	78.072990	79.063293	80.029816	80.976715	81.907761	82.826195	83.734932	84.636459	85.532951	86.426300	87.318047	88.209549	89.101852	89.995796	90.892029	91.790985	92.692917	93.597893	94.505890	95.416718	96.330086	97.245583	98.162766	99.081093	
5.690881	11.286425	16.701147	21.866634	26.734962	31.278404	35.486828	39.363804	42.922729	46.183216	49.168404	51.902802	54.410934	56.716396	58.841324	60.806133	62.629448	64.328094	65.917206	67.410324	68.819603	70.155838	71.428696	72.646805	73.817841	74.948677	76.045425	77.113571	78.157944	79.182907	80.192268	81.189445	82.177414	83.158783	84.135803	85.110443	86.084335	87.058830	88.035034	89.013824	89.995796	90.981392	91.970810	92.964096	93.961151	94.961693	95.965347	96.971603	97.979912	98.989609	
5.198232	10.323438	15.308926	20.099293	24.653151	28.943668	32.957333	36.691792	40.153214	43.353874	46.309914	49.039688	51.562431	53.897377	56.063126	58.077309	59.956337	61.715370	63.368263	64.927620	66.404861	67.810333	69.153336	70.442276	71.684723	72.887444	74.056580	75.197601	76.315430	77.414444	78.498566	79.571259	80.635582	81.694229	82.749527	83.803467	84.857727	85.913712	86.972534	88.035034	89.101852	90.173325	91.249672	92.330818	93.416611	94.506653	95.600487	96.697464	97.796913	98.898033	
4.779276	9.501491	14.113815	18.571083	22.837965	26.889671	30.711571	34.297897	37.650169	40.775383	43.684483	46.390888	48.909496	51.255764	53.445145	55.492653	57.412613	59.218498	60.922848	62.537251	64.072350	65.537903	66.942780	68.295090	69.602173	70.870689	72.106682	73.315613	74.502365	75.671371	76.826569	77.971481	79.109215	80.242500	81.373711	82.504883	83.637718	84.773621	85.913712	87.058830	88.209541	89.366188	90.528870	91.697502	92.871758	94.051186	95.235138	96.422905	97.613586	98.806297	
4.418087	8.790849	13.075865	17.236076	21.241428	25.069649	28.706171	32.143524	35.380226	38.419685	41.268936	43.937656	46.437172	48.779800	50.978233	53.045162	54.992958	56.833496	58.578018	60.237083	61.820518	63.337429	64.796234	66.204651	67.569763	68.898048	70.195419	71.467239	72.718399	73.953278	75.175827	76.389595	77.597717	78.802933	80.007660	81.213928	82.423485	83.637726	84.857727	86.084328	87.318047	88.559151	89.807686	91.063416	92.325958	93.594696	94.868866	96.147530	97.429703	98.714249	
4.102975	8.169443	12.164959	16.058889	19.825718	23.445702	26.905046	30.195534	33.313946	36.261204	39.041580	41.661823	44.130497	46.457283	48.652565	50.726974	52.691139	54.555439	56.329906	58.024078	59.646965	61.207035	62.712166	64.169708	65.586426	66.968582	68.321915	69.651688	70.962708	72.259323	73.545471	74.824692	76.100113	77.374512	78.650314	79.929535	81.213943	82.504883	83.803467	85.110443	86.426285	87.751213	89.085114	90.427711	91.778427	93.136528	94.501068	95.870956	97.244965	98.621773	
3.825152	7.620564	11.357977	15.011927	18.560711	21.987022	25.278107	28.425682	31.425537	34.277008	36.982357	39.546204	41.974876	44.276005	46.457981	48.529716	50.500267	52.378708	54.173904	55.894459	57.548592	59.144119	60.688416	62.188393	63.650520	65.080795	66.484787	67.867615	69.234009	70.588242	71.934227	73.275467	74.615112	75.955917	77.300293	78.650314	80.007652	81.373726	82.749527	84.135803	85.532959	86.941086	88.360008	89.789284	91.228210	92.675858	94.131104	95.592621	97.059006	98.528671	
3.577893	7.131320	10.636914	14.073372	17.422237	20.668379	23.800255	26.809864	29.692547	32.446636	35.073029	37.574730	39.956421	42.224007	44.384331	46.444782	48.413120	50.297199	52.104893	53.843903	55.521725	57.145546	58.722237	60.258308	61.759895	63.232742	64.682220	66.113312	67.530617	68.938385	70.340424	71.740273	73.141022	74.545433	75.955917	77.374512	78.802940	80.242508	81.694229	83.158775	84.636452	86.127289	87.630951	89.146873	90.674164	92.211708	93.758133	95.311951	96.871414	98.434738	
3.355949	6.691613	9.987528	13.225795	16.390671	19.469013	22.450460	25.327522	28.095444	30.751972	33.297081	35.732632	38.062012	40.289837	42.421623	44.463562	46.422249	48.304539	50.117371	51.867672	53.562248	55.207714	56.810463	58.376602	59.911949	61.422005	62.911942	64.386589	65.850456	67.307663	68.762054	70.217072	71.675804	73.141022	74.615112	76.100121	77.597717	79.109230	80.635590	82.177414	83.734940	85.308044	86.896317	88.498978	90.114944	91.742905	93.381264	95.028191	96.681725	98.339737	
3.155170	6.293411	9.398420	12.455090	15.449989	18.371698	21.211035	23.961103	26.617268	29.177002	31.639683	34.006351	36.279457	38.462589	40.560234	42.577557	44.520222	46.394188	48.205627	49.960732	51.665714	53.326668	54.949524	56.540039	58.103714	59.645821	61.171318	62.684933	64.191025	65.693703	67.196701	68.703461	70.217072	71.740273	73.275475	74.824692	76.389610	77.971497	79.571259	81.189453	82.826202	84.481308	86.154160	87.843826	89.549004	91.268127	92.999329	94.740501	96.489342	98.243347	
2.972226	5.930251	8.860353	11.749748	14.586949	17.362080	20.067026	22.695553	25.243279	27.707596	30.087528	32.383572	34.597466	36.732033	38.790932	40.778526	42.699669	44.559616	46.363804	48.117874	49.827450	51.498173	53.135571	54.745056	56.331875	57.901039	59.457386	61.005455	62.549553	64.093704	65.641617	67.196701	68.762054	70.340439	71.934235	73.545479	75.175842	76.826584	78.498581	80.192276	81.907768	83.644676	85.402267	87.179382	88.974510	90.785812	92.611092	94.447914	96.293579	98.145279	
2.804412	5.596861	8.365765	11.100266	13.790554	16.428078	19.005735	21.517937	23.960636	26.331282	28.628727	30.853094	33.005646	35.088593	37.104988	39.058529	40.953430	42.794308	44.586063	46.333771	48.042614	49.717800	51.364517	52.987869	54.592842	56.184288	57.766842	59.344971	60.922886	62.504562	64.093697	65.693703	67.307678	68.938385	70.588242	72.259331	73.953278	75.671387	77.414459	79.182922	80.976730	82.795425	84.638069	86.503326	88.389389	90.294144	92.215042	94.149269	96.093719	98.045105	
2.649505	5.288905	7.908393	10.498748	13.051572	15.559496	18.016319	20.417088	22.758133	25.037052	27.252638	29.404804	31.494457	33.523407	35.494190	37.410011	39.274551	41.091938	42.866573	44.603096	46.306286	47.980995	49.632103	51.264450	52.882820	54.491879	56.096153	57.700012	59.307606	60.922882	62.549553	64.191032	65.850449	67.530624	69.234016	70.962708	72.718414	74.502373	76.315445	78.157959	80.029831	81.930412	83.858658	85.812943	87.791245	89.791054	91.809479	93.843254	95.888824	97.942398	
2.505663	5.002773	7.483020	9.938560	12.362214	14.747646	17.089470	19.383335	21.625971	23.815166	25.949757	28.029533	30.055199	32.028233	33.950840	35.825790	37.656387	39.446320	41.199612	42.920525	44.613510	46.283104	47.933937	49.570644	51.197800	52.819962	54.441544	56.066849	57.700005	59.344971	61.005451	62.684929	64.386597	66.113312	67.867622	69.651688	71.467255	73.315613	75.197617	77.113579	79.063316	81.046104	83.060661	85.105179	87.177292	89.274147	91.392426	93.528366	95.677887	97.836617	
2.371343	4.735442	7.085249	9.414096	11.715858	13.985098	16.217167	18.408276	20.555546	22.657005	24.711573	26.719017	28.679897	30.595501	32.467743	34.299118	36.092575	37.851509	39.579605	41.280830	42.959347	44.619469	46.265591	47.902168	49.533661	51.164497	52.799034	54.441544	56.096157	57.766838	59.457386	61.171322	62.911942	64.682220	66.484787	68.321915	70.195419	72.106689	74.056587	76.045433	78.072998	80.138443	82.240288	84.376495	86.544388	88.740692	90.961594	93.202850	95.459702	97.727173	
2.245242	4.484352	6.711353	8.920586	11.106836	13.265455	15.392454	17.484568	19.539295	21.554914	23.530478	25.465769	27.361300	29.218201	31.038225	32.823612	34.577103	36.301796	38.001156	39.678886	41.338943	42.985424	44.622574	46.254700	47.886166	49.521320	51.164497	52.819962	54.491879	56.184288	57.901043	59.645817	61.422009	63.232742	65.080795	66.968582	68.898056	70.870697	72.887444	74.948677	77.054115	79.202820	81.393188	83.622879	85.888885	88.187492	90.514374	92.864647	95.232895	97.613358	
2.126255	4.247324	6.358152	8.453942	10.530272	12.583186	14.609285	16.605783	18.570541	20.502094	22.399637	24.263039	26.092772	27.889915	29.656067	31.393339	33.104252	34.791744	36.459049	38.109718	39.747501	41.376373	43.000420	44.623871	46.251007	47.886169	49.533665	51.197807	52.882828	54.592850	56.331879	58.103710	59.911953	61.759895	63.650520	65.586426	67.569763	69.602165	71.684708	73.817841	76.001289	78.234070	80.514397	82.839706	85.206604	87.610924	90.047729	92.511444	94.995880	97.494370	
2.013433	4.022492	6.022911	8.010641	9.981944	11.933479	13.862373	15.766272	17.643379	19.492477	21.312941	23.104710	24.868296	26.604725	28.315540	30.002718	31.668674	33.316170	34.948318	36.568512	38.180382	39.787766	41.394695	43.005310	44.623871	46.254707	47.902176	49.570644	51.264450	52.987877	54.745064	56.540039	58.376606	60.258312	62.188393	64.169708	66.204651	68.295082	70.442284	72.646805	74.908478	77.226265	79.598289	82.021706	84.492767	87.006767	89.558136	92.140503	94.746750	97.369263	
1.905961	3.808245	5.703269	7.587630	9.458187	11.312140	13.147080	14.961050	16.752569	18.520668	20.264881	21.985264	23.682364	25.357222	27.011320	28.646582	30.265314	31.870192	33.464207	35.050648	36.633057	38.215202	39.801037	41.394695	43.000420	44.622581	46.265594	47.933945	49.632107	51.364521	53.135578	54.949528	56.810463	58.722240	60.688416	62.712170	64.796234	66.942780	69.153336	71.428696	73.768814	76.172699	78.638382	81.162788	83.741791	86.370132	89.041489	91.748611	94.483360	97.236908	
1.803132	3.603189	5.397178	7.182255	8.955803	10.715490	12.459332	14.185717	15.893465	17.581829	19.250519	20.899700	22.529985	24.142435	25.738518	27.320114	28.889477	30.449203	32.002213	33.551720	35.101204	36.654388	38.215202	39.787766	41.376369	42.985428	44.619469	46.283112	47.980991	49.717812	51.498173	53.326668	55.207714	57.145546	59.144119	61.207035	63.337433	65.537895	67.810333	70.155838	72.574600	75.065750	77.627289	80.255966	82.947235	85.695290	88.492981	91.332047	94.203110	97.096024	
1.704332	3.406110	5.102850	6.792195	8.471984	10.140302	11.795526	13.436375	15.061926	16.671650	18.265417	19.843513	21.406620	22.955832	24.492630	26.018875	27.536776	29.048887	30.558086	32.067532	33.580673	35.101204	36.633057	38.180378	39.747501	41.338943	42.959351	44.613506	46.306286	48.042610	49.827454	51.665718	53.562248	55.521725	57.548595	59.646965	61.820518	64.072350	66.404861	68.819611	71.317093	73.896721	76.556511	79.293106	82.101624	84.975571	87.906975	90.886345	93.902977	96.945030	
1.609026	3.215949	4.818724	6.415419	8.004269	9.583722	11.152488	12.709560	14.254265	15.786264	17.305588	18.812622	20.308144	21.793278	23.269531	24.738752	26.203146	27.665228	29.127846	30.594139	32.067532	33.551720	35.050652	36.568512	38.109718	39.678886	41.280830	42.920525	44.603092	46.333771	48.117867	49.960735	51.867668	53.843906	55.894459	58.024078	60.237083	62.537247	64.927620	67.410332	69.986435	72.655655	75.416267	78.264847	81.196167	84.203125	87.276764	90.406288	93.579285	96.782074	
1.516744	3.031774	4.543427	6.050140	7.550490	9.043247	10.527401	12.002208	13.467197	14.922221	16.367441	17.803362	19.230824	20.651011	22.065447	23.475994	24.884840	26.294498	27.707790	29.127844	30.558084	32.002213	33.464211	34.948322	36.459053	38.001152	39.579605	41.199612	42.866570	44.586060	46.363808	48.205620	50.117371	52.104889	54.173908	56.329903	58.578022	60.922844	63.368263	65.917206	68.571419	71.331238	74.195259	77.160187	80.220543	83.368637	86.594383	89.885506	93.227699	96.604927	
1.427075	2.852772	4.275759	5.694787	7.108737	8.516652	9.917779	11.311584	12.697803	14.076433	15.447773	16.812424	18.171293	19.525620	20.876951	22.227160	23.578432	24.933273	26.294498	27.665228	29.048889	30.449203	31.870193	33.316170	34.791740	36.301804	37.851509	39.446320	41.091934	42.794308	44.559605	46.394188	48.304535	50.297203	52.378704	54.555443	56.833496	59.218498	61.715374	64.328102	67.059395	69.910408	72.880371	75.966286	79.162590	82.460968	85.850250	89.316414	92.842880	96.410858	
1.339657	2.678226	4.014657	5.347977	6.677322	8.001980	9.321408	10.635277	11.943475	13.246152	14.543711	15.836845	17.126528	18.414036	19.700945	20.989136	22.280800	23.578432	24.884840	26.203144	27.536774	28.889479	30.265316	31.668673	33.104256	34.577099	36.092579	37.656387	39.274551	40.953426	42.699673	44.520218	46.422249	48.413113	50.500267	52.691132	54.992958	57.412617	59.956345	62.629456	65.435974	68.378212	71.456367	74.668030	78.007759	81.466789	85.032745	88.689697	92.418320	96.196503	
1.254173	2.507505	3.759190	5.008487	6.254760	7.497495	8.736343	9.971134	11.201909	12.428928	13.652700	14.873985	16.093819	17.313507	18.534649	19.759130	20.989138	22.227158	23.475994	24.738752	26.018875	27.320116	28.646584	30.002720	31.393337	32.823616	34.299110	35.825790	37.410004	39.058525	40.778519	42.577557	44.463558	46.444786	48.529709	50.726971	53.045158	55.492653	58.077305	60.806141	63.684872	66.717453	69.905457	73.247513	76.738678	80.369896	84.127655	87.993828	91.945946	95.957687	
1.170342	2.340054	3.508536	4.675247	5.839737	7.001673	8.160858	9.317267	10.471058	11.622597	12.772467	13.921498	15.070759	16.221588	17.375587	18.534651	19.700947	20.876953	22.065445	23.269533	24.492630	25.738520	27.011320	28.315538	29.656071	31.038221	32.467743	33.950836	35.494190	37.104988	38.790928	40.560226	42.421627	44.384327	46.457985	48.652565	50.978233	53.445145	56.063129	58.841320	61.787674	64.908310	68.206841	71.683517	75.334389	79.150551	83.117416	87.214523	91.415558	95.689133	
1.087920	2.175386	3.261975	4.347311	5.431106	6.513167	7.593437	8.672001	9.749123	10.825243	11.901017	12.977309	14.055229	15.136118	16.221588	17.313507	18.414040	19.525620	20.651012	21.793278	22.955837	24.142435	25.357220	26.604727	27.889912	29.218204	30.595499	32.028236	33.523399	35.088593	36.732025	38.462589	40.289833	42.224010	44.275997	46.457283	48.779800	51.255768	53.897377	56.716396	59.723602	62.928047	66.336166	69.950676	73.769485	77.784363	81.980095	86.333633	90.814247	95.384079	
1.006690	2.013075	3.018873	4.023852	5.027850	6.030799	7.032746	8.033875	9.034521	10.035196	11.036593	12.039616	13.045377	14.055229	15.070758	16.093821	17.126530	18.171295	19.230824	20.308144	21.406620	22.529989	23.682365	24.868294	26.092775	27.361298	28.679899	30.055197	31.494459	33.005638	34.597466	36.279453	38.062012	39.956417	41.974880	44.130493	46.437176	48.909500	51.562431	54.410942	57.469341	60.750546	64.264847	68.018677	72.012871	76.241074	80.687904	85.327965	90.125168	95.033699	
0.926466	1.852746	2.778680	3.704146	4.629089	5.553538	6.477627	7.401609	8.325883	9.250998	10.177685	11.106850	12.039616	12.977309	13.921498	14.873985	15.836846	16.812424	17.803364	18.812624	19.843513	20.899702	21.985264	23.104710	24.263041	25.465771	26.719017	28.029535	29.404800	30.853096	32.383564	34.006351	35.732628	37.574734	39.546200	41.661831	43.937656	46.390896	49.039692	51.902809	54.998970	58.345993	61.959484	65.851105	70.026482	74.482590	79.205345	84.167221	89.326225	94.626266	
0.847081	1.694075	2.540912	3.387563	4.234055	5.080491	5.927070	6.774101	7.622017	8.471400	9.322985	10.177685	11.036593	11.901017	12.772467	13.652701	14.543713	15.447775	16.367441	17.305588	18.265419	19.250521	20.264881	21.312941	22.399639	23.530476	24.711575	25.949753	27.252638	28.628727	30.087530	31.639679	33.297085	35.073029	36.982361	39.041580	41.268944	43.684475	46.309921	49.168404	52.283981	55.680679	59.381096	63.404346	67.763237	72.460793	77.486275	82.811378	88.387558	94.145798	
0.768396	1.536778	2.305153	3.073556	3.842081	4.610885	5.380210	6.150400	6.921913	7.695334	8.471400	9.250998	10.035196	10.825243	11.622597	12.428928	13.246153	14.076434	14.922222	15.786265	16.671650	17.581831	18.520668	19.492477	20.502090	21.554916	22.657005	23.815166	25.037050	26.331284	27.707596	29.177004	30.751970	32.446640	34.277004	36.261208	38.419682	40.775391	43.353874	46.183220	49.293682	52.716942	56.484650	60.626144	65.164970	70.114113	75.470039	81.206306	87.268066	93.570000	
0.690285	1.380613	2.071041	2.761659	3.452599	4.144058	4.836306	5.529703	6.224711	6.921913	7.622018	8.325883	9.034522	9.749123	10.471058	11.201910	11.943478	12.697803	13.467199	14.254265	15.061927	15.893467	16.752571	17.643379	18.570541	19.539295	20.555546	21.625969	22.758135	23.960636	25.243282	26.617268	28.095444	29.692547	31.425543	33.313942	35.380230	37.650169	40.153221	42.922729	45.995960	49.413635	53.218807	57.454494	62.159748	67.363449	73.075737	79.277435	85.909561	92.866707	
0.612645	1.225370	1.838270	2.451467	3.065121	3.679450	4.294733	4.911333	5.529703	6.150401	6.774101	7.401610	8.033875	8.672002	9.317267	9.971136	10.635276	11.311586	12.002207	12.709562	13.436375	14.185719	14.961051	15.766273	16.605782	17.484570	18.408276	19.383337	20.417086	21.517937	22.695553	23.961105	25.327524	26.809868	28.425684	30.195539	32.143524	34.297905	36.691792	39.363815	42.358658	45.727291	49.526440	53.816818	58.659134	64.106781	70.194077	76.919708	84.227036	91.987808	
0.535383	1.070870	1.606576	2.142641	2.679237	3.216588	3.754970	4.294733	4.836307	5.380211	5.927071	6.477627	7.032747	7.593436	8.160858	8.736343	9.321409	9.917777	10.527403	11.152488	11.795527	12.459332	13.147083	13.862373	14.609287	15.392454	16.217167	17.089470	18.016319	19.005733	20.067028	21.211035	22.450462	23.800257	25.278111	26.905046	28.706177	30.711571	32.957340	35.486828	38.351959	41.614410	45.346428	49.630379	54.555927	60.212749	66.675964	73.981644	82.092041	90.857925	
0.458424	0.916962	1.375737	1.834893	2.294602	2.755079	3.216587	3.679450	4.144058	4.610885	5.080492	5.553539	6.030799	6.513167	7.001673	7.497496	8.001980	8.516653	9.043247	9.583724	10.140302	10.715492	11.312141	11.933481	12.583185	13.265457	13.985098	14.747648	15.559496	16.428082	17.362078	18.371700	19.469011	20.668381	21.987022	23.445707	25.069647	26.889675	28.943666	31.278410	33.951805	37.035511	40.617661	44.805141	49.723892	55.514359	62.317017	70.240128	79.302353	89.352295	
0.381703	0.763519	1.145566	1.527982	1.910929	2.294602	2.679237	3.065122	3.452599	3.842082	4.234055	4.629089	5.027850	5.431105	5.839739	6.254759	6.677322	7.108737	7.550491	8.004271	8.471985	8.955803	9.458189	9.981944	10.530272	11.106836	11.715859	12.362215	13.051573	13.790554	14.586951	15.449989	16.390673	17.422235	18.560715	19.825714	21.241430	22.837963	24.653154	26.734961	29.144693	31.961212	35.286308	39.251068	44.022217	49.805550	56.839016	65.360573	75.525650	87.249252	
0.305165	0.610431	0.915906	1.221709	1.527982	1.834893	2.142640	2.451467	2.761659	3.073556	3.387563	3.704146	4.023852	4.347312	4.675247	5.008488	5.347976	5.694788	6.050140	6.415419	6.792196	7.182255	7.587630	8.010642	8.453942	8.920588	9.414096	9.938560	10.498747	11.100267	11.749746	12.455091	13.225794	14.073372	15.011926	16.058891	17.236076	18.571085	20.099293	21.866638	23.933601	26.380896	29.317606	32.892628	37.310120	42.848076	49.874119	58.838390	70.191025	84.119370	
0.228764	0.457609	0.686624	0.915906	1.145566	1.375737	1.606576	1.838270	2.071041	2.305153	2.540912	2.778680	3.018873	3.261974	3.508536	3.759189	4.014657	4.275759	4.543428	4.818724	5.102850	5.397179	5.703270	6.022911	6.358152	6.711353	7.085249	7.483020	7.908394	8.365764	8.860354	9.398420	9.987528	10.636914	11.357977	12.164958	13.075866	14.113813	15.308926	16.701145	18.344437	20.313225	22.712429	25.693356	29.478977	34.403702	40.971947	49.928558	62.281174	79.037422	
0.152458	0.304974	0.457609	0.610431	0.763519	0.916962	1.070870	1.225370	1.380613	1.536778	1.694075	1.852746	2.013075	2.175386	2.340054	2.507505	2.678226	2.852772	3.031774	3.215949	3.406111	3.603190	3.808245	4.022492	4.247324	4.484351	4.735442	5.002774	5.288905	5.596862	5.930251	6.293412	6.691613	7.131320	7.620564	8.169443	8.790849	9.501491	10.323438	11.286425	12.431474	13.816687	15.526938	17.690613	20.509794	24.316702	29.682133	37.623276	49.968040	69.749329	
0.076214	0.152458	0.228764	0.305165	0.381703	0.458424	0.535383	0.612644	0.690285	0.768396	0.847081	0.926466	1.006690	1.087920	1.170342	1.254173	1.339657	1.427075	1.516744	1.609026	1.704332	1.803132	1.905961	2.013433	2.126255	2.245242	2.371343	2.505663	2.649506	2.804412	2.972227	3.155170	3.355949	3.577893	3.825153	4.102975	4.418087	4.779276	5.198232	5.690881	6.279484	6.996151	7.888953	9.033188	10.553600	12.671774	15.817094	20.914707	30.218655	49.991982	
