25.000702	25.001404	25.002100	25.002789	25.003464	25.004131	25.004776	25.005407	25.006016	25.006605	25.007166	25.007702	25.008205	25.008680	25.009121	25.009529	25.009899	25.010231	25.010525	25.010780	25.010994	25.011166	25.011295	25.011383	25.011425	25.011427	25.011381	25.011295	25.011166	25.010996	25.010780	25.010529	25.010233	25.009899	25.009529	25.009121	25.008682	25.008205	25.007702	25.007168	25.006603	25.006018	25.005407	25.004776	25.004129	25.003466	25.002789	25.002098	25.001404	25.000704	
25.001404	25.002804	25.004192	25.005564	25.006916	25.008240	25.009537	25.010792	25.012012	25.013184	25.014305	25.015371	25.016380	25.017328	25.018209	25.019022	25.019760	25.020428	25.021013	25.021521	25.021946	25.022289	25.022549	25.022720	25.022808	25.022808	25.022722	25.022547	25.022293	25.021948	25.021523	25.021015	25.020426	25.019762	25.019020	25.018211	25.017328	25.016382	25.015373	25.014305	25.013184	25.012012	25.010796	25.009537	25.008244	25.006918	25.005566	25.004192	25.002804	25.001406	
25.002100	25.004192	25.006268	25.008324	25.010342	25.012325	25.014257	25.016142	25.017960	25.019714	25.021389	25.022984	25.024494	25.025909	25.027227	25.028442	25.029549	25.030540	25.031420	25.032181	25.032816	25.033329	25.033714	25.033974	25.034103	25.034103	25.033974	25.033716	25.033329	25.032818	25.032181	25.031422	25.030544	25.029549	25.028442	25.027227	25.025909	25.024494	25.022985	25.021391	25.019714	25.017962	25.016144	25.014259	25.012325	25.010344	25.008324	25.006268	25.004192	25.002102	
25.002789	25.005566	25.008320	25.011045	25.013729	25.016361	25.018929	25.021423	25.023842	25.026165	25.028395	25.030512	25.032513	25.034393	25.036142	25.037756	25.039223	25.040543	25.041706	25.042717	25.043562	25.044243	25.044754	25.045099	25.045271	25.045269	25.045097	25.044754	25.044243	25.043564	25.042715	25.041708	25.040545	25.039223	25.037754	25.036144	25.034395	25.032515	25.030512	25.028393	25.026169	25.023842	25.021427	25.018929	25.016361	25.013731	25.011047	25.008324	25.005566	25.002789	
25.003464	25.006916	25.010344	25.013729	25.017063	25.020332	25.023525	25.026630	25.029631	25.032524	25.035288	25.037924	25.040413	25.042746	25.044922	25.046925	25.048750	25.050386	25.051838	25.053089	25.054142	25.054987	25.055626	25.056049	25.056263	25.056263	25.056051	25.055624	25.054987	25.054142	25.053089	25.051838	25.050388	25.048752	25.046923	25.044922	25.042746	25.040413	25.037922	25.035290	25.032524	25.029633	25.026630	25.023525	25.020334	25.017063	25.013729	25.010342	25.006918	25.003468	
25.004128	25.008244	25.012323	25.016361	25.020332	25.024231	25.028034	25.031733	25.035311	25.038754	25.042051	25.045189	25.048153	25.050938	25.053528	25.055916	25.058088	25.060043	25.061771	25.063263	25.064514	25.065525	25.066282	25.066792	25.067043	25.067045	25.066790	25.066284	25.065525	25.064516	25.063265	25.061771	25.060047	25.058090	25.055916	25.053526	25.050938	25.048153	25.045189	25.042051	25.038755	25.035311	25.031734	25.028034	25.024231	25.020332	25.016361	25.012325	25.008244	25.004131	
25.004780	25.009537	25.014259	25.018929	25.023525	25.028034	25.032434	25.036715	25.040852	25.044838	25.048653	25.052284	25.055717	25.058935	25.061934	25.064693	25.067211	25.069473	25.071468	25.073196	25.074646	25.075811	25.076691	25.077274	25.077572	25.077572	25.077278	25.076691	25.075809	25.074646	25.073196	25.071470	25.069471	25.067211	25.064692	25.061935	25.058933	25.055717	25.052284	25.048653	25.044840	25.040855	25.036716	25.032436	25.028034	25.023525	25.018930	25.014259	25.009537	25.004780	
25.005405	25.010796	25.016140	25.021427	25.026630	25.031731	25.036716	25.041557	25.046244	25.050753	25.055073	25.059181	25.063065	25.066711	25.070101	25.073231	25.076073	25.078636	25.080898	25.082851	25.084492	25.085812	25.086803	25.087473	25.087803	25.087805	25.087471	25.086807	25.085812	25.084492	25.082851	25.080898	25.078636	25.076075	25.073229	25.070099	25.066711	25.063065	25.059181	25.055071	25.050755	25.046246	25.041561	25.036715	25.031734	25.026630	25.021427	25.016140	25.010796	25.005409	
25.006020	25.012012	25.017962	25.023842	25.029631	25.035311	25.040852	25.046246	25.051456	25.056477	25.061281	25.065853	25.070175	25.074230	25.078009	25.081482	25.084654	25.087502	25.090019	25.092194	25.094017	25.095486	25.096592	25.097330	25.097706	25.097702	25.097334	25.096596	25.095486	25.094019	25.092194	25.090017	25.087502	25.084652	25.081482	25.078007	25.074230	25.070175	25.065853	25.061283	25.056477	25.051458	25.046244	25.040855	25.035313	25.029633	25.023842	25.017963	25.012012	25.006018	
25.006603	25.013186	25.019714	25.026165	25.032524	25.038754	25.044840	25.050755	25.056477	25.061985	25.067257	25.072277	25.077019	25.081472	25.085613	25.089434	25.092911	25.096035	25.098797	25.101185	25.103188	25.104797	25.106012	25.106825	25.107231	25.107231	25.106827	25.106014	25.104801	25.103188	25.101185	25.098797	25.096035	25.092909	25.089432	25.085613	25.081470	25.077019	25.072277	25.067257	25.061987	25.056477	25.050755	25.044842	25.038755	25.032524	25.026169	25.019712	25.013184	25.006603	
25.007164	25.014307	25.021389	25.028393	25.035286	25.042051	25.048653	25.055073	25.061283	25.067257	25.072981	25.078423	25.083572	25.088400	25.092899	25.097038	25.100815	25.104206	25.107203	25.109791	25.111965	25.113716	25.115032	25.115913	25.116356	25.116356	25.115913	25.115032	25.113716	25.111965	25.109793	25.107201	25.104204	25.100815	25.097038	25.092897	25.088402	25.083572	25.078423	25.072979	25.067257	25.061283	25.055073	25.048653	25.042053	25.035290	25.028395	25.021391	25.014305	25.007166	
25.007702	25.015373	25.022987	25.030510	25.037922	25.045187	25.052284	25.059181	25.065853	25.072277	25.078424	25.084274	25.089806	25.094997	25.099827	25.104280	25.108334	25.111980	25.115200	25.117985	25.120317	25.122198	25.123615	25.124561	25.125034	25.125034	25.124561	25.123613	25.122200	25.120319	25.117985	25.115200	25.111980	25.108334	25.104279	25.099827	25.094997	25.089806	25.084276	25.078423	25.072277	25.065853	25.059181	25.052284	25.045189	25.037922	25.030514	25.022985	25.015371	25.007700	
25.008205	25.016384	25.024494	25.032516	25.040409	25.048157	25.055716	25.063065	25.070175	25.077019	25.083572	25.089804	25.095699	25.101231	25.106380	25.111122	25.115448	25.119328	25.122761	25.125729	25.128216	25.130219	25.131727	25.132736	25.133244	25.133242	25.132736	25.131729	25.130219	25.128218	25.125727	25.122761	25.119328	25.115444	25.111122	25.106380	25.101231	25.095703	25.089806	25.083572	25.077019	25.070175	25.063065	25.055717	25.048155	25.040411	25.032513	25.024494	25.016380	25.008205	
25.008682	25.017326	25.025913	25.034393	25.042747	25.050938	25.058937	25.066710	25.074232	25.081470	25.088400	25.094997	25.101231	25.107082	25.112526	25.117548	25.122116	25.126228	25.129856	25.132994	25.135628	25.137745	25.139339	25.140409	25.140944	25.140942	25.140408	25.139339	25.137747	25.135626	25.132996	25.129856	25.126228	25.122116	25.117544	25.112530	25.107082	25.101233	25.094997	25.088402	25.081470	25.074230	25.066711	25.058935	25.050938	25.042747	25.034393	25.025909	25.017330	25.008680	
25.009121	25.018211	25.027225	25.036144	25.044918	25.053532	25.061932	25.070103	25.078005	25.085613	25.092896	25.099827	25.106377	25.112526	25.118252	25.123524	25.128328	25.132645	25.136459	25.139755	25.142525	25.144749	25.146425	25.147549	25.148109	25.148109	25.147545	25.146429	25.144747	25.142525	25.139755	25.136463	25.132645	25.128328	25.123524	25.118250	25.112528	25.106380	25.099827	25.092897	25.085613	25.078007	25.070101	25.061932	25.053528	25.044918	25.036140	25.027227	25.018209	25.009121	
25.009529	25.019020	25.028442	25.037750	25.046925	25.055912	25.064697	25.073227	25.081486	25.089430	25.097038	25.104275	25.111122	25.117544	25.123524	25.129032	25.134050	25.138559	25.142544	25.145988	25.148880	25.151203	25.152954	25.154127	25.154715	25.154713	25.154129	25.152954	25.151205	25.148876	25.145992	25.142546	25.138561	25.134048	25.129032	25.123524	25.117548	25.111122	25.104279	25.097038	25.089432	25.081482	25.073229	25.064695	25.055916	25.046925	25.037752	25.028442	25.019020	25.009529	
25.009897	25.019760	25.029545	25.039223	25.048744	25.058090	25.067207	25.076078	25.084652	25.092911	25.100811	25.108334	25.115444	25.122116	25.128326	25.134048	25.139263	25.143950	25.148088	25.151669	25.154671	25.157085	25.158905	25.160122	25.160732	25.160732	25.160122	25.158907	25.157084	25.154671	25.151669	25.148090	25.143948	25.139263	25.134050	25.128326	25.122116	25.115444	25.108335	25.100813	25.092911	25.084656	25.076077	25.067211	25.058090	25.048748	25.039223	25.029547	25.019762	25.009899	
25.010231	25.020426	25.030544	25.040541	25.050392	25.060041	25.069475	25.078632	25.087502	25.096033	25.104204	25.111977	25.119328	25.126226	25.132645	25.138561	25.143951	25.148792	25.153070	25.156771	25.159874	25.162369	25.164251	25.165508	25.166138	25.166140	25.165510	25.164249	25.162373	25.159872	25.156773	25.153072	25.148792	25.143950	25.138559	25.132645	25.126225	25.119331	25.111980	25.104206	25.096037	25.087502	25.078636	25.069471	25.060043	25.050390	25.040541	25.030544	25.020428	25.010233	
25.010529	25.021015	25.031420	25.041710	25.051834	25.061775	25.071466	25.080898	25.090015	25.098799	25.107201	25.115200	25.122761	25.129856	25.136459	25.142542	25.148090	25.153070	25.157475	25.161276	25.164471	25.167038	25.168974	25.170269	25.170918	25.170918	25.170269	25.168976	25.167038	25.164474	25.161278	25.157475	25.153070	25.148088	25.142546	25.136459	25.129856	25.122761	25.115200	25.107201	25.098797	25.090019	25.080898	25.071468	25.061771	25.051836	25.041710	25.031422	25.021015	25.010527	
25.010780	25.021523	25.032181	25.042713	25.053093	25.063259	25.073196	25.082851	25.092194	25.101185	25.109795	25.117981	25.125725	25.132994	25.139753	25.145988	25.151665	25.156771	25.161274	25.165174	25.168442	25.171074	25.173056	25.174383	25.175049	25.175047	25.174383	25.173058	25.171078	25.168444	25.165174	25.161278	25.156769	25.151669	25.145988	25.139757	25.132992	25.125729	25.117983	25.109793	25.101185	25.092194	25.082851	25.073196	25.063263	25.053089	25.042717	25.032181	25.021523	25.010782	
25.010994	25.021950	25.032814	25.043564	25.054138	25.064514	25.074642	25.084492	25.094019	25.103188	25.111965	25.120319	25.128218	25.135624	25.142523	25.148876	25.154669	25.159870	25.164471	25.168442	25.171780	25.174461	25.176483	25.177834	25.178513	25.178513	25.177835	25.176485	25.174461	25.171780	25.168442	25.164473	25.159874	25.154669	25.148878	25.142521	25.135628	25.128216	25.120319	25.111967	25.103188	25.094019	25.084492	25.074646	25.064516	25.054142	25.043564	25.032818	25.021950	25.010994	
25.011166	25.022289	25.033329	25.044239	25.054985	25.065521	25.075811	25.085810	25.095486	25.104799	25.113714	25.122196	25.130219	25.137745	25.144747	25.151203	25.157082	25.162369	25.167038	25.171074	25.174461	25.177187	25.179237	25.180611	25.181301	25.181301	25.180613	25.179239	25.177189	25.174461	25.171076	25.167038	25.162369	25.157085	25.151203	25.144749	25.137745	25.130219	25.122198	25.113712	25.104801	25.095486	25.085812	25.075811	25.065523	25.054989	25.044243	25.033331	25.022289	25.011168	
25.011293	25.022549	25.033714	25.044754	25.055622	25.066282	25.076689	25.086803	25.096592	25.106014	25.115032	25.123615	25.131725	25.139339	25.146425	25.152952	25.158905	25.164249	25.168974	25.173056	25.176483	25.179237	25.181316	25.182705	25.183399	25.183401	25.182705	25.181316	25.179239	25.176483	25.173056	25.168976	25.164249	25.158905	25.152956	25.146423	25.139339	25.131727	25.123613	25.115032	25.106014	25.096592	25.086805	25.076691	25.066284	25.055624	25.044756	25.033714	25.022549	25.011295	
25.011383	25.022718	25.033974	25.045094	25.056049	25.066788	25.077274	25.087469	25.097332	25.106825	25.115913	25.124561	25.132736	25.140408	25.147545	25.154125	25.160118	25.165508	25.170269	25.174381	25.177834	25.180613	25.182705	25.184105	25.184807	25.184807	25.184105	25.182705	25.180614	25.177834	25.174383	25.170269	25.165508	25.160122	25.154127	25.147549	25.140406	25.132736	25.124561	25.115913	25.106825	25.097334	25.087471	25.077278	25.066788	25.056051	25.045097	25.033974	25.022722	25.011383	
25.011425	25.022808	25.034100	25.045267	25.056263	25.067043	25.077568	25.087803	25.097702	25.107231	25.116356	25.125034	25.133240	25.140942	25.148108	25.154711	25.160732	25.166138	25.170916	25.175045	25.178513	25.181301	25.183401	25.184807	25.185511	25.185511	25.184807	25.183399	25.181301	25.178513	25.175047	25.170918	25.166138	25.160730	25.154715	25.148109	25.140942	25.133240	25.125034	25.116352	25.107231	25.097702	25.087805	25.077572	25.067047	25.056265	25.045269	25.034103	25.022808	25.011425	
25.011425	25.022808	25.034100	25.045267	25.056263	25.067043	25.077568	25.087803	25.097702	25.107231	25.116356	25.125034	25.133240	25.140942	25.148108	25.154711	25.160732	25.166138	25.170916	25.175045	25.178513	25.181301	25.183401	25.184807	25.185511	25.185511	25.184807	25.183399	25.181301	25.178513	25.175047	25.170918	25.166138	25.160730	25.154715	25.148109	25.140942	25.133240	25.125034	25.116352	25.107231	25.097702	25.087805	25.077572	25.067047	25.056265	25.045269	25.034103	25.022808	25.011425	
25.011383	25.022718	25.033974	25.045094	25.056049	25.066788	25.077274	25.087469	25.097332	25.106825	25.115913	25.124561	25.132736	25.140408	25.147545	25.154125	25.160118	25.165508	25.170269	25.174381	25.177834	25.180613	25.182705	25.184105	25.184807	25.184807	25.184105	25.182705	25.180614	25.177834	25.174383	25.170269	25.165508	25.160122	25.154127	25.147549	25.140406	25.132736	25.124561	25.115913	25.106825	25.097334	25.087471	25.077278	25.066788	25.056051	25.045097	25.033974	25.022722	25.011383	
25.011293	25.022549	25.033714	25.044754	25.055622	25.066282	25.076689	25.086803	25.096592	25.106014	25.115032	25.123615	25.131725	25.139339	25.146425	25.152952	25.158905	25.164249	25.168974	25.173056	25.176483	25.179237	25.181316	25.182705	25.183399	25.183401	25.182705	25.181316	25.179239	25.176483	25.173056	25.168976	25.164249	25.158905	25.152956	25.146423	25.139339	25.131727	25.123613	25.115032	25.106014	25.096592	25.086805	25.076691	25.066284	25.055624	25.044756	25.033714	25.022549	25.011295	
25.011166	25.022289	25.033329	25.044239	25.054985	25.065521	25.075811	25.085810	25.095486	25.104799	25.113714	25.122196	25.130219	25.137745	25.144747	25.151203	25.157082	25.162369	25.167038	25.171074	25.174461	25.177187	25.179237	25.180611	25.181301	25.181301	25.180613	25.179239	25.177189	25.174461	25.171076	25.167038	25.162369	25.157085	25.151203	25.144749	25.137745	25.130219	25.122198	25.113712	25.104801	25.095486	25.085812	25.075811	25.065523	25.054989	25.044243	25.033331	25.022289	25.011168	
25.010994	25.021950	25.032814	25.043564	25.054138	25.064514	25.074642	25.084492	25.094019	25.103188	25.111965	25.120319	25.128218	25.135624	25.142523	25.148876	25.154669	25.159870	25.164471	25.168442	25.171780	25.174461	25.176483	25.177834	25.178513	25.178513	25.177835	25.176485	25.174461	25.171780	25.168442	25.164473	25.159874	25.154669	25.148878	25.142521	25.135628	25.128216	25.120319	25.111967	25.103188	25.094019	25.084492	25.074646	25.064516	25.054142	25.043564	25.032818	25.021950	25.010994	
25.010780	25.021523	25.032181	25.042713	25.053093	25.063259	25.073196	25.082851	25.092194	25.101185	25.109795	25.117981	25.125725	25.132994	25.139753	25.145988	25.151665	25.156771	25.161274	25.165174	25.168442	25.171074	25.173056	25.174383	25.175049	25.175047	25.174383	25.173058	25.171078	25.168444	25.165174	25.161278	25.156769	25.151669	25.145988	25.139757	25.132992	25.125729	25.117983	25.109793	25.101185	25.092194	25.082851	25.073196	25.063263	25.053089	25.042717	25.032181	25.021523	25.010782	
25.010529	25.021015	25.031420	25.041710	25.051834	25.061775	25.071466	25.080898	25.090015	25.098799	25.107201	25.115200	25.122761	25.129856	25.136459	25.142542	25.148090	25.153070	25.157475	25.161276	25.164471	25.167038	25.168974	25.170269	25.170918	25.170918	25.170269	25.168976	25.167038	25.164474	25.161278	25.157475	25.153070	25.148088	25.142546	25.136459	25.129856	25.122761	25.115200	25.107201	25.098797	25.090019	25.080898	25.071468	25.061771	25.051836	25.041710	25.031422	25.021015	25.010527	
25.010231	25.020426	25.030544	25.040541	25.050392	25.060041	25.069475	25.078632	25.087502	25.096033	25.104204	25.111977	25.119328	25.126226	25.132645	25.138561	25.143951	25.148792	25.153070	25.156771	25.159874	25.162369	25.164251	25.165508	25.166138	25.166140	25.165510	25.164249	25.162373	25.159872	25.156773	25.153072	25.148792	25.143950	25.138559	25.132645	25.126225	25.119331	25.111980	25.104206	25.096037	25.087502	25.078636	25.069471	25.060043	25.050390	25.040541	25.030544	25.020428	25.010233	
25.009897	25.019760	25.029545	25.039223	25.048744	25.058090	25.067207	25.076078	25.084652	25.092911	25.100811	25.108334	25.115444	25.122116	25.128326	25.134048	25.139263	25.143950	25.148088	25.151669	25.154671	25.157085	25.158905	25.160122	25.160732	25.160732	25.160122	25.158907	25.157084	25.154671	25.151669	25.148090	25.143948	25.139263	25.134050	25.128326	25.122116	25.115444	25.108335	25.100813	25.092911	25.084656	25.076077	25.067211	25.058090	25.048748	25.039223	25.029547	25.019762	25.009899	
25.009529	25.019020	25.028442	25.037750	25.046925	25.055912	25.064697	25.073227	25.081486	25.089430	25.097038	25.104275	25.111122	25.117544	25.123524	25.129032	25.134050	25.138559	25.142544	25.145988	25.148880	25.151203	25.152954	25.154127	25.154715	25.154713	25.154129	25.152954	25.151205	25.148876	25.145992	25.142546	25.138561	25.134048	25.129032	25.123524	25.117548	25.111122	25.104279	25.097038	25.089432	25.081482	25.073229	25.064695	25.055916	25.046925	25.037752	25.028442	25.019020	25.009529	
25.009121	25.018211	25.027225	25.036144	25.044918	25.053532	25.061932	25.070103	25.078005	25.085613	25.092896	25.099827	25.106377	25.112526	25.118252	25.123524	25.128328	25.132645	25.136459	25.139755	25.142525	25.144749	25.146425	25.147549	25.148109	25.148109	25.147545	25.146429	25.144747	25.142525	25.139755	25.136463	25.132645	25.128328	25.123524	25.118250	25.112528	25.106380	25.099827	25.092897	25.085613	25.078007	25.070101	25.061932	25.053528	25.044918	25.036140	25.027227	25.018209	25.009121	
25.008682	25.017326	25.025913	25.034393	25.042747	25.050938	25.058937	25.066710	25.074232	25.081470	25.088400	25.094997	25.101231	25.107082	25.112526	25.117548	25.122116	25.126228	25.129856	25.132994	25.135628	25.137745	25.139339	25.140409	25.140944	25.140942	25.140408	25.139339	25.137747	25.135626	25.132996	25.129856	25.126228	25.122116	25.117544	25.112530	25.107082	25.101233	25.094997	25.088402	25.081470	25.074230	25.066711	25.058935	25.050938	25.042747	25.034393	25.025909	25.017330	25.008680	
25.008205	25.016384	25.024494	25.032516	25.040409	25.048157	25.055716	25.063065	25.070175	25.077019	25.083572	25.089804	25.095699	25.101231	25.106380	25.111122	25.115448	25.119328	25.122761	25.125729	25.128216	25.130219	25.131727	25.132736	25.133244	25.133242	25.132736	25.131729	25.130219	25.128218	25.125727	25.122761	25.119328	25.115444	25.111122	25.106380	25.101231	25.095703	25.089806	25.083572	25.077019	25.070175	25.063065	25.055717	25.048155	25.040411	25.032513	25.024494	25.016380	25.008205	
25.007702	25.015373	25.022987	25.030510	25.037922	25.045187	25.052284	25.059181	25.065853	25.072277	25.078424	25.084274	25.089806	25.094997	25.099827	25.104280	25.108334	25.111980	25.115200	25.117985	25.120317	25.122198	25.123615	25.124561	25.125034	25.125034	25.124561	25.123613	25.122200	25.120319	25.117985	25.115200	25.111980	25.108334	25.104279	25.099827	25.094997	25.089806	25.084276	25.078423	25.072277	25.065853	25.059181	25.052284	25.045189	25.037922	25.030514	25.022985	25.015371	25.007700	
25.007164	25.014307	25.021389	25.028393	25.035286	25.042051	25.048653	25.055073	25.061283	25.067257	25.072981	25.078423	25.083572	25.088400	25.092899	25.097038	25.100815	25.104206	25.107203	25.109791	25.111965	25.113716	25.115032	25.115913	25.116356	25.116356	25.115913	25.115032	25.113716	25.111965	25.109793	25.107201	25.104204	25.100815	25.097038	25.092897	25.088402	25.083572	25.078423	25.072979	25.067257	25.061283	25.055073	25.048653	25.042053	25.035290	25.028395	25.021391	25.014305	25.007166	
25.006603	25.013186	25.019714	25.026165	25.032524	25.038754	25.044840	25.050755	25.056477	25.061985	25.067257	25.072277	25.077019	25.081472	25.085613	25.089434	25.092911	25.096035	25.098797	25.101185	25.103188	25.104797	25.106012	25.106825	25.107231	25.107231	25.106827	25.106014	25.104801	25.103188	25.101185	25.098797	25.096035	25.092909	25.089432	25.085613	25.081470	25.077019	25.072277	25.067257	25.061987	25.056477	25.050755	25.044842	25.038755	25.032524	25.026169	25.019712	25.013184	25.006603	
25.006020	25.012012	25.017962	25.023842	25.029631	25.035311	25.040852	25.046246	25.051456	25.056477	25.061281	25.065853	25.070175	25.074230	25.078009	25.081482	25.084654	25.087502	25.090019	25.092194	25.094017	25.095486	25.096592	25.097330	25.097706	25.097702	25.097334	25.096596	25.095486	25.094019	25.092194	25.090017	25.087502	25.084652	25.081482	25.078007	25.074230	25.070175	25.065853	25.061283	25.056477	25.051458	25.046244	25.040855	25.035313	25.029633	25.023842	25.017963	25.012012	25.006018	
25.005405	25.010796	25.016140	25.021427	25.026630	25.031731	25.036716	25.041557	25.046244	25.050753	25.055073	25.059181	25.063065	25.066711	25.070101	25.073231	25.076073	25.078636	25.080898	25.082851	25.084492	25.085812	25.086803	25.087473	25.087803	25.087805	25.087471	25.086807	25.085812	25.084492	25.082851	25.080898	25.078636	25.076075	25.073229	25.070099	25.066711	25.063065	25.059181	25.055071	25.050755	25.046246	25.041561	25.036715	25.031734	25.026630	25.021427	25.016140	25.010796	25.005409	
25.004780	25.009537	25.014259	25.018929	25.023525	25.028034	25.032434	25.036715	25.040852	25.044838	25.048653	25.052284	25.055717	25.058935	25.061934	25.064693	25.067211	25.069473	25.071468	25.073196	25.074646	25.075811	25.076691	25.077274	25.077572	25.077572	25.077278	25.076691	25.075809	25.074646	25.073196	25.071470	25.069471	25.067211	25.064692	25.061935	25.058933	25.055717	25.052284	25.048653	25.044840	25.040855	25.036716	25.032436	25.028034	25.023525	25.018930	25.014259	25.009537	25.004780	
25.004128	25.008244	25.012323	25.016361	25.020332	25.024231	25.028034	25.031733	25.035311	25.038754	25.042051	25.045189	25.048153	25.050938	25.053528	25.055916	25.058088	25.060043	25.061771	25.063263	25.064514	25.065525	25.066282	25.066792	25.067043	25.067045	25.066790	25.066284	25.065525	25.064516	25.063265	25.061771	25.060047	25.058090	25.055916	25.053526	25.050938	25.048153	25.045189	25.042051	25.038755	25.035311	25.031734	25.028034	25.024231	25.020332	25.016361	25.012325	25.008244	25.004131	
25.003464	25.006916	25.010344	25.013729	25.017063	25.020332	25.023525	25.026630	25.029631	25.032524	25.035288	25.037924	25.040413	25.042746	25.044922	25.046925	25.048750	25.050386	25.051838	25.053089	25.054142	25.054987	25.055626	25.056049	25.056263	25.056263	25.056051	25.055624	25.054987	25.054142	25.053089	25.051838	25.050388	25.048752	25.046923	25.044922	25.042746	25.040413	25.037922	25.035290	25.032524	25.029633	25.026630	25.023525	25.020334	25.017063	25.013729	25.010342	25.006918	25.003468	
25.002789	25.005566	25.008320	25.011045	25.013729	25.016361	25.018929	25.021423	25.023842	25.026165	25.028395	25.030512	25.032513	25.034393	25.036142	25.037756	25.039223	25.040543	25.041706	25.042717	25.043562	25.044243	25.044754	25.045099	25.045271	25.045269	25.045097	25.044754	25.044243	25.043564	25.042715	25.041708	25.040545	25.039223	25.037754	25.036144	25.034395	25.032515	25.030512	25.028393	25.026169	25.023842	25.021427	25.018929	25.016361	25.013731	25.011047	25.008324	25.005566	25.002789	
25.002100	25.004192	25.006268	25.008324	25.010342	25.012325	25.014257	25.016142	25.017960	25.019714	25.021389	25.022984	25.024494	25.025909	25.027227	25.028442	25.029549	25.030540	25.031420	25.032181	25.032816	25.033329	25.033714	25.033974	25.034103	25.034103	25.033974	25.033716	25.033329	25.032818	25.032181	25.031422	25.030544	25.029549	25.028442	25.027227	25.025909	25.024494	25.022985	25.021391	25.019714	25.017962	25.016144	25.014259	25.012325	25.010344	25.008324	25.006268	25.004192	25.002102	
25.001404	25.002804	25.004192	25.005564	25.006916	25.008240	25.009537	25.010792	25.012012	25.013184	25.014305	25.015371	25.016380	25.017328	25.018209	25.019022	25.019760	25.020428	25.021013	25.021521	25.021946	25.022289	25.022549	25.022720	25.022808	25.022808	25.022722	25.022547	25.022293	25.021948	25.021523	25.021015	25.020426	25.019762	25.019020	25.018211	25.017328	25.016382	25.015373	25.014305	25.013184	25.012012	25.010796	25.009537	25.008244	25.006918	25.005566	25.004192	25.002804	25.001406	
25.000702	25.001404	25.002100	25.002789	25.003464	25.004131	25.004776	25.005407	25.006016	25.006605	25.007166	25.007702	25.008205	25.008680	25.009121	25.009529	25.009899	25.010231	25.010525	25.010780	25.010994	25.011166	25.011295	25.011383	25.011425	25.011427	25.011381	25.011295	25.011166	25.010996	25.010780	25.010529	25.010233	25.009899	25.009529	25.009121	25.008682	25.008205	25.007702	25.007168	25.006603	25.006018	25.005407	25.004776	25.004129	25.003466	25.002789	25.002098	25.001404	25.000704	
