25.001453	25.002899	25.004337	25.005758	25.007156	25.008528	25.009865	25.011168	25.012426	25.013641	25.014797	25.015903	25.016947	25.017927	25.018837	25.019676	25.020443	25.021132	25.021740	25.022266	25.022705	25.023060	25.023327	25.023506	25.023596	25.023596	25.023506	25.023327	25.023060	25.022705	25.022264	25.021740	25.021132	25.020443	25.019678	25.018837	25.017925	25.016949	25.015903	25.014799	25.013639	25.012424	25.011169	25.009867	25.008528	25.007156	25.005756	25.004337	25.002901	25.001453	
25.002901	25.005793	25.008659	25.011494	25.014286	25.017021	25.019695	25.022293	25.024807	25.027225	25.029543	25.031746	25.033833	25.035786	25.037605	25.039282	25.040810	25.042183	25.043398	25.044445	25.045326	25.046032	25.046566	25.046921	25.047104	25.047102	25.046923	25.046566	25.046032	25.045326	25.044445	25.043396	25.042183	25.040810	25.039280	25.037603	25.035788	25.033831	25.031746	25.029545	25.027225	25.024807	25.022293	25.019695	25.017023	25.014284	25.011494	25.008659	25.005791	25.002899	
25.004337	25.008657	25.012949	25.017185	25.021360	25.025455	25.029449	25.033335	25.037094	25.040710	25.044174	25.047470	25.050585	25.053509	25.056232	25.058739	25.061022	25.063076	25.064890	25.066460	25.067772	25.068832	25.069630	25.070162	25.070429	25.070431	25.070164	25.069628	25.068832	25.067772	25.066456	25.064890	25.063076	25.061024	25.058737	25.056231	25.053509	25.050587	25.047470	25.044174	25.040710	25.037094	25.033337	25.029449	25.025454	25.021360	25.017185	25.012947	25.008659	25.004337	
25.005758	25.011496	25.017185	25.022814	25.028353	25.033787	25.039093	25.044250	25.049238	25.054039	25.058638	25.063011	25.067150	25.071030	25.074640	25.077969	25.081003	25.083725	25.086136	25.088219	25.089964	25.091370	25.092426	25.093134	25.093489	25.093491	25.093136	25.092428	25.091368	25.089964	25.088215	25.086136	25.083729	25.081001	25.077971	25.074642	25.071030	25.067148	25.063015	25.058636	25.054041	25.049238	25.044250	25.039093	25.033787	25.028355	25.022814	25.017185	25.011494	25.005756	
25.007156	25.014286	25.021362	25.028355	25.035240	25.041992	25.048588	25.054996	25.061197	25.067165	25.072876	25.078316	25.083456	25.088280	25.092770	25.096907	25.100672	25.104063	25.107056	25.109642	25.111814	25.113560	25.114874	25.115755	25.116196	25.116196	25.115753	25.114872	25.113560	25.111813	25.109642	25.107056	25.104063	25.100676	25.096905	25.092770	25.088280	25.083458	25.078316	25.072880	25.067165	25.061195	25.054996	25.048584	25.041992	25.035240	25.028353	25.021360	25.014286	25.007156	
25.008530	25.017021	25.025454	25.033787	25.041992	25.050039	25.057898	25.065533	25.072922	25.080036	25.086845	25.093323	25.099449	25.105196	25.110546	25.115473	25.119968	25.124001	25.127571	25.130651	25.133240	25.135319	25.136889	25.137936	25.138462	25.138460	25.137936	25.136887	25.135319	25.133238	25.130650	25.127567	25.124001	25.119965	25.115475	25.110542	25.105198	25.099447	25.093323	25.086842	25.080036	25.072922	25.065533	25.057896	25.050037	25.041992	25.033787	25.025455	25.017023	25.008526	
25.009865	25.019695	25.029449	25.039093	25.048586	25.057898	25.066986	25.075825	25.084373	25.092602	25.100479	25.107975	25.115061	25.121714	25.127899	25.133606	25.138800	25.143473	25.147598	25.151165	25.154156	25.156569	25.158379	25.159595	25.160198	25.160202	25.159592	25.158379	25.156563	25.154158	25.151165	25.147598	25.143471	25.138802	25.133604	25.127903	25.121712	25.115063	25.107975	25.100479	25.092602	25.084372	25.075823	25.066986	25.057896	25.048588	25.039093	25.029449	25.019695	25.009865	
25.011166	25.022293	25.033335	25.044250	25.054996	25.065535	25.075825	25.085827	25.095503	25.104816	25.113733	25.122217	25.130241	25.137768	25.144772	25.151226	25.157112	25.162394	25.167068	25.171103	25.174496	25.177216	25.179276	25.180641	25.181335	25.181332	25.180645	25.179268	25.177219	25.174492	25.171104	25.167068	25.162395	25.157112	25.151230	25.144772	25.137772	25.130241	25.122219	25.113731	25.104816	25.095501	25.085825	25.075825	25.065533	25.054996	25.044250	25.033337	25.022293	25.011168	
25.012428	25.024805	25.037092	25.049236	25.061195	25.072922	25.084373	25.095501	25.106272	25.116634	25.126556	25.136000	25.144922	25.153301	25.161095	25.168278	25.174822	25.180706	25.185902	25.190397	25.194162	25.197201	25.199482	25.201015	25.201773	25.201778	25.201008	25.199482	25.197197	25.194166	25.190395	25.185902	25.180706	25.174824	25.168278	25.161097	25.153301	25.144924	25.135998	25.126556	25.116632	25.106268	25.095501	25.084370	25.072922	25.061195	25.049238	25.037094	25.024807	25.012426	
25.013638	25.027225	25.040710	25.054039	25.067165	25.080036	25.092602	25.104816	25.116634	25.128010	25.138901	25.149261	25.159060	25.168249	25.176807	25.184690	25.191874	25.198330	25.204037	25.208961	25.213104	25.216429	25.218941	25.220612	25.221458	25.221453	25.220615	25.218937	25.216433	25.213100	25.208965	25.204035	25.198330	25.191872	25.184689	25.176805	25.168251	25.159058	25.149261	25.138901	25.128010	25.116634	25.104815	25.092602	25.080032	25.067165	25.054039	25.040710	25.027227	25.013639	
25.014797	25.029541	25.044172	25.058636	25.072876	25.086843	25.100479	25.113731	25.126556	25.138897	25.150715	25.161961	25.172588	25.182564	25.191845	25.200401	25.208195	25.215202	25.221390	25.226742	25.231228	25.234844	25.237560	25.239384	25.240292	25.240295	25.239382	25.237564	25.234838	25.231232	25.226742	25.221394	25.215202	25.208197	25.200401	25.191849	25.182564	25.172590	25.161959	25.150715	25.138901	25.126556	25.113733	25.100479	25.086842	25.072876	25.058638	25.044174	25.029545	25.014799	
25.015903	25.031746	25.047470	25.063011	25.078314	25.093321	25.107975	25.122219	25.135996	25.149263	25.161961	25.174042	25.185465	25.196182	25.206158	25.215351	25.223730	25.231255	25.237911	25.243654	25.248482	25.252361	25.255287	25.257240	25.258223	25.258219	25.257244	25.255283	25.252363	25.248478	25.243660	25.237909	25.231258	25.223728	25.215353	25.206160	25.196186	25.185465	25.174042	25.161961	25.149261	25.135998	25.122219	25.107975	25.093323	25.078316	25.063011	25.047468	25.031746	25.015903	
25.016945	25.033831	25.050583	25.067146	25.083458	25.099445	25.115061	25.130239	25.144924	25.159058	25.172586	25.185465	25.197636	25.209061	25.219688	25.229488	25.238411	25.246437	25.253521	25.259647	25.264790	25.268927	25.272038	25.274128	25.275167	25.275171	25.274124	25.272041	25.268923	25.264790	25.259647	25.253525	25.246433	25.238415	25.229485	25.219692	25.209061	25.197639	25.185463	25.172588	25.159058	25.144924	25.130241	25.115063	25.099449	25.083456	25.067148	25.050587	25.033829	25.016949	
25.017929	25.035786	25.053509	25.071030	25.088278	25.105194	25.121712	25.137764	25.153299	25.168251	25.182564	25.196182	25.209061	25.221142	25.232388	25.242750	25.252195	25.260677	25.268177	25.274654	25.280094	25.284468	25.287767	25.289967	25.291073	25.291071	25.289970	25.287762	25.284468	25.280090	25.274658	25.268177	25.260681	25.252193	25.242752	25.232388	25.221144	25.209061	25.196182	25.182564	25.168251	25.153301	25.137766	25.121712	25.105196	25.088280	25.071030	25.053509	25.035786	25.017927	
25.018837	25.037605	25.056229	25.074638	25.092766	25.110542	25.127897	25.144772	25.161091	25.176807	25.191847	25.206160	25.219690	25.232388	25.244202	25.255096	25.265015	25.273933	25.281811	25.288620	25.294334	25.298935	25.302395	25.304714	25.305872	25.305874	25.304710	25.302395	25.298931	25.294334	25.288620	25.281815	25.273933	25.265017	25.255093	25.244205	25.232388	25.219690	25.206158	25.191845	25.176805	25.161095	25.144772	25.127901	25.110546	25.092770	25.074640	25.056229	25.037605	25.018837	
25.019680	25.039280	25.058737	25.077969	25.096905	25.115473	25.133606	25.151226	25.168278	25.184689	25.200401	25.215351	25.229488	25.242750	25.255093	25.266468	25.276836	25.286148	25.294376	25.301491	25.307461	25.312263	25.315884	25.318298	25.319513	25.319510	25.318300	25.315878	25.312263	25.307461	25.301491	25.294378	25.286152	25.276833	25.266470	25.255093	25.242752	25.229488	25.215353	25.200401	25.184689	25.168278	25.151228	25.133604	25.115475	25.096907	25.077969	25.058737	25.039284	25.019680	
25.020443	25.040810	25.061020	25.081003	25.100674	25.119965	25.138798	25.157110	25.174822	25.191875	25.208195	25.223730	25.238413	25.252193	25.265015	25.276833	25.287601	25.297279	25.305828	25.313217	25.319420	25.324409	25.328167	25.330683	25.331940	25.331940	25.330679	25.328169	25.324409	25.319420	25.313217	25.305828	25.297279	25.287603	25.276833	25.265017	25.252193	25.238413	25.223728	25.208197	25.191872	25.174824	25.157108	25.138800	25.119967	25.100674	25.081001	25.061022	25.040812	25.020443	
25.021133	25.042183	25.063076	25.083725	25.104061	25.123997	25.143471	25.162392	25.180706	25.198326	25.215200	25.231255	25.246433	25.260677	25.273932	25.286148	25.297279	25.307280	25.316116	25.323757	25.330166	25.335323	25.339211	25.341806	25.343109	25.343107	25.341808	25.339207	25.335323	25.330166	25.323757	25.316120	25.307281	25.297279	25.286148	25.273933	25.260677	25.246435	25.231255	25.215199	25.198330	25.180704	25.162392	25.143471	25.124001	25.104063	25.083727	25.063076	25.042183	25.021133	
25.021738	25.043396	25.064888	25.086136	25.107052	25.127567	25.147594	25.167067	25.185898	25.204033	25.221390	25.237907	25.253521	25.268173	25.281811	25.294376	25.305826	25.316118	25.325207	25.333065	25.339659	25.344965	25.348961	25.351635	25.352974	25.352978	25.351635	25.348965	25.344967	25.339663	25.333067	25.325211	25.316120	25.305828	25.294378	25.281813	25.268173	25.253521	25.237906	25.221390	25.204031	25.185900	25.167065	25.147594	25.127567	25.107054	25.086136	25.064888	25.043398	25.021738	
25.022266	25.044443	25.066456	25.088215	25.109640	25.130646	25.151161	25.171101	25.190392	25.208961	25.226738	25.243654	25.259647	25.274654	25.288620	25.301487	25.313217	25.323753	25.333065	25.341112	25.347866	25.353300	25.357393	25.360130	25.361502	25.361500	25.360134	25.357393	25.353302	25.347866	25.341116	25.333067	25.323757	25.313217	25.301491	25.288620	25.274654	25.259645	25.243656	25.226736	25.208961	25.190392	25.171101	25.151161	25.130650	25.109640	25.088215	25.066456	25.044445	25.022266	
25.022705	25.045326	25.067772	25.089962	25.111809	25.133236	25.154152	25.174488	25.194160	25.213099	25.231224	25.248478	25.264786	25.280092	25.294334	25.307457	25.319414	25.330166	25.339659	25.347866	25.354752	25.360292	25.364468	25.367260	25.368656	25.368658	25.367260	25.364468	25.360294	25.354755	25.347866	25.339661	25.330166	25.319418	25.307457	25.294334	25.280090	25.264786	25.248478	25.231228	25.213097	25.194160	25.174488	25.154152	25.133236	25.111809	25.089962	25.067770	25.045324	25.022703	
25.023060	25.046032	25.068829	25.091366	25.113556	25.135315	25.156561	25.177212	25.197197	25.216425	25.234840	25.252357	25.268925	25.284466	25.298931	25.312258	25.324408	25.335320	25.344965	25.353298	25.360294	25.365921	25.370159	25.372997	25.374416	25.374416	25.372997	25.370161	25.365921	25.360294	25.353300	25.344965	25.335323	25.324406	25.312262	25.298931	25.284466	25.268921	25.252359	25.234837	25.216427	25.197193	25.177214	25.156563	25.135315	25.113556	25.091366	25.068830	25.046032	25.023060	
25.023325	25.046566	25.069626	25.092424	25.114872	25.136883	25.158375	25.179268	25.199478	25.218935	25.237556	25.255283	25.272038	25.287762	25.302391	25.315878	25.328163	25.339207	25.348961	25.357391	25.364468	25.370159	25.374449	25.377316	25.378754	25.378754	25.377317	25.374451	25.370159	25.364470	25.357395	25.348961	25.339207	25.328167	25.315880	25.302393	25.287762	25.272038	25.255280	25.237560	25.218933	25.199478	25.179268	25.158375	25.136885	25.114870	25.092426	25.069626	25.046566	25.023327	
25.023506	25.046921	25.070160	25.093132	25.115751	25.137932	25.159588	25.180641	25.201008	25.220610	25.239380	25.257238	25.274122	25.289963	25.304708	25.318296	25.330679	25.341805	25.351635	25.360128	25.367260	25.372997	25.377316	25.380207	25.381657	25.381655	25.380207	25.377316	25.372997	25.367260	25.360130	25.351635	25.341805	25.330679	25.318298	25.304710	25.289965	25.274120	25.257236	25.239378	25.220610	25.201008	25.180639	25.159588	25.137932	25.115751	25.093132	25.070160	25.046923	25.023506	
25.023594	25.047100	25.070427	25.093487	25.116192	25.138456	25.160198	25.181330	25.201773	25.221451	25.240292	25.258219	25.275166	25.291069	25.305868	25.319508	25.331938	25.343107	25.352974	25.361500	25.368658	25.374416	25.378752	25.381653	25.383108	25.383108	25.381653	25.378754	25.374416	25.368658	25.361502	25.352974	25.343105	25.331940	25.319510	25.305870	25.291069	25.275164	25.258217	25.240290	25.221451	25.201771	25.181328	25.160194	25.138458	25.116194	25.093487	25.070427	25.047100	25.023594	
25.023594	25.047100	25.070427	25.093487	25.116192	25.138456	25.160198	25.181330	25.201773	25.221451	25.240292	25.258219	25.275166	25.291069	25.305868	25.319508	25.331938	25.343107	25.352974	25.361500	25.368658	25.374416	25.378752	25.381653	25.383108	25.383108	25.381653	25.378754	25.374416	25.368658	25.361502	25.352974	25.343105	25.331940	25.319510	25.305870	25.291069	25.275164	25.258217	25.240290	25.221451	25.201771	25.181328	25.160194	25.138458	25.116194	25.093487	25.070427	25.047100	25.023594	
25.023506	25.046921	25.070160	25.093132	25.115751	25.137932	25.159588	25.180641	25.201008	25.220610	25.239380	25.257238	25.274122	25.289963	25.304708	25.318296	25.330679	25.341805	25.351635	25.360128	25.367260	25.372997	25.377316	25.380207	25.381657	25.381655	25.380207	25.377316	25.372997	25.367260	25.360130	25.351635	25.341805	25.330679	25.318298	25.304710	25.289965	25.274120	25.257236	25.239378	25.220610	25.201008	25.180639	25.159588	25.137932	25.115751	25.093132	25.070160	25.046923	25.023506	
25.023325	25.046566	25.069626	25.092424	25.114872	25.136883	25.158375	25.179268	25.199478	25.218935	25.237556	25.255283	25.272038	25.287762	25.302391	25.315878	25.328163	25.339207	25.348961	25.357391	25.364468	25.370159	25.374449	25.377316	25.378754	25.378754	25.377317	25.374451	25.370159	25.364470	25.357395	25.348961	25.339207	25.328167	25.315880	25.302393	25.287762	25.272038	25.255280	25.237560	25.218933	25.199478	25.179268	25.158375	25.136885	25.114870	25.092426	25.069626	25.046566	25.023327	
25.023060	25.046032	25.068829	25.091366	25.113556	25.135315	25.156561	25.177212	25.197197	25.216425	25.234840	25.252357	25.268925	25.284466	25.298931	25.312258	25.324408	25.335320	25.344965	25.353298	25.360294	25.365921	25.370159	25.372997	25.374416	25.374416	25.372997	25.370161	25.365921	25.360294	25.353300	25.344965	25.335323	25.324406	25.312262	25.298931	25.284466	25.268921	25.252359	25.234837	25.216427	25.197193	25.177214	25.156563	25.135315	25.113556	25.091366	25.068830	25.046032	25.023060	
25.022705	25.045326	25.067772	25.089962	25.111809	25.133236	25.154152	25.174488	25.194160	25.213099	25.231224	25.248478	25.264786	25.280092	25.294334	25.307457	25.319414	25.330166	25.339659	25.347866	25.354752	25.360292	25.364468	25.367260	25.368656	25.368658	25.367260	25.364468	25.360294	25.354755	25.347866	25.339661	25.330166	25.319418	25.307457	25.294334	25.280090	25.264786	25.248478	25.231228	25.213097	25.194160	25.174488	25.154152	25.133236	25.111809	25.089962	25.067770	25.045324	25.022703	
25.022266	25.044443	25.066456	25.088215	25.109640	25.130646	25.151161	25.171101	25.190392	25.208961	25.226738	25.243654	25.259647	25.274654	25.288620	25.301487	25.313217	25.323753	25.333065	25.341112	25.347866	25.353300	25.357393	25.360130	25.361502	25.361500	25.360134	25.357393	25.353302	25.347866	25.341116	25.333067	25.323757	25.313217	25.301491	25.288620	25.274654	25.259645	25.243656	25.226736	25.208961	25.190392	25.171101	25.151161	25.130650	25.109640	25.088215	25.066456	25.044445	25.022266	
25.021738	25.043396	25.064888	25.086136	25.107052	25.127567	25.147594	25.167067	25.185898	25.204033	25.221390	25.237907	25.253521	25.268173	25.281811	25.294376	25.305826	25.316118	25.325207	25.333065	25.339659	25.344965	25.348961	25.351635	25.352974	25.352978	25.351635	25.348965	25.344967	25.339663	25.333067	25.325211	25.316120	25.305828	25.294378	25.281813	25.268173	25.253521	25.237906	25.221390	25.204031	25.185900	25.167065	25.147594	25.127567	25.107054	25.086136	25.064888	25.043398	25.021738	
25.021133	25.042183	25.063076	25.083725	25.104061	25.123997	25.143471	25.162392	25.180706	25.198326	25.215200	25.231255	25.246433	25.260677	25.273932	25.286148	25.297279	25.307280	25.316116	25.323757	25.330166	25.335323	25.339211	25.341806	25.343109	25.343107	25.341808	25.339207	25.335323	25.330166	25.323757	25.316120	25.307281	25.297279	25.286148	25.273933	25.260677	25.246435	25.231255	25.215199	25.198330	25.180704	25.162392	25.143471	25.124001	25.104063	25.083727	25.063076	25.042183	25.021133	
25.020443	25.040810	25.061020	25.081003	25.100674	25.119965	25.138798	25.157110	25.174822	25.191875	25.208195	25.223730	25.238413	25.252193	25.265015	25.276833	25.287601	25.297279	25.305828	25.313217	25.319420	25.324409	25.328167	25.330683	25.331940	25.331940	25.330679	25.328169	25.324409	25.319420	25.313217	25.305828	25.297279	25.287603	25.276833	25.265017	25.252193	25.238413	25.223728	25.208197	25.191872	25.174824	25.157108	25.138800	25.119967	25.100674	25.081001	25.061022	25.040812	25.020443	
25.019680	25.039280	25.058737	25.077969	25.096905	25.115473	25.133606	25.151226	25.168278	25.184689	25.200401	25.215351	25.229488	25.242750	25.255093	25.266468	25.276836	25.286148	25.294376	25.301491	25.307461	25.312263	25.315884	25.318298	25.319513	25.319510	25.318300	25.315878	25.312263	25.307461	25.301491	25.294378	25.286152	25.276833	25.266470	25.255093	25.242752	25.229488	25.215353	25.200401	25.184689	25.168278	25.151228	25.133604	25.115475	25.096907	25.077969	25.058737	25.039284	25.019680	
25.018837	25.037605	25.056229	25.074638	25.092766	25.110542	25.127897	25.144772	25.161091	25.176807	25.191847	25.206160	25.219690	25.232388	25.244202	25.255096	25.265015	25.273933	25.281811	25.288620	25.294334	25.298935	25.302395	25.304714	25.305872	25.305874	25.304710	25.302395	25.298931	25.294334	25.288620	25.281815	25.273933	25.265017	25.255093	25.244205	25.232388	25.219690	25.206158	25.191845	25.176805	25.161095	25.144772	25.127901	25.110546	25.092770	25.074640	25.056229	25.037605	25.018837	
25.017929	25.035786	25.053509	25.071030	25.088278	25.105194	25.121712	25.137764	25.153299	25.168251	25.182564	25.196182	25.209061	25.221142	25.232388	25.242750	25.252195	25.260677	25.268177	25.274654	25.280094	25.284468	25.287767	25.289967	25.291073	25.291071	25.289970	25.287762	25.284468	25.280090	25.274658	25.268177	25.260681	25.252193	25.242752	25.232388	25.221144	25.209061	25.196182	25.182564	25.168251	25.153301	25.137766	25.121712	25.105196	25.088280	25.071030	25.053509	25.035786	25.017927	
25.016945	25.033831	25.050583	25.067146	25.083458	25.099445	25.115061	25.130239	25.144924	25.159058	25.172586	25.185465	25.197636	25.209061	25.219688	25.229488	25.238411	25.246437	25.253521	25.259647	25.264790	25.268927	25.272038	25.274128	25.275167	25.275171	25.274124	25.272041	25.268923	25.264790	25.259647	25.253525	25.246433	25.238415	25.229485	25.219692	25.209061	25.197639	25.185463	25.172588	25.159058	25.144924	25.130241	25.115063	25.099449	25.083456	25.067148	25.050587	25.033829	25.016949	
25.015903	25.031746	25.047470	25.063011	25.078314	25.093321	25.107975	25.122219	25.135996	25.149263	25.161961	25.174042	25.185465	25.196182	25.206158	25.215351	25.223730	25.231255	25.237911	25.243654	25.248482	25.252361	25.255287	25.257240	25.258223	25.258219	25.257244	25.255283	25.252363	25.248478	25.243660	25.237909	25.231258	25.223728	25.215353	25.206160	25.196186	25.185465	25.174042	25.161961	25.149261	25.135998	25.122219	25.107975	25.093323	25.078316	25.063011	25.047468	25.031746	25.015903	
25.014797	25.029541	25.044172	25.058636	25.072876	25.086843	25.100479	25.113731	25.126556	25.138897	25.150715	25.161961	25.172588	25.182564	25.191845	25.200401	25.208195	25.215202	25.221390	25.226742	25.231228	25.234844	25.237560	25.239384	25.240292	25.240295	25.239382	25.237564	25.234838	25.231232	25.226742	25.221394	25.215202	25.208197	25.200401	25.191849	25.182564	25.172590	25.161959	25.150715	25.138901	25.126556	25.113733	25.100479	25.086842	25.072876	25.058638	25.044174	25.029545	25.014799	
25.013638	25.027225	25.040710	25.054039	25.067165	25.080036	25.092602	25.104816	25.116634	25.128010	25.138901	25.149261	25.159060	25.168249	25.176807	25.184690	25.191874	25.198330	25.204037	25.208961	25.213104	25.216429	25.218941	25.220612	25.221458	25.221453	25.220615	25.218937	25.216433	25.213100	25.208965	25.204035	25.198330	25.191872	25.184689	25.176805	25.168251	25.159058	25.149261	25.138901	25.128010	25.116634	25.104815	25.092602	25.080032	25.067165	25.054039	25.040710	25.027227	25.013639	
25.012428	25.024805	25.037092	25.049236	25.061195	25.072922	25.084373	25.095501	25.106272	25.116634	25.126556	25.136000	25.144922	25.153301	25.161095	25.168278	25.174822	25.180706	25.185902	25.190397	25.194162	25.197201	25.199482	25.201015	25.201773	25.201778	25.201008	25.199482	25.197197	25.194166	25.190395	25.185902	25.180706	25.174824	25.168278	25.161097	25.153301	25.144924	25.135998	25.126556	25.116632	25.106268	25.095501	25.084370	25.072922	25.061195	25.049238	25.037094	25.024807	25.012426	
25.011166	25.022293	25.033335	25.044250	25.054996	25.065535	25.075825	25.085827	25.095503	25.104816	25.113733	25.122217	25.130241	25.137768	25.144772	25.151226	25.157112	25.162394	25.167068	25.171103	25.174496	25.177216	25.179276	25.180641	25.181335	25.181332	25.180645	25.179268	25.177219	25.174492	25.171104	25.167068	25.162395	25.157112	25.151230	25.144772	25.137772	25.130241	25.122219	25.113731	25.104816	25.095501	25.085825	25.075825	25.065533	25.054996	25.044250	25.033337	25.022293	25.011168	
25.009865	25.019695	25.029449	25.039093	25.048586	25.057898	25.066986	25.075825	25.084373	25.092602	25.100479	25.107975	25.115061	25.121714	25.127899	25.133606	25.138800	25.143473	25.147598	25.151165	25.154156	25.156569	25.158379	25.159595	25.160198	25.160202	25.159592	25.158379	25.156563	25.154158	25.151165	25.147598	25.143471	25.138802	25.133604	25.127903	25.121712	25.115063	25.107975	25.100479	25.092602	25.084372	25.075823	25.066986	25.057896	25.048588	25.039093	25.029449	25.019695	25.009865	
25.008530	25.017021	25.025454	25.033787	25.041992	25.050039	25.057898	25.065533	25.072922	25.080036	25.086845	25.093323	25.099449	25.105196	25.110546	25.115473	25.119968	25.124001	25.127571	25.130651	25.133240	25.135319	25.136889	25.137936	25.138462	25.138460	25.137936	25.136887	25.135319	25.133238	25.130650	25.127567	25.124001	25.119965	25.115475	25.110542	25.105198	25.099447	25.093323	25.086842	25.080036	25.072922	25.065533	25.057896	25.050037	25.041992	25.033787	25.025455	25.017023	25.008526	
25.007156	25.014286	25.021362	25.028355	25.035240	25.041992	25.048588	25.054996	25.061197	25.067165	25.072876	25.078316	25.083456	25.088280	25.092770	25.096907	25.100672	25.104063	25.107056	25.109642	25.111814	25.113560	25.114874	25.115755	25.116196	25.116196	25.115753	25.114872	25.113560	25.111813	25.109642	25.107056	25.104063	25.100676	25.096905	25.092770	25.088280	25.083458	25.078316	25.072880	25.067165	25.061195	25.054996	25.048584	25.041992	25.035240	25.028353	25.021360	25.014286	25.007156	
25.005758	25.011496	25.017185	25.022814	25.028353	25.033787	25.039093	25.044250	25.049238	25.054039	25.058638	25.063011	25.067150	25.071030	25.074640	25.077969	25.081003	25.083725	25.086136	25.088219	25.089964	25.091370	25.092426	25.093134	25.093489	25.093491	25.093136	25.092428	25.091368	25.089964	25.088215	25.086136	25.083729	25.081001	25.077971	25.074642	25.071030	25.067148	25.063015	25.058636	25.054041	25.049238	25.044250	25.039093	25.033787	25.028355	25.022814	25.017185	25.011494	25.005756	
25.004337	25.008657	25.012949	25.017185	25.021360	25.025455	25.029449	25.033335	25.037094	25.040710	25.044174	25.047470	25.050585	25.053509	25.056232	25.058739	25.061022	25.063076	25.064890	25.066460	25.067772	25.068832	25.069630	25.070162	25.070429	25.070431	25.070164	25.069628	25.068832	25.067772	25.066456	25.064890	25.063076	25.061024	25.058737	25.056231	25.053509	25.050587	25.047470	25.044174	25.040710	25.037094	25.033337	25.029449	25.025454	25.021360	25.017185	25.012947	25.008659	25.004337	
25.002901	25.005793	25.008659	25.011494	25.014286	25.017021	25.019695	25.022293	25.024807	25.027225	25.029543	25.031746	25.033833	25.035786	25.037605	25.039282	25.040810	25.042183	25.043398	25.044445	25.045326	25.046032	25.046566	25.046921	25.047104	25.047102	25.046923	25.046566	25.046032	25.045326	25.044445	25.043396	25.042183	25.040810	25.039280	25.037603	25.035788	25.033831	25.031746	25.029545	25.027225	25.024807	25.022293	25.019695	25.017023	25.014284	25.011494	25.008659	25.005791	25.002899	
25.001453	25.002899	25.004337	25.005758	25.007156	25.008528	25.009865	25.011168	25.012426	25.013641	25.014797	25.015903	25.016947	25.017927	25.018837	25.019676	25.020443	25.021132	25.021740	25.022266	25.022705	25.023060	25.023327	25.023506	25.023596	25.023596	25.023506	25.023327	25.023060	25.022705	25.022264	25.021740	25.021132	25.020443	25.019678	25.018837	25.017925	25.016949	25.015903	25.014799	25.013639	25.012424	25.011169	25.009867	25.008528	25.007156	25.005756	25.004337	25.002901	25.001453	
