25.008999	25.018223	25.027298	25.037025	25.046436	25.056864	25.066780	25.077990	25.088448	25.100349	25.111225	25.123554	25.134567	25.146885	25.157608	25.169340	25.179243	25.189735	25.198235	25.206829	25.213375	25.219479	25.223606	25.226778	25.228189	25.228189	25.226778	25.223606	25.219477	25.213373	25.206829	25.198235	25.189739	25.179239	25.169342	25.157608	25.146885	25.134567	25.123554	25.111225	25.100349	25.088448	25.077990	25.066778	25.056866	25.046432	25.037025	25.027298	25.018223	25.008999	
25.018223	25.036301	25.055264	25.073772	25.093971	25.113358	25.135078	25.155554	25.178795	25.200279	25.224686	25.246765	25.271631	25.293592	25.317886	25.338745	25.361225	25.379852	25.399174	25.414413	25.429298	25.440117	25.449514	25.455132	25.458345	25.458347	25.455132	25.449512	25.440117	25.429300	25.414410	25.399174	25.379848	25.361225	25.338745	25.317883	25.293591	25.271629	25.246765	25.224684	25.200279	25.178793	25.155552	25.135078	25.113358	25.093971	25.073774	25.055265	25.036303	25.018223	
25.027296	25.055264	25.082798	25.112282	25.140839	25.172447	25.202545	25.236507	25.268255	25.304306	25.337334	25.374668	25.408113	25.445415	25.477978	25.513508	25.543571	25.575354	25.601158	25.627186	25.647053	25.665539	25.678078	25.687679	25.691967	25.691967	25.687679	25.678078	25.665543	25.647053	25.627190	25.601154	25.575356	25.543568	25.513508	25.477978	25.445415	25.408112	25.374670	25.337334	25.304306	25.268257	25.236506	25.202545	25.172445	25.140839	25.112278	25.082798	25.055262	25.027298	
25.037025	25.073772	25.112280	25.149925	25.190918	25.230356	25.274429	25.316095	25.363234	25.406961	25.456451	25.501408	25.551817	25.596523	25.645775	25.688240	25.733810	25.771729	25.810898	25.841919	25.872097	25.894115	25.913166	25.924603	25.931116	25.931116	25.924603	25.913168	25.894115	25.872097	25.841917	25.810898	25.771727	25.733810	25.688240	25.645777	25.596519	25.551819	25.501408	25.456455	25.406961	25.363232	25.316093	25.274427	25.230356	25.190914	25.149923	25.112278	25.073772	25.037024	
25.046434	25.093973	25.140842	25.190918	25.239561	25.293217	25.344503	25.402134	25.456244	25.517397	25.573698	25.637022	25.694036	25.757296	25.812801	25.873055	25.924297	25.978191	26.022177	26.066309	26.100174	26.131517	26.152889	26.169170	26.176476	26.176476	26.169168	26.152887	26.131519	26.100174	26.066311	26.022175	25.978189	25.924297	25.873055	25.812801	25.757294	25.694035	25.637022	25.573698	25.517399	25.456242	25.402130	25.344503	25.293217	25.239559	25.190916	25.140841	25.093971	25.046434	
25.056866	25.113358	25.172445	25.230356	25.293217	25.353924	25.421465	25.485626	25.557835	25.625187	25.700977	25.770227	25.847408	25.916279	25.991680	26.057098	26.126852	26.185266	26.245216	26.293005	26.339190	26.373116	26.402271	26.419888	26.429857	26.429855	26.419888	26.402271	26.373116	26.339191	26.293005	26.245216	26.185265	26.126850	26.057095	25.991676	25.916277	25.847408	25.770227	25.700977	25.625187	25.557837	25.485626	25.421463	25.353924	25.293219	25.230354	25.172443	25.113356	25.056864	
25.066782	25.135080	25.202547	25.274429	25.344503	25.421463	25.495388	25.577995	25.656021	25.743645	25.824846	25.915550	25.997791	26.088381	26.168453	26.254730	26.328650	26.405807	26.469261	26.532444	26.581291	26.626167	26.656990	26.680298	26.690838	26.690838	26.680298	26.656992	26.626167	26.581295	26.532444	26.469259	26.405811	26.328648	26.254728	26.168453	26.088381	25.997791	25.915550	25.824846	25.743647	25.656021	25.577995	25.495390	25.421463	25.344503	25.274426	25.202545	25.135077	25.066780	
25.077990	25.155552	25.236506	25.316093	25.402134	25.485626	25.577997	25.666288	25.764992	25.857702	25.961258	26.056599	26.162018	26.256851	26.359821	26.449902	26.545147	26.625582	26.707434	26.773237	26.836300	26.883007	26.922813	26.947067	26.960678	26.960680	26.947069	26.922813	26.883009	26.836298	26.773241	26.707436	26.625580	26.545147	26.449898	26.359821	26.256847	26.162018	26.056597	25.961258	25.857700	25.764990	25.666290	25.577995	25.485626	25.402132	25.316093	25.236504	25.155552	25.077988	
25.088448	25.178795	25.268255	25.363235	25.456242	25.557835	25.656021	25.764992	25.868670	25.984196	26.092125	26.211664	26.320992	26.440353	26.546804	26.660461	26.758736	26.860371	26.944729	27.027950	27.092892	27.151991	27.192970	27.223667	27.237679	27.237679	27.223669	27.192970	27.151991	27.092894	27.027948	26.944729	26.860373	26.758736	26.660461	26.546803	26.440353	26.320992	26.211662	26.092123	25.984196	25.868670	25.764988	25.656021	25.557835	25.456242	25.363232	25.268257	25.178795	25.088448	
25.100349	25.200279	25.304304	25.406961	25.517399	25.625187	25.743647	25.857702	25.984196	26.104008	26.236656	26.359894	26.494894	26.617481	26.749313	26.865765	26.987686	27.091677	27.196444	27.281515	27.362225	27.422609	27.473553	27.504910	27.522327	27.522326	27.504908	27.473549	27.422607	27.362223	27.281519	27.196445	27.091675	26.987688	26.865765	26.749313	26.617477	26.494894	26.359892	26.236656	26.104008	25.984196	25.857704	25.743645	25.625187	25.517397	25.406961	25.304304	25.200279	25.100348	
25.111227	25.224682	25.337334	25.456453	25.573698	25.700979	25.824848	25.961254	26.092123	26.236656	26.372932	26.522427	26.660490	26.809723	26.944164	27.086231	27.210352	27.337378	27.443922	27.547924	27.629944	27.703800	27.755554	27.793915	27.811609	27.811607	27.793915	27.755552	27.703800	27.629946	27.547922	27.443922	27.337379	27.210350	27.086229	26.944160	26.809721	26.660488	26.522427	26.372931	26.236656	26.092125	25.961254	25.824848	25.700977	25.573700	25.456453	25.337336	25.224682	25.111227	
25.123552	25.246769	25.374666	25.501406	25.637020	25.770227	25.915550	26.056599	26.211662	26.359894	26.522427	26.674931	26.840286	26.992006	27.153440	27.297579	27.446854	27.575565	27.703821	27.809120	27.907917	27.982658	28.045015	28.083830	28.105148	28.105150	28.083826	28.045013	27.982658	27.907915	27.809122	27.703823	27.575565	27.446854	27.297575	27.153439	26.992002	26.840286	26.674929	26.522427	26.359894	26.211666	26.056601	25.915548	25.770229	25.637020	25.501408	25.374666	25.246769	25.123552	
25.134567	25.271629	25.408115	25.551815	25.694036	25.847406	25.997791	26.162018	26.320992	26.494892	26.660490	26.840284	27.008091	27.187510	27.350931	27.521706	27.672585	27.825258	27.954773	28.079760	28.179466	28.268221	28.331135	28.377230	28.398741	28.398739	28.377232	28.331133	28.268223	28.179466	28.079760	27.954773	27.825260	27.672585	27.521706	27.350925	27.187511	27.008087	26.840286	26.660492	26.494894	26.320992	26.162020	25.997793	25.847408	25.694036	25.551815	25.408115	25.271629	25.134567	
25.146885	25.293592	25.445417	25.596519	25.757292	25.916277	26.088379	26.256849	26.440355	26.617481	26.809719	26.992004	27.187511	27.368887	27.559708	27.732033	27.908451	28.062340	28.213902	28.339798	28.456535	28.545898	28.619576	28.665981	28.691174	28.691174	28.665981	28.619577	28.545897	28.456535	28.339798	28.213902	28.062338	27.908453	27.732029	27.559708	27.368883	27.187511	26.992004	26.809721	26.617481	26.440353	26.256849	26.088379	25.916279	25.757294	25.596523	25.445415	25.293592	25.146885	
25.157608	25.317886	25.477978	25.645775	25.812801	25.991676	26.168455	26.359818	26.546806	26.749311	26.944160	27.153439	27.350929	27.559708	27.752058	27.950737	28.128338	28.305931	28.458387	28.603764	28.721134	28.824356	28.898415	28.952026	28.977343	28.977345	28.952026	28.898415	28.824356	28.721132	28.603764	28.458385	28.305935	28.128338	27.950739	27.752056	27.559710	27.350929	27.153442	26.944160	26.749313	26.546803	26.359819	26.168453	25.991678	25.812801	25.645775	25.477978	25.317883	25.157608	
25.169342	25.338747	25.513512	25.688240	25.873055	26.057098	26.254726	26.449900	26.660460	26.865765	27.086229	27.297575	27.521706	27.732033	27.950737	28.150583	28.352753	28.531223	28.704885	28.850895	28.984646	29.088289	29.172699	29.226519	29.255379	29.255379	29.226519	29.172699	29.088287	28.984648	28.850895	28.704885	28.531221	28.352753	28.150581	27.950739	27.732029	27.521708	27.297577	27.086231	26.865765	26.660461	26.449900	26.254730	26.057098	25.873055	25.688240	25.513512	25.338747	25.169342	
25.179239	25.361225	25.543571	25.733810	25.924299	26.126848	26.328651	26.545143	26.758736	26.987686	27.210354	27.446854	27.672583	27.908453	28.128336	28.352751	28.555786	28.756359	28.930653	29.094824	29.229010	29.345573	29.430241	29.490776	29.519722	29.519724	29.490778	29.430241	29.345572	29.229008	29.094826	28.930655	28.756363	28.555786	28.352751	28.128336	27.908453	27.672585	27.446854	27.210350	26.987690	26.758736	26.545145	26.328651	26.126850	25.924297	25.733810	25.543571	25.361225	25.179241	
25.189737	25.379850	25.575356	25.771729	25.978189	26.185265	26.405807	26.625582	26.860371	27.091677	27.337379	27.575565	27.825258	28.062340	28.305931	28.531221	28.756359	28.957561	29.150936	29.315548	29.464472	29.581316	29.675301	29.735975	29.768106	29.768106	29.735975	29.675301	29.581316	29.464470	29.315548	29.150938	28.957561	28.756363	28.531223	28.305933	28.062338	27.825260	27.575563	27.337379	27.091677	26.860373	26.625584	26.405809	26.185265	25.978191	25.771729	25.575356	25.379852	25.189737	
25.198235	25.399172	25.601156	25.810896	26.022177	26.245213	26.469261	26.707432	26.944731	27.196444	27.443922	27.703821	27.954773	28.213900	28.458385	28.704884	28.930653	29.150936	29.344753	29.525043	29.674259	29.802261	29.896412	29.962891	29.995077	29.995077	29.962891	29.896412	29.802258	29.674259	29.525043	29.344753	29.150938	28.930653	28.704887	28.458385	28.213903	27.954773	27.703823	27.443922	27.196445	26.944729	26.707436	26.469263	26.245216	26.022175	25.810896	25.601158	25.399174	25.198235	
25.206831	25.414410	25.627188	25.841919	26.066309	26.293005	26.532442	26.773241	27.027948	27.281517	27.547922	27.809120	28.079760	28.339796	28.603764	28.850895	29.094824	29.315550	29.525043	29.705631	29.866959	29.995142	30.096951	30.163515	30.198324	30.198322	30.163517	30.096951	29.995144	29.866955	29.705631	29.525043	29.315546	29.094826	28.850895	28.603764	28.339798	28.079763	27.809122	27.547924	27.281517	27.027948	26.773241	26.532444	26.293005	26.066311	25.841919	25.627188	25.414412	25.206831	
25.213373	25.429298	25.647055	25.872097	26.100174	26.339191	26.581297	26.836296	27.092892	27.362221	27.629944	27.907915	28.179466	28.456533	28.721130	28.984646	29.229008	29.464470	29.674259	29.866959	30.028473	30.165277	30.267189	30.338240	30.373079	30.373081	30.338238	30.267193	30.165276	30.028473	29.866959	29.674259	29.464472	29.229008	28.984650	28.721134	28.456539	28.179470	27.907917	27.629946	27.362225	27.092892	26.836298	26.581293	26.339193	26.100174	25.872097	25.647053	25.429298	25.213371	
25.219479	25.440117	25.665543	25.894119	26.131517	26.373119	26.626167	26.883011	27.151989	27.422609	27.703796	27.982658	28.268219	28.545897	28.824358	29.088287	29.345573	29.581312	29.802261	29.995144	30.165279	30.302193	30.409557	30.480654	30.517363	30.517361	30.480656	30.409557	30.302193	30.165274	29.995142	29.802259	29.581314	29.345573	29.088287	28.824360	28.545898	28.268223	27.982658	27.703800	27.422611	27.151993	26.883009	26.626169	26.373116	26.131521	25.894115	25.665543	25.440117	25.219479	
25.223606	25.449514	25.678080	25.913166	26.152891	26.402271	26.656992	26.922812	27.192970	27.473549	27.755554	28.045013	28.331131	28.619576	28.898411	29.172701	29.430237	29.675301	29.896412	30.096951	30.267189	30.409555	30.516975	30.590912	30.627634	30.627636	30.590910	30.516977	30.409555	30.267189	30.096951	29.896412	29.675299	29.430239	29.172701	28.898415	28.619579	28.331135	28.045017	27.755556	27.473553	27.192972	26.922815	26.656992	26.402275	26.152889	25.913170	25.678074	25.449514	25.223606	
25.226780	25.455133	25.687683	25.924604	26.169172	26.419889	26.680298	26.947067	27.223665	27.504910	27.793913	28.083826	28.377232	28.665981	28.952028	29.226519	29.490780	29.735973	29.962889	30.163515	30.338238	30.480654	30.590910	30.664867	30.702564	30.702560	30.664867	30.590912	30.480656	30.338238	30.163517	29.962891	29.735973	29.490778	29.226517	28.952028	28.665981	28.377232	28.083828	27.793919	27.504911	27.223671	26.947071	26.680304	26.419889	26.169170	25.924603	25.687681	25.455132	25.226778	
25.228189	25.458347	25.691967	25.931120	26.176477	26.429859	26.690838	26.960678	27.237679	27.522324	27.811607	28.105148	28.398737	28.691172	28.977345	29.255379	29.519724	29.768106	29.995077	30.198324	30.373079	30.517361	30.627634	30.702562	30.740261	30.740261	30.702562	30.627634	30.517363	30.373079	30.198324	29.995077	29.768108	29.519722	29.255381	28.977345	28.691174	28.398741	28.105150	27.811611	27.522327	27.237679	26.960682	26.690840	26.429861	26.176476	25.931118	25.691967	25.458345	25.228189	
25.228189	25.458347	25.691967	25.931120	26.176477	26.429859	26.690838	26.960678	27.237679	27.522324	27.811607	28.105148	28.398737	28.691172	28.977345	29.255379	29.519724	29.768106	29.995077	30.198324	30.373079	30.517361	30.627634	30.702562	30.740261	30.740261	30.702562	30.627634	30.517363	30.373079	30.198324	29.995077	29.768108	29.519722	29.255381	28.977345	28.691174	28.398741	28.105150	27.811611	27.522327	27.237679	26.960682	26.690840	26.429861	26.176476	25.931118	25.691967	25.458345	25.228189	
25.226780	25.455133	25.687683	25.924604	26.169172	26.419889	26.680298	26.947067	27.223665	27.504910	27.793913	28.083826	28.377232	28.665981	28.952028	29.226519	29.490780	29.735973	29.962889	30.163515	30.338238	30.480654	30.590910	30.664867	30.702564	30.702560	30.664867	30.590912	30.480656	30.338238	30.163517	29.962891	29.735973	29.490778	29.226517	28.952028	28.665981	28.377232	28.083828	27.793919	27.504911	27.223671	26.947071	26.680304	26.419889	26.169170	25.924603	25.687681	25.455132	25.226778	
25.223606	25.449514	25.678080	25.913166	26.152891	26.402271	26.656992	26.922812	27.192970	27.473549	27.755554	28.045013	28.331131	28.619576	28.898411	29.172701	29.430237	29.675301	29.896412	30.096951	30.267189	30.409555	30.516975	30.590912	30.627634	30.627636	30.590910	30.516977	30.409555	30.267189	30.096951	29.896412	29.675299	29.430239	29.172701	28.898415	28.619579	28.331135	28.045017	27.755556	27.473553	27.192972	26.922815	26.656992	26.402275	26.152889	25.913170	25.678074	25.449514	25.223606	
25.219479	25.440117	25.665543	25.894119	26.131517	26.373119	26.626167	26.883011	27.151989	27.422609	27.703796	27.982658	28.268219	28.545897	28.824358	29.088287	29.345573	29.581312	29.802261	29.995144	30.165279	30.302193	30.409557	30.480654	30.517363	30.517361	30.480656	30.409557	30.302193	30.165274	29.995142	29.802259	29.581314	29.345573	29.088287	28.824360	28.545898	28.268223	27.982658	27.703800	27.422611	27.151993	26.883009	26.626169	26.373116	26.131521	25.894115	25.665543	25.440117	25.219479	
25.213373	25.429298	25.647055	25.872097	26.100174	26.339191	26.581297	26.836296	27.092892	27.362221	27.629944	27.907915	28.179466	28.456533	28.721130	28.984646	29.229008	29.464470	29.674259	29.866959	30.028473	30.165277	30.267189	30.338240	30.373079	30.373081	30.338238	30.267193	30.165276	30.028473	29.866959	29.674259	29.464472	29.229008	28.984650	28.721134	28.456539	28.179470	27.907917	27.629946	27.362225	27.092892	26.836298	26.581293	26.339193	26.100174	25.872097	25.647053	25.429298	25.213371	
25.206831	25.414410	25.627188	25.841919	26.066309	26.293005	26.532442	26.773241	27.027948	27.281517	27.547922	27.809120	28.079760	28.339796	28.603764	28.850895	29.094824	29.315550	29.525043	29.705631	29.866959	29.995142	30.096951	30.163515	30.198324	30.198322	30.163517	30.096951	29.995144	29.866955	29.705631	29.525043	29.315546	29.094826	28.850895	28.603764	28.339798	28.079763	27.809122	27.547924	27.281517	27.027948	26.773241	26.532444	26.293005	26.066311	25.841919	25.627188	25.414412	25.206831	
25.198235	25.399172	25.601156	25.810896	26.022177	26.245213	26.469261	26.707432	26.944731	27.196444	27.443922	27.703821	27.954773	28.213900	28.458385	28.704884	28.930653	29.150936	29.344753	29.525043	29.674259	29.802261	29.896412	29.962891	29.995077	29.995077	29.962891	29.896412	29.802258	29.674259	29.525043	29.344753	29.150938	28.930653	28.704887	28.458385	28.213903	27.954773	27.703823	27.443922	27.196445	26.944729	26.707436	26.469263	26.245216	26.022175	25.810896	25.601158	25.399174	25.198235	
25.189737	25.379850	25.575356	25.771729	25.978189	26.185265	26.405807	26.625582	26.860371	27.091677	27.337379	27.575565	27.825258	28.062340	28.305931	28.531221	28.756359	28.957561	29.150936	29.315548	29.464472	29.581316	29.675301	29.735975	29.768106	29.768106	29.735975	29.675301	29.581316	29.464470	29.315548	29.150938	28.957561	28.756363	28.531223	28.305933	28.062338	27.825260	27.575563	27.337379	27.091677	26.860373	26.625584	26.405809	26.185265	25.978191	25.771729	25.575356	25.379852	25.189737	
25.179239	25.361225	25.543571	25.733810	25.924299	26.126848	26.328651	26.545143	26.758736	26.987686	27.210354	27.446854	27.672583	27.908453	28.128336	28.352751	28.555786	28.756359	28.930653	29.094824	29.229010	29.345573	29.430241	29.490776	29.519722	29.519724	29.490778	29.430241	29.345572	29.229008	29.094826	28.930655	28.756363	28.555786	28.352751	28.128336	27.908453	27.672585	27.446854	27.210350	26.987690	26.758736	26.545145	26.328651	26.126850	25.924297	25.733810	25.543571	25.361225	25.179241	
25.169342	25.338747	25.513512	25.688240	25.873055	26.057098	26.254726	26.449900	26.660460	26.865765	27.086229	27.297575	27.521706	27.732033	27.950737	28.150583	28.352753	28.531223	28.704885	28.850895	28.984646	29.088289	29.172699	29.226519	29.255379	29.255379	29.226519	29.172699	29.088287	28.984648	28.850895	28.704885	28.531221	28.352753	28.150581	27.950739	27.732029	27.521708	27.297577	27.086231	26.865765	26.660461	26.449900	26.254730	26.057098	25.873055	25.688240	25.513512	25.338747	25.169342	
25.157608	25.317886	25.477978	25.645775	25.812801	25.991676	26.168455	26.359818	26.546806	26.749311	26.944160	27.153439	27.350929	27.559708	27.752058	27.950737	28.128338	28.305931	28.458387	28.603764	28.721134	28.824356	28.898415	28.952026	28.977343	28.977345	28.952026	28.898415	28.824356	28.721132	28.603764	28.458385	28.305935	28.128338	27.950739	27.752056	27.559710	27.350929	27.153442	26.944160	26.749313	26.546803	26.359819	26.168453	25.991678	25.812801	25.645775	25.477978	25.317883	25.157608	
25.146885	25.293592	25.445417	25.596519	25.757292	25.916277	26.088379	26.256849	26.440355	26.617481	26.809719	26.992004	27.187511	27.368887	27.559708	27.732033	27.908451	28.062340	28.213902	28.339798	28.456535	28.545898	28.619576	28.665981	28.691174	28.691174	28.665981	28.619577	28.545897	28.456535	28.339798	28.213902	28.062338	27.908453	27.732029	27.559708	27.368883	27.187511	26.992004	26.809721	26.617481	26.440353	26.256849	26.088379	25.916279	25.757294	25.596523	25.445415	25.293592	25.146885	
25.134567	25.271629	25.408115	25.551815	25.694036	25.847406	25.997791	26.162018	26.320992	26.494892	26.660490	26.840284	27.008091	27.187510	27.350931	27.521706	27.672585	27.825258	27.954773	28.079760	28.179466	28.268221	28.331135	28.377230	28.398741	28.398739	28.377232	28.331133	28.268223	28.179466	28.079760	27.954773	27.825260	27.672585	27.521706	27.350925	27.187511	27.008087	26.840286	26.660492	26.494894	26.320992	26.162020	25.997793	25.847408	25.694036	25.551815	25.408115	25.271629	25.134567	
25.123552	25.246769	25.374666	25.501406	25.637020	25.770227	25.915550	26.056599	26.211662	26.359894	26.522427	26.674931	26.840286	26.992006	27.153440	27.297579	27.446854	27.575565	27.703821	27.809120	27.907917	27.982658	28.045015	28.083830	28.105148	28.105150	28.083826	28.045013	27.982658	27.907915	27.809122	27.703823	27.575565	27.446854	27.297575	27.153439	26.992002	26.840286	26.674929	26.522427	26.359894	26.211666	26.056601	25.915548	25.770229	25.637020	25.501408	25.374666	25.246769	25.123552	
25.111227	25.224682	25.337334	25.456453	25.573698	25.700979	25.824848	25.961254	26.092123	26.236656	26.372932	26.522427	26.660490	26.809723	26.944164	27.086231	27.210352	27.337378	27.443922	27.547924	27.629944	27.703800	27.755554	27.793915	27.811609	27.811607	27.793915	27.755552	27.703800	27.629946	27.547922	27.443922	27.337379	27.210350	27.086229	26.944160	26.809721	26.660488	26.522427	26.372931	26.236656	26.092125	25.961254	25.824848	25.700977	25.573700	25.456453	25.337336	25.224682	25.111227	
25.100349	25.200279	25.304304	25.406961	25.517399	25.625187	25.743647	25.857702	25.984196	26.104008	26.236656	26.359894	26.494894	26.617481	26.749313	26.865765	26.987686	27.091677	27.196444	27.281515	27.362225	27.422609	27.473553	27.504910	27.522327	27.522326	27.504908	27.473549	27.422607	27.362223	27.281519	27.196445	27.091675	26.987688	26.865765	26.749313	26.617477	26.494894	26.359892	26.236656	26.104008	25.984196	25.857704	25.743645	25.625187	25.517397	25.406961	25.304304	25.200279	25.100348	
25.088448	25.178795	25.268255	25.363235	25.456242	25.557835	25.656021	25.764992	25.868670	25.984196	26.092125	26.211664	26.320992	26.440353	26.546804	26.660461	26.758736	26.860371	26.944729	27.027950	27.092892	27.151991	27.192970	27.223667	27.237679	27.237679	27.223669	27.192970	27.151991	27.092894	27.027948	26.944729	26.860373	26.758736	26.660461	26.546803	26.440353	26.320992	26.211662	26.092123	25.984196	25.868670	25.764988	25.656021	25.557835	25.456242	25.363232	25.268257	25.178795	25.088448	
25.077990	25.155552	25.236506	25.316093	25.402134	25.485626	25.577997	25.666288	25.764992	25.857702	25.961258	26.056599	26.162018	26.256851	26.359821	26.449902	26.545147	26.625582	26.707434	26.773237	26.836300	26.883007	26.922813	26.947067	26.960678	26.960680	26.947069	26.922813	26.883009	26.836298	26.773241	26.707436	26.625580	26.545147	26.449898	26.359821	26.256847	26.162018	26.056597	25.961258	25.857700	25.764990	25.666290	25.577995	25.485626	25.402132	25.316093	25.236504	25.155552	25.077988	
25.066782	25.135080	25.202547	25.274429	25.344503	25.421463	25.495388	25.577995	25.656021	25.743645	25.824846	25.915550	25.997791	26.088381	26.168453	26.254730	26.328650	26.405807	26.469261	26.532444	26.581291	26.626167	26.656990	26.680298	26.690838	26.690838	26.680298	26.656992	26.626167	26.581295	26.532444	26.469259	26.405811	26.328648	26.254728	26.168453	26.088381	25.997791	25.915550	25.824846	25.743647	25.656021	25.577995	25.495390	25.421463	25.344503	25.274426	25.202545	25.135077	25.066780	
25.056866	25.113358	25.172445	25.230356	25.293217	25.353924	25.421465	25.485626	25.557835	25.625187	25.700977	25.770227	25.847408	25.916279	25.991680	26.057098	26.126852	26.185266	26.245216	26.293005	26.339190	26.373116	26.402271	26.419888	26.429857	26.429855	26.419888	26.402271	26.373116	26.339191	26.293005	26.245216	26.185265	26.126850	26.057095	25.991676	25.916277	25.847408	25.770227	25.700977	25.625187	25.557837	25.485626	25.421463	25.353924	25.293219	25.230354	25.172443	25.113356	25.056864	
25.046434	25.093973	25.140842	25.190918	25.239561	25.293217	25.344503	25.402134	25.456244	25.517397	25.573698	25.637022	25.694036	25.757296	25.812801	25.873055	25.924297	25.978191	26.022177	26.066309	26.100174	26.131517	26.152889	26.169170	26.176476	26.176476	26.169168	26.152887	26.131519	26.100174	26.066311	26.022175	25.978189	25.924297	25.873055	25.812801	25.757294	25.694035	25.637022	25.573698	25.517399	25.456242	25.402130	25.344503	25.293217	25.239559	25.190916	25.140841	25.093971	25.046434	
25.037025	25.073772	25.112280	25.149925	25.190918	25.230356	25.274429	25.316095	25.363234	25.406961	25.456451	25.501408	25.551817	25.596523	25.645775	25.688240	25.733810	25.771729	25.810898	25.841919	25.872097	25.894115	25.913166	25.924603	25.931116	25.931116	25.924603	25.913168	25.894115	25.872097	25.841917	25.810898	25.771727	25.733810	25.688240	25.645777	25.596519	25.551819	25.501408	25.456455	25.406961	25.363232	25.316093	25.274427	25.230356	25.190914	25.149923	25.112278	25.073772	25.037024	
25.027296	25.055264	25.082798	25.112282	25.140839	25.172447	25.202545	25.236507	25.268255	25.304306	25.337334	25.374668	25.408113	25.445415	25.477978	25.513508	25.543571	25.575354	25.601158	25.627186	25.647053	25.665539	25.678078	25.687679	25.691967	25.691967	25.687679	25.678078	25.665543	25.647053	25.627190	25.601154	25.575356	25.543568	25.513508	25.477978	25.445415	25.408112	25.374670	25.337334	25.304306	25.268257	25.236506	25.202545	25.172445	25.140839	25.112278	25.082798	25.055262	25.027298	
25.018223	25.036301	25.055264	25.073772	25.093971	25.113358	25.135078	25.155554	25.178795	25.200279	25.224686	25.246765	25.271631	25.293592	25.317886	25.338745	25.361225	25.379852	25.399174	25.414413	25.429298	25.440117	25.449514	25.455132	25.458345	25.458347	25.455132	25.449512	25.440117	25.429300	25.414410	25.399174	25.379848	25.361225	25.338745	25.317883	25.293591	25.271629	25.246765	25.224684	25.200279	25.178793	25.155552	25.135078	25.113358	25.093971	25.073774	25.055265	25.036303	25.018223	
25.008999	25.018223	25.027298	25.037025	25.046436	25.056864	25.066780	25.077990	25.088448	25.100349	25.111225	25.123554	25.134567	25.146885	25.157608	25.169340	25.179243	25.189735	25.198235	25.206829	25.213375	25.219479	25.223606	25.226778	25.228189	25.228189	25.226778	25.223606	25.219477	25.213373	25.206829	25.198235	25.189739	25.179239	25.169342	25.157608	25.146885	25.134567	25.123554	25.111225	25.100349	25.088448	25.077990	25.066778	25.056866	25.046432	25.037025	25.027298	25.018223	25.008999	
