25.000206	25.000414	25.000620	25.000822	25.001022	25.001219	25.001408	25.001595	25.001774	25.001949	25.002113	25.002272	25.002420	25.002563	25.002691	25.002811	25.002922	25.003019	25.003107	25.003181	25.003242	25.003292	25.003332	25.003357	25.003370	25.003370	25.003357	25.003330	25.003294	25.003242	25.003181	25.003105	25.003017	25.002920	25.002811	25.002689	25.002562	25.002419	25.002274	25.002115	25.001947	25.001774	25.001595	25.001410	25.001217	25.001022	25.000824	25.000618	25.000414	25.000208	
25.000416	25.000828	25.001236	25.001642	25.002041	25.002430	25.002813	25.003183	25.003544	25.003887	25.004219	25.004536	25.004833	25.005112	25.005373	25.005611	25.005833	25.006027	25.006199	25.006351	25.006472	25.006577	25.006651	25.006702	25.006729	25.006729	25.006701	25.006653	25.006575	25.006474	25.006348	25.006197	25.006027	25.005829	25.005611	25.005375	25.005112	25.004833	25.004536	25.004219	25.003889	25.003544	25.003185	25.002813	25.002432	25.002041	25.001640	25.001236	25.000828	25.000416	
25.000618	25.001238	25.001850	25.002453	25.003052	25.003635	25.004206	25.004761	25.005299	25.005814	25.006310	25.006781	25.007225	25.007645	25.008034	25.008392	25.008717	25.009010	25.009272	25.009493	25.009682	25.009830	25.009945	25.010021	25.010059	25.010059	25.010023	25.009945	25.009832	25.009678	25.009495	25.009268	25.009012	25.008717	25.008392	25.008034	25.007645	25.007225	25.006781	25.006311	25.005816	25.005299	25.004761	25.004208	25.003637	25.003052	25.002457	25.001850	25.001236	25.000620	
25.000824	25.001640	25.002455	25.003260	25.004051	25.004829	25.005585	25.006321	25.007034	25.007719	25.008375	25.009003	25.009590	25.010147	25.010664	25.011139	25.011574	25.011961	25.012306	25.012604	25.012852	25.013050	25.013203	25.013306	25.013355	25.013355	25.013304	25.013203	25.013050	25.012852	25.012600	25.012306	25.011959	25.011572	25.011139	25.010662	25.010147	25.009592	25.009001	25.008377	25.007721	25.007034	25.006319	25.005585	25.004827	25.004051	25.003258	25.002457	25.001642	25.000824	
25.001022	25.002043	25.003052	25.004051	25.005035	25.006001	25.006943	25.007856	25.008741	25.009594	25.010410	25.011189	25.011921	25.012611	25.013254	25.013845	25.014381	25.014866	25.015293	25.015663	25.015972	25.016222	25.016407	25.016537	25.016598	25.016598	25.016537	25.016411	25.016224	25.015974	25.015663	25.015293	25.014868	25.014381	25.013844	25.013252	25.012611	25.011921	25.011187	25.010410	25.009594	25.008743	25.007858	25.006939	25.005999	25.005035	25.004051	25.003052	25.002041	25.001022	
25.001221	25.002434	25.003635	25.004826	25.005999	25.007149	25.008270	25.009361	25.010418	25.011433	25.012407	25.013332	25.014206	25.015030	25.015793	25.016495	25.017139	25.017714	25.018225	25.018665	25.019032	25.019329	25.019554	25.019701	25.019779	25.019779	25.019703	25.019554	25.019329	25.019033	25.018663	25.018223	25.017712	25.017139	25.016497	25.015791	25.015026	25.014206	25.013330	25.012403	25.011433	25.010418	25.009361	25.008272	25.007149	25.006001	25.004826	25.003639	25.002432	25.001219	
25.001411	25.002811	25.004206	25.005585	25.006941	25.008272	25.009571	25.010832	25.012053	25.013229	25.014355	25.015423	25.016438	25.017387	25.018272	25.019087	25.019829	25.020496	25.021084	25.021595	25.022022	25.022366	25.022621	25.022797	25.022882	25.022884	25.022799	25.022625	25.022366	25.022022	25.021595	25.021084	25.020496	25.019829	25.019085	25.018270	25.017387	25.016438	25.015423	25.014353	25.013226	25.012051	25.010830	25.009569	25.008270	25.006939	25.005585	25.004208	25.002813	25.001410	
25.001595	25.003185	25.004761	25.006321	25.007858	25.009361	25.010832	25.012260	25.013641	25.014973	25.016249	25.017460	25.018604	25.019682	25.020681	25.021606	25.022446	25.023197	25.023867	25.024441	25.024925	25.025316	25.025610	25.025803	25.025902	25.025904	25.025805	25.025608	25.025318	25.024929	25.024443	25.023865	25.023197	25.022444	25.021603	25.020679	25.019678	25.018604	25.017460	25.016245	25.014973	25.013641	25.012260	25.010830	25.009361	25.007856	25.006319	25.004761	25.003185	25.001596	
25.001776	25.003544	25.005299	25.007034	25.008741	25.010418	25.012054	25.013641	25.015181	25.016663	25.018078	25.019428	25.020704	25.021900	25.023014	25.024040	25.024975	25.025814	25.026554	25.027199	25.027735	25.028170	25.028496	25.028713	25.028824	25.028824	25.028715	25.028496	25.028172	25.027737	25.027199	25.026556	25.025814	25.024971	25.024040	25.023010	25.021900	25.020700	25.019426	25.018078	25.016663	25.015179	25.013641	25.012053	25.010418	25.008743	25.007034	25.005299	25.003546	25.001776	
25.001949	25.003891	25.005817	25.007719	25.009594	25.011433	25.013229	25.014973	25.016661	25.018288	25.019842	25.021322	25.022724	25.024036	25.025259	25.026382	25.027412	25.028330	25.029148	25.029850	25.030441	25.030918	25.031273	25.031513	25.031633	25.031637	25.031513	25.031277	25.030918	25.030445	25.029850	25.029148	25.028332	25.027411	25.026384	25.025257	25.024035	25.022720	25.021324	25.019840	25.018286	25.016661	25.014973	25.013229	25.011433	25.009594	25.007721	25.005817	25.003891	25.001949	
25.002113	25.004221	25.006310	25.008377	25.010412	25.012405	25.014355	25.016247	25.018078	25.019840	25.021530	25.023136	25.024654	25.026081	25.027405	25.028629	25.029741	25.030743	25.031624	25.032391	25.033031	25.033546	25.033936	25.034195	25.034327	25.034327	25.034199	25.033936	25.033550	25.033031	25.032391	25.031626	25.030743	25.029743	25.028627	25.027407	25.026081	25.024654	25.023134	25.021530	25.019840	25.018078	25.016247	25.014353	25.012405	25.010410	25.008377	25.006310	25.004223	25.002115	
25.002274	25.004536	25.006783	25.009003	25.011185	25.013332	25.015425	25.017458	25.019428	25.021322	25.023136	25.024862	25.026497	25.028027	25.029453	25.030764	25.031963	25.033035	25.033987	25.034805	25.035496	25.036051	25.036469	25.036747	25.036886	25.036888	25.036747	25.036469	25.036049	25.035498	25.034807	25.033989	25.033035	25.031960	25.030766	25.029449	25.028025	25.026493	25.024862	25.023134	25.021320	25.019426	25.017460	25.015423	25.013330	25.011189	25.009003	25.006783	25.004536	25.002274	
25.002422	25.004833	25.007225	25.009594	25.011925	25.014206	25.016436	25.018606	25.020702	25.022724	25.024654	25.026495	25.028233	25.029865	25.031384	25.032785	25.034058	25.035206	25.036217	25.037094	25.037827	25.038416	25.038860	25.039158	25.039309	25.039307	25.039162	25.038860	25.038418	25.037827	25.037094	25.036217	25.035206	25.034058	25.032782	25.031384	25.029865	25.028233	25.026493	25.024654	25.022720	25.020700	25.018604	25.016438	25.014206	25.011921	25.009592	25.007227	25.004833	25.002422	
25.002563	25.005112	25.007645	25.010147	25.012611	25.015028	25.017387	25.019680	25.021900	25.024036	25.026081	25.028027	25.029867	25.031593	25.033199	25.034678	25.036026	25.037237	25.038311	25.039234	25.040012	25.040638	25.041107	25.041424	25.041580	25.041580	25.041420	25.041107	25.040634	25.040014	25.039236	25.038311	25.037239	25.036026	25.034679	25.033195	25.031591	25.029863	25.028027	25.026077	25.024033	25.021900	25.019678	25.017387	25.015028	25.012611	25.010147	25.007643	25.005112	25.002562	
25.002693	25.005373	25.008034	25.010662	25.013252	25.015791	25.018272	25.020681	25.023014	25.025259	25.027409	25.029453	25.031384	25.033199	25.034885	25.036442	25.037857	25.039131	25.040257	25.041229	25.042046	25.042704	25.043198	25.043530	25.043695	25.043694	25.043530	25.043194	25.042706	25.042046	25.041231	25.040258	25.039135	25.037857	25.036440	25.034885	25.033195	25.031384	25.029448	25.027405	25.025257	25.023012	25.020683	25.018272	25.015793	25.013252	25.010664	25.008034	25.005371	25.002689	
25.002811	25.005611	25.008390	25.011139	25.013844	25.016495	25.019085	25.021605	25.024038	25.026386	25.028629	25.030764	25.032784	25.034679	25.036442	25.038065	25.039547	25.040874	25.042053	25.043068	25.043921	25.044609	25.045124	25.045471	25.045643	25.045645	25.045467	25.045124	25.044605	25.043922	25.043068	25.042053	25.040874	25.039547	25.038067	25.036442	25.034678	25.032780	25.030764	25.028627	25.026382	25.024038	25.021603	25.019085	25.016497	25.013845	25.011139	25.008392	25.005611	25.002811	
25.002918	25.005829	25.008717	25.011572	25.014381	25.017138	25.019829	25.022442	25.024975	25.027411	25.029741	25.031961	25.034058	25.036030	25.037857	25.039547	25.041084	25.042467	25.043688	25.044743	25.045631	25.046341	25.046879	25.047237	25.047421	25.047415	25.047239	25.046877	25.046343	25.045628	25.044743	25.043686	25.042467	25.041082	25.039547	25.037859	25.036026	25.034058	25.031960	25.029739	25.027409	25.024975	25.022446	25.019829	25.017139	25.014381	25.011574	25.008717	25.005829	25.002920	
25.003021	25.006025	25.009010	25.011961	25.014866	25.017715	25.020493	25.023199	25.025814	25.028332	25.030743	25.033035	25.035206	25.037235	25.039131	25.040876	25.042469	25.043896	25.045158	25.046249	25.047165	25.047901	25.048456	25.048830	25.049011	25.049015	25.048824	25.048458	25.047897	25.047165	25.046249	25.045158	25.043892	25.042467	25.040876	25.039131	25.037239	25.035204	25.033035	25.030743	25.028332	25.025816	25.023201	25.020496	25.017714	25.014868	25.011961	25.009010	25.006027	25.003019	
25.003105	25.006199	25.009270	25.012304	25.015293	25.018223	25.021084	25.023865	25.026558	25.029146	25.031626	25.033985	25.036213	25.038311	25.040255	25.042053	25.043688	25.045160	25.046455	25.047579	25.048523	25.049278	25.049850	25.050232	25.050423	25.050423	25.050232	25.049847	25.049278	25.048519	25.047579	25.046455	25.045158	25.043686	25.042053	25.040258	25.038311	25.036217	25.033985	25.031628	25.029148	25.026558	25.023867	25.021086	25.018227	25.015293	25.012306	25.009270	25.006199	25.003105	
25.003181	25.006348	25.009493	25.012602	25.015661	25.018665	25.021595	25.024443	25.027197	25.029850	25.032389	25.034807	25.037090	25.039234	25.041229	25.043068	25.044743	25.046249	25.047579	25.048729	25.049694	25.050468	25.051054	25.051445	25.051640	25.051641	25.051443	25.051052	25.050468	25.049692	25.048729	25.047581	25.046249	25.044743	25.043068	25.041229	25.039236	25.037092	25.034805	25.032391	25.029852	25.027199	25.024443	25.021595	25.018663	25.015663	25.012604	25.009495	25.006351	25.003181	
25.003242	25.006474	25.009682	25.012852	25.015972	25.019032	25.022022	25.024925	25.027737	25.030441	25.033030	25.035494	25.037823	25.040012	25.042046	25.043921	25.045628	25.047165	25.048523	25.049692	25.050676	25.051468	25.052067	25.052464	25.052662	25.052662	25.052464	25.052065	25.051468	25.050676	25.049692	25.048519	25.047165	25.045628	25.043922	25.042046	25.040010	25.037825	25.035496	25.033031	25.030441	25.027737	25.024925	25.022022	25.019035	25.015972	25.012852	25.009682	25.006475	25.003244	
25.003292	25.006575	25.009830	25.013050	25.016220	25.019331	25.022366	25.025318	25.028170	25.030918	25.033546	25.036049	25.038414	25.040638	25.042702	25.044605	25.046341	25.047901	25.049278	25.050470	25.051468	25.052273	25.052877	25.053284	25.053486	25.053486	25.053284	25.052876	25.052273	25.051468	25.050468	25.049278	25.047901	25.046341	25.044605	25.042702	25.040636	25.038414	25.036049	25.033546	25.030918	25.028168	25.025316	25.022366	25.019329	25.016224	25.013054	25.009834	25.006578	25.003294	
25.003330	25.006651	25.009945	25.013203	25.016411	25.019552	25.022625	25.025608	25.028498	25.031277	25.033936	25.036469	25.038860	25.041109	25.043198	25.045124	25.046879	25.048454	25.049850	25.051054	25.052065	25.052879	25.053490	25.053900	25.054104	25.054108	25.053900	25.053492	25.052877	25.052063	25.051052	25.049849	25.048454	25.046877	25.045124	25.043196	25.041105	25.038860	25.036465	25.033936	25.031275	25.028498	25.025610	25.022625	25.019554	25.016411	25.013205	25.009949	25.006653	25.003334	
25.003357	25.006702	25.010021	25.013306	25.016533	25.019703	25.022799	25.025805	25.028713	25.031517	25.034197	25.036747	25.039162	25.041424	25.043530	25.045467	25.047237	25.048830	25.050232	25.051445	25.052464	25.053284	25.053902	25.054314	25.054520	25.054520	25.054314	25.053900	25.053284	25.052464	25.051445	25.050232	25.048826	25.047237	25.045467	25.043530	25.041420	25.039158	25.036747	25.034195	25.031515	25.028715	25.025806	25.022799	25.019707	25.016537	25.013306	25.010025	25.006704	25.003357	
25.003368	25.006727	25.010059	25.013355	25.016598	25.019777	25.022884	25.025902	25.028826	25.031635	25.034328	25.036888	25.039310	25.041580	25.043694	25.045643	25.047417	25.049015	25.050423	25.051643	25.052664	25.053488	25.054108	25.054520	25.054728	25.054729	25.054520	25.054106	25.053486	25.052662	25.051640	25.050423	25.049013	25.047417	25.045643	25.043694	25.041580	25.039307	25.036886	25.034325	25.031635	25.028824	25.025904	25.022884	25.019779	25.016600	25.013359	25.010063	25.006731	25.003372	
25.003368	25.006727	25.010059	25.013355	25.016598	25.019777	25.022884	25.025902	25.028826	25.031635	25.034328	25.036888	25.039310	25.041580	25.043694	25.045643	25.047417	25.049015	25.050423	25.051643	25.052664	25.053488	25.054108	25.054520	25.054728	25.054729	25.054520	25.054106	25.053486	25.052662	25.051640	25.050423	25.049013	25.047417	25.045643	25.043694	25.041580	25.039307	25.036886	25.034325	25.031635	25.028824	25.025904	25.022884	25.019779	25.016600	25.013359	25.010063	25.006731	25.003372	
25.003357	25.006702	25.010021	25.013306	25.016533	25.019703	25.022799	25.025805	25.028713	25.031517	25.034197	25.036747	25.039162	25.041424	25.043530	25.045467	25.047237	25.048830	25.050232	25.051445	25.052464	25.053284	25.053902	25.054314	25.054520	25.054520	25.054314	25.053900	25.053284	25.052464	25.051445	25.050232	25.048826	25.047237	25.045467	25.043530	25.041420	25.039158	25.036747	25.034195	25.031515	25.028715	25.025806	25.022799	25.019707	25.016537	25.013306	25.010025	25.006704	25.003357	
25.003330	25.006651	25.009945	25.013203	25.016411	25.019552	25.022625	25.025608	25.028498	25.031277	25.033936	25.036469	25.038860	25.041109	25.043198	25.045124	25.046879	25.048454	25.049850	25.051054	25.052065	25.052879	25.053490	25.053900	25.054104	25.054108	25.053900	25.053492	25.052877	25.052063	25.051052	25.049849	25.048454	25.046877	25.045124	25.043196	25.041105	25.038860	25.036465	25.033936	25.031275	25.028498	25.025610	25.022625	25.019554	25.016411	25.013205	25.009949	25.006653	25.003334	
25.003292	25.006575	25.009830	25.013050	25.016220	25.019331	25.022366	25.025318	25.028170	25.030918	25.033546	25.036049	25.038414	25.040638	25.042702	25.044605	25.046341	25.047901	25.049278	25.050470	25.051468	25.052273	25.052877	25.053284	25.053486	25.053486	25.053284	25.052876	25.052273	25.051468	25.050468	25.049278	25.047901	25.046341	25.044605	25.042702	25.040636	25.038414	25.036049	25.033546	25.030918	25.028168	25.025316	25.022366	25.019329	25.016224	25.013054	25.009834	25.006578	25.003294	
25.003242	25.006474	25.009682	25.012852	25.015972	25.019032	25.022022	25.024925	25.027737	25.030441	25.033030	25.035494	25.037823	25.040012	25.042046	25.043921	25.045628	25.047165	25.048523	25.049692	25.050676	25.051468	25.052067	25.052464	25.052662	25.052662	25.052464	25.052065	25.051468	25.050676	25.049692	25.048519	25.047165	25.045628	25.043922	25.042046	25.040010	25.037825	25.035496	25.033031	25.030441	25.027737	25.024925	25.022022	25.019035	25.015972	25.012852	25.009682	25.006475	25.003244	
25.003181	25.006348	25.009493	25.012602	25.015661	25.018665	25.021595	25.024443	25.027197	25.029850	25.032389	25.034807	25.037090	25.039234	25.041229	25.043068	25.044743	25.046249	25.047579	25.048729	25.049694	25.050468	25.051054	25.051445	25.051640	25.051641	25.051443	25.051052	25.050468	25.049692	25.048729	25.047581	25.046249	25.044743	25.043068	25.041229	25.039236	25.037092	25.034805	25.032391	25.029852	25.027199	25.024443	25.021595	25.018663	25.015663	25.012604	25.009495	25.006351	25.003181	
25.003105	25.006199	25.009270	25.012304	25.015293	25.018223	25.021084	25.023865	25.026558	25.029146	25.031626	25.033985	25.036213	25.038311	25.040255	25.042053	25.043688	25.045160	25.046455	25.047579	25.048523	25.049278	25.049850	25.050232	25.050423	25.050423	25.050232	25.049847	25.049278	25.048519	25.047579	25.046455	25.045158	25.043686	25.042053	25.040258	25.038311	25.036217	25.033985	25.031628	25.029148	25.026558	25.023867	25.021086	25.018227	25.015293	25.012306	25.009270	25.006199	25.003105	
25.003021	25.006025	25.009010	25.011961	25.014866	25.017715	25.020493	25.023199	25.025814	25.028332	25.030743	25.033035	25.035206	25.037235	25.039131	25.040876	25.042469	25.043896	25.045158	25.046249	25.047165	25.047901	25.048456	25.048830	25.049011	25.049015	25.048824	25.048458	25.047897	25.047165	25.046249	25.045158	25.043892	25.042467	25.040876	25.039131	25.037239	25.035204	25.033035	25.030743	25.028332	25.025816	25.023201	25.020496	25.017714	25.014868	25.011961	25.009010	25.006027	25.003019	
25.002918	25.005829	25.008717	25.011572	25.014381	25.017138	25.019829	25.022442	25.024975	25.027411	25.029741	25.031961	25.034058	25.036030	25.037857	25.039547	25.041084	25.042467	25.043688	25.044743	25.045631	25.046341	25.046879	25.047237	25.047421	25.047415	25.047239	25.046877	25.046343	25.045628	25.044743	25.043686	25.042467	25.041082	25.039547	25.037859	25.036026	25.034058	25.031960	25.029739	25.027409	25.024975	25.022446	25.019829	25.017139	25.014381	25.011574	25.008717	25.005829	25.002920	
25.002811	25.005611	25.008390	25.011139	25.013844	25.016495	25.019085	25.021605	25.024038	25.026386	25.028629	25.030764	25.032784	25.034679	25.036442	25.038065	25.039547	25.040874	25.042053	25.043068	25.043921	25.044609	25.045124	25.045471	25.045643	25.045645	25.045467	25.045124	25.044605	25.043922	25.043068	25.042053	25.040874	25.039547	25.038067	25.036442	25.034678	25.032780	25.030764	25.028627	25.026382	25.024038	25.021603	25.019085	25.016497	25.013845	25.011139	25.008392	25.005611	25.002811	
25.002693	25.005373	25.008034	25.010662	25.013252	25.015791	25.018272	25.020681	25.023014	25.025259	25.027409	25.029453	25.031384	25.033199	25.034885	25.036442	25.037857	25.039131	25.040257	25.041229	25.042046	25.042704	25.043198	25.043530	25.043695	25.043694	25.043530	25.043194	25.042706	25.042046	25.041231	25.040258	25.039135	25.037857	25.036440	25.034885	25.033195	25.031384	25.029448	25.027405	25.025257	25.023012	25.020683	25.018272	25.015793	25.013252	25.010664	25.008034	25.005371	25.002689	
25.002563	25.005112	25.007645	25.010147	25.012611	25.015028	25.017387	25.019680	25.021900	25.024036	25.026081	25.028027	25.029867	25.031593	25.033199	25.034678	25.036026	25.037237	25.038311	25.039234	25.040012	25.040638	25.041107	25.041424	25.041580	25.041580	25.041420	25.041107	25.040634	25.040014	25.039236	25.038311	25.037239	25.036026	25.034679	25.033195	25.031591	25.029863	25.028027	25.026077	25.024033	25.021900	25.019678	25.017387	25.015028	25.012611	25.010147	25.007643	25.005112	25.002562	
25.002422	25.004833	25.007225	25.009594	25.011925	25.014206	25.016436	25.018606	25.020702	25.022724	25.024654	25.026495	25.028233	25.029865	25.031384	25.032785	25.034058	25.035206	25.036217	25.037094	25.037827	25.038416	25.038860	25.039158	25.039309	25.039307	25.039162	25.038860	25.038418	25.037827	25.037094	25.036217	25.035206	25.034058	25.032782	25.031384	25.029865	25.028233	25.026493	25.024654	25.022720	25.020700	25.018604	25.016438	25.014206	25.011921	25.009592	25.007227	25.004833	25.002422	
25.002274	25.004536	25.006783	25.009003	25.011185	25.013332	25.015425	25.017458	25.019428	25.021322	25.023136	25.024862	25.026497	25.028027	25.029453	25.030764	25.031963	25.033035	25.033987	25.034805	25.035496	25.036051	25.036469	25.036747	25.036886	25.036888	25.036747	25.036469	25.036049	25.035498	25.034807	25.033989	25.033035	25.031960	25.030766	25.029449	25.028025	25.026493	25.024862	25.023134	25.021320	25.019426	25.017460	25.015423	25.013330	25.011189	25.009003	25.006783	25.004536	25.002274	
25.002113	25.004221	25.006310	25.008377	25.010412	25.012405	25.014355	25.016247	25.018078	25.019840	25.021530	25.023136	25.024654	25.026081	25.027405	25.028629	25.029741	25.030743	25.031624	25.032391	25.033031	25.033546	25.033936	25.034195	25.034327	25.034327	25.034199	25.033936	25.033550	25.033031	25.032391	25.031626	25.030743	25.029743	25.028627	25.027407	25.026081	25.024654	25.023134	25.021530	25.019840	25.018078	25.016247	25.014353	25.012405	25.010410	25.008377	25.006310	25.004223	25.002115	
25.001949	25.003891	25.005817	25.007719	25.009594	25.011433	25.013229	25.014973	25.016661	25.018288	25.019842	25.021322	25.022724	25.024036	25.025259	25.026382	25.027412	25.028330	25.029148	25.029850	25.030441	25.030918	25.031273	25.031513	25.031633	25.031637	25.031513	25.031277	25.030918	25.030445	25.029850	25.029148	25.028332	25.027411	25.026384	25.025257	25.024035	25.022720	25.021324	25.019840	25.018286	25.016661	25.014973	25.013229	25.011433	25.009594	25.007721	25.005817	25.003891	25.001949	
25.001776	25.003544	25.005299	25.007034	25.008741	25.010418	25.012054	25.013641	25.015181	25.016663	25.018078	25.019428	25.020704	25.021900	25.023014	25.024040	25.024975	25.025814	25.026554	25.027199	25.027735	25.028170	25.028496	25.028713	25.028824	25.028824	25.028715	25.028496	25.028172	25.027737	25.027199	25.026556	25.025814	25.024971	25.024040	25.023010	25.021900	25.020700	25.019426	25.018078	25.016663	25.015179	25.013641	25.012053	25.010418	25.008743	25.007034	25.005299	25.003546	25.001776	
25.001595	25.003185	25.004761	25.006321	25.007858	25.009361	25.010832	25.012260	25.013641	25.014973	25.016249	25.017460	25.018604	25.019682	25.020681	25.021606	25.022446	25.023197	25.023867	25.024441	25.024925	25.025316	25.025610	25.025803	25.025902	25.025904	25.025805	25.025608	25.025318	25.024929	25.024443	25.023865	25.023197	25.022444	25.021603	25.020679	25.019678	25.018604	25.017460	25.016245	25.014973	25.013641	25.012260	25.010830	25.009361	25.007856	25.006319	25.004761	25.003185	25.001596	
25.001411	25.002811	25.004206	25.005585	25.006941	25.008272	25.009571	25.010832	25.012053	25.013229	25.014355	25.015423	25.016438	25.017387	25.018272	25.019087	25.019829	25.020496	25.021084	25.021595	25.022022	25.022366	25.022621	25.022797	25.022882	25.022884	25.022799	25.022625	25.022366	25.022022	25.021595	25.021084	25.020496	25.019829	25.019085	25.018270	25.017387	25.016438	25.015423	25.014353	25.013226	25.012051	25.010830	25.009569	25.008270	25.006939	25.005585	25.004208	25.002813	25.001410	
25.001221	25.002434	25.003635	25.004826	25.005999	25.007149	25.008270	25.009361	25.010418	25.011433	25.012407	25.013332	25.014206	25.015030	25.015793	25.016495	25.017139	25.017714	25.018225	25.018665	25.019032	25.019329	25.019554	25.019701	25.019779	25.019779	25.019703	25.019554	25.019329	25.019033	25.018663	25.018223	25.017712	25.017139	25.016497	25.015791	25.015026	25.014206	25.013330	25.012403	25.011433	25.010418	25.009361	25.008272	25.007149	25.006001	25.004826	25.003639	25.002432	25.001219	
25.001022	25.002043	25.003052	25.004051	25.005035	25.006001	25.006943	25.007856	25.008741	25.009594	25.010410	25.011189	25.011921	25.012611	25.013254	25.013845	25.014381	25.014866	25.015293	25.015663	25.015972	25.016222	25.016407	25.016537	25.016598	25.016598	25.016537	25.016411	25.016224	25.015974	25.015663	25.015293	25.014868	25.014381	25.013844	25.013252	25.012611	25.011921	25.011187	25.010410	25.009594	25.008743	25.007858	25.006939	25.005999	25.005035	25.004051	25.003052	25.002041	25.001022	
25.000824	25.001640	25.002455	25.003260	25.004051	25.004829	25.005585	25.006321	25.007034	25.007719	25.008375	25.009003	25.009590	25.010147	25.010664	25.011139	25.011574	25.011961	25.012306	25.012604	25.012852	25.013050	25.013203	25.013306	25.013355	25.013355	25.013304	25.013203	25.013050	25.012852	25.012600	25.012306	25.011959	25.011572	25.011139	25.010662	25.010147	25.009592	25.009001	25.008377	25.007721	25.007034	25.006319	25.005585	25.004827	25.004051	25.003258	25.002457	25.001642	25.000824	
25.000618	25.001238	25.001850	25.002453	25.003052	25.003635	25.004206	25.004761	25.005299	25.005814	25.006310	25.006781	25.007225	25.007645	25.008034	25.008392	25.008717	25.009010	25.009272	25.009493	25.009682	25.009830	25.009945	25.010021	25.010059	25.010059	25.010023	25.009945	25.009832	25.009678	25.009495	25.009268	25.009012	25.008717	25.008392	25.008034	25.007645	25.007225	25.006781	25.006311	25.005816	25.005299	25.004761	25.004208	25.003637	25.003052	25.002457	25.001850	25.001236	25.000620	
25.000416	25.000828	25.001236	25.001642	25.002041	25.002430	25.002813	25.003183	25.003544	25.003887	25.004219	25.004536	25.004833	25.005112	25.005373	25.005611	25.005833	25.006027	25.006199	25.006351	25.006472	25.006577	25.006651	25.006702	25.006729	25.006729	25.006701	25.006653	25.006575	25.006474	25.006348	25.006197	25.006027	25.005829	25.005611	25.005375	25.005112	25.004833	25.004536	25.004219	25.003889	25.003544	25.003185	25.002813	25.002432	25.002041	25.001640	25.001236	25.000828	25.000416	
25.000206	25.000414	25.000620	25.000822	25.001022	25.001219	25.001408	25.001595	25.001774	25.001949	25.002113	25.002272	25.002420	25.002563	25.002691	25.002811	25.002922	25.003019	25.003107	25.003181	25.003242	25.003292	25.003332	25.003357	25.003370	25.003370	25.003357	25.003330	25.003294	25.003242	25.003181	25.003105	25.003017	25.002920	25.002811	25.002689	25.002562	25.002419	25.002274	25.002115	25.001947	25.001774	25.001595	25.001410	25.001217	25.001022	25.000824	25.000618	25.000414	25.000208	
