25.001423	25.002842	25.004246	25.005638	25.007008	25.008352	25.009661	25.010937	25.012171	25.013357	25.014496	25.015575	25.016598	25.017557	25.018450	25.019272	25.020021	25.020695	25.021290	25.021805	25.022236	25.022583	25.022844	25.023022	25.023106	25.023108	25.023020	25.022846	25.022583	25.022236	25.021805	25.021290	25.020695	25.020021	25.019274	25.018448	25.017559	25.016596	25.015575	25.014494	25.013357	25.012169	25.010937	25.009663	25.008350	25.007008	25.005638	25.004248	25.002842	25.001423	
25.002842	25.005672	25.008480	25.011255	25.013992	25.016666	25.019289	25.021832	25.024296	25.026665	25.028933	25.031092	25.033131	25.035046	25.036829	25.038471	25.039967	25.041311	25.042500	25.043530	25.044388	25.045084	25.045605	25.045952	25.046127	25.046127	25.045956	25.045605	25.045082	25.044388	25.043526	25.042498	25.041313	25.039967	25.038471	25.036831	25.035046	25.033133	25.031090	25.028934	25.026663	25.024294	25.021832	25.019289	25.016670	25.013988	25.011257	25.008480	25.005671	25.002842	
25.004250	25.008480	25.012680	25.016830	25.020918	25.024927	25.028839	25.032646	25.036327	25.039869	25.043261	25.046490	25.049541	25.052402	25.055069	25.057522	25.059761	25.061771	25.063549	25.065083	25.066372	25.067410	25.068190	25.068710	25.068974	25.068974	25.068712	25.068192	25.067408	25.066372	25.065081	25.063547	25.061771	25.059761	25.057526	25.055069	25.052404	25.049540	25.046490	25.043262	25.039867	25.036325	25.032646	25.028839	25.024927	25.020918	25.016830	25.012680	25.008480	25.004248	
25.005638	25.011257	25.016830	25.022343	25.027767	25.033089	25.038284	25.043335	25.048222	25.052925	25.057426	25.061710	25.065762	25.069565	25.073097	25.076359	25.079327	25.081997	25.084354	25.086395	25.088104	25.089481	25.090517	25.091209	25.091557	25.091557	25.091211	25.090515	25.089479	25.088102	25.086391	25.084354	25.081997	25.079327	25.076359	25.073099	25.069561	25.065762	25.061710	25.057426	25.052925	25.048218	25.043333	25.038282	25.033089	25.027767	25.022341	25.016830	25.011257	25.005638	
25.007008	25.013990	25.020920	25.027767	25.034512	25.041126	25.047583	25.053860	25.059933	25.065779	25.071373	25.076698	25.081734	25.086456	25.090853	25.094900	25.098595	25.101910	25.104843	25.107376	25.109503	25.111214	25.112503	25.113361	25.113796	25.113794	25.113361	25.112499	25.111210	25.109503	25.107372	25.104843	25.101910	25.098595	25.094904	25.090851	25.086456	25.081732	25.076698	25.071373	25.065777	25.059933	25.053856	25.047581	25.041124	25.034512	25.027769	25.020918	25.013988	25.007008	
25.008354	25.016670	25.024927	25.033089	25.041126	25.049004	25.056700	25.064178	25.071417	25.078381	25.085049	25.091393	25.097391	25.103022	25.108257	25.113087	25.117483	25.121441	25.124931	25.127953	25.130484	25.132524	25.134060	25.135086	25.135599	25.135601	25.135082	25.134058	25.132521	25.130482	25.127951	25.124931	25.121441	25.117487	25.113087	25.108261	25.103022	25.097393	25.091393	25.085049	25.078381	25.071415	25.064180	25.056702	25.049004	25.041126	25.033087	25.024927	25.016670	25.008352	
25.009661	25.019289	25.028843	25.038284	25.047581	25.056700	25.065601	25.074257	25.082628	25.090687	25.098402	25.105743	25.112684	25.119196	25.125259	25.130840	25.135933	25.140505	25.144548	25.148041	25.150974	25.153330	25.155109	25.156296	25.156891	25.156887	25.156292	25.155106	25.153328	25.150972	25.148039	25.144547	25.140507	25.135933	25.130844	25.125257	25.119198	25.112682	25.105743	25.098402	25.090689	25.082630	25.074257	25.065603	25.056698	25.047581	25.038284	25.028841	25.019289	25.009663	
25.010937	25.021832	25.032646	25.043335	25.053858	25.064178	25.074257	25.084053	25.093529	25.102650	25.111382	25.119694	25.127548	25.134920	25.141779	25.148104	25.153862	25.159042	25.163614	25.167568	25.170883	25.173557	25.175564	25.176914	25.177586	25.177586	25.176910	25.175568	25.173555	25.170885	25.167568	25.163616	25.159042	25.153864	25.148102	25.141781	25.134920	25.127548	25.119694	25.111383	25.102650	25.093529	25.084053	25.074257	25.064180	25.053858	25.043333	25.032646	25.021832	25.010937	
25.012169	25.024294	25.036325	25.048218	25.059933	25.071415	25.082630	25.093529	25.104073	25.114223	25.123943	25.133186	25.141928	25.150131	25.157764	25.164799	25.171211	25.176971	25.182064	25.186460	25.190153	25.193119	25.195362	25.196857	25.197609	25.197605	25.196857	25.195360	25.193123	25.190151	25.186462	25.182060	25.176973	25.171211	25.164803	25.157764	25.150131	25.141930	25.133186	25.123941	25.114223	25.104073	25.093529	25.082626	25.071415	25.059931	25.048222	25.036324	25.024296	25.012169	
25.013355	25.026665	25.039867	25.052923	25.065775	25.078381	25.090687	25.102650	25.114223	25.125366	25.136026	25.146177	25.155769	25.164772	25.173149	25.180874	25.187908	25.194233	25.199818	25.204647	25.208694	25.211958	25.214409	25.216059	25.216877	25.216881	25.216055	25.214413	25.211956	25.208698	25.204643	25.199820	25.194229	25.187910	25.180874	25.173153	25.164774	25.155771	25.146175	25.136028	25.125364	25.114223	25.102650	25.090689	25.078381	25.065777	25.052921	25.039871	25.026665	25.013357	
25.014492	25.028931	25.043261	25.057423	25.071373	25.085049	25.098404	25.111382	25.123943	25.136028	25.147600	25.158611	25.169022	25.178787	25.187881	25.196257	25.203896	25.210754	25.216816	25.222054	25.226452	25.229986	25.232655	25.234436	25.235329	25.235327	25.234436	25.232651	25.229990	25.226448	25.222057	25.216816	25.210754	25.203894	25.196260	25.187881	25.178791	25.169022	25.158611	25.147602	25.136028	25.123941	25.111382	25.098400	25.085049	25.071371	25.057425	25.043262	25.028931	25.014492	
25.015572	25.031090	25.046486	25.061708	25.076696	25.091393	25.105743	25.119694	25.133186	25.146177	25.158609	25.170444	25.181629	25.192131	25.201897	25.210903	25.219103	25.226479	25.232990	25.238621	25.243343	25.247147	25.250010	25.251926	25.252884	25.252888	25.251923	25.250011	25.247147	25.243347	25.238621	25.232994	25.226477	25.219105	25.210903	25.201900	25.192129	25.181633	25.170444	25.158611	25.146177	25.133186	25.119694	25.105745	25.091393	25.076698	25.061710	25.046488	25.031092	25.015575	
25.016596	25.033131	25.049538	25.065760	25.081730	25.097393	25.112684	25.127548	25.141930	25.155771	25.169022	25.181629	25.193554	25.204739	25.215151	25.224743	25.233486	25.241343	25.248285	25.254282	25.259319	25.263367	25.266422	25.268459	25.269484	25.269482	25.268463	25.266418	25.263369	25.259315	25.254284	25.248281	25.241344	25.233486	25.224747	25.215149	25.204742	25.193552	25.181633	25.169022	25.155769	25.141930	25.127548	25.112686	25.097393	25.081732	25.065758	25.049540	25.033131	25.016598	
25.017555	25.035046	25.052402	25.069559	25.086452	25.103022	25.119194	25.134922	25.150131	25.164774	25.178791	25.192131	25.204739	25.216574	25.227585	25.237736	25.246981	25.255295	25.262634	25.268982	25.274305	25.278591	25.281818	25.283978	25.285057	25.285059	25.283974	25.281818	25.278587	25.274305	25.268978	25.262634	25.255291	25.246983	25.237732	25.227587	25.216572	25.204742	25.192129	25.178791	25.164776	25.150131	25.134920	25.119198	25.103024	25.086456	25.069561	25.052402	25.035046	25.017555	
25.018448	25.036827	25.055067	25.073097	25.090851	25.108257	25.125257	25.141781	25.157764	25.173153	25.187881	25.201897	25.215151	25.227583	25.239157	25.249823	25.259541	25.268272	25.275990	25.282658	25.288252	25.292755	25.296146	25.298414	25.299553	25.299549	25.298416	25.296146	25.292755	25.288250	25.282658	25.275986	25.268274	25.259539	25.249825	25.239155	25.227585	25.215149	25.201900	25.187881	25.173153	25.157766	25.141779	25.125259	25.108261	25.090851	25.073097	25.055069	25.036829	25.018450	
25.019272	25.038471	25.057522	25.076359	25.094898	25.113087	25.130842	25.148102	25.164799	25.180874	25.196259	25.210903	25.224741	25.237736	25.249821	25.260963	25.271114	25.280235	25.288296	25.295261	25.301105	25.305809	25.309353	25.311722	25.312908	25.312912	25.311720	25.309353	25.305805	25.301107	25.295259	25.288296	25.280233	25.271114	25.260963	25.249825	25.237732	25.224747	25.210901	25.196259	25.180874	25.164801	25.148102	25.130842	25.113087	25.094904	25.076359	25.057522	25.038471	25.019272	
25.020020	25.039967	25.059761	25.079327	25.098595	25.117485	25.135933	25.153862	25.171211	25.187908	25.203894	25.219103	25.233486	25.246979	25.259539	25.271114	25.281658	25.291136	25.299507	25.306747	25.312817	25.317705	25.321384	25.323847	25.325081	25.325077	25.323849	25.321383	25.317703	25.312815	25.306746	25.299507	25.291138	25.281658	25.271114	25.259541	25.246983	25.233484	25.219105	25.203892	25.187908	25.171211	25.153862	25.135933	25.117485	25.098595	25.079327	25.059761	25.039965	25.020023	
25.020693	25.041311	25.061771	25.081997	25.101908	25.121439	25.140503	25.159040	25.176968	25.194229	25.210752	25.226477	25.241341	25.255291	25.268270	25.280235	25.291134	25.300930	25.309586	25.317066	25.323343	25.328392	25.332199	25.334743	25.336016	25.336018	25.334740	25.332199	25.328392	25.323345	25.317064	25.309587	25.300930	25.291136	25.280235	25.268272	25.255291	25.241341	25.226475	25.210754	25.194229	25.176970	25.159039	25.140503	25.121439	25.101910	25.081997	25.061769	25.041313	25.020695	
25.021290	25.042498	25.063549	25.084354	25.104841	25.124928	25.144547	25.163610	25.182060	25.199814	25.216816	25.232986	25.248283	25.262632	25.275988	25.288292	25.299507	25.309584	25.318489	25.326183	25.332642	25.337837	25.341749	25.344368	25.345680	25.345676	25.344372	25.341749	25.337839	25.332638	25.326183	25.318487	25.309586	25.299507	25.288296	25.275988	25.262630	25.248280	25.232990	25.216812	25.199816	25.182058	25.163612	25.144547	25.124931	25.104843	25.084352	25.063549	25.042500	25.021290	
25.021805	25.043526	25.065083	25.086391	25.107372	25.127949	25.148033	25.167566	25.186457	25.204643	25.222050	25.238621	25.254280	25.268978	25.282654	25.295259	25.306742	25.317066	25.326183	25.334064	25.340677	25.345999	25.350010	25.352688	25.354031	25.354031	25.352686	25.350008	25.345997	25.340679	25.334061	25.326187	25.317064	25.306746	25.295261	25.282654	25.268978	25.254280	25.238619	25.222054	25.204643	25.186457	25.167564	25.148037	25.127951	25.107372	25.086395	25.065083	25.043526	25.021803	
25.022236	25.044388	25.066372	25.088100	25.109499	25.130478	25.150967	25.170879	25.190149	25.208693	25.226448	25.243341	25.259315	25.274302	25.288250	25.301104	25.312817	25.323341	25.332642	25.340675	25.347424	25.352848	25.356934	25.359671	25.361038	25.361038	25.359673	25.356934	25.352848	25.347420	25.340679	25.332638	25.323345	25.312817	25.301105	25.288250	25.274303	25.259315	25.243343	25.226448	25.208694	25.190147	25.170883	25.150969	25.130482	25.109501	25.088102	25.066372	25.044388	25.022236	
25.022583	25.045082	25.067406	25.089478	25.111206	25.132519	25.153324	25.173550	25.193119	25.211954	25.229984	25.247143	25.263363	25.278587	25.292753	25.305807	25.317699	25.328392	25.337833	25.346001	25.352848	25.358358	25.362513	25.365288	25.366676	25.366678	25.365286	25.362511	25.358356	25.352848	25.345997	25.337837	25.328390	25.317703	25.305809	25.292755	25.278587	25.263365	25.247143	25.229984	25.211952	25.193119	25.173552	25.153324	25.132519	25.111210	25.089478	25.067410	25.045082	25.022583	
25.022846	25.045601	25.068188	25.090513	25.112497	25.134052	25.155102	25.175562	25.195354	25.214409	25.232649	25.250006	25.266415	25.281815	25.296143	25.309349	25.321384	25.332195	25.341751	25.350004	25.356936	25.362511	25.366711	25.369518	25.370926	25.370926	25.369520	25.366709	25.362511	25.356934	25.350008	25.341747	25.332195	25.321383	25.309353	25.296144	25.281815	25.266417	25.250008	25.232647	25.214409	25.195356	25.175564	25.155102	25.134054	25.112497	25.090515	25.068188	25.045605	25.022846	
25.023018	25.045954	25.068710	25.091206	25.113359	25.135080	25.156292	25.176907	25.196852	25.216051	25.234428	25.251923	25.268456	25.283974	25.298412	25.311718	25.323845	25.334742	25.344366	25.352688	25.359669	25.365288	25.369522	25.372349	25.373768	25.373768	25.372349	25.369520	25.365286	25.359669	25.352684	25.344368	25.334740	25.323845	25.311722	25.298412	25.283974	25.268456	25.251923	25.234432	25.216051	25.196854	25.176907	25.156290	25.135082	25.113361	25.091208	25.068712	25.045952	25.023020	
25.023106	25.046127	25.068972	25.091555	25.113789	25.135593	25.156887	25.177580	25.197601	25.216873	25.235325	25.252880	25.269478	25.285053	25.299547	25.312908	25.325077	25.336016	25.345680	25.354031	25.361038	25.366676	25.370926	25.373768	25.375191	25.375191	25.373768	25.370926	25.366678	25.361038	25.354031	25.345678	25.336018	25.325081	25.312908	25.299549	25.285053	25.269478	25.252880	25.235323	25.216877	25.197603	25.177582	25.156887	25.135595	25.113791	25.091557	25.068974	25.046127	25.023108	
25.023106	25.046127	25.068972	25.091555	25.113789	25.135593	25.156887	25.177580	25.197601	25.216873	25.235325	25.252880	25.269478	25.285053	25.299547	25.312908	25.325077	25.336016	25.345680	25.354031	25.361038	25.366676	25.370926	25.373768	25.375191	25.375191	25.373768	25.370926	25.366678	25.361038	25.354031	25.345678	25.336018	25.325081	25.312908	25.299549	25.285053	25.269478	25.252880	25.235323	25.216877	25.197603	25.177582	25.156887	25.135595	25.113791	25.091557	25.068974	25.046127	25.023108	
25.023018	25.045954	25.068710	25.091206	25.113359	25.135080	25.156292	25.176907	25.196852	25.216051	25.234428	25.251923	25.268456	25.283974	25.298412	25.311718	25.323845	25.334742	25.344366	25.352688	25.359669	25.365288	25.369522	25.372349	25.373768	25.373768	25.372349	25.369520	25.365286	25.359669	25.352684	25.344368	25.334740	25.323845	25.311722	25.298412	25.283974	25.268456	25.251923	25.234432	25.216051	25.196854	25.176907	25.156290	25.135082	25.113361	25.091208	25.068712	25.045952	25.023020	
25.022846	25.045601	25.068188	25.090513	25.112497	25.134052	25.155102	25.175562	25.195354	25.214409	25.232649	25.250006	25.266415	25.281815	25.296143	25.309349	25.321384	25.332195	25.341751	25.350004	25.356936	25.362511	25.366711	25.369518	25.370926	25.370926	25.369520	25.366709	25.362511	25.356934	25.350008	25.341747	25.332195	25.321383	25.309353	25.296144	25.281815	25.266417	25.250008	25.232647	25.214409	25.195356	25.175564	25.155102	25.134054	25.112497	25.090515	25.068188	25.045605	25.022846	
25.022583	25.045082	25.067406	25.089478	25.111206	25.132519	25.153324	25.173550	25.193119	25.211954	25.229984	25.247143	25.263363	25.278587	25.292753	25.305807	25.317699	25.328392	25.337833	25.346001	25.352848	25.358358	25.362513	25.365288	25.366676	25.366678	25.365286	25.362511	25.358356	25.352848	25.345997	25.337837	25.328390	25.317703	25.305809	25.292755	25.278587	25.263365	25.247143	25.229984	25.211952	25.193119	25.173552	25.153324	25.132519	25.111210	25.089478	25.067410	25.045082	25.022583	
25.022236	25.044388	25.066372	25.088100	25.109499	25.130478	25.150967	25.170879	25.190149	25.208693	25.226448	25.243341	25.259315	25.274302	25.288250	25.301104	25.312817	25.323341	25.332642	25.340675	25.347424	25.352848	25.356934	25.359671	25.361038	25.361038	25.359673	25.356934	25.352848	25.347420	25.340679	25.332638	25.323345	25.312817	25.301105	25.288250	25.274303	25.259315	25.243343	25.226448	25.208694	25.190147	25.170883	25.150969	25.130482	25.109501	25.088102	25.066372	25.044388	25.022236	
25.021805	25.043526	25.065083	25.086391	25.107372	25.127949	25.148033	25.167566	25.186457	25.204643	25.222050	25.238621	25.254280	25.268978	25.282654	25.295259	25.306742	25.317066	25.326183	25.334064	25.340677	25.345999	25.350010	25.352688	25.354031	25.354031	25.352686	25.350008	25.345997	25.340679	25.334061	25.326187	25.317064	25.306746	25.295261	25.282654	25.268978	25.254280	25.238619	25.222054	25.204643	25.186457	25.167564	25.148037	25.127951	25.107372	25.086395	25.065083	25.043526	25.021803	
25.021290	25.042498	25.063549	25.084354	25.104841	25.124928	25.144547	25.163610	25.182060	25.199814	25.216816	25.232986	25.248283	25.262632	25.275988	25.288292	25.299507	25.309584	25.318489	25.326183	25.332642	25.337837	25.341749	25.344368	25.345680	25.345676	25.344372	25.341749	25.337839	25.332638	25.326183	25.318487	25.309586	25.299507	25.288296	25.275988	25.262630	25.248280	25.232990	25.216812	25.199816	25.182058	25.163612	25.144547	25.124931	25.104843	25.084352	25.063549	25.042500	25.021290	
25.020693	25.041311	25.061771	25.081997	25.101908	25.121439	25.140503	25.159040	25.176968	25.194229	25.210752	25.226477	25.241341	25.255291	25.268270	25.280235	25.291134	25.300930	25.309586	25.317066	25.323343	25.328392	25.332199	25.334743	25.336016	25.336018	25.334740	25.332199	25.328392	25.323345	25.317064	25.309587	25.300930	25.291136	25.280235	25.268272	25.255291	25.241341	25.226475	25.210754	25.194229	25.176970	25.159039	25.140503	25.121439	25.101910	25.081997	25.061769	25.041313	25.020695	
25.020020	25.039967	25.059761	25.079327	25.098595	25.117485	25.135933	25.153862	25.171211	25.187908	25.203894	25.219103	25.233486	25.246979	25.259539	25.271114	25.281658	25.291136	25.299507	25.306747	25.312817	25.317705	25.321384	25.323847	25.325081	25.325077	25.323849	25.321383	25.317703	25.312815	25.306746	25.299507	25.291138	25.281658	25.271114	25.259541	25.246983	25.233484	25.219105	25.203892	25.187908	25.171211	25.153862	25.135933	25.117485	25.098595	25.079327	25.059761	25.039965	25.020023	
25.019272	25.038471	25.057522	25.076359	25.094898	25.113087	25.130842	25.148102	25.164799	25.180874	25.196259	25.210903	25.224741	25.237736	25.249821	25.260963	25.271114	25.280235	25.288296	25.295261	25.301105	25.305809	25.309353	25.311722	25.312908	25.312912	25.311720	25.309353	25.305805	25.301107	25.295259	25.288296	25.280233	25.271114	25.260963	25.249825	25.237732	25.224747	25.210901	25.196259	25.180874	25.164801	25.148102	25.130842	25.113087	25.094904	25.076359	25.057522	25.038471	25.019272	
25.018448	25.036827	25.055067	25.073097	25.090851	25.108257	25.125257	25.141781	25.157764	25.173153	25.187881	25.201897	25.215151	25.227583	25.239157	25.249823	25.259541	25.268272	25.275990	25.282658	25.288252	25.292755	25.296146	25.298414	25.299553	25.299549	25.298416	25.296146	25.292755	25.288250	25.282658	25.275986	25.268274	25.259539	25.249825	25.239155	25.227585	25.215149	25.201900	25.187881	25.173153	25.157766	25.141779	25.125259	25.108261	25.090851	25.073097	25.055069	25.036829	25.018450	
25.017555	25.035046	25.052402	25.069559	25.086452	25.103022	25.119194	25.134922	25.150131	25.164774	25.178791	25.192131	25.204739	25.216574	25.227585	25.237736	25.246981	25.255295	25.262634	25.268982	25.274305	25.278591	25.281818	25.283978	25.285057	25.285059	25.283974	25.281818	25.278587	25.274305	25.268978	25.262634	25.255291	25.246983	25.237732	25.227587	25.216572	25.204742	25.192129	25.178791	25.164776	25.150131	25.134920	25.119198	25.103024	25.086456	25.069561	25.052402	25.035046	25.017555	
25.016596	25.033131	25.049538	25.065760	25.081730	25.097393	25.112684	25.127548	25.141930	25.155771	25.169022	25.181629	25.193554	25.204739	25.215151	25.224743	25.233486	25.241343	25.248285	25.254282	25.259319	25.263367	25.266422	25.268459	25.269484	25.269482	25.268463	25.266418	25.263369	25.259315	25.254284	25.248281	25.241344	25.233486	25.224747	25.215149	25.204742	25.193552	25.181633	25.169022	25.155769	25.141930	25.127548	25.112686	25.097393	25.081732	25.065758	25.049540	25.033131	25.016598	
25.015572	25.031090	25.046486	25.061708	25.076696	25.091393	25.105743	25.119694	25.133186	25.146177	25.158609	25.170444	25.181629	25.192131	25.201897	25.210903	25.219103	25.226479	25.232990	25.238621	25.243343	25.247147	25.250010	25.251926	25.252884	25.252888	25.251923	25.250011	25.247147	25.243347	25.238621	25.232994	25.226477	25.219105	25.210903	25.201900	25.192129	25.181633	25.170444	25.158611	25.146177	25.133186	25.119694	25.105745	25.091393	25.076698	25.061710	25.046488	25.031092	25.015575	
25.014492	25.028931	25.043261	25.057423	25.071373	25.085049	25.098404	25.111382	25.123943	25.136028	25.147600	25.158611	25.169022	25.178787	25.187881	25.196257	25.203896	25.210754	25.216816	25.222054	25.226452	25.229986	25.232655	25.234436	25.235329	25.235327	25.234436	25.232651	25.229990	25.226448	25.222057	25.216816	25.210754	25.203894	25.196260	25.187881	25.178791	25.169022	25.158611	25.147602	25.136028	25.123941	25.111382	25.098400	25.085049	25.071371	25.057425	25.043262	25.028931	25.014492	
25.013355	25.026665	25.039867	25.052923	25.065775	25.078381	25.090687	25.102650	25.114223	25.125366	25.136026	25.146177	25.155769	25.164772	25.173149	25.180874	25.187908	25.194233	25.199818	25.204647	25.208694	25.211958	25.214409	25.216059	25.216877	25.216881	25.216055	25.214413	25.211956	25.208698	25.204643	25.199820	25.194229	25.187910	25.180874	25.173153	25.164774	25.155771	25.146175	25.136028	25.125364	25.114223	25.102650	25.090689	25.078381	25.065777	25.052921	25.039871	25.026665	25.013357	
25.012169	25.024294	25.036325	25.048218	25.059933	25.071415	25.082630	25.093529	25.104073	25.114223	25.123943	25.133186	25.141928	25.150131	25.157764	25.164799	25.171211	25.176971	25.182064	25.186460	25.190153	25.193119	25.195362	25.196857	25.197609	25.197605	25.196857	25.195360	25.193123	25.190151	25.186462	25.182060	25.176973	25.171211	25.164803	25.157764	25.150131	25.141930	25.133186	25.123941	25.114223	25.104073	25.093529	25.082626	25.071415	25.059931	25.048222	25.036324	25.024296	25.012169	
25.010937	25.021832	25.032646	25.043335	25.053858	25.064178	25.074257	25.084053	25.093529	25.102650	25.111382	25.119694	25.127548	25.134920	25.141779	25.148104	25.153862	25.159042	25.163614	25.167568	25.170883	25.173557	25.175564	25.176914	25.177586	25.177586	25.176910	25.175568	25.173555	25.170885	25.167568	25.163616	25.159042	25.153864	25.148102	25.141781	25.134920	25.127548	25.119694	25.111383	25.102650	25.093529	25.084053	25.074257	25.064180	25.053858	25.043333	25.032646	25.021832	25.010937	
25.009661	25.019289	25.028843	25.038284	25.047581	25.056700	25.065601	25.074257	25.082628	25.090687	25.098402	25.105743	25.112684	25.119196	25.125259	25.130840	25.135933	25.140505	25.144548	25.148041	25.150974	25.153330	25.155109	25.156296	25.156891	25.156887	25.156292	25.155106	25.153328	25.150972	25.148039	25.144547	25.140507	25.135933	25.130844	25.125257	25.119198	25.112682	25.105743	25.098402	25.090689	25.082630	25.074257	25.065603	25.056698	25.047581	25.038284	25.028841	25.019289	25.009663	
25.008354	25.016670	25.024927	25.033089	25.041126	25.049004	25.056700	25.064178	25.071417	25.078381	25.085049	25.091393	25.097391	25.103022	25.108257	25.113087	25.117483	25.121441	25.124931	25.127953	25.130484	25.132524	25.134060	25.135086	25.135599	25.135601	25.135082	25.134058	25.132521	25.130482	25.127951	25.124931	25.121441	25.117487	25.113087	25.108261	25.103022	25.097393	25.091393	25.085049	25.078381	25.071415	25.064180	25.056702	25.049004	25.041126	25.033087	25.024927	25.016670	25.008352	
25.007008	25.013990	25.020920	25.027767	25.034512	25.041126	25.047583	25.053860	25.059933	25.065779	25.071373	25.076698	25.081734	25.086456	25.090853	25.094900	25.098595	25.101910	25.104843	25.107376	25.109503	25.111214	25.112503	25.113361	25.113796	25.113794	25.113361	25.112499	25.111210	25.109503	25.107372	25.104843	25.101910	25.098595	25.094904	25.090851	25.086456	25.081732	25.076698	25.071373	25.065777	25.059933	25.053856	25.047581	25.041124	25.034512	25.027769	25.020918	25.013988	25.007008	
25.005638	25.011257	25.016830	25.022343	25.027767	25.033089	25.038284	25.043335	25.048222	25.052925	25.057426	25.061710	25.065762	25.069565	25.073097	25.076359	25.079327	25.081997	25.084354	25.086395	25.088104	25.089481	25.090517	25.091209	25.091557	25.091557	25.091211	25.090515	25.089479	25.088102	25.086391	25.084354	25.081997	25.079327	25.076359	25.073099	25.069561	25.065762	25.061710	25.057426	25.052925	25.048218	25.043333	25.038282	25.033089	25.027767	25.022341	25.016830	25.011257	25.005638	
25.004250	25.008480	25.012680	25.016830	25.020918	25.024927	25.028839	25.032646	25.036327	25.039869	25.043261	25.046490	25.049541	25.052402	25.055069	25.057522	25.059761	25.061771	25.063549	25.065083	25.066372	25.067410	25.068190	25.068710	25.068974	25.068974	25.068712	25.068192	25.067408	25.066372	25.065081	25.063547	25.061771	25.059761	25.057526	25.055069	25.052404	25.049540	25.046490	25.043262	25.039867	25.036325	25.032646	25.028839	25.024927	25.020918	25.016830	25.012680	25.008480	25.004248	
25.002842	25.005672	25.008480	25.011255	25.013992	25.016666	25.019289	25.021832	25.024296	25.026665	25.028933	25.031092	25.033131	25.035046	25.036829	25.038471	25.039967	25.041311	25.042500	25.043530	25.044388	25.045084	25.045605	25.045952	25.046127	25.046127	25.045956	25.045605	25.045082	25.044388	25.043526	25.042498	25.041313	25.039967	25.038471	25.036831	25.035046	25.033133	25.031090	25.028934	25.026663	25.024294	25.021832	25.019289	25.016670	25.013988	25.011257	25.008480	25.005671	25.002842	
25.001423	25.002842	25.004246	25.005638	25.007008	25.008352	25.009661	25.010937	25.012171	25.013357	25.014496	25.015575	25.016598	25.017557	25.018450	25.019272	25.020021	25.020695	25.021290	25.021805	25.022236	25.022583	25.022844	25.023022	25.023106	25.023108	25.023020	25.022846	25.022583	25.022236	25.021805	25.021290	25.020695	25.020021	25.019274	25.018448	25.017559	25.016596	25.015575	25.014494	25.013357	25.012169	25.010937	25.009663	25.008350	25.007008	25.005638	25.004248	25.002842	25.001423	
