25.008766	25.017761	25.026611	25.036139	25.045349	25.055624	25.065382	25.076492	25.086842	25.098705	25.109531	25.121885	25.132904	25.145298	25.156071	25.167921	25.177898	25.188530	25.197119	25.205843	25.212469	25.218676	25.222862	25.226089	25.227520	25.227520	25.226089	25.222862	25.218678	25.212469	25.205845	25.197117	25.188532	25.177898	25.167923	25.156071	25.145298	25.132904	25.121887	25.109535	25.098705	25.086843	25.076492	25.065382	25.055624	25.045349	25.036137	25.026611	25.017761	25.008764	
25.017761	25.035379	25.053917	25.072006	25.091850	25.110882	25.132351	25.152569	25.175678	25.197010	25.221416	25.243462	25.268436	25.290464	25.314968	25.335966	25.358713	25.377522	25.397121	25.412544	25.427673	25.438641	25.448202	25.453899	25.457176	25.457174	25.453901	25.448204	25.438641	25.427675	25.412542	25.397121	25.377520	25.358713	25.335966	25.314968	25.290462	25.268436	25.243462	25.221416	25.197014	25.175674	25.152569	25.132351	25.110882	25.091850	25.072004	25.053917	25.035381	25.017761	
25.026611	25.053921	25.080797	25.109701	25.137688	25.168850	25.198503	25.232189	25.263649	25.299616	25.332529	25.369970	25.403461	25.441034	25.473778	25.509699	25.540026	25.572250	25.598352	25.624802	25.644934	25.663748	25.676468	25.686253	25.690601	25.690601	25.686251	25.676466	25.663750	25.644932	25.624802	25.598351	25.572250	25.540024	25.509699	25.473776	25.441034	25.403461	25.369970	25.332529	25.299618	25.263653	25.232187	25.198505	25.168848	25.137688	25.109699	25.080795	25.053917	25.026611	
25.036137	25.072004	25.109699	25.146542	25.186872	25.225651	25.269268	25.310474	25.357407	25.400898	25.450447	25.495392	25.546103	25.591003	25.640751	25.683559	25.729736	25.768076	25.807865	25.839302	25.870018	25.892368	25.911781	25.923397	25.930040	25.930038	25.923397	25.911781	25.892368	25.870018	25.839302	25.807865	25.768074	25.729736	25.683559	25.640751	25.591003	25.546103	25.495392	25.450447	25.400898	25.357405	25.310474	25.269264	25.225651	25.186867	25.146538	25.109699	25.072004	25.036137	
25.045351	25.091850	25.137688	25.186872	25.234631	25.287624	25.338247	25.395508	25.449234	25.510351	25.566563	25.630173	25.687374	25.751202	25.807121	25.868137	25.919933	25.974667	26.019243	26.064165	26.098549	26.130501	26.152227	26.168839	26.176270	26.176271	26.168840	26.152225	26.130505	26.098549	26.064165	26.019243	25.974667	25.919933	25.868137	25.807119	25.751202	25.687374	25.630173	25.566561	25.510353	25.449234	25.395508	25.338253	25.287624	25.234629	25.186869	25.137688	25.091846	25.045351	
25.055626	25.110884	25.168850	25.225655	25.287624	25.347454	25.414433	25.478029	25.550072	25.617214	25.693245	25.762642	25.840437	25.909767	25.986073	26.052176	26.122993	26.182194	26.243217	26.291758	26.338863	26.373371	26.403141	26.421080	26.431267	26.431265	26.421080	26.403143	26.373373	26.338863	26.291759	26.243217	26.182196	26.122993	26.052174	25.986073	25.909763	25.840437	25.762638	25.693245	25.617214	25.550070	25.478033	25.414433	25.347454	25.287624	25.225651	25.168848	25.110882	25.055624	
25.065384	25.132351	25.198505	25.269268	25.338249	25.414434	25.487597	25.569864	25.647533	25.735306	25.816586	25.907909	25.990635	26.082245	26.163122	26.250687	26.325598	26.404139	26.468607	26.533066	26.582792	26.628641	26.660057	26.683895	26.694641	26.694641	26.683893	26.660057	26.628641	26.582792	26.533066	26.468607	26.404139	26.325598	26.250687	26.163120	26.082245	25.990631	25.907909	25.816582	25.735306	25.647535	25.569864	25.487598	25.414433	25.338249	25.269268	25.198503	25.132351	25.065384	
25.076492	25.152571	25.232189	25.310472	25.395512	25.478031	25.569866	25.657627	25.756344	25.849028	25.953169	26.048981	26.155506	26.251236	26.355701	26.446978	26.543921	26.625664	26.709188	26.776217	26.840681	26.888334	26.929075	26.953844	26.967781	26.967785	26.953844	26.929075	26.888332	26.840681	26.776215	26.709190	26.625666	26.543921	26.446978	26.355701	26.251236	26.155506	26.048981	25.953167	25.849030	25.756340	25.657631	25.569864	25.478031	25.395508	25.310472	25.232189	25.152569	25.076492	
25.086843	25.175678	25.263653	25.357407	25.449234	25.550072	25.647533	25.756342	25.859858	25.975882	26.084236	26.204912	26.315205	26.436232	26.544067	26.659725	26.759609	26.863337	26.949299	27.034418	27.100723	27.161264	27.203154	27.234631	27.248960	27.248959	27.234629	27.203152	27.161264	27.100723	27.034418	26.949299	26.863338	26.759611	26.659727	26.544065	26.436232	26.315205	26.204910	26.084234	25.975882	25.859859	25.756342	25.647537	25.550070	25.449234	25.357403	25.263651	25.175678	25.086843	
25.098705	25.197014	25.299616	25.400898	25.510353	25.617214	25.735306	25.849030	25.975882	26.096027	26.229790	26.354015	26.490797	26.614925	26.749033	26.867392	26.991821	27.097822	27.205017	27.291931	27.374662	27.436449	27.488735	27.520851	27.538736	27.538738	27.520851	27.488733	27.436451	27.374660	27.291933	27.205017	27.097824	26.991823	26.867390	26.749033	26.614923	26.490797	26.354013	26.229790	26.096027	25.975883	25.849031	25.735306	25.617214	25.510349	25.400898	25.299618	25.197014	25.098705	
25.109535	25.221413	25.332529	25.450447	25.566559	25.693245	25.816584	25.953167	26.084234	26.229790	26.367023	26.518353	26.658070	26.809792	26.946404	27.091366	27.217911	27.347904	27.456808	27.563469	27.647470	27.723328	27.776400	27.815836	27.833992	27.833988	27.815834	27.776400	27.723328	27.647470	27.563471	27.456808	27.347904	27.217911	27.091370	26.946400	26.809790	26.658066	26.518353	26.367022	26.229790	26.084236	25.953169	25.816586	25.693243	25.566559	25.450445	25.332531	25.221413	25.109535	
25.121887	25.243462	25.369968	25.495396	25.630173	25.762642	25.907909	26.048981	26.204912	26.354015	26.518353	26.672554	26.840546	26.994648	27.159313	27.306255	27.459013	27.590618	27.722200	27.830109	27.931650	28.008366	28.072533	28.112410	28.134361	28.134361	28.112406	28.072533	28.008366	27.931652	27.830107	27.722200	27.590616	27.459015	27.306252	27.159311	26.994644	26.840546	26.672554	26.518353	26.354015	26.204912	26.048983	25.907909	25.762642	25.630171	25.495396	25.369972	25.243462	25.121885	
25.132902	25.268438	25.403461	25.546103	25.687374	25.840437	25.990631	26.155508	26.315205	26.490797	26.658066	26.840546	27.010870	27.193771	27.360323	27.535042	27.689327	27.845980	27.978758	28.107281	28.209698	28.301098	28.365803	28.413317	28.435453	28.435452	28.413321	28.365803	28.301102	28.209694	28.107283	27.978756	27.845978	27.689323	27.535042	27.360321	27.193771	27.010868	26.840548	26.658068	26.490799	26.315205	26.155506	25.990635	25.840435	25.687374	25.546104	25.403461	25.268438	25.132904	
25.145298	25.290461	25.441034	25.591002	25.751202	25.909765	26.082247	26.251236	26.436232	26.614925	26.809790	26.994646	27.193771	27.378529	27.573662	27.749849	27.930843	28.088642	28.244526	28.373913	28.494204	28.586185	28.662197	28.710011	28.736013	28.736015	28.710011	28.662201	28.586185	28.494205	28.373911	28.244528	28.088640	27.930843	27.749846	27.573662	27.378525	27.193771	26.994644	26.809792	26.614925	26.436232	26.251236	26.082245	25.909767	25.751200	25.591003	25.441034	25.290464	25.145298	
25.156071	25.314966	25.473774	25.640751	25.807119	25.986073	26.163120	26.355701	26.544067	26.749031	26.946402	27.159311	27.360323	27.573662	27.770241	27.973995	28.156103	28.338764	28.495491	28.645340	28.766228	28.872789	28.949162	29.004557	29.030685	29.030682	29.004559	28.949162	28.872791	28.766228	28.645344	28.495489	28.338766	28.156101	27.973999	27.770239	27.573662	27.360321	27.159313	26.946400	26.749033	26.544067	26.355701	26.163120	25.986073	25.807121	25.640749	25.473776	25.314968	25.156071	
25.167923	25.335966	25.509699	25.683559	25.868137	26.052174	26.250685	26.446980	26.659725	26.867392	27.091366	27.306255	27.535042	27.749847	27.973997	28.178852	28.386726	28.570206	28.749226	28.899673	29.037802	29.144756	29.232038	29.287632	29.317490	29.317490	29.287632	29.232040	29.144756	29.037802	28.899672	28.749226	28.570206	28.386726	28.178852	27.973997	27.749844	27.535046	27.306252	27.091368	26.867392	26.659725	26.446978	26.250687	26.052174	25.868137	25.683559	25.509697	25.335966	25.167921	
25.177898	25.358715	25.540024	25.729736	25.919933	26.122993	26.325596	26.543919	26.759611	26.991821	27.217911	27.459011	27.689327	27.930840	28.156103	28.386726	28.595413	28.802132	28.981739	29.151312	29.289846	29.410431	29.497952	29.560635	29.590572	29.590572	29.560635	29.497953	29.410431	29.289848	29.151312	28.981739	28.802132	28.595413	28.386726	28.156101	27.930843	27.689325	27.459015	27.217909	26.991821	26.759609	26.543919	26.325598	26.122997	25.919935	25.729733	25.540026	25.358713	25.177898	
25.188530	25.377520	25.572250	25.768074	25.974667	26.182196	26.404137	26.625668	26.863337	27.097822	27.347900	27.590618	27.845978	28.088640	28.338764	28.570208	28.802134	29.009438	29.209145	29.379128	29.533215	29.654058	29.751421	29.814230	29.847538	29.847538	29.814230	29.751419	29.654060	29.533215	29.379131	29.209148	29.009438	28.802132	28.570210	28.338764	28.088638	27.845980	27.590616	27.347904	27.097824	26.863338	26.625666	26.404139	26.182196	25.974667	25.768076	25.572248	25.377520	25.188530	
25.197117	25.397121	25.598351	25.807865	26.019243	26.243217	26.468609	26.709188	26.949301	27.205017	27.456808	27.722197	27.978756	28.244526	28.495491	28.749228	28.981739	29.209148	29.409266	29.595797	29.750154	29.882790	29.980305	30.049252	30.082607	30.082611	30.049252	29.980307	29.882790	29.750154	29.595795	29.409267	29.209146	28.981739	28.749226	28.495491	28.244528	27.978758	27.722200	27.456808	27.205019	26.949299	26.709190	26.468609	26.243219	26.019243	25.807865	25.598351	25.397121	25.197117	
25.205845	25.412544	25.624800	25.839302	26.064163	26.291761	26.533062	26.776215	27.034416	27.291931	27.563469	27.830105	28.107281	28.373909	28.645340	28.899670	29.151314	29.379128	29.595798	29.782600	29.949760	30.082563	30.188187	30.257210	30.293343	30.293343	30.257210	30.188183	30.082563	29.949760	29.782600	29.595797	29.379129	29.151314	28.899672	28.645342	28.373915	28.107283	27.830109	27.563471	27.291931	27.034418	26.776215	26.533066	26.291759	26.064165	25.839302	25.624800	25.412542	25.205845	
25.212467	25.427673	25.644936	25.870016	26.098553	26.338861	26.582796	26.840679	27.100723	27.374657	27.647469	27.931648	28.209694	28.494202	28.766226	29.037802	29.289846	29.533216	29.750153	29.949760	30.117094	30.259024	30.364738	30.438513	30.474674	30.474674	30.438511	30.364737	30.259022	30.117096	29.949760	29.750156	29.533216	29.289846	29.037804	28.766228	28.494207	28.209698	27.931654	27.647470	27.374662	27.100723	26.840683	26.582792	26.338863	26.098551	25.870020	25.644932	25.427677	25.212467	
25.218676	25.438639	25.663748	25.892370	26.130501	26.373375	26.628639	26.888336	27.161263	27.436453	27.723328	28.008366	28.301102	28.586185	28.872791	29.144753	29.410431	29.654057	29.882790	30.082561	30.259020	30.401051	30.512543	30.586361	30.624504	30.624502	30.586363	30.512541	30.401051	30.259022	30.082563	29.882790	29.654058	29.410433	29.144756	28.872793	28.586187	28.301102	28.008366	27.723331	27.436453	27.161266	26.888334	26.628643	26.373373	26.130505	25.892370	25.663750	25.438639	25.218676	
25.222860	25.448202	25.676470	25.911781	26.152227	26.403143	26.660059	26.929075	27.203156	27.488731	27.776398	28.072535	28.365803	28.662201	28.949162	29.232040	29.497950	29.751419	29.980305	30.188183	30.364737	30.512539	30.624084	30.700911	30.739065	30.739067	30.700909	30.624083	30.512541	30.364737	30.188183	29.980305	29.751423	29.497952	29.232040	28.949162	28.662203	28.365803	28.072536	27.776400	27.488735	27.203156	26.929079	26.660057	26.403145	26.152227	25.911781	25.676468	25.448204	25.222860	
25.226089	25.453903	25.686249	25.923401	26.168842	26.421082	26.683895	26.953844	27.234629	27.520851	27.815834	28.112408	28.413322	28.710011	29.004559	29.287628	29.560635	29.814232	30.049252	30.257208	30.438511	30.586361	30.700911	30.777760	30.816944	30.816944	30.777760	30.700911	30.586365	30.438513	30.257210	30.049252	29.814232	29.560635	29.287632	29.004562	28.710011	28.413322	28.112408	27.815838	27.520849	27.234632	26.953844	26.683895	26.421080	26.168842	25.923399	25.686251	25.453903	25.226089	
25.227522	25.457174	25.690605	25.930042	26.176273	26.431267	26.694643	26.967783	27.248959	27.538738	27.833988	28.134361	28.435452	28.736015	29.030682	29.317490	29.590572	29.847538	30.082609	30.293341	30.474674	30.624502	30.739067	30.816944	30.856134	30.856136	30.816944	30.739067	30.624502	30.474674	30.293343	30.082609	29.847538	29.590572	29.317490	29.030685	28.736019	28.435455	28.134363	27.833992	27.538738	27.248960	26.967785	26.694641	26.431267	26.176273	25.930040	25.690603	25.457176	25.227520	
25.227522	25.457174	25.690605	25.930042	26.176273	26.431267	26.694643	26.967783	27.248959	27.538738	27.833988	28.134361	28.435452	28.736015	29.030682	29.317490	29.590572	29.847538	30.082609	30.293341	30.474674	30.624502	30.739067	30.816944	30.856134	30.856136	30.816944	30.739067	30.624502	30.474674	30.293343	30.082609	29.847538	29.590572	29.317490	29.030685	28.736019	28.435455	28.134363	27.833992	27.538738	27.248960	26.967785	26.694641	26.431267	26.176273	25.930040	25.690603	25.457176	25.227520	
25.226089	25.453903	25.686249	25.923401	26.168842	26.421082	26.683895	26.953844	27.234629	27.520851	27.815834	28.112408	28.413322	28.710011	29.004559	29.287628	29.560635	29.814232	30.049252	30.257208	30.438511	30.586361	30.700911	30.777760	30.816944	30.816944	30.777760	30.700911	30.586365	30.438513	30.257210	30.049252	29.814232	29.560635	29.287632	29.004562	28.710011	28.413322	28.112408	27.815838	27.520849	27.234632	26.953844	26.683895	26.421080	26.168842	25.923399	25.686251	25.453903	25.226089	
25.222860	25.448202	25.676470	25.911781	26.152227	26.403143	26.660059	26.929075	27.203156	27.488731	27.776398	28.072535	28.365803	28.662201	28.949162	29.232040	29.497950	29.751419	29.980305	30.188183	30.364737	30.512539	30.624084	30.700911	30.739065	30.739067	30.700909	30.624083	30.512541	30.364737	30.188183	29.980305	29.751423	29.497952	29.232040	28.949162	28.662203	28.365803	28.072536	27.776400	27.488735	27.203156	26.929079	26.660057	26.403145	26.152227	25.911781	25.676468	25.448204	25.222860	
25.218676	25.438639	25.663748	25.892370	26.130501	26.373375	26.628639	26.888336	27.161263	27.436453	27.723328	28.008366	28.301102	28.586185	28.872791	29.144753	29.410431	29.654057	29.882790	30.082561	30.259020	30.401051	30.512543	30.586361	30.624504	30.624502	30.586363	30.512541	30.401051	30.259022	30.082563	29.882790	29.654058	29.410433	29.144756	28.872793	28.586187	28.301102	28.008366	27.723331	27.436453	27.161266	26.888334	26.628643	26.373373	26.130505	25.892370	25.663750	25.438639	25.218676	
25.212467	25.427673	25.644936	25.870016	26.098553	26.338861	26.582796	26.840679	27.100723	27.374657	27.647469	27.931648	28.209694	28.494202	28.766226	29.037802	29.289846	29.533216	29.750153	29.949760	30.117094	30.259024	30.364738	30.438513	30.474674	30.474674	30.438511	30.364737	30.259022	30.117096	29.949760	29.750156	29.533216	29.289846	29.037804	28.766228	28.494207	28.209698	27.931654	27.647470	27.374662	27.100723	26.840683	26.582792	26.338863	26.098551	25.870020	25.644932	25.427677	25.212467	
25.205845	25.412544	25.624800	25.839302	26.064163	26.291761	26.533062	26.776215	27.034416	27.291931	27.563469	27.830105	28.107281	28.373909	28.645340	28.899670	29.151314	29.379128	29.595798	29.782600	29.949760	30.082563	30.188187	30.257210	30.293343	30.293343	30.257210	30.188183	30.082563	29.949760	29.782600	29.595797	29.379129	29.151314	28.899672	28.645342	28.373915	28.107283	27.830109	27.563471	27.291931	27.034418	26.776215	26.533066	26.291759	26.064165	25.839302	25.624800	25.412542	25.205845	
25.197117	25.397121	25.598351	25.807865	26.019243	26.243217	26.468609	26.709188	26.949301	27.205017	27.456808	27.722197	27.978756	28.244526	28.495491	28.749228	28.981739	29.209148	29.409266	29.595797	29.750154	29.882790	29.980305	30.049252	30.082607	30.082611	30.049252	29.980307	29.882790	29.750154	29.595795	29.409267	29.209146	28.981739	28.749226	28.495491	28.244528	27.978758	27.722200	27.456808	27.205019	26.949299	26.709190	26.468609	26.243219	26.019243	25.807865	25.598351	25.397121	25.197117	
25.188530	25.377520	25.572250	25.768074	25.974667	26.182196	26.404137	26.625668	26.863337	27.097822	27.347900	27.590618	27.845978	28.088640	28.338764	28.570208	28.802134	29.009438	29.209145	29.379128	29.533215	29.654058	29.751421	29.814230	29.847538	29.847538	29.814230	29.751419	29.654060	29.533215	29.379131	29.209148	29.009438	28.802132	28.570210	28.338764	28.088638	27.845980	27.590616	27.347904	27.097824	26.863338	26.625666	26.404139	26.182196	25.974667	25.768076	25.572248	25.377520	25.188530	
25.177898	25.358715	25.540024	25.729736	25.919933	26.122993	26.325596	26.543919	26.759611	26.991821	27.217911	27.459011	27.689327	27.930840	28.156103	28.386726	28.595413	28.802132	28.981739	29.151312	29.289846	29.410431	29.497952	29.560635	29.590572	29.590572	29.560635	29.497953	29.410431	29.289848	29.151312	28.981739	28.802132	28.595413	28.386726	28.156101	27.930843	27.689325	27.459015	27.217909	26.991821	26.759609	26.543919	26.325598	26.122997	25.919935	25.729733	25.540026	25.358713	25.177898	
25.167923	25.335966	25.509699	25.683559	25.868137	26.052174	26.250685	26.446980	26.659725	26.867392	27.091366	27.306255	27.535042	27.749847	27.973997	28.178852	28.386726	28.570206	28.749226	28.899673	29.037802	29.144756	29.232038	29.287632	29.317490	29.317490	29.287632	29.232040	29.144756	29.037802	28.899672	28.749226	28.570206	28.386726	28.178852	27.973997	27.749844	27.535046	27.306252	27.091368	26.867392	26.659725	26.446978	26.250687	26.052174	25.868137	25.683559	25.509697	25.335966	25.167921	
25.156071	25.314966	25.473774	25.640751	25.807119	25.986073	26.163120	26.355701	26.544067	26.749031	26.946402	27.159311	27.360323	27.573662	27.770241	27.973995	28.156103	28.338764	28.495491	28.645340	28.766228	28.872789	28.949162	29.004557	29.030685	29.030682	29.004559	28.949162	28.872791	28.766228	28.645344	28.495489	28.338766	28.156101	27.973999	27.770239	27.573662	27.360321	27.159313	26.946400	26.749033	26.544067	26.355701	26.163120	25.986073	25.807121	25.640749	25.473776	25.314968	25.156071	
25.145298	25.290461	25.441034	25.591002	25.751202	25.909765	26.082247	26.251236	26.436232	26.614925	26.809790	26.994646	27.193771	27.378529	27.573662	27.749849	27.930843	28.088642	28.244526	28.373913	28.494204	28.586185	28.662197	28.710011	28.736013	28.736015	28.710011	28.662201	28.586185	28.494205	28.373911	28.244528	28.088640	27.930843	27.749846	27.573662	27.378525	27.193771	26.994644	26.809792	26.614925	26.436232	26.251236	26.082245	25.909767	25.751200	25.591003	25.441034	25.290464	25.145298	
25.132902	25.268438	25.403461	25.546103	25.687374	25.840437	25.990631	26.155508	26.315205	26.490797	26.658066	26.840546	27.010870	27.193771	27.360323	27.535042	27.689327	27.845980	27.978758	28.107281	28.209698	28.301098	28.365803	28.413317	28.435453	28.435452	28.413321	28.365803	28.301102	28.209694	28.107283	27.978756	27.845978	27.689323	27.535042	27.360321	27.193771	27.010868	26.840548	26.658068	26.490799	26.315205	26.155506	25.990635	25.840435	25.687374	25.546104	25.403461	25.268438	25.132904	
25.121887	25.243462	25.369968	25.495396	25.630173	25.762642	25.907909	26.048981	26.204912	26.354015	26.518353	26.672554	26.840546	26.994648	27.159313	27.306255	27.459013	27.590618	27.722200	27.830109	27.931650	28.008366	28.072533	28.112410	28.134361	28.134361	28.112406	28.072533	28.008366	27.931652	27.830107	27.722200	27.590616	27.459015	27.306252	27.159311	26.994644	26.840546	26.672554	26.518353	26.354015	26.204912	26.048983	25.907909	25.762642	25.630171	25.495396	25.369972	25.243462	25.121885	
25.109535	25.221413	25.332529	25.450447	25.566559	25.693245	25.816584	25.953167	26.084234	26.229790	26.367023	26.518353	26.658070	26.809792	26.946404	27.091366	27.217911	27.347904	27.456808	27.563469	27.647470	27.723328	27.776400	27.815836	27.833992	27.833988	27.815834	27.776400	27.723328	27.647470	27.563471	27.456808	27.347904	27.217911	27.091370	26.946400	26.809790	26.658066	26.518353	26.367022	26.229790	26.084236	25.953169	25.816586	25.693243	25.566559	25.450445	25.332531	25.221413	25.109535	
25.098705	25.197014	25.299616	25.400898	25.510353	25.617214	25.735306	25.849030	25.975882	26.096027	26.229790	26.354015	26.490797	26.614925	26.749033	26.867392	26.991821	27.097822	27.205017	27.291931	27.374662	27.436449	27.488735	27.520851	27.538736	27.538738	27.520851	27.488733	27.436451	27.374660	27.291933	27.205017	27.097824	26.991823	26.867390	26.749033	26.614923	26.490797	26.354013	26.229790	26.096027	25.975883	25.849031	25.735306	25.617214	25.510349	25.400898	25.299618	25.197014	25.098705	
25.086843	25.175678	25.263653	25.357407	25.449234	25.550072	25.647533	25.756342	25.859858	25.975882	26.084236	26.204912	26.315205	26.436232	26.544067	26.659725	26.759609	26.863337	26.949299	27.034418	27.100723	27.161264	27.203154	27.234631	27.248960	27.248959	27.234629	27.203152	27.161264	27.100723	27.034418	26.949299	26.863338	26.759611	26.659727	26.544065	26.436232	26.315205	26.204910	26.084234	25.975882	25.859859	25.756342	25.647537	25.550070	25.449234	25.357403	25.263651	25.175678	25.086843	
25.076492	25.152571	25.232189	25.310472	25.395512	25.478031	25.569866	25.657627	25.756344	25.849028	25.953169	26.048981	26.155506	26.251236	26.355701	26.446978	26.543921	26.625664	26.709188	26.776217	26.840681	26.888334	26.929075	26.953844	26.967781	26.967785	26.953844	26.929075	26.888332	26.840681	26.776215	26.709190	26.625666	26.543921	26.446978	26.355701	26.251236	26.155506	26.048981	25.953167	25.849030	25.756340	25.657631	25.569864	25.478031	25.395508	25.310472	25.232189	25.152569	25.076492	
25.065384	25.132351	25.198505	25.269268	25.338249	25.414434	25.487597	25.569864	25.647533	25.735306	25.816586	25.907909	25.990635	26.082245	26.163122	26.250687	26.325598	26.404139	26.468607	26.533066	26.582792	26.628641	26.660057	26.683895	26.694641	26.694641	26.683893	26.660057	26.628641	26.582792	26.533066	26.468607	26.404139	26.325598	26.250687	26.163120	26.082245	25.990631	25.907909	25.816582	25.735306	25.647535	25.569864	25.487598	25.414433	25.338249	25.269268	25.198503	25.132351	25.065384	
25.055626	25.110884	25.168850	25.225655	25.287624	25.347454	25.414433	25.478029	25.550072	25.617214	25.693245	25.762642	25.840437	25.909767	25.986073	26.052176	26.122993	26.182194	26.243217	26.291758	26.338863	26.373371	26.403141	26.421080	26.431267	26.431265	26.421080	26.403143	26.373373	26.338863	26.291759	26.243217	26.182196	26.122993	26.052174	25.986073	25.909763	25.840437	25.762638	25.693245	25.617214	25.550070	25.478033	25.414433	25.347454	25.287624	25.225651	25.168848	25.110882	25.055624	
25.045351	25.091850	25.137688	25.186872	25.234631	25.287624	25.338247	25.395508	25.449234	25.510351	25.566563	25.630173	25.687374	25.751202	25.807121	25.868137	25.919933	25.974667	26.019243	26.064165	26.098549	26.130501	26.152227	26.168839	26.176270	26.176271	26.168840	26.152225	26.130505	26.098549	26.064165	26.019243	25.974667	25.919933	25.868137	25.807119	25.751202	25.687374	25.630173	25.566561	25.510353	25.449234	25.395508	25.338253	25.287624	25.234629	25.186869	25.137688	25.091846	25.045351	
25.036137	25.072004	25.109699	25.146542	25.186872	25.225651	25.269268	25.310474	25.357407	25.400898	25.450447	25.495392	25.546103	25.591003	25.640751	25.683559	25.729736	25.768076	25.807865	25.839302	25.870018	25.892368	25.911781	25.923397	25.930040	25.930038	25.923397	25.911781	25.892368	25.870018	25.839302	25.807865	25.768074	25.729736	25.683559	25.640751	25.591003	25.546103	25.495392	25.450447	25.400898	25.357405	25.310474	25.269264	25.225651	25.186867	25.146538	25.109699	25.072004	25.036137	
25.026611	25.053921	25.080797	25.109701	25.137688	25.168850	25.198503	25.232189	25.263649	25.299616	25.332529	25.369970	25.403461	25.441034	25.473778	25.509699	25.540026	25.572250	25.598352	25.624802	25.644934	25.663748	25.676468	25.686253	25.690601	25.690601	25.686251	25.676466	25.663750	25.644932	25.624802	25.598351	25.572250	25.540024	25.509699	25.473776	25.441034	25.403461	25.369970	25.332529	25.299618	25.263653	25.232187	25.198505	25.168848	25.137688	25.109699	25.080795	25.053917	25.026611	
25.017761	25.035379	25.053917	25.072006	25.091850	25.110882	25.132351	25.152569	25.175678	25.197010	25.221416	25.243462	25.268436	25.290464	25.314968	25.335966	25.358713	25.377522	25.397121	25.412544	25.427673	25.438641	25.448202	25.453899	25.457176	25.457174	25.453901	25.448204	25.438641	25.427675	25.412542	25.397121	25.377520	25.358713	25.335966	25.314968	25.290462	25.268436	25.243462	25.221416	25.197014	25.175674	25.152569	25.132351	25.110882	25.091850	25.072004	25.053917	25.035381	25.017761	
25.008766	25.017761	25.026611	25.036139	25.045349	25.055624	25.065382	25.076492	25.086842	25.098705	25.109531	25.121885	25.132904	25.145298	25.156071	25.167921	25.177898	25.188530	25.197119	25.205843	25.212469	25.218676	25.222862	25.226089	25.227520	25.227520	25.226089	25.222862	25.218678	25.212469	25.205845	25.197117	25.188532	25.177898	25.167923	25.156071	25.145298	25.132904	25.121887	25.109535	25.098705	25.086843	25.076492	25.065382	25.055624	25.045349	25.036137	25.026611	25.017761	25.008764	
