49.991669	69.748711	79.036499	84.118134	87.247719	89.350471	90.855820	91.985413	92.864059	93.567078	94.142639	94.622856	95.030075	95.380234	95.685104	95.953476	96.192123	96.406326	96.600258	96.777298	96.940140	97.091064	97.231903	97.364204	97.489288	97.608284	97.722099	97.831589	97.937416	98.040207	98.140472	98.238655	98.335175	98.430321	98.524414	98.617691	98.710373	98.802620	98.894585	98.986389	99.078133	99.169884	99.261688	99.353600	99.445618	99.537781	99.630043	99.722427	99.814896	99.907433	
30.218033	49.966812	62.279320	70.188568	75.522598	79.298714	82.087830	84.222275	85.904243	87.262253	88.381233	89.319427	90.117935	90.806580	91.407509	91.937531	92.409576	92.833832	93.218384	93.569733	93.893234	94.193214	94.473343	94.736656	94.985733	95.222748	95.449600	95.667839	95.878906	96.083939	96.283997	96.479958	96.672592	96.862602	97.050491	97.236824	97.421959	97.606262	97.790031	97.973511	98.156860	98.340248	98.523773	98.707504	98.891479	99.075729	99.260231	99.444962	99.629868	99.814896	
20.913784	37.621422	49.925797	58.834717	65.356018	70.234695	73.975357	76.912575	79.269508	81.197594	82.801926	84.157074	85.317131	86.322182	87.202484	87.981262	88.676605	89.302895	89.871574	90.392014	90.871780	91.317253	91.733643	92.125404	92.496277	92.849480	93.187714	93.513351	93.828407	94.134636	94.433556	94.726486	95.014557	95.298752	95.579926	95.858780	96.135956	96.411942	96.687195	96.962036	97.236763	97.511581	97.786636	98.062035	98.337845	98.614067	98.890701	99.167679	99.444954	99.722427	
15.815863	29.679682	40.968277	49.869251	56.832954	62.309799	66.667610	70.184631	73.065208	75.458481	77.473724	79.191864	80.673538	81.964882	83.101440	84.110947	85.015381	85.832283	86.575897	87.257820	87.887650	88.473343	89.021614	89.538101	90.027618	90.494240	90.941536	91.372490	91.789772	92.195625	92.592041	92.980728	93.363159	93.740631	94.114227	94.484917	94.853485	95.220612	95.586838	95.952644	96.318367	96.684303	97.050629	97.417465	97.784912	98.152962	98.521576	98.890701	99.260223	99.630043	
12.670247	24.313652	34.399143	42.842018	49.798027	55.505390	60.202374	64.095024	67.350380	70.099747	72.445206	74.465836	76.223206	77.765472	79.130684	80.349136	81.445206	82.438644	83.345657	84.179581	84.951553	85.670883	86.345413	86.981873	87.585915	88.162476	88.715736	89.249390	89.766556	90.270012	90.762131	91.245003	91.720413	92.189941	92.654900	93.116455	93.575592	94.033112	94.489700	94.945908	95.402168	95.858795	96.316040	96.774040	97.232864	97.692520	98.152954	98.614075	99.075729	99.537766	
10.551780	20.506165	29.473541	37.302914	44.013245	49.713207	54.543564	58.645134	62.144173	65.147865	67.744667	70.006516	71.991592	73.746964	75.310715	76.713951	77.982040	79.135994	80.193176	81.168114	82.072998	82.918152	83.712357	84.463089	85.176811	85.859055	86.514664	87.147774	87.762070	88.360641	88.946312	89.521454	90.088158	90.648224	91.203239	91.754517	92.303192	92.850235	93.396393	93.942337	94.488541	95.035400	95.583138	96.131927	96.681839	97.232864	97.784912	98.337845	98.891487	99.445618	
9.031084	17.686409	25.687073	32.884285	39.240700	44.792782	49.616081	53.800621	57.436470	60.606358	63.382866	65.828018	67.994064	69.924629	71.656143	73.218895	74.638290	75.935516	77.128525	78.232391	79.260010	80.222313	81.128746	81.987381	82.805237	83.588394	84.342110	85.071045	85.779167	86.470062	87.146744	87.811943	88.467972	89.116882	89.760391	90.400047	91.037086	91.672592	92.307442	92.942337	93.577827	94.214317	94.852081	95.491257	96.131927	96.774048	97.417465	98.062042	98.707504	99.353592	
7.886570	15.522183	22.705318	29.308165	35.274574	40.603676	45.330238	49.508110	53.198402	56.462257	59.356792	61.933357	64.236992	66.306686	68.175850	69.873077	71.422707	72.845566	74.159431	75.379555	76.519051	77.589218	78.599846	79.559433	80.475395	81.354141	82.201385	83.022026	83.820450	84.600418	85.365341	86.118088	86.861244	87.597008	88.327324	89.053802	89.777878	90.500687	91.223198	91.946175	92.670197	93.395691	94.122932	94.852081	95.583138	96.316040	97.050613	97.786629	98.523773	99.261688	
6.993502	13.811397	20.305315	26.370392	31.948158	37.019951	41.596409	45.706894	49.390945	52.692024	55.653637	58.316921	60.719559	62.895256	64.873848	66.681412	68.340775	69.871674	71.291382	72.614815	73.855042	75.023399	76.129845	77.183060	78.190666	79.159401	80.095146	81.003128	81.887909	82.753555	83.603592	84.441193	85.269028	86.089516	86.904709	87.716385	88.526001	89.334839	90.143890	90.953987	91.765717	92.579529	93.395691	94.214325	95.035393	95.858803	96.684296	97.511566	98.340240	99.169876	
6.276576	12.425671	18.335754	23.922077	29.130367	33.934734	38.332191	42.336288	45.971046	49.266350	52.254299	54.967079	57.435345	59.687630	61.749847	63.645344	65.394882	67.016907	68.527687	69.941620	71.271370	72.528137	73.721786	74.861061	75.953674	77.006470	78.025513	79.016159	79.983185	80.930779	81.862701	82.782181	83.692123	84.595009	85.493057	86.388062	87.281670	88.175125	89.069550	89.965729	90.864319	91.765724	92.670197	93.577827	94.488548	95.402161	96.318367	97.236755	98.156853	99.078125	
5.687727	11.280128	16.691730	21.854136	26.719425	31.259884	35.465401	39.339539	42.895721	46.153561	49.136223	51.868202	54.374062	56.677368	58.800297	60.763260	62.584888	64.282005	65.869774	67.361725	68.770012	70.105446	71.377693	72.595375	73.766190	74.897003	75.993927	77.062431	78.107368	79.133080	80.143387	81.141693	82.130966	83.113831	84.092514	85.068993	86.044853	87.021507	88.000000	88.981209	89.965729	90.953987	91.946175	92.942337	93.942337	94.945908	95.952637	96.962036	97.973495	98.986389	
5.194844	10.316674	15.298811	20.085865	24.636457	28.923775	32.934307	36.665726	40.124199	43.322029	46.275341	49.002529	51.522816	53.855453	56.019054	58.031250	59.908463	61.665871	63.317307	64.875412	66.351593	67.756195	69.098549	70.387039	71.629234	72.831940	74.001251	75.142670	76.261093	77.360916	78.446053	79.519958	80.585701	81.645943	82.703033	83.758926	84.815338	85.873611	86.934906	88.000000	89.069550	90.143890	91.223198	92.307449	93.396393	94.489693	95.586845	96.687180	97.790039	98.894585	
4.775667	9.494286	14.103041	18.556782	22.820185	26.868479	30.687046	34.270130	37.619267	40.741459	43.647655	46.351303	48.867298	51.211105	53.398197	55.443584	57.361618	59.165760	60.868568	62.481632	64.015602	65.480232	66.884415	68.236237	69.543076	70.811562	72.047752	73.257088	74.444489	75.614349	76.770630	77.916840	79.056076	80.191071	81.324181	82.457443	83.592552	84.730919	85.873611	87.021515	88.175125	89.334839	90.500687	91.672592	92.850220	94.033112	95.220596	96.411949	97.606262	98.802620	
4.414271	8.783231	13.064473	17.220953	21.222628	25.047241	28.680241	32.114162	35.347546	38.383808	41.230000	43.895798	46.392548	48.732582	50.928589	52.993286	54.939034	56.777740	58.520630	60.178276	61.760513	63.276463	64.734520	66.142426	67.507271	68.835526	70.133102	71.405380	72.657204	73.892990	75.116684	76.331818	77.541519	78.748550	79.955284	81.163773	82.375732	83.592560	84.815338	86.044861	87.281662	88.526001	89.777870	91.037086	92.303192	93.575584	94.853485	96.135941	97.421959	98.710365	
4.098966	8.161441	12.152991	16.043003	19.805969	23.422165	26.877806	30.164696	33.279617	36.223518	39.000679	41.617855	44.083626	46.407681	48.600418	50.672478	52.634495	54.496872	56.269623	57.962303	59.583939	61.142986	62.647346	64.104355	65.520782	66.902908	68.256454	69.586693	70.898422	72.195999	73.483337	74.764000	76.041092	77.317383	78.595291	79.876854	81.163773	82.457458	83.758926	85.068993	86.388069	87.716377	89.053802	90.400040	91.754509	93.116455	94.484909	95.858780	97.236816	98.617691	
3.820967	7.612208	11.345482	14.995338	18.540091	21.962444	25.249664	28.393482	31.389696	34.237659	36.939648	39.500290	41.925938	44.224213	46.403538	48.472816	50.441132	52.317551	54.110962	55.829964	57.482784	59.077248	60.620728	62.120155	63.581978	65.012222	66.416435	67.799759	69.166885	70.522118	71.869354	73.212097	74.553482	75.896271	77.242859	78.595299	79.955284	81.324188	82.703033	84.092514	85.493050	86.904709	88.327316	89.760391	91.203232	92.654892	94.114227	95.579910	97.050499	98.524406	
3.573546	7.122643	10.623940	14.056145	17.400822	20.642857	23.770720	26.776423	29.655329	32.405773	35.028679	37.527054	39.905598	42.170227	44.327797	46.385700	48.351707	50.233696	52.039528	53.776924	55.453384	57.076103	58.651955	60.187447	61.688721	63.161530	64.611237	66.042831	67.460922	68.869713	70.273071	71.674461	73.077026	74.483490	75.896271	77.317398	78.748550	80.191071	81.645950	83.113831	84.595016	86.089523	87.597000	89.116875	90.648224	92.189926	93.740616	95.298759	96.862587	98.430321	
3.351458	6.682649	9.974121	13.207996	16.368547	19.442642	22.419947	25.292976	28.056990	30.709759	33.251259	35.683380	38.009502	40.234276	42.363213	44.402519	46.358803	48.238922	50.049843	51.798473	53.491642	55.135971	56.737846	58.303391	59.838425	61.348438	62.838615	64.313782	65.778442	67.236725	68.692459	70.149078	71.609680	73.077026	74.553490	76.041100	77.541527	79.056084	80.585701	82.130974	83.692123	85.269028	86.861237	88.467972	90.088150	91.720413	93.363159	95.014542	96.672600	98.335159	
3.150553	6.284193	9.384636	12.436789	15.427238	18.344585	21.179657	23.925581	26.577732	29.133595	31.592567	33.955704	36.225468	38.405453	40.500168	42.514786	44.454983	46.326725	48.136185	49.889580	51.593113	53.252895	54.874855	56.464760	58.028107	59.570168	61.095924	62.610065	64.116989	65.620750	67.125130	68.633545	70.149078	71.674469	73.212112	74.764008	76.331833	77.916855	79.519966	81.141693	82.782181	84.441185	86.118088	87.811943	89.521454	91.245003	92.980728	94.726486	96.479950	98.238663	
2.967500	5.920815	8.846242	11.731014	14.563663	17.334324	20.034908	22.659191	25.202806	27.663160	30.039299	32.331726	34.542198	36.673542	38.729446	40.714264	42.632889	44.490547	46.292728	48.045033	49.753136	51.422653	53.059143	54.668003	56.254486	57.823612	59.380207	60.928818	62.473751	64.019028	65.568352	67.125137	68.692459	70.273087	71.869362	73.483353	75.116699	76.770645	78.446060	80.143402	81.862701	83.603607	85.365341	87.146759	88.946304	90.762131	92.592041	94.433563	96.283989	98.140465	
2.799594	5.587243	8.351381	11.081173	13.766819	16.399792	18.972998	21.480873	23.919382	26.285992	28.579567	30.800249	32.949310	35.028984	37.042320	38.993034	40.885357	42.723915	44.513611	46.259537	47.966866	49.640835	51.286613	52.909332	54.513962	56.105358	57.688179	59.266853	60.845631	62.428452	64.019028	65.620758	67.236740	68.869728	70.522133	72.196007	73.892998	75.614365	77.360931	79.133087	80.930801	82.753563	84.600449	86.470062	88.360657	90.270012	92.195633	94.134636	96.083931	98.040207	
2.644614	5.279141	7.893794	10.479365	13.027478	15.530781	17.983088	20.379463	22.716257	24.991077	27.202736	29.351158	31.437275	33.462891	35.430573	37.343525	39.205452	41.020477	42.793026	44.527733	46.229393	47.902863	49.553024	51.184723	52.802750	54.411766	56.016296	57.620720	59.229172	60.845627	62.473751	64.116989	65.778442	67.460922	69.166893	70.898422	72.657211	74.444496	76.261108	78.107384	79.983200	81.887924	83.820450	85.779190	87.762054	89.766556	91.789764	93.828407	95.878891	97.937416	
2.500718	4.992902	7.468259	9.918962	12.337855	14.718615	17.055870	19.345297	21.583632	23.768684	25.899303	27.975298	29.997383	31.967051	33.886520	35.758572	37.586525	39.374073	41.125252	42.844334	44.535759	46.204109	47.853989	49.490032	51.116844	52.738960	54.360806	55.986679	57.620720	59.266857	60.928818	62.610069	64.313782	66.042847	67.799759	69.586700	71.405380	73.257095	75.142685	77.062439	79.016174	81.003128	83.022049	85.071045	87.147797	89.249374	91.372498	93.513344	95.667839	97.831589	
2.366363	4.725501	7.070382	9.394360	11.691325	13.955859	16.183329	18.369965	20.512905	22.610193	24.660759	26.664396	28.621670	30.533884	32.402962	34.231422	36.022217	37.778748	39.504715	41.204094	42.881050	44.539909	46.185070	47.820992	49.452126	51.082920	52.717720	54.360809	56.016296	57.688175	59.380203	61.095924	62.838623	64.611237	66.416451	68.256454	70.133118	72.047760	74.001266	75.993942	78.025520	80.095169	82.201385	84.342133	86.514664	88.715752	90.941528	93.187721	95.449585	97.722107	
2.240246	4.474377	6.696439	8.900785	11.082224	13.236120	15.358507	17.446133	19.496515	21.507948	23.479496	25.410969	27.302879	29.156382	30.973234	32.755695	34.506512	36.228798	37.926018	39.601894	41.260387	42.905602	44.541786	46.173252	47.804363	49.439472	51.082920	52.738960	54.411766	56.105358	57.823612	59.570171	61.348442	63.161537	65.012222	66.902908	68.835526	70.811569	72.831940	74.897011	77.006485	79.159401	81.354164	83.588387	85.859070	88.162468	90.494247	92.849472	95.222748	97.608276	
2.121262	4.237355	6.343245	8.434153	10.505672	12.553867	14.575356	16.567369	18.527786	20.455151	22.348688	24.208267	26.034386	27.828129	29.591114	31.325457	33.033699	34.718781	36.383953	38.032768	39.668991	41.296593	42.919674	44.542469	46.169250	47.804363	49.452126	51.116844	52.802750	54.513966	56.254486	58.028114	59.838428	61.688728	63.581993	65.520790	67.507286	69.543068	71.629242	73.766197	75.953682	78.190681	80.475395	82.805244	85.176811	87.585915	90.027603	92.496277	94.985718	97.489288	
2.008461	4.012566	6.008069	7.990937	9.957451	11.904287	13.828590	15.728024	17.600807	19.445742	21.262207	23.050175	24.810158	26.543207	28.250862	29.935133	31.598423	33.243523	34.873550	36.491898	38.102203	39.708332	41.314297	42.924255	44.542465	46.173256	47.820992	49.490028	51.184731	52.909328	54.668007	56.464764	58.303398	60.187458	62.120155	64.104362	66.142433	68.236252	70.387039	72.595383	74.861069	77.183060	79.559448	81.987389	84.463089	86.981865	89.538101	92.125397	94.736656	97.364204	
1.901029	3.798401	5.688547	7.568087	9.433893	11.283187	13.113573	14.923113	16.710344	18.474308	20.214561	21.931170	23.624699	25.296200	26.947170	28.579542	30.195639	31.798136	33.390045	34.974651	36.555519	38.136410	39.721294	41.314297	42.919678	44.541786	46.185070	47.853989	49.553020	51.286613	53.059143	54.874863	56.737854	58.651955	60.620735	62.647346	64.734528	66.884415	69.098549	71.377693	73.721794	76.129852	78.599854	81.128746	83.712357	86.345421	89.021614	91.733643	94.473343	97.231895	
1.798259	3.593462	5.382633	7.162945	8.931799	10.686884	12.426225	14.148234	15.851746	17.536026	19.200804	20.846254	22.473013	24.082144	25.675138	27.253880	28.820633	30.378010	31.928936	33.476639	35.024593	36.576542	38.136410	39.708332	41.296589	42.905609	44.539909	46.204113	47.902863	49.640835	51.422657	53.252895	55.135971	57.076107	59.077248	61.142994	63.276463	65.480240	67.756195	70.105453	72.528145	75.023407	77.589233	80.222328	82.918167	85.670883	88.473351	91.317245	94.193207	97.091064	
1.699537	3.396539	5.088535	6.773192	8.448361	10.112147	11.762945	13.399487	15.020868	16.626574	18.216492	19.790916	21.350552	22.896502	24.430256	25.953690	27.469025	28.978825	30.485975	31.993641	33.505283	35.024593	36.555523	38.102203	39.668991	41.260387	42.881058	44.535767	46.229393	47.966869	49.753136	51.593117	53.491646	55.453384	57.482780	59.583939	61.760521	64.015610	66.351601	68.770012	71.271378	73.855049	76.519058	79.260010	82.073013	84.951553	87.887634	90.871788	93.893219	96.940147	
1.604326	3.206567	4.804695	6.396794	7.981117	9.556129	11.120555	12.673409	14.214025	15.742086	17.257635	18.761076	20.253191	21.735126	23.208399	24.674866	26.136742	27.596560	29.057171	30.521721	31.993641	33.476639	34.974655	36.491898	38.032768	39.601898	41.204094	42.844334	44.527733	46.259537	48.045036	49.889580	51.798473	53.776928	55.829960	57.962307	60.178276	62.481636	64.875412	67.361725	69.941628	72.614822	75.379562	78.232407	81.168121	84.179588	87.257820	90.391998	93.569733	96.777290	
1.512157	3.022619	4.529736	6.031963	7.527895	9.016318	10.496238	11.966923	13.427927	14.879107	16.320644	17.753056	19.177197	20.594261	22.005783	23.413647	24.820036	26.227486	27.638817	29.057171	30.485973	31.928936	33.390045	34.873550	36.383957	37.926018	39.504715	41.125252	42.793030	44.513611	46.292725	48.136177	50.049839	52.039524	54.110962	56.269619	58.520630	60.868572	63.317307	65.869774	68.527695	71.291382	74.159431	77.128525	80.193184	83.345657	86.575897	89.871582	93.218384	96.600258	
1.422619	2.843877	4.262457	5.677127	7.086784	8.490488	9.887500	11.277306	12.659648	14.034544	15.402308	16.763546	18.119192	19.470484	20.818989	22.166582	23.515474	24.868164	26.227486	27.596561	28.978827	30.378010	31.798138	33.243526	34.718781	36.228802	37.778748	39.374077	41.020477	42.723915	44.490547	46.326725	48.238926	50.233696	52.317551	54.496872	56.777737	59.165768	61.665871	64.282013	67.016907	69.871681	72.845566	75.935524	79.136002	82.438652	85.832291	89.302879	92.833817	96.406319	
1.335348	2.669624	4.001794	5.330899	6.656095	7.976680	9.292130	10.602127	11.906580	13.205647	14.499746	15.789583	17.076145	18.360722	19.644896	20.930565	22.219917	23.515474	24.820040	26.136744	27.469027	28.820635	30.195641	31.598425	33.033703	34.506512	36.022221	37.586525	39.205456	40.885361	42.632889	44.454979	46.358803	48.351707	50.441132	52.634502	54.939041	57.361618	59.908470	62.584888	65.394882	68.340767	71.422714	74.638283	77.982048	81.445206	85.015373	88.676605	92.409569	96.192108	
1.250027	2.499228	3.746814	4.992057	6.234336	7.473154	8.708174	9.939242	11.166410	12.389956	13.610399	14.828514	16.045345	17.262211	18.480724	19.702774	20.930563	22.166584	23.413647	24.674870	25.953690	27.253880	28.579544	29.935135	31.325455	32.755699	34.231415	35.758575	37.343521	38.993031	40.714268	42.514786	44.402519	46.385696	48.472816	50.672478	52.993286	55.443588	58.031250	60.763264	63.645344	66.681419	69.873077	73.218903	76.713943	80.349136	84.110947	87.981232	91.937515	95.953461	
1.166375	2.332135	3.496693	4.659526	5.820194	6.978381	8.133904	9.286750	10.437091	11.585305	12.731991	13.877987	15.024374	16.172503	17.323986	18.480722	19.644896	20.818989	22.005789	23.208401	24.430258	25.675138	26.947174	28.250866	29.591116	30.973232	32.402966	33.886517	35.430573	37.042316	38.729439	40.500164	42.363213	44.327789	46.403538	48.600418	50.928593	53.398193	56.019054	58.800293	61.749851	64.873840	68.175858	71.656143	75.310730	79.130684	83.101425	87.202484	91.407501	95.685089	
1.084146	2.167853	3.250710	4.332356	5.412516	6.491012	7.567797	8.642973	9.716812	10.789772	11.862514	12.935922	14.011106	15.089428	16.172503	17.262211	18.360722	19.470484	20.594261	21.735130	22.896503	24.082146	25.296200	26.543209	27.828129	29.156384	30.533878	31.967052	33.462891	35.028976	36.673542	38.405453	40.234276	42.170227	44.224213	46.407684	48.732582	51.211109	53.855453	56.677372	59.687626	62.895256	66.306686	69.924637	73.746964	77.765472	81.964874	86.322182	90.806572	95.380241	
1.003124	2.005957	3.008229	4.009721	5.010283	6.009862	7.008517	8.006444	9.003989	10.001677	11.000210	12.000504	13.003683	14.011106	15.024375	16.045345	17.076145	18.119192	19.177197	20.253193	21.350552	22.473015	23.624704	24.810160	26.034386	27.302879	28.621670	29.997381	31.437273	32.949303	34.542194	36.225468	38.009502	39.905594	41.925938	44.083622	46.392551	48.867298	51.522816	54.374058	57.435349	60.719555	64.237000	67.994064	71.991608	76.223198	80.673538	85.317123	90.117935	95.030067	
0.923121	1.846069	2.768694	3.690889	4.612611	5.533899	6.454899	7.375877	8.297242	9.219555	10.143555	11.070162	12.000504	12.935923	13.877987	14.828515	15.789583	16.763548	17.753056	18.761076	19.790918	20.846258	21.931171	23.050177	24.208269	25.410969	26.664396	27.975300	29.351158	30.800249	32.331722	33.955704	35.683376	37.527061	39.500290	41.617859	43.895802	46.351303	49.002525	51.868210	54.967075	58.316929	61.933357	65.828026	70.006523	74.465836	79.191856	84.157059	89.319427	94.622864	
0.843970	1.687863	2.531623	3.375231	4.218725	5.062222	5.905928	6.750164	7.595374	8.442150	9.291237	10.143555	11.000212	11.862514	12.731992	13.610400	14.499747	15.402308	16.320644	17.257635	18.216494	19.200806	20.214565	21.262211	22.348690	23.479500	24.660763	25.899303	27.202736	28.579567	30.039299	31.592566	33.251266	35.028679	36.939655	39.000679	41.230003	43.647652	46.275345	49.136219	52.254311	55.653641	59.356796	63.382866	67.744667	72.445206	77.473724	82.801926	88.381226	94.142632	
0.765529	1.531055	2.296594	3.062195	3.827959	4.594052	5.360732	6.128346	6.897366	7.668386	8.442149	9.219556	10.001677	10.789772	11.585305	12.389958	13.205647	14.034546	14.879107	15.742087	16.626575	17.536030	18.474310	19.445742	20.455153	21.507950	22.610191	23.768688	24.991079	26.285994	27.663160	29.133595	30.709757	32.405781	34.237659	36.223522	38.383808	40.741463	43.322021	46.153568	49.266350	52.692032	56.462257	60.606358	65.147865	70.099747	75.458481	81.197586	87.262238	93.567078	
0.687674	1.375400	2.063246	2.751310	3.439735	4.128726	4.818563	5.509615	6.202353	6.897366	7.595375	8.297241	9.003990	9.716812	10.437092	11.166412	11.906581	12.659649	13.427929	14.214025	15.020868	15.851746	16.710346	17.600807	18.527786	19.496515	20.512907	21.583632	22.716259	23.919380	25.202806	26.577730	28.056992	29.655329	31.389700	33.279617	35.347549	37.619263	40.124207	42.895718	45.971058	49.390945	53.198410	57.436470	62.144165	67.350372	73.065208	79.269501	85.904251	92.864044	
0.610298	1.220686	1.831267	2.442169	3.053564	3.665675	4.278792	4.893285	5.509614	6.128346	6.750163	7.375877	8.006443	8.642973	9.286750	9.939243	10.602128	11.277306	11.966925	12.673409	13.399487	14.148235	14.923113	15.728024	16.567368	17.446135	18.369967	19.345299	20.379463	21.480873	22.659189	23.925581	25.292976	26.776424	28.393482	30.164700	32.114159	34.270138	36.665722	39.339546	42.336285	45.706898	49.508114	53.800625	58.645134	64.095032	70.184631	76.912582	84.222275	91.985413	
0.533311	1.066733	1.600390	2.134428	2.669029	3.204421	3.740890	4.278792	4.818563	5.360732	5.905928	6.454899	7.008517	7.567797	8.133904	8.708174	9.292130	9.887501	10.496239	11.120556	11.762946	12.426224	13.113573	13.828590	14.575356	15.358507	16.183329	17.055872	17.983088	18.973000	20.034908	21.179657	22.419945	23.770720	25.249666	26.877806	28.680244	30.687042	32.934315	35.465393	38.332203	41.596409	45.330246	49.616081	54.543571	60.202374	66.667618	73.975357	82.087830	90.855820	
0.456634	0.913388	1.370392	1.827796	2.285781	2.744566	3.204421	3.665675	4.128726	4.594052	5.062222	5.533899	6.009861	6.491012	6.978380	7.473154	7.976679	8.490489	9.016317	9.556131	10.112148	10.686884	11.283185	11.904288	12.553867	13.236121	13.955860	14.718615	15.530782	16.399792	17.334326	18.344587	19.442642	20.642859	21.962444	23.422167	25.047237	26.868483	28.923771	31.259890	33.934731	37.019951	40.603680	44.792786	49.713203	55.505394	62.309803	70.234695	79.298714	89.350471	
0.380201	0.760520	1.141081	1.522028	1.903528	2.285781	2.669029	3.053564	3.439735	3.827959	4.218725	4.612610	5.010283	5.412516	5.820195	6.234335	6.656094	7.086784	7.527895	7.981117	8.448362	8.931800	9.433895	9.957451	10.505672	11.082223	11.691325	12.337856	13.027479	13.766819	14.563664	15.427239	16.368547	17.400822	18.540092	19.805965	21.222628	22.820179	24.636463	26.719421	29.130367	31.948156	35.274574	39.240700	44.013252	49.798023	56.832962	65.356018	75.522598	87.247726	
0.303957	0.608019	0.912298	1.216919	1.522028	1.827796	2.134429	2.442169	2.751310	3.062195	3.375231	3.690889	4.009720	4.332356	4.659526	4.992057	5.330899	5.677127	6.031963	6.396794	6.773192	7.162945	7.568087	7.990937	8.434153	8.900786	9.394360	9.918962	10.479366	11.081173	11.731014	12.436790	13.207995	14.056146	14.995336	16.043003	17.220951	18.556782	20.085861	21.854137	23.922075	26.370392	29.308163	32.884281	37.302910	42.842022	49.869247	58.834721	70.188568	84.118134	
0.227853	0.455792	0.683907	0.912298	1.141081	1.370392	1.600390	1.831267	2.063246	2.296595	2.531623	2.768694	3.008228	3.250710	3.496693	3.746813	4.001794	4.262456	4.529737	4.804694	5.088535	5.382632	5.688548	6.008069	6.343246	6.696439	7.070383	7.468259	7.893794	8.351381	8.846243	9.384636	9.974121	10.623938	11.345483	12.152990	13.064473	14.103038	15.298812	16.691727	18.335754	20.305313	22.705318	25.687069	29.473545	34.399143	40.968281	49.925797	62.279327	79.036499	
0.151849	0.303759	0.455792	0.608019	0.760520	0.913388	1.066733	1.220686	1.375400	1.531055	1.687863	1.846069	2.005956	2.167853	2.332134	2.499228	2.669624	2.843877	3.022619	3.206567	3.396538	3.593462	3.798400	4.012567	4.237355	4.474378	4.725501	4.992903	5.279141	5.587244	5.920815	6.284193	6.682648	7.122643	7.612207	8.161442	8.783230	9.494286	10.316672	11.280129	12.425669	13.811398	15.522182	17.686409	20.506163	24.313654	29.679682	37.621426	49.966812	69.748718	
0.075909	0.151849	0.227853	0.303957	0.380201	0.456634	0.533311	0.610299	0.687674	0.765529	0.843970	0.923120	1.003124	1.084146	1.166375	1.250027	1.335348	1.422619	1.512157	1.604326	1.699537	1.798259	1.901029	2.008461	2.121262	2.240246	2.366363	2.500718	2.644615	2.799594	2.967500	3.150553	3.351458	3.573546	3.820967	4.098966	4.414271	4.775666	5.194844	5.687726	6.276576	6.993500	7.886571	9.031082	10.551781	12.670247	15.815866	20.913784	30.218037	49.991669	
