25.000206	25.000408	25.000614	25.000814	25.001011	25.001205	25.001396	25.001579	25.001759	25.001930	25.002094	25.002251	25.002398	25.002537	25.002666	25.002785	25.002893	25.002991	25.003075	25.003151	25.003212	25.003262	25.003302	25.003325	25.003338	25.003338	25.003326	25.003300	25.003263	25.003214	25.003151	25.003075	25.002991	25.002892	25.002785	25.002665	25.002537	25.002399	25.002251	25.002094	25.001930	25.001759	25.001579	25.001396	25.001207	25.001013	25.000813	25.000614	25.000410	25.000206	
25.000412	25.000820	25.001225	25.001629	25.002022	25.002409	25.002785	25.003155	25.003510	25.003853	25.004181	25.004490	25.004787	25.005064	25.005322	25.005558	25.005775	25.005970	25.006142	25.006289	25.006413	25.006514	25.006588	25.006639	25.006662	25.006664	25.006638	25.006588	25.006516	25.006413	25.006290	25.006140	25.005970	25.005775	25.005560	25.005322	25.005064	25.004787	25.004492	25.004181	25.003853	25.003510	25.003155	25.002789	25.002411	25.002022	25.001627	25.001225	25.000820	25.000410	
25.000614	25.001225	25.001835	25.002432	25.003023	25.003601	25.004169	25.004715	25.005249	25.005760	25.006250	25.006718	25.007156	25.007572	25.007957	25.008312	25.008636	25.008926	25.009182	25.009403	25.009588	25.009739	25.009853	25.009926	25.009964	25.009964	25.009926	25.009853	25.009737	25.009592	25.009403	25.009182	25.008923	25.008636	25.008312	25.007957	25.007572	25.007158	25.006718	25.006248	25.005760	25.005249	25.004715	25.004168	25.003603	25.003025	25.002430	25.001833	25.001225	25.000614	
25.000816	25.001629	25.002432	25.003229	25.004013	25.004780	25.005531	25.006262	25.006966	25.007648	25.008299	25.008915	25.009502	25.010050	25.010563	25.011036	25.011463	25.011848	25.012188	25.012482	25.012730	25.012928	25.013077	25.013178	25.013227	25.013226	25.013180	25.013077	25.012930	25.012730	25.012484	25.012188	25.011847	25.011461	25.011032	25.010563	25.010052	25.009501	25.008915	25.008297	25.007647	25.006966	25.006264	25.005531	25.004782	25.004013	25.003231	25.002434	25.001627	25.000814	
25.001011	25.002022	25.003023	25.004013	25.004986	25.005943	25.006874	25.007782	25.008659	25.009502	25.010315	25.011084	25.011810	25.012493	25.013128	25.013714	25.014248	25.014725	25.015148	25.015514	25.015821	25.016068	25.016254	25.016378	25.016441	25.016441	25.016376	25.016254	25.016068	25.015823	25.015514	25.015148	25.014725	25.014246	25.013714	25.013126	25.012489	25.011808	25.011082	25.010311	25.009502	25.008659	25.007780	25.006878	25.005943	25.004988	25.004013	25.003025	25.002022	25.001013	
25.001205	25.002409	25.003603	25.004780	25.005943	25.007080	25.008194	25.009274	25.010319	25.011326	25.012289	25.013206	25.014072	25.014885	25.015644	25.016342	25.016975	25.017548	25.018051	25.018488	25.018852	25.019150	25.019369	25.019518	25.019590	25.019592	25.019520	25.019367	25.019150	25.018852	25.018486	25.018051	25.017546	25.016975	25.016338	25.015640	25.014885	25.014069	25.013206	25.012287	25.011324	25.010319	25.009274	25.008194	25.007080	25.005943	25.004782	25.003601	25.002411	25.001207	
25.001396	25.002789	25.004166	25.005533	25.006876	25.008194	25.009480	25.010731	25.011940	25.013103	25.014217	25.015278	25.016281	25.017223	25.018101	25.018906	25.019642	25.020302	25.020885	25.021391	25.021816	25.022154	25.022411	25.022579	25.022669	25.022667	25.022581	25.022411	25.022152	25.021814	25.021389	25.020885	25.020302	25.019642	25.018906	25.018097	25.017221	25.016281	25.015278	25.014217	25.013103	25.011938	25.010729	25.009480	25.008194	25.006874	25.005531	25.004169	25.002789	25.001396	
25.001579	25.003155	25.004719	25.006262	25.007784	25.009274	25.010731	25.012144	25.013512	25.014835	25.016092	25.017294	25.018429	25.019497	25.020485	25.021400	25.022232	25.022980	25.023640	25.024212	25.024691	25.025076	25.025364	25.025562	25.025658	25.025658	25.025562	25.025366	25.025078	25.024693	25.024212	25.023640	25.022980	25.022232	25.021399	25.020485	25.019493	25.018429	25.017294	25.016092	25.014832	25.013514	25.012144	25.010731	25.009274	25.007782	25.006264	25.004719	25.003155	25.001581	
25.001759	25.003513	25.005249	25.006969	25.008661	25.010321	25.011940	25.013515	25.015038	25.016502	25.017908	25.019245	25.020508	25.021694	25.022797	25.023811	25.024738	25.025570	25.026306	25.026939	25.027473	25.027903	25.028227	25.028442	25.028553	25.028553	25.028444	25.028229	25.027905	25.027475	25.026939	25.026306	25.025570	25.024738	25.023811	25.022797	25.021692	25.020506	25.019241	25.017906	25.016502	25.015038	25.013514	25.011940	25.010319	25.008661	25.006966	25.005249	25.003511	25.001759	
25.001930	25.003853	25.005760	25.007648	25.009506	25.011328	25.013105	25.014832	25.016502	25.018114	25.019653	25.021122	25.022507	25.023811	25.025019	25.026134	25.027153	25.028065	25.028872	25.029570	25.030153	25.030624	25.030979	25.031216	25.031338	25.031338	25.031219	25.030979	25.030628	25.030155	25.029572	25.028873	25.028065	25.027149	25.026134	25.025017	25.023808	25.022507	25.021120	25.019653	25.018112	25.016502	25.014833	25.013102	25.011326	25.009502	25.007648	25.005760	25.003853	25.001930	
25.002096	25.004181	25.006252	25.008297	25.010315	25.012291	25.014221	25.016094	25.017908	25.019653	25.021328	25.022917	25.024422	25.025833	25.027147	25.028358	25.029461	25.030453	25.031330	25.032082	25.032721	25.033232	25.033615	25.033875	25.034002	25.034004	25.033871	25.033619	25.033230	25.032722	25.032085	25.031328	25.030453	25.029461	25.028358	25.027145	25.025833	25.024422	25.022915	25.021326	25.019651	25.017910	25.016092	25.014219	25.012287	25.010315	25.008297	25.006250	25.004181	25.002094	
25.002251	25.004494	25.006718	25.008919	25.011082	25.013206	25.015280	25.017294	25.019245	25.021122	25.022919	25.024630	25.026245	25.027761	25.029173	25.030476	25.031658	25.032724	25.033665	25.034481	25.035160	25.035709	25.036125	25.036400	25.036541	25.036539	25.036402	25.036121	25.035713	25.035160	25.034479	25.033665	25.032726	25.031658	25.030474	25.029175	25.027760	25.026245	25.024628	25.022919	25.021120	25.019243	25.017292	25.015278	25.013206	25.011080	25.008917	25.006718	25.004494	25.002251	
25.002401	25.004787	25.007160	25.009502	25.011810	25.014072	25.016281	25.018429	25.020508	25.022507	25.024422	25.026245	25.027967	25.029583	25.031088	25.032475	25.033737	25.034870	25.035875	25.036739	25.037468	25.038055	25.038494	25.038790	25.038937	25.038937	25.038790	25.038498	25.038052	25.037470	25.036741	25.035877	25.034870	25.033737	25.032475	25.031088	25.029585	25.027964	25.026245	25.024422	25.022507	25.020506	25.018429	25.016281	25.014072	25.011810	25.009502	25.007160	25.004787	25.002399	
25.002537	25.005066	25.007572	25.010052	25.012493	25.014885	25.017223	25.019493	25.021692	25.023809	25.025833	25.027761	25.029583	25.031292	25.032885	25.034351	25.035686	25.036888	25.037949	25.038864	25.039635	25.040253	25.040720	25.041033	25.041187	25.041187	25.041031	25.040718	25.040255	25.039635	25.038864	25.037949	25.036888	25.035686	25.034349	25.032887	25.031292	25.029583	25.027760	25.025833	25.023808	25.021690	25.019495	25.017223	25.014885	25.012493	25.010052	25.007572	25.005064	25.002537	
25.002668	25.005322	25.007957	25.010563	25.013126	25.015644	25.018097	25.020485	25.022797	25.025019	25.027147	25.029171	25.031086	25.032883	25.034557	25.036095	25.037500	25.038761	25.039877	25.040840	25.041649	25.042299	25.042789	25.043118	25.043282	25.043282	25.043116	25.042791	25.042297	25.041649	25.040842	25.039879	25.038763	25.037502	25.036097	25.034554	25.032883	25.031082	25.029173	25.027143	25.025021	25.022797	25.020487	25.018101	25.015644	25.013128	25.010563	25.007957	25.005322	25.002666	
25.002785	25.005562	25.008312	25.011034	25.013714	25.016338	25.018906	25.021399	25.023811	25.026134	25.028358	25.030476	25.032473	25.034351	25.036095	25.037704	25.039171	25.040489	25.041653	25.042664	25.043507	25.044186	25.044699	25.045040	25.045216	25.045212	25.045040	25.044697	25.044186	25.043507	25.042664	25.041653	25.040491	25.039173	25.037704	25.036097	25.034348	25.032475	25.030472	25.028358	25.026134	25.023811	25.021400	25.018906	25.016342	25.013714	25.011036	25.008312	25.005558	25.002785	
25.002892	25.005775	25.008635	25.011463	25.014244	25.016975	25.019642	25.022232	25.024738	25.027151	25.029461	25.031658	25.033737	25.035683	25.037500	25.039171	25.040695	25.042065	25.043274	25.044319	25.045198	25.045904	25.046436	25.046795	25.046968	25.046972	25.046791	25.046436	25.045904	25.045197	25.044319	25.043276	25.042065	25.040695	25.039173	25.037500	25.035686	25.033737	25.031660	25.029461	25.027151	25.024738	25.022232	25.019642	25.016977	25.014248	25.011463	25.008636	25.005775	25.002892	
25.002991	25.005970	25.008926	25.011848	25.014725	25.017548	25.020302	25.022980	25.025570	25.028065	25.030451	25.032726	25.034870	25.036888	25.038759	25.040489	25.042065	25.043482	25.044731	25.045811	25.046719	25.047447	25.048000	25.048367	25.048552	25.048548	25.048367	25.047998	25.047447	25.046719	25.045811	25.044731	25.043480	25.042063	25.040489	25.038761	25.036888	25.034874	25.032724	25.030453	25.028065	25.025570	25.022980	25.020302	25.017550	25.014725	25.011848	25.008926	25.005970	25.002991	
25.003075	25.006142	25.009182	25.012188	25.015148	25.018051	25.020885	25.023640	25.026306	25.028870	25.031328	25.033661	25.035877	25.037945	25.039877	25.041655	25.043278	25.044731	25.046019	25.047131	25.048061	25.048815	25.049377	25.049759	25.049946	25.049946	25.049755	25.049377	25.048813	25.048061	25.047129	25.046017	25.044729	25.043274	25.041655	25.039879	25.037947	25.035875	25.033665	25.031330	25.028873	25.026306	25.023642	25.020887	25.018051	25.015148	25.012188	25.009182	25.006142	25.003078	
25.003151	25.006289	25.009403	25.012482	25.015514	25.018488	25.021389	25.024212	25.026941	25.029572	25.032082	25.034479	25.036739	25.038864	25.040838	25.042660	25.044319	25.045813	25.047127	25.048267	25.049223	25.049992	25.050573	25.050961	25.051155	25.051151	25.050959	25.050571	25.049992	25.049225	25.048267	25.047129	25.045811	25.044319	25.042660	25.040840	25.038866	25.036739	25.034477	25.032085	25.029570	25.026943	25.024212	25.021389	25.018490	25.015514	25.012484	25.009405	25.006290	25.003151	
25.003212	25.006413	25.009590	25.012730	25.015821	25.018852	25.021812	25.024691	25.027473	25.030151	25.032719	25.035158	25.037468	25.039631	25.041649	25.043507	25.045198	25.046719	25.048061	25.049225	25.050198	25.050983	25.051575	25.051968	25.052166	25.052166	25.051968	25.051573	25.050982	25.050198	25.049225	25.048061	25.046717	25.045197	25.043505	25.041651	25.039631	25.037468	25.035160	25.032719	25.030155	25.027473	25.024693	25.021814	25.018854	25.015823	25.012730	25.009590	25.006414	25.003214	
25.003262	25.006512	25.009739	25.012928	25.016068	25.019148	25.022154	25.025076	25.027905	25.030624	25.033230	25.035709	25.038052	25.040253	25.042297	25.044186	25.045904	25.047447	25.048813	25.049992	25.050983	25.051777	25.052380	25.052780	25.052982	25.052980	25.052780	25.052380	25.051779	25.050982	25.049992	25.048813	25.047447	25.045902	25.044186	25.042297	25.040253	25.038052	25.035709	25.033230	25.030624	25.027905	25.025078	25.022156	25.019150	25.016069	25.012930	25.009743	25.006516	25.003263	
25.003300	25.006588	25.009853	25.013077	25.016254	25.019367	25.022411	25.025366	25.028227	25.030979	25.033615	25.036123	25.038492	25.040718	25.042789	25.044697	25.046434	25.047997	25.049377	25.050573	25.051571	25.052380	25.052986	25.053391	25.053595	25.053595	25.053391	25.052982	25.052376	25.051573	25.050571	25.049377	25.047998	25.046436	25.044697	25.042789	25.040718	25.038494	25.036121	25.033615	25.030981	25.028229	25.025368	25.022413	25.019371	25.016258	25.013081	25.009853	25.006592	25.003302	
25.003325	25.006638	25.009926	25.013178	25.016378	25.019516	25.022583	25.025560	25.028444	25.031216	25.033873	25.036400	25.038788	25.041031	25.043118	25.045040	25.046791	25.048367	25.049757	25.050961	25.051970	25.052780	25.053391	25.053801	25.054005	25.054005	25.053799	25.053391	25.052780	25.051968	25.050961	25.049755	25.048367	25.046791	25.045040	25.043116	25.041031	25.038788	25.036400	25.033871	25.031218	25.028444	25.025562	25.022583	25.019520	25.016382	25.013182	25.009930	25.006641	25.003326	
25.003338	25.006664	25.009964	25.013227	25.016441	25.019590	25.022667	25.025658	25.028551	25.031336	25.034000	25.036539	25.038937	25.041189	25.043282	25.045212	25.046970	25.048552	25.049946	25.051153	25.052166	25.052982	25.053595	25.054005	25.054211	25.054211	25.054005	25.053593	25.052979	25.052166	25.051153	25.049946	25.048550	25.046970	25.045212	25.043282	25.041187	25.038937	25.036537	25.034000	25.031338	25.028553	25.025660	25.022671	25.019596	25.016445	25.013231	25.009968	25.006664	25.003340	
25.003338	25.006664	25.009964	25.013227	25.016441	25.019590	25.022667	25.025658	25.028551	25.031336	25.034000	25.036539	25.038937	25.041189	25.043282	25.045212	25.046970	25.048552	25.049946	25.051153	25.052166	25.052982	25.053595	25.054005	25.054211	25.054211	25.054005	25.053593	25.052979	25.052166	25.051153	25.049946	25.048550	25.046970	25.045212	25.043282	25.041187	25.038937	25.036537	25.034000	25.031338	25.028553	25.025660	25.022671	25.019596	25.016445	25.013231	25.009968	25.006664	25.003340	
25.003325	25.006638	25.009926	25.013178	25.016378	25.019516	25.022583	25.025560	25.028444	25.031216	25.033873	25.036400	25.038788	25.041031	25.043118	25.045040	25.046791	25.048367	25.049757	25.050961	25.051970	25.052780	25.053391	25.053801	25.054005	25.054005	25.053799	25.053391	25.052780	25.051968	25.050961	25.049755	25.048367	25.046791	25.045040	25.043116	25.041031	25.038788	25.036400	25.033871	25.031218	25.028444	25.025562	25.022583	25.019520	25.016382	25.013182	25.009930	25.006641	25.003326	
25.003300	25.006588	25.009853	25.013077	25.016254	25.019367	25.022411	25.025366	25.028227	25.030979	25.033615	25.036123	25.038492	25.040718	25.042789	25.044697	25.046434	25.047997	25.049377	25.050573	25.051571	25.052380	25.052986	25.053391	25.053595	25.053595	25.053391	25.052982	25.052376	25.051573	25.050571	25.049377	25.047998	25.046436	25.044697	25.042789	25.040718	25.038494	25.036121	25.033615	25.030981	25.028229	25.025368	25.022413	25.019371	25.016258	25.013081	25.009853	25.006592	25.003302	
25.003262	25.006512	25.009739	25.012928	25.016068	25.019148	25.022154	25.025076	25.027905	25.030624	25.033230	25.035709	25.038052	25.040253	25.042297	25.044186	25.045904	25.047447	25.048813	25.049992	25.050983	25.051777	25.052380	25.052780	25.052982	25.052980	25.052780	25.052380	25.051779	25.050982	25.049992	25.048813	25.047447	25.045902	25.044186	25.042297	25.040253	25.038052	25.035709	25.033230	25.030624	25.027905	25.025078	25.022156	25.019150	25.016069	25.012930	25.009743	25.006516	25.003263	
25.003212	25.006413	25.009590	25.012730	25.015821	25.018852	25.021812	25.024691	25.027473	25.030151	25.032719	25.035158	25.037468	25.039631	25.041649	25.043507	25.045198	25.046719	25.048061	25.049225	25.050198	25.050983	25.051575	25.051968	25.052166	25.052166	25.051968	25.051573	25.050982	25.050198	25.049225	25.048061	25.046717	25.045197	25.043505	25.041651	25.039631	25.037468	25.035160	25.032719	25.030155	25.027473	25.024693	25.021814	25.018854	25.015823	25.012730	25.009590	25.006414	25.003214	
25.003151	25.006289	25.009403	25.012482	25.015514	25.018488	25.021389	25.024212	25.026941	25.029572	25.032082	25.034479	25.036739	25.038864	25.040838	25.042660	25.044319	25.045813	25.047127	25.048267	25.049223	25.049992	25.050573	25.050961	25.051155	25.051151	25.050959	25.050571	25.049992	25.049225	25.048267	25.047129	25.045811	25.044319	25.042660	25.040840	25.038866	25.036739	25.034477	25.032085	25.029570	25.026943	25.024212	25.021389	25.018490	25.015514	25.012484	25.009405	25.006290	25.003151	
25.003075	25.006142	25.009182	25.012188	25.015148	25.018051	25.020885	25.023640	25.026306	25.028870	25.031328	25.033661	25.035877	25.037945	25.039877	25.041655	25.043278	25.044731	25.046019	25.047131	25.048061	25.048815	25.049377	25.049759	25.049946	25.049946	25.049755	25.049377	25.048813	25.048061	25.047129	25.046017	25.044729	25.043274	25.041655	25.039879	25.037947	25.035875	25.033665	25.031330	25.028873	25.026306	25.023642	25.020887	25.018051	25.015148	25.012188	25.009182	25.006142	25.003078	
25.002991	25.005970	25.008926	25.011848	25.014725	25.017548	25.020302	25.022980	25.025570	25.028065	25.030451	25.032726	25.034870	25.036888	25.038759	25.040489	25.042065	25.043482	25.044731	25.045811	25.046719	25.047447	25.048000	25.048367	25.048552	25.048548	25.048367	25.047998	25.047447	25.046719	25.045811	25.044731	25.043480	25.042063	25.040489	25.038761	25.036888	25.034874	25.032724	25.030453	25.028065	25.025570	25.022980	25.020302	25.017550	25.014725	25.011848	25.008926	25.005970	25.002991	
25.002892	25.005775	25.008635	25.011463	25.014244	25.016975	25.019642	25.022232	25.024738	25.027151	25.029461	25.031658	25.033737	25.035683	25.037500	25.039171	25.040695	25.042065	25.043274	25.044319	25.045198	25.045904	25.046436	25.046795	25.046968	25.046972	25.046791	25.046436	25.045904	25.045197	25.044319	25.043276	25.042065	25.040695	25.039173	25.037500	25.035686	25.033737	25.031660	25.029461	25.027151	25.024738	25.022232	25.019642	25.016977	25.014248	25.011463	25.008636	25.005775	25.002892	
25.002785	25.005562	25.008312	25.011034	25.013714	25.016338	25.018906	25.021399	25.023811	25.026134	25.028358	25.030476	25.032473	25.034351	25.036095	25.037704	25.039171	25.040489	25.041653	25.042664	25.043507	25.044186	25.044699	25.045040	25.045216	25.045212	25.045040	25.044697	25.044186	25.043507	25.042664	25.041653	25.040491	25.039173	25.037704	25.036097	25.034348	25.032475	25.030472	25.028358	25.026134	25.023811	25.021400	25.018906	25.016342	25.013714	25.011036	25.008312	25.005558	25.002785	
25.002668	25.005322	25.007957	25.010563	25.013126	25.015644	25.018097	25.020485	25.022797	25.025019	25.027147	25.029171	25.031086	25.032883	25.034557	25.036095	25.037500	25.038761	25.039877	25.040840	25.041649	25.042299	25.042789	25.043118	25.043282	25.043282	25.043116	25.042791	25.042297	25.041649	25.040842	25.039879	25.038763	25.037502	25.036097	25.034554	25.032883	25.031082	25.029173	25.027143	25.025021	25.022797	25.020487	25.018101	25.015644	25.013128	25.010563	25.007957	25.005322	25.002666	
25.002537	25.005066	25.007572	25.010052	25.012493	25.014885	25.017223	25.019493	25.021692	25.023809	25.025833	25.027761	25.029583	25.031292	25.032885	25.034351	25.035686	25.036888	25.037949	25.038864	25.039635	25.040253	25.040720	25.041033	25.041187	25.041187	25.041031	25.040718	25.040255	25.039635	25.038864	25.037949	25.036888	25.035686	25.034349	25.032887	25.031292	25.029583	25.027760	25.025833	25.023808	25.021690	25.019495	25.017223	25.014885	25.012493	25.010052	25.007572	25.005064	25.002537	
25.002401	25.004787	25.007160	25.009502	25.011810	25.014072	25.016281	25.018429	25.020508	25.022507	25.024422	25.026245	25.027967	25.029583	25.031088	25.032475	25.033737	25.034870	25.035875	25.036739	25.037468	25.038055	25.038494	25.038790	25.038937	25.038937	25.038790	25.038498	25.038052	25.037470	25.036741	25.035877	25.034870	25.033737	25.032475	25.031088	25.029585	25.027964	25.026245	25.024422	25.022507	25.020506	25.018429	25.016281	25.014072	25.011810	25.009502	25.007160	25.004787	25.002399	
25.002251	25.004494	25.006718	25.008919	25.011082	25.013206	25.015280	25.017294	25.019245	25.021122	25.022919	25.024630	25.026245	25.027761	25.029173	25.030476	25.031658	25.032724	25.033665	25.034481	25.035160	25.035709	25.036125	25.036400	25.036541	25.036539	25.036402	25.036121	25.035713	25.035160	25.034479	25.033665	25.032726	25.031658	25.030474	25.029175	25.027760	25.026245	25.024628	25.022919	25.021120	25.019243	25.017292	25.015278	25.013206	25.011080	25.008917	25.006718	25.004494	25.002251	
25.002096	25.004181	25.006252	25.008297	25.010315	25.012291	25.014221	25.016094	25.017908	25.019653	25.021328	25.022917	25.024422	25.025833	25.027147	25.028358	25.029461	25.030453	25.031330	25.032082	25.032721	25.033232	25.033615	25.033875	25.034002	25.034004	25.033871	25.033619	25.033230	25.032722	25.032085	25.031328	25.030453	25.029461	25.028358	25.027145	25.025833	25.024422	25.022915	25.021326	25.019651	25.017910	25.016092	25.014219	25.012287	25.010315	25.008297	25.006250	25.004181	25.002094	
25.001930	25.003853	25.005760	25.007648	25.009506	25.011328	25.013105	25.014832	25.016502	25.018114	25.019653	25.021122	25.022507	25.023811	25.025019	25.026134	25.027153	25.028065	25.028872	25.029570	25.030153	25.030624	25.030979	25.031216	25.031338	25.031338	25.031219	25.030979	25.030628	25.030155	25.029572	25.028873	25.028065	25.027149	25.026134	25.025017	25.023808	25.022507	25.021120	25.019653	25.018112	25.016502	25.014833	25.013102	25.011326	25.009502	25.007648	25.005760	25.003853	25.001930	
25.001759	25.003513	25.005249	25.006969	25.008661	25.010321	25.011940	25.013515	25.015038	25.016502	25.017908	25.019245	25.020508	25.021694	25.022797	25.023811	25.024738	25.025570	25.026306	25.026939	25.027473	25.027903	25.028227	25.028442	25.028553	25.028553	25.028444	25.028229	25.027905	25.027475	25.026939	25.026306	25.025570	25.024738	25.023811	25.022797	25.021692	25.020506	25.019241	25.017906	25.016502	25.015038	25.013514	25.011940	25.010319	25.008661	25.006966	25.005249	25.003511	25.001759	
25.001579	25.003155	25.004719	25.006262	25.007784	25.009274	25.010731	25.012144	25.013512	25.014835	25.016092	25.017294	25.018429	25.019497	25.020485	25.021400	25.022232	25.022980	25.023640	25.024212	25.024691	25.025076	25.025364	25.025562	25.025658	25.025658	25.025562	25.025366	25.025078	25.024693	25.024212	25.023640	25.022980	25.022232	25.021399	25.020485	25.019493	25.018429	25.017294	25.016092	25.014832	25.013514	25.012144	25.010731	25.009274	25.007782	25.006264	25.004719	25.003155	25.001581	
25.001396	25.002789	25.004166	25.005533	25.006876	25.008194	25.009480	25.010731	25.011940	25.013103	25.014217	25.015278	25.016281	25.017223	25.018101	25.018906	25.019642	25.020302	25.020885	25.021391	25.021816	25.022154	25.022411	25.022579	25.022669	25.022667	25.022581	25.022411	25.022152	25.021814	25.021389	25.020885	25.020302	25.019642	25.018906	25.018097	25.017221	25.016281	25.015278	25.014217	25.013103	25.011938	25.010729	25.009480	25.008194	25.006874	25.005531	25.004169	25.002789	25.001396	
25.001205	25.002409	25.003603	25.004780	25.005943	25.007080	25.008194	25.009274	25.010319	25.011326	25.012289	25.013206	25.014072	25.014885	25.015644	25.016342	25.016975	25.017548	25.018051	25.018488	25.018852	25.019150	25.019369	25.019518	25.019590	25.019592	25.019520	25.019367	25.019150	25.018852	25.018486	25.018051	25.017546	25.016975	25.016338	25.015640	25.014885	25.014069	25.013206	25.012287	25.011324	25.010319	25.009274	25.008194	25.007080	25.005943	25.004782	25.003601	25.002411	25.001207	
25.001011	25.002022	25.003023	25.004013	25.004986	25.005943	25.006874	25.007782	25.008659	25.009502	25.010315	25.011084	25.011810	25.012493	25.013128	25.013714	25.014248	25.014725	25.015148	25.015514	25.015821	25.016068	25.016254	25.016378	25.016441	25.016441	25.016376	25.016254	25.016068	25.015823	25.015514	25.015148	25.014725	25.014246	25.013714	25.013126	25.012489	25.011808	25.011082	25.010311	25.009502	25.008659	25.007780	25.006878	25.005943	25.004988	25.004013	25.003025	25.002022	25.001013	
25.000816	25.001629	25.002432	25.003229	25.004013	25.004780	25.005531	25.006262	25.006966	25.007648	25.008299	25.008915	25.009502	25.010050	25.010563	25.011036	25.011463	25.011848	25.012188	25.012482	25.012730	25.012928	25.013077	25.013178	25.013227	25.013226	25.013180	25.013077	25.012930	25.012730	25.012484	25.012188	25.011847	25.011461	25.011032	25.010563	25.010052	25.009501	25.008915	25.008297	25.007647	25.006966	25.006264	25.005531	25.004782	25.004013	25.003231	25.002434	25.001627	25.000814	
25.000614	25.001225	25.001835	25.002432	25.003023	25.003601	25.004169	25.004715	25.005249	25.005760	25.006250	25.006718	25.007156	25.007572	25.007957	25.008312	25.008636	25.008926	25.009182	25.009403	25.009588	25.009739	25.009853	25.009926	25.009964	25.009964	25.009926	25.009853	25.009737	25.009592	25.009403	25.009182	25.008923	25.008636	25.008312	25.007957	25.007572	25.007158	25.006718	25.006248	25.005760	25.005249	25.004715	25.004168	25.003603	25.003025	25.002430	25.001833	25.001225	25.000614	
25.000412	25.000820	25.001225	25.001629	25.002022	25.002409	25.002785	25.003155	25.003510	25.003853	25.004181	25.004490	25.004787	25.005064	25.005322	25.005558	25.005775	25.005970	25.006142	25.006289	25.006413	25.006514	25.006588	25.006639	25.006662	25.006664	25.006638	25.006588	25.006516	25.006413	25.006290	25.006140	25.005970	25.005775	25.005560	25.005322	25.005064	25.004787	25.004492	25.004181	25.003853	25.003510	25.003155	25.002789	25.002411	25.002022	25.001627	25.001225	25.000820	25.000410	
25.000206	25.000408	25.000614	25.000814	25.001011	25.001205	25.001396	25.001579	25.001759	25.001930	25.002094	25.002251	25.002398	25.002537	25.002666	25.002785	25.002893	25.002991	25.003075	25.003151	25.003212	25.003262	25.003302	25.003325	25.003338	25.003338	25.003326	25.003300	25.003263	25.003214	25.003151	25.003075	25.002991	25.002892	25.002785	25.002665	25.002537	25.002399	25.002251	25.002094	25.001930	25.001759	25.001579	25.001396	25.001207	25.001013	25.000813	25.000614	25.000410	25.000206	
